shape_id,trip_id,route_type,id,timestamp,shape_pt_lon,shape_pt_lat,stop_id,stop_sequence,speed,dist,cumdist,cumtime,trip_number
1048809,48334260,3,1,,-79.347218,43.761745,,,1e-12,0,0,0,1
1048809,48334260,3,2,05:32:07,-79.347207,43.76127,5798,1,,52.8841532582633,52.8841532582633,,1
1048809,48334260,3,3,05:32:07,-79.347207,43.76127,5798,1,1e-12,0,52.8841532582633,0,1
1048809,48334260,3,4,05:32:23,-79.3471904997748,43.7604535000012,,,20.4389206627998,90.9020445126213,143.786197770885,16.01099028879,1
1048809,48334260,3,5,05:32:39,-79.347174,43.759637,,,20.4389206627998,90.9020445103766,234.688242281261,32.0219805771847,1
1048809,48334260,3,6,05:32:49,-79.3471579998632,43.7591255000011,,,20.4389206627998,56.9544493140601,291.642691595321,42.0536266172711,1
1048809,48334260,3,7,05:32:59,-79.347142,43.758614,,,20.4389206627998,56.9544493162454,348.597140911567,52.0852726577425,1
1048809,48334260,3,8,05:33:08,-79.3471249998709,43.7581595000013,1586,2,20.4389206627998,50.6131680219148,399.210308933482,61,1
1048809,48334260,3,9,05:33:08,-79.3471249998709,43.7581595000013,1586,2,1e-12,0,399.210308933482,61,1
1048809,48334260,3,10,05:33:17,-79.347108,43.757705,,,19.5366018035898,50.6131680289775,449.823476962459,70.3264635649604,1
1048809,48334260,3,11,05:33:27,-79.3470892495533,43.7572297500046,,,19.5366018035898,52.9260636813644,502.749540643823,80.0791232735644,1
1048809,48334260,3,12,05:33:37,-79.3470704994043,43.7567545000061,,,19.5366018035898,52.9260636822134,555.675604326037,89.8317829823249,1
1048809,48334260,3,13,05:33:47,-79.3470517495533,43.7562792500046,,,19.5366018035898,52.9260636857952,608.601668011832,99.5844426917455,1
1048809,48334260,3,14,05:33:56,-79.347033,43.755804,,,19.5366018035898,52.9260636796021,661.527731691434,109.337102400025,1
1048809,48334260,3,15,05:34:06,-79.3470219999134,43.7553330000005,9682,3,19.5366018035898,52.4389396332166,713.966671324651,119,1
1048809,48334260,3,16,05:34:06,-79.3470219999134,43.7553330000005,9682,3,1e-12,0,713.966671324651,119,1
1048809,48334260,3,17,05:34:12,-79.347011,43.754862,,,33.8562528157908,52.4389396290952,766.405610953746,124.575932566781,1
1048809,48334260,3,18,05:34:20,-79.346988,43.754172,,,33.8562528157908,76.8327089282082,843.238319881954,132.745701195533,1
1048809,48334260,3,19,05:34:26,-79.346984,43.753675,,,33.8562528157908,55.3267217733531,898.565041655307,138.628697151045,1
1048809,48334260,3,20,05:34:28,-79.346988,43.753497,,,33.8562528157908,19.8174795409071,918.382521196214,140.735927586009,1
1048809,48334260,3,21,05:34:30,-79.347009,43.753288,,,33.8562528157908,23.3269699299392,941.709491126153,143.21632883433,1
1048809,48334260,3,22,05:34:33,-79.347032,43.753076,,,33.8562528157908,23.6720859030442,965.381577029198,145.733426922965,1
1048809,48334260,3,23,05:34:35,-79.347075,43.752868,,,33.8562528157908,23.411187693881,988.792764723079,148.222783206914,1
1048809,48334260,3,24,05:34:38,-79.34713,43.752608,,,33.8562528157908,29.2790005208244,1018.0717652439,151.336075231536,1
1048809,48334260,3,25,05:34:41,-79.347172,43.752385,4909,4,33.8562528157908,25.0529195676032,1043.12468481151,154,1
1048809,48334260,3,26,05:34:41,-79.347172,43.752385,4909,4,1e-12,0,1043.12468481151,154,1
1048809,48334260,3,27,05:34:43,-79.347232,43.752191,,,33.729167594759,22.1283355765446,1065.25302038805,156.361813639538,1
1048809,48334260,3,28,05:34:45,-79.347276,43.752021,,,33.729167594759,19.2522070771953,1084.50522746525,158.416650755906,1
1048809,48334260,3,29,05:34:48,-79.347299,43.751815,,,33.729167594759,23.0062727706403,1107.51150023589,160.872168869171,1
1048809,48334260,3,30,05:34:50,-79.347301,43.751666,,,33.729167594759,16.5873837535263,1124.09888398941,162.64258260218,1
1048809,48334260,3,31,05:34:51,-79.347295,43.751532,,,33.729167594759,14.9246121120834,1139.0234961015,164.23552448112,1
1048809,48334260,3,32,05:34:53,-79.347284,43.751388,,,33.729167594759,16.0543917825406,1155.07788788404,165.949050622991,1
1048809,48334260,3,33,05:34:55,-79.347271,43.75121,,,33.729167594759,19.842424279539,1174.92031216358,168.06688312525,1
1048809,48334260,3,34,05:34:57,-79.347242,43.751016,,,33.729167594759,21.7215179973547,1196.64183016093,170.385276087982,1
1048809,48334260,3,35,05:35:00,-79.34715,43.750783,,,33.729167594759,26.9718338160679,1223.613663977,173.264048635957,1
1048809,48334260,3,36,05:35:06,-79.346974,43.750357,,,33.729167594759,49.4889033914866,1273.10256736848,178.546125393672,1
1048809,48334260,3,37,05:35:09,-79.346861,43.750078,10178,5,33.729167594759,32.3600876244803,1305.46265499297,182,1
1048809,48334260,3,38,05:35:09,-79.346861,43.750078,10178,5,1e-12,0,1305.46265499297,182,1
1048809,48334260,3,39,05:35:10,-79.346845,43.750015,,,31.8815789741744,7.13017030065279,1312.59282529362,182.805123645323,1
1048809,48334260,3,40,05:35:11,-79.346802,43.749894,,,31.8815789741744,13.9063966705407,1326.49922196416,184.375404341098,1
1048809,48334260,3,41,05:35:13,-79.346744,43.749745,,,31.8815789741744,17.2298617584161,1343.72908372257,186.320963636656,1
1048809,48334260,3,42,05:35:15,-79.346694,43.749586,,,31.8815789741744,18.1507236331511,1361.87980735573,188.370504693963,1
1048809,48334260,3,43,05:35:24,-79.346516997961,43.7488965001366,,,31.8815789741744,78.0633537295655,1439.94316108529,197.185252346646,1
1048809,48334260,3,44,05:35:33,-79.34634,43.748207,9478,6,31.8815789741744,78.0633537355029,1518.00651482079,206,1
1048809,48334260,3,45,05:35:33,-79.34634,43.748207,9478,6,1e-12,0,1518.00651482079,206,1
1048809,48334260,3,46,05:35:38,-79.346237,43.747831,,,33.0175641058348,42.6677959273877,1560.67431074818,210.65219253747,1
1048809,48334260,3,47,05:35:47,-79.346056497755,43.747086500142,,,33.0175641058348,84.1388762630014,1644.81318701118,219.826096268705,1
1048809,48334260,3,48,05:35:56,-79.345876,43.746342,3736,7,33.0175641058348,84.1388762635556,1728.95206327474,229,1
1048809,48334260,3,49,05:35:56,-79.345876,43.746342,3736,7,1e-12,0,1728.95206327474,229,1
1048809,48334260,3,50,05:36:07,-79.3456544970139,43.7455350002139,,,31.4001631912939,91.5838093088668,1820.53587258361,239.500000000106,1
1048809,48334260,3,51,05:36:17,-79.345433,43.744728,7579,8,31.4001631912939,91.5838093070141,1912.11968189062,250,1
1048809,48334260,3,52,05:36:17,-79.345433,43.744728,7579,8,1e-12,0,1912.11968189062,250,1
1048809,48334260,3,53,05:36:25,-79.345266,43.744066,,,32.3620673629229,74.9073042889728,1987.02698617959,258.332789509896,1
1048809,48334260,3,54,05:36:36,-79.345059,43.743247,,,32.3620673629229,92.6780566047939,2079.70504278439,268.64242146374,1
1048809,48334260,3,55,05:36:43,-79.344902,43.742654,,,32.3620673629229,67.2091475488705,2146.91419033326,276.118857640161,1
1048809,48334260,3,56,05:36:49,-79.344787747398,43.7421995001707,,,32.3620673629229,51.4222965532533,2198.33648688651,281.839143229944,1
1048809,48334260,3,57,05:36:55,-79.3446734965307,43.7417450002276,,,32.3620673629229,51.4222965563711,2249.75878344288,287.559428820074,1
1048809,48334260,3,58,05:37:00,-79.344559247398,43.7412905001707,,,32.3620673629229,51.4222965556589,2301.18107999854,293.279714410124,1
1048809,48334260,3,59,05:37:06,-79.344445,43.740836,1984,9,32.3620673629229,51.4222965540864,2352.60337655263,299,1
1048809,48334260,3,60,05:37:06,-79.344445,43.740836,1984,9,1e-12,0,2352.60337655263,299,1
1048809,48334260,3,61,05:37:16,-79.3442224969732,43.7400215002158,,,31.9040195945357,92.4187595969885,2445.02213614962,309.428389236764,1
1048809,48334260,3,62,05:37:27,-79.344,43.739207,,,31.9040195945357,92.4187595953721,2537.44089574499,319.856778473345,1
1048809,48334260,3,63,05:37:33,-79.3438589963953,43.73869675026,,,31.9040195945357,57.9217952654828,2595.36269101047,326.392583854792,1
1048809,48334260,3,64,05:37:40,-79.3437179951938,43.7381865003467,,,31.9040195945357,57.9217952669907,2653.28448627746,332.928389236408,1
1048809,48334260,3,65,05:37:46,-79.3435769963954,43.73767625026,,,31.9040195945357,57.9217952683592,2711.20628154582,339.464194618179,1
1048809,48334260,3,66,05:37:53,-79.343436,43.737166,4938,10,31.9040195945357,57.9217952688006,2769.12807681462,346,1
1048809,48334260,3,67,05:37:53,-79.343436,43.737166,4938,10,1e-12,0,2769.12807681462,346,1
1048809,48334260,3,68,05:37:56,-79.343364,43.737021,,,21.9392313028606,17.1487045285639,2786.27678134318,348.813924309863,1
1048809,48334260,3,69,05:38:09,-79.343171,43.736316,,,21.9392313028606,80.0007376032939,2866.27751894648,361.941214477696,1
1048809,48334260,3,70,05:38:21,-79.3430174983851,43.7356860001027,,,21.9392313028606,71.2097557787867,2937.48727472526,373.625995829639,1
1048809,48334260,3,71,05:38:32,-79.342864,43.735056,,,21.9392313028606,71.2097557802546,3008.69703050552,385.310777181823,1
1048809,48334260,3,72,05:38:44,-79.342701,43.734427,2768,11,21.9392313028606,71.2368230996262,3079.93385360515,397,1
1048809,48334260,3,73,05:38:44,-79.342701,43.734427,2768,11,1e-12,0,3079.93385360515,397,1
1048809,48334260,3,74,05:38:56,-79.342536,43.733794,,,21.5106772114334,71.7041678191198,3151.63802142427,409.00031973013,1
1048809,48334260,3,75,05:38:59,-79.342486,43.733611,,,21.5106772114334,20.764661458359,3172.40268288262,412.475467467941,1
1048809,48334260,3,76,05:39:13,-79.3422924977447,43.7329130001632,,,21.5106772114334,79.2445357603395,3251.64721864296,425.737733733812,1
1048809,48334260,3,77,05:39:26,-79.342099,43.732215,2974,12,21.5106772114334,79.2445357622381,3330.8917544052,439,1
1048809,48334260,3,78,05:39:26,-79.342099,43.732215,2974,12,1e-12,0,3330.8917544052,439,1
1048809,48334260,3,79,05:39:35,-79.3419659988586,43.7317010000771,,,22.6195063918187,58.2097627627204,3389.10151716792,448.264355389364,1
1048809,48334260,3,80,05:39:45,-79.341833,43.731187,,,22.6195063918187,58.209762766496,3447.31127993442,457.528710779328,1
1048809,48334260,3,81,05:39:58,-79.3416264973486,43.7304180001859,,,22.6195063918187,87.2013753443886,3534.51265527881,471.407216605315,1
1048809,48334260,3,82,05:40:12,-79.34142,43.729649,,,22.6195063918187,87.2013753415163,3621.71403062032,485.285722430845,1
1048809,48334260,3,83,05:40:21,-79.3412769964188,43.7291490002674,,,22.6195063918187,56.8359971346077,3678.55002775493,494.331436609585,1
1048809,48334260,3,84,05:40:30,-79.3411339952251,43.7286490003565,,,22.6195063918187,56.8359971330715,3735.386024888,503.377150788081,1
1048809,48334260,3,85,05:40:39,-79.3409909964189,43.7281490002674,,,22.6195063918187,56.8359971340733,3792.22202202208,512.422864966737,1
1048809,48334260,3,86,05:40:48,-79.340848,43.727649,,,22.6195063918187,56.8359971332361,3849.05801915531,521.468579145259,1
1048809,48334260,3,87,05:40:57,-79.3407194989864,43.727176500072,15370,13,22.6195063918187,53.6045912653083,3902.66261042062,530,1
1048809,48334260,3,88,05:40:57,-79.3407194989864,43.727176500072,15370,13,1e-12,0,3902.66261042062,530,1
1048809,48334260,3,89,05:41:05,-79.340591,43.726704,,,23.2565206052324,53.6045912682722,3956.26720168889,538.297738593036,1
1048809,48334260,3,90,05:41:19,-79.3403844973473,43.7259345001859,,,23.2565206052324,87.2562532954849,4043.52345498438,551.804596183465,1
1048809,48334260,3,91,05:41:32,-79.340178,43.725165,,,23.2565206052324,87.2562532955278,4130.77970827991,565.3114537739,1
1048809,48334260,3,92,05:41:41,-79.3400454989483,43.7246895000765,,,23.2565206052324,53.9950045397271,4184.77471281963,573.669626505005,1
1048809,48334260,3,93,05:41:49,-79.339913,43.724214,,,23.2565206052324,53.9950045367506,4238.76971735638,582.027799235648,1
1048809,48334260,3,94,05:42:00,-79.3397569984428,43.7236160001061,,,23.2565206052324,67.7417248906054,4306.51144224699,592.513899617805,1
1048809,48334260,3,95,05:42:10,-79.339601,43.723018,6896,14,23.2565206052324,67.7417248908454,4374.25316713783,603,1
1048809,48334260,3,96,05:42:10,-79.339601,43.723018,6896,14,1e-12,0,4374.25316713783,603,1
1048809,48334260,3,97,05:42:14,-79.339534,43.722787,,,23.5006993633368,26.2736460796164,4400.52681321745,607.024779195898,1
1048809,48334260,3,98,05:42:24,-79.339383,43.722233,,,23.5006993633368,62.8560663791805,4463.38287959663,616.653507067634,1
1048809,48334260,3,99,05:42:39,-79.339146,43.721368,,,23.5006993633368,98.1609529543748,4561.54383255101,631.690482145366,1
1048809,48334260,3,100,05:42:54,-79.338862,43.720494,270,15,23.5006993633368,99.9401045831674,4661.48393713417,647,1
1048809,48334260,3,101,05:42:54,-79.338862,43.720494,270,15,1e-12,0,4661.48393713417,647,1
1048809,48334260,3,102,05:43:01,-79.338832,43.720333,,,9.76089165578569,18.0842249077225,4679.5681620419,653.669801485729,1
1048809,48334260,3,103,05:43:10,-79.338779,43.720109,5682,16,9.76089165578569,25.2975157846579,4704.86567782655,663,1
1048809,48334260,3,104,05:43:10,-79.338779,43.720109,5682,16,1e-12,0,4704.86567782655,663,1
1048809,48334260,3,105,05:43:14,-79.338747,43.719906,,,19.9022150554409,22.7440372712909,4727.60971509784,667.114041273726,1
1048809,48334260,3,106,05:43:19,-79.33867,43.719647,,,19.9022150554409,29.4897778320197,4757.09949292986,672.448281703725,1
1048809,48334260,3,107,05:43:23,-79.338622,43.719474,,,19.9022150554409,19.6416522026054,4776.74114513247,676.001149951425,1
1048809,48334260,3,108,05:43:27,-79.338556,43.71927,,,19.9022150554409,23.3217200522685,4800.06286518474,680.219685021732,1
1048809,48334260,3,109,05:43:41,-79.3382719969855,43.7186340003516,,,19.9022150554409,74.3950075357939,4874.45787272053,693.676580466927,1
1048809,48334260,3,110,05:43:54,-79.337988,43.717998,,,19.9022150554409,74.3950075382228,4948.85288025875,707.133475912562,1
1048809,48334260,3,111,05:44:10,-79.3376459958592,43.7172725005098,,,19.9022150554409,85.3211389447742,5034.17401920353,722.566737956287,1
1048809,48334260,3,112,05:44:25,-79.337304,43.716547,6261,17,19.9022150554409,85.3211389447102,5119.49515814824,738,1
1048809,48334260,3,113,05:44:25,-79.337304,43.716547,6261,17,1e-12,0,5119.49515814824,738,1
1048809,48334260,3,114,05:44:37,-79.3370624935014,43.7160095007627,,,18.8730708002479,62.9102359996016,5182.40539414784,749.999999999766,1
1048809,48334260,3,115,05:44:49,-79.3368209913353,43.7154720010169,,,18.8730708002479,62.9102359997389,5245.31563014758,761.999999999559,1
1048809,48334260,3,116,05:45:01,-79.3365794935016,43.7149345007626,,,18.8730708002479,62.9102360042142,5308.22586615179,774.000000000205,1
1048809,48334260,3,117,05:45:13,-79.336338,43.714397,9804,18,18.8730708002479,62.9102359997503,5371.13610215154,786,1
1048809,48334260,3,118,05:45:13,-79.336338,43.714397,9804,18,1e-12,0,5371.13610215154,786,1
1048809,48334260,3,119,05:45:25,-79.3361107441498,43.7138827506753,,,18.1625997292469,60.0953749192874,5431.23147707083,797.911474840304,1
1048809,48334260,3,120,05:45:37,-79.3358834921999,43.7133685009004,,,18.1625997292469,60.0953749162387,5491.32685198707,809.822949680004,1
1048809,48334260,3,121,05:45:49,-79.33565624415,43.7128542506753,,,18.1625997292469,60.0953749187584,5551.42222690583,821.734424520203,1
1048809,48334260,3,122,05:46:01,-79.335429,43.71234,,,18.1625997292469,60.0953749208271,5611.51760182666,833.645899360812,1
1048809,48334260,3,123,05:46:04,-79.335364,43.712194,,,18.1625997292469,17.0734581536358,5628.59105998029,837.030021142349,1
1048809,48334260,3,124,05:46:17,-79.3351184932289,43.7116430007881,,,18.1625997292469,64.4396108591298,5693.03067083942,849.802564861369,1
1048809,48334260,3,125,05:46:30,-79.334872990972,43.7110920010509,,,18.1625997292469,64.439610854824,5757.47028169424,862.575108579536,1
1048809,48334260,3,126,05:46:42,-79.334627493229,43.7105410007881,,,18.1625997292469,64.4396108583609,5821.90989255261,875.347652298403,1
1048809,48334260,3,127,05:46:55,-79.334382,43.70999,,,18.1625997292469,64.4396108579219,5886.34950341053,888.120196017184,1
1048809,48334260,3,128,05:46:56,-79.334465,43.709981,,,18.1625997292469,6.75348242554471,5893.10298583607,889.458800462274,1
1048809,48334260,3,129,05:46:58,-79.33458,43.709963,,,18.1625997292469,9.46815518136691,5902.57114101744,891.335478865203,1
1048809,48334260,3,130,05:47:01,-79.334711,43.709937,,,18.1625997292469,10.9313019155142,5913.50244293295,893.502166865957,1
1048809,48334260,3,131,05:47:02,-79.334805,43.709909,,,18.1625997292469,8.18094878473225,5921.68339171769,895.12370871922,1
1048809,48334260,3,132,05:47:04,-79.334908,43.709878,,,18.1625997292469,8.97783096765701,5930.66122268534,896.90320019981,1
1048809,48334260,3,133,05:47:07,-79.335081,43.70982,,,18.1625997292469,15.3452191786401,5946.00644186398,899.944768580252,1
1048809,48334260,3,134,05:47:09,-79.335198,43.70977,,,18.1625997292469,10.9369058039424,5956.94334766793,902.112567324988,1
1048809,48334260,3,135,05:47:11,-79.335295,43.709721,3115,19,18.1625997292469,9.52241227559871,5966.46575994352,904,1
1048809,48334260,3,136,05:47:11,-79.335295,43.709721,3115,19,1e-12,0,5966.46575994352,904,1
1048809,48334260,3,137,05:47:12,-79.335387,43.709666,,,24.0217491030433,9.60677895860854,5976.07253890213,905.439712158454,1
1048809,48334260,3,138,05:47:14,-79.33548,43.70962,,,24.0217491030433,9.06773483822082,5985.14027374035,906.798640905798,1
1048809,48334260,3,139,05:47:15,-79.335582,43.709571,,,24.0217491030433,9.85491128794926,5994.9951850283,908.275539215094,1
1048809,48334260,3,140,05:47:17,-79.335689,43.709516,,,24.0217491030433,10.5649617946089,6005.56014682291,909.858848669266,1
1048809,48334260,3,141,05:47:18,-79.335789,43.709467,,,24.0217491030433,9.72129604328627,6015.2814428662,911.315722837991,1
1048809,48334260,3,142,05:47:19,-79.335867,43.709426,,,24.0217491030433,7.76048733952832,6023.04193020573,912.478741996274,1
1048809,48334260,3,143,05:47:20,-79.335907,43.709408,,,24.0217491030433,3.79145048483821,6026.83338069056,913.046944656574,1
1048809,48334260,3,144,05:47:21,-79.335968,43.709384,,,24.0217491030433,5.58851368039156,6032.42189437096,913.884462739171,1
1048809,48334260,3,145,05:47:23,-79.336119,43.70934,,,24.0217491030433,13.1007192605094,6045.52261363147,915.847791434993,1
1048809,48334260,3,146,05:47:25,-79.336303,43.709286,,,24.0217491030433,15.9798371938306,6061.5024508253,918.242596811197,1
1048809,48334260,3,147,05:47:29,-79.336611,43.709206,,,24.0217491030433,26.3355576389944,6087.83800846429,922.189353855977,1
1048809,48334260,3,148,05:47:43,-79.337721,43.708916,,,24.0217491030433,94.9745914788602,6182.81259994315,936.422644190384,1
1048809,48334260,3,149,05:47:46,-79.337898,43.708874,,,24.0217491030433,14.9906604779145,6197.80326042107,938.669207398126,1
1048809,48334260,3,150,05:47:55,-79.33859,43.708694,,,24.0217491030433,59.179687275912,6256.98294769698,947.538123365876,1
1048809,48334260,3,151,05:48:04,-79.3393305023844,43.7085010023902,,,24.0217491030433,63.3421623419183,6320.3251100389,957.030845292691,1
1048809,48334260,3,152,05:48:14,-79.340071,43.708308,,,24.0217491030433,63.3421623449572,6383.66727238385,966.523567219962,1
1048809,48334260,3,153,05:48:25,-79.341017,43.708095,,,24.0217491030433,79.7312641340712,6463.39853651792,978.472428630986,1
1048809,48334260,3,154,05:48:30,-79.341374,43.708011,7561,20,24.0217491030433,30.2111620757165,6493.60969859364,983,1
1048809,48334260,3,155,05:48:30,-79.341374,43.708011,7561,20,1e-12,0,6493.60969859364,983,1
1048809,48334260,3,156,05:48:41,-79.3424935050895,43.7077385054629,,,31.8787313620119,95.0562565213609,6588.665955115,993.734508835715,1
1048809,48334260,3,157,05:48:51,-79.343613,43.707466,,,31.8787313620119,95.0562565183079,6683.72221163331,1004.46901767109,1
1048809,48334260,3,158,05:49:00,-79.3445090090808,43.7072635104982,8512,21,31.8787313620119,75.5435816437635,6759.26579327707,1013,1
1048809,48334260,3,159,05:49:00,-79.3445090090808,43.7072635104982,8512,21,1e-12,0,6759.26579327707,1013,1
1048809,48334260,3,160,05:49:12,-79.3454050121078,43.7070610139975,,,21.7565515134738,75.5435816437956,6834.80937492087,1025.49999999997,1
1048809,48334260,3,161,05:49:25,-79.3463010090809,43.7068585104981,8816,22,21.7565515134738,75.5435816442167,6910.35295656509,1038,1
1048809,48334260,3,162,05:49:25,-79.3463010090809,43.7068585104981,8816,22,1e-12,0,6910.35295656509,1038,1
1048809,48334260,3,163,05:49:35,-79.347197,43.706656,,,26.2806780506846,75.5435816418307,6985.89653820692,1048.34816884808,1
1048809,48334260,3,164,05:49:36,-79.347276,43.706629,,,26.2806780506846,7.03194958673819,6992.92848779365,1049.31142476041,1
1048809,48334260,3,165,05:49:38,-79.347421,43.706597,,,26.2806780506846,12.2000038251643,7005.12849161882,1050.98261504271,1
1048809,48334260,3,166,05:49:40,-79.347591,43.706548,,,26.2806780506846,14.7275237827631,7019.85601540158,1053.00003200264,1
1048809,48334260,3,167,05:49:42,-79.347762,43.70649,,,26.2806780506846,15.2000664538062,7035.05608185539,1055.08217916521,1
1048809,48334260,3,168,05:49:44,-79.347945,43.706427,,,26.2806780506846,16.3109872825417,7051.36706913793,1057.31650333691,1
1048809,48334260,3,169,05:49:47,-79.348138,43.706346,,,26.2806780506846,17.9587754250166,7069.32584456295,1059.77654608791,1
1048809,48334260,3,170,05:49:49,-79.348276,43.706279,,,26.2806780506846,13.3772731484873,7082.70311771143,1061.60900197971,1
1048809,48334260,3,171,05:49:50,-79.34841,43.706221,,,26.2806780506846,12.5684152936667,7095.2715330051,1063.33065828439,1
1048809,48334260,3,172,05:49:52,-79.348562,43.706135,,,26.2806780506846,15.5327769997147,7110.80431000481,1065.45838105818,1
1048809,48334260,3,173,05:49:54,-79.348676,43.706064,,,26.2806780506846,12.1089751124619,7122.91328511728,1067.11710197553,1
1048809,48334260,3,174,05:49:56,-79.348783,43.705983,,,26.2806780506846,12.467772043559,7135.38105716084,1068.82497188932,1
1048809,48334260,3,175,05:49:58,-79.348946,43.705861,,,26.2806780506846,18.8811709379177,7154.26222809875,1071.41136693002,1
1048809,48334260,3,176,05:50:00,-79.349034,43.70579,,,26.2806780506846,10.6121162651747,7164.87434436393,1072.86504398055,1
1048809,48334260,3,177,05:50:01,-79.349121,43.705713,,,26.2806780506846,11.067429012241,7175.94177337617,1074.38109103106,1
1048809,48334260,3,178,05:50:03,-79.349197,43.705641,,,26.2806780506846,10.0819061849378,7186.02367956111,1075.76213843767,1
1048809,48334260,3,179,05:50:05,-79.349296,43.705547,,,26.2806780506846,13.1516548478133,7199.17533440892,1077.56368851034,1
1048809,48334260,3,180,05:50:15,-79.349865,43.705,1009,23,26.2806780506846,76.187039526785,7275.3623739357,1088,1
1048809,48334260,3,181,05:50:15,-79.349865,43.705,1009,23,1e-12,0,7275.3623739357,1088,1
1048809,48334260,3,182,05:50:28,-79.350592,43.704299,,,26.1970963682007,97.5307713774648,7372.89314531317,1101.40266005148,1
1048809,48334260,3,183,05:50:30,-79.350673,43.70422,,,26.1970963682007,10.9466325728528,7383.83977788602,1102.9069442175,1
1048809,48334260,3,184,05:50:31,-79.350729,43.704166,,,26.1970963682007,7.51295226892229,7391.35273015494,1103.93937268926,1
1048809,48334260,3,185,05:50:39,-79.3511920034446,43.7037200009344,,,26.1970963682007,62.074846911175,7453.42757706612,1112.46968634461,1
1048809,48334260,3,186,05:50:48,-79.351655,43.703274,4727,24,26.1970963682007,62.0748469114247,7515.50242397754,1121,1
1048809,48334260,3,187,05:50:48,-79.351655,43.703274,4727,24,1e-12,0,7515.50242397754,1121,1
1048809,48334260,3,188,05:50:55,-79.351952,43.702968,,,22.436226197238,41.6127104606556,7557.1151344382,1127.67695878716,1
1048809,48334260,3,189,05:50:59,-79.352141,43.702741,,,22.436226197238,29.4939783495628,7586.60911278776,1132.40940893831,1
1048809,48334260,3,190,05:51:04,-79.352356,43.702518,,,22.436226197238,30.2592162576613,7616.86832904542,1137.26464517858,1
1048809,48334260,3,191,05:51:08,-79.352523,43.702324,,,22.436226197238,25.436415203412,7642.30474424884,1141.34603988049,1
1048809,48334260,3,192,05:51:12,-79.352644,43.702164,,,22.436226197238,20.2992569990074,7662.60400124784,1144.60315293301,1
1048809,48334260,3,193,05:51:15,-79.352756,43.702016,,,22.436226197238,18.7797200175906,7681.38372126543,1147.61644899577,1
1048809,48334260,3,194,05:51:17,-79.35283,43.701911,,,22.436226197238,13.1182434108875,7694.50196467632,1149.72133400914,1
1048809,48334260,3,195,05:51:18,-79.352766,43.70188,,,22.436226197238,6.199774145633,7700.70173882195,1150.71611747799,1
1048809,48334260,3,196,05:51:19,-79.3527,43.701853,,,22.436226197238,6.10296743254031,7706.80470625449,1151.69536784585,1
1048809,48334260,3,197,05:51:20,-79.352596,43.701797,,,22.436226197238,10.4361526121122,7717.24085886661,1153.36989853891,1
1048809,48334260,3,198,05:51:22,-79.352474,43.701742,,,22.436226197238,11.5708737485287,7728.81173261514,1155.2265006755,1
1048809,48334260,3,199,05:51:24,-79.352357,43.70169,3938,25,22.436226197238,11.052953334788,7739.86468594992,1157,1
1048809,48334260,3,200,05:51:24,-79.352357,43.70169,3938,25,1e-12,0,7739.86468594992,1157,1
1048809,48334260,3,201,05:51:26,-79.352243,43.701618,,,26.5536446869309,12.1824390405154,7752.04712499044,1158.65162941144,1
1048809,48334260,3,202,05:51:27,-79.352167,43.701577,,,26.5536446869309,7.63155592146072,7759.6786809119,1159.68627462272,1
1048809,48334260,3,203,05:51:28,-79.352051,43.7015,,,26.5536446869309,12.6737331806758,7772.35241409258,1161.40451104519,1
1048809,48334260,3,204,05:51:30,-79.351937,43.701418,,,26.5536446869309,12.942028174395,7785.29444226697,1163.15912145657,1
1048809,48334260,3,205,05:51:32,-79.351819,43.701322,,,26.5536446869309,14.2964239902744,7799.59086625724,1165.09735355133,1
1048809,48334260,3,206,05:51:34,-79.351732,43.701245,,,26.5536446869309,11.0677591112382,7810.65862536848,1166.59786066702,1
1048809,48334260,3,207,05:51:35,-79.351661,43.701177,,,26.5536446869309,9.48421872766889,7820.14284409615,1167.88367991414,1
1048809,48334260,3,208,05:51:36,-79.351584,43.701099,,,26.5536446869309,10.667440144945,7830.8102842411,1169.32991394245,1
1048809,48334260,3,209,05:51:38,-79.35152,43.701025,,,26.5536446869309,9.71534600969639,7840.52563025079,1170.64706818049,1
1048809,48334260,3,210,05:51:39,-79.351471,43.700963,,,26.5536446869309,7.94895736458315,7848.47458761538,1171.72474496836,1
1048809,48334260,3,211,05:51:40,-79.351417,43.700879,,,26.5536446869309,10.3113895367403,7858.78597715212,1173.12270757463,1
1048809,48334260,3,212,05:51:47,-79.3511604980898,43.7004325002868,,,26.5536446869309,53.8204290630982,7912.60640621522,1180.41939120926,1
1048809,48334260,3,213,05:51:55,-79.350904,43.699986,,,26.5536446869309,53.8204290658629,7966.42683528108,1187.71607484428,1
1048809,48334260,3,214,05:52:04,-79.350551,43.699401,,,26.5536446869309,71.049091287797,8037.47592656887,1197.34852762625,1
1048809,48334260,3,215,05:52:16,-79.3501439953978,43.6987230007221,,,26.5536446869309,82.2762766399253,8119.7522032088,1208.50310167421,1
1048809,48334260,3,216,05:52:27,-79.349737,43.698045,,,26.5536446869309,82.276276644184,8202.02847985298,1219.65767572276,1
1048809,48334260,3,217,05:52:30,-79.349619,43.697834,,,26.5536446869309,25.3357187331506,8227.36419858613,1223.0925558876,1
1048809,48334260,3,218,05:52:40,-79.349254,43.697197,,,26.5536446869309,76.7546890108413,8304.11888759697,1233.49854285085,1
1048809,48334260,3,219,05:52:43,-79.349264,43.697045,,,26.5536446869309,16.9396932992554,8321.05858089623,1235.79513514906,1
1048809,48334260,3,220,05:52:44,-79.349285,43.69697,,,26.5536446869309,8.51832392615339,8329.57690482239,1236.95000358598,1
1048809,48334260,3,221,05:52:45,-79.349316,43.696901,,,26.5536446869309,8.0761107225209,8337.65301554491,1238.04491914065,1
1048809,48334260,3,222,05:52:46,-79.349373,43.696832,,,26.5536446869309,8.94677017037603,8346.59978571528,1239.25787400968,1
1048809,48334260,3,223,05:52:48,-79.349441,43.696764,,,26.5536446869309,9.34098381886487,8355.94076953415,1240.52427424002,1
1048809,48334260,3,224,05:52:49,-79.349521,43.696692,,,26.5536446869309,10.2809601716753,8366.22172970582,1241.918111397,1
1048809,48334260,3,225,05:53:02,-79.350311,43.69604,4574,26,26.5536446869309,96.4921727216671,8462.71390242749,1255,1
1048809,48334260,3,226,05:53:02,-79.350311,43.69604,4574,26,1e-12,0,8462.71390242749,1255,1
1048809,48334260,3,227,05:53:14,-79.350925,43.695525,,,22.4959377601663,75.68919524577,8538.40309767326,1267.11245807086,1
1048809,48334260,3,228,05:53:16,-79.350996,43.695445,,,22.4959377601663,10.5813460812265,8548.98444375449,1268.80577916281,1
1048809,48334260,3,229,05:53:17,-79.351037,43.695373,,,22.4959377601663,8.66775198600578,8557.65219574049,1270.19286991147,1
1048809,48334260,3,230,05:53:19,-79.351043,43.695269,,,22.4959377601663,11.5872946476103,8569.2394903881,1272.04717183816,1
1048809,48334260,3,231,05:53:21,-79.351028,43.695165,,,22.4959377601663,11.6400069714975,8580.8794973596,1273.90990925966,1
1048809,48334260,3,232,05:53:22,-79.351021,43.695112,,,22.4959377601663,5.92677299350377,8586.8062703531,1274.85836417645,1
1048809,48334260,3,233,05:53:22,-79.351015,43.695098,,,22.4959377601663,1.63157923242302,8588.43784958553,1275.11946399364,1
1048809,48334260,3,234,05:53:36,-79.3507294964722,43.6943570003553,,,22.4959377601663,85.6287090809457,8674.06655866647,1288.82253145311,1
1048809,48334260,3,235,05:53:50,-79.350444,43.693616,,,22.4959377601663,85.6287090837955,8759.69526775027,1302.52559891302,1
1048809,48334260,3,236,05:53:54,-79.350351,43.693374,9979,27,22.4959377601663,27.9599578796232,8787.65522562989,1307,1
1048809,48334260,3,237,05:53:54,-79.350351,43.693374,9979,27,1e-12,0,8787.65522562989,1307,1
1048809,48334260,3,238,05:53:57,-79.350278,43.693235,,,20.7952804528684,16.5514495909631,8804.20667522085,1309.86532411345,1
1048809,48334260,3,239,05:54:11,-79.35124,43.69305,,,20.7952804528684,80.1228250854504,8884.3295003063,1323.73588339546,1
1048809,48334260,3,240,05:54:17,-79.351685,43.692962,,,20.7952804528684,37.1333774098317,8921.46287771613,1330.16427271093,1
1048809,48334260,3,241,05:54:25,-79.352229,43.692859,24895,28,20.7952804528684,45.2628184801202,8966.72569619626,1338,1
1048809,48334260,3,242,05:54:25,-79.352229,43.692859,24895,28,1e-12,0,8966.72569619626,1338,1
1048809,48334260,3,243,05:54:40,-79.353213,43.692674,,,19.4780549306586,81.8358486234104,9048.56154481967,1353.12517836576,1
1048809,48334260,3,244,05:54:54,-79.3540935025546,43.6925000033793,,,19.4780549306586,73.4710341138554,9122.03257893352,1366.70434341851,1
1048809,48334260,3,245,05:55:07,-79.354974,43.692326,,,19.4780549306586,73.4710341145566,9195.50361304808,1380.28350847138,1
1048809,48334260,3,246,05:55:18,-79.355643,43.692189,,,19.4780549306586,55.9662843779693,9251.46989742605,1390.62738646526,1
1048809,48334260,3,247,05:55:19,-79.35574,43.692158,,,19.4780549306586,8.53624835157455,9260.00614577762,1392.20508476085,1
1048809,48334260,3,248,05:55:20,-79.355762,43.692139,,,19.4780549306586,2.75848732171826,9262.76463309934,1392.71491771869,1
1048809,48334260,3,249,05:55:21,-79.355807,43.692118,,,19.4780549306586,4.31096558925289,9267.07559868859,1393.51168496144,1
1048809,48334260,3,250,05:55:21,-79.355824,43.692099,,,19.4780549306586,2.51910551079011,9269.59470419938,1393.97727456324,1
1048809,48334260,3,251,05:55:21,-79.355845,43.692079,,,19.4780549306586,2.79534604661458,9272.390050246,1394.49391987529,1
1048809,48334260,3,252,05:55:22,-79.355855,43.692055,,,19.4780549306586,2.79028466898897,9275.18033491499,1395.00962972641,1
1048809,48334260,3,253,05:55:23,-79.355868,43.692027,,,19.4780549306586,3.28789729331755,9278.4682322083,1395.61731002601,1
1048809,48334260,3,254,05:55:23,-79.355869,43.692006,,,19.4780549306586,2.33909461224438,9280.80732682055,1396.04962940461,1
1048809,48334260,3,255,05:55:24,-79.355866,43.691944,,,19.4780549306586,6.90603134098948,9287.71335816154,1397.32602547784,1
1048809,48334260,3,256,05:55:41,-79.355518,43.691152,,,19.4780549306586,92.507813994846,9380.22117215638,1414.42363258322,1
1048809,48334260,3,257,05:55:55,-79.355265,43.690518,24893,29,19.4780549306586,73.4558973063378,9453.67706946272,1428,1
1048809,48334260,3,258,05:55:55,-79.355265,43.690518,24893,29,1e-12,0,9453.67706946272,1428,1
1048809,48334260,3,259,05:56:00,-79.355163,43.690274,,,21.2998039960922,28.375711665739,9482.05278112846,1432.79593906195,1
1048809,48334260,3,260,05:56:12,-79.354904,43.689632,,,21.2998039960922,74.4458403804891,9556.49862150895,1445.37845040425,1
1048809,48334260,3,261,05:56:14,-79.354884,43.689547,,,21.2998039960922,9.59813227042001,9566.09675377937,1447.00068487082,1
1048809,48334260,3,262,05:56:16,-79.354901,43.689465,,,21.2998039960922,9.23019695061694,9575.32695072999,1448.5607325139,1
1048809,48334260,3,263,05:56:17,-79.354918,43.689408,,,21.2998039960922,6.49108921237246,9581.81803994236,1449.65782811012,1
1048809,48334260,3,264,05:56:19,-79.354977,43.689316,,,21.2998039960922,11.2889709322092,9593.10701087457,1451.56584075491,1
1048809,48334260,3,265,05:56:34,-79.355266,43.688547,,,21.2998039960922,88.7092721121985,9681.81628298677,1466.55909513708,1
1048809,48334260,3,266,05:56:47,-79.355532,43.687859,5583,30,21.2998039960922,79.5246219750645,9761.34090496183,1480,1
1048809,48334260,3,267,05:56:47,-79.355532,43.687859,5583,30,1e-12,0,9761.34090496183,1480,1
1048809,48334260,3,268,05:57:08,-79.355848,43.687084,,,15.4048589844364,89.9444742579378,9851.28537921977,1501.01934900253,1
1048809,48334260,3,269,05:57:23,-79.3560725020678,43.6865315002197,10380,31,15.4048589844364,64.1041155864271,9915.3894948062,1516,1
1048809,48334260,3,270,05:57:23,-79.3560725020678,43.6865315002197,10380,31,1e-12,0,9915.3894948062,1516,1
1048809,48334260,3,271,05:57:34,-79.356297,43.685979,,,21.2848553163522,64.1041155904034,9979.4936103966,1526.8422074144,1
1048809,48334260,3,272,05:57:44,-79.356478,43.68548,,,21.2848553163522,57.427557707155,10036.9211681038,1536.55517960393,1
1048809,48334260,3,273,05:57:49,-79.356576,43.685209,,,21.2848553163522,31.1820353786721,10068.1032034824,1541.82913264212,1
1048809,48334260,3,274,05:58:01,-79.3567625019866,43.6845700001516,,,21.2848553163522,72.700269589942,10140.8034730724,1554.12524490757,1
1048809,48334260,3,275,05:58:13,-79.356949,43.683931,,,21.2848553163522,72.7002695933301,10213.5037426657,1566.4213571736,1
1048809,48334260,3,276,05:58:15,-79.356975,43.683834,,,21.2848553163522,10.9989755890036,10224.5027182547,1568.2816616733,1
1048809,48334260,3,277,05:58:24,-79.3570975009281,43.6833795000654,7151,32,21.2848553163522,51.5468249674617,10276.0495432222,1577,1
1048809,48334260,3,278,05:58:24,-79.3570975009281,43.6833795000654,7151,32,1e-12,0,10276.0495432222,1577,1
1048809,48334260,3,279,05:58:34,-79.35722,43.682925,,,19.5192385531601,51.5468249653052,10327.5963681875,1586.50695742407,1
1048809,48334260,3,280,05:58:44,-79.357388,43.682422,,,19.5192385531601,57.6039039626232,10385.2002721501,1597.13104266698,1
1048809,48334260,3,281,05:58:54,-79.357517,43.68194,,,19.5192385531601,54.6517609451389,10439.8520330952,1607.21065406507,1
1048809,48334260,3,282,05:58:59,-79.357576,43.681702,,,19.5192385531601,26.9164353895905,10466.7684684848,1612.17494440552,1
1048809,48334260,3,283,05:59:08,-79.357689,43.68128,5650,33,19.5192385531601,47.8495459426313,10514.6180144275,1621,1
1048809,48334260,3,284,05:59:08,-79.357689,43.68128,5650,33,1e-12,0,10514.6180144275,1621,1
1048809,48334260,3,285,05:59:14,-79.357731,43.681008,,,18.7837134111556,30.4671074760114,10545.0851219035,1626.83918549612,1
1048809,48334260,3,286,05:59:28,-79.3579040056054,43.6803600003914,,,18.7837134111556,73.4673151464929,10618.55243705,1640.91959274777,1
1048809,48334260,3,287,05:59:42,-79.3580770074737,43.6797120005218,6540,34,18.7837134111556,73.4673151495213,10692.0197521995,1655,1
1048809,48334260,3,288,05:59:42,-79.3580770074737,43.6797120005218,6540,34,1e-12,0,10692.0197521995,1655,1
1048809,48334260,3,289,05:59:54,-79.3582500056052,43.6790640003914,,,21.1585867631411,73.4673151497764,10765.4870673493,1667.5,1
1048809,48334260,3,290,06:00:07,-79.358423,43.678416,5251,35,21.1585867631411,73.4673151498138,10838.9543824991,1680,1
1048809,48334260,3,291,06:00:07,-79.358423,43.678416,5251,35,1e-12,0,10838.9543824991,1680,1
1048809,48334260,3,292,06:00:26,-79.3585375008549,43.6779680000572,,,9.60286621447715,50.7159579601371,10889.6703404592,1699.01280769498,1
1048809,48334260,3,293,06:00:45,-79.358652,43.67752,,,9.60286621447715,50.7159579603273,10940.3862984195,1718.02561539004,1
1048809,48334260,3,294,06:00:51,-79.35846,43.67748,,,9.60286621447715,16.086568463914,10956.4728668834,1724.0562780252,1
1048809,48334260,3,295,06:01:00,-79.358167,43.677448,14159,36,9.60286621447715,23.8570459954255,10980.3299128789,1733,1
1048809,48334260,3,296,06:01:00,-79.358167,43.677448,14159,36,1e-12,0,10980.3299128789,1733,1
1048809,48334260,3,297,,-79.357959,43.677433,,,,16.829249902091,10997.159162781,,1
1048809,48334260,3,298,,-79.357824,43.677307,,,,17.7445715961205,11014.9037343771,,1
1048809,48334260,3,299,,-79.357819,43.677148,,,,17.7043761729216,11032.60811055,,1
1048809,48334260,3,300,,-79.357823,43.677141,,,,0.843161772609242,11033.4512723226,,1
1048809,48334260,3,301,,-79.357871,43.677065,,,,9.30112679383002,11042.7523991164,,1
1048809,48334260,3,302,,-79.358032,43.67699,,,,15.418375995108,11058.1707751116,,1
1048809,48334260,3,303,,-79.358165,43.676895,,,,15.0498945579466,11073.2206696695,,1
1048809,48334260,3,304,,-79.358284,43.67681,,,,13.4657053565034,11086.686375026,,1
1048809,48334260,3,305,,-79.358347,43.676715,,,,11.7288335267123,11098.4152085527,,1
1048809,48334352,3,1,,-79.347218,43.761745,,,1e-12,0,0,0,2
1048809,48334352,3,2,05:43:07,-79.347207,43.76127,5798,1,,52.8841532582633,52.8841532582633,,2
1048809,48334352,3,3,05:43:07,-79.347207,43.76127,5798,1,1e-12,0,52.8841532582633,0,2
1048809,48334352,3,4,05:43:23,-79.3471904997748,43.7604535000012,,,20.4389206627998,90.9020445126213,143.786197770885,16.01099028879,2
1048809,48334352,3,5,05:43:39,-79.347174,43.759637,,,20.4389206627998,90.9020445103766,234.688242281261,32.0219805771847,2
1048809,48334352,3,6,05:43:49,-79.3471579998632,43.7591255000011,,,20.4389206627998,56.9544493140601,291.642691595321,42.0536266172711,2
1048809,48334352,3,7,05:43:59,-79.347142,43.758614,,,20.4389206627998,56.9544493162454,348.597140911567,52.0852726577425,2
1048809,48334352,3,8,05:44:08,-79.3471249998709,43.7581595000013,1586,2,20.4389206627998,50.6131680219148,399.210308933482,61,2
1048809,48334352,3,9,05:44:08,-79.3471249998709,43.7581595000013,1586,2,1e-12,0,399.210308933482,61,2
1048809,48334352,3,10,05:44:17,-79.347108,43.757705,,,19.5366018035898,50.6131680289775,449.823476962459,70.3264635649604,2
1048809,48334352,3,11,05:44:27,-79.3470892495533,43.7572297500046,,,19.5366018035898,52.9260636813644,502.749540643823,80.0791232735644,2
1048809,48334352,3,12,05:44:37,-79.3470704994043,43.7567545000061,,,19.5366018035898,52.9260636822134,555.675604326037,89.8317829823249,2
1048809,48334352,3,13,05:44:47,-79.3470517495533,43.7562792500046,,,19.5366018035898,52.9260636857952,608.601668011832,99.5844426917455,2
1048809,48334352,3,14,05:44:56,-79.347033,43.755804,,,19.5366018035898,52.9260636796021,661.527731691434,109.337102400025,2
1048809,48334352,3,15,05:45:06,-79.3470219999134,43.7553330000005,9682,3,19.5366018035898,52.4389396332166,713.966671324651,119,2
1048809,48334352,3,16,05:45:06,-79.3470219999134,43.7553330000005,9682,3,1e-12,0,713.966671324651,119,2
1048809,48334352,3,17,05:45:12,-79.347011,43.754862,,,33.8562528157908,52.4389396290952,766.405610953746,124.575932566781,2
1048809,48334352,3,18,05:45:20,-79.346988,43.754172,,,33.8562528157908,76.8327089282082,843.238319881954,132.745701195533,2
1048809,48334352,3,19,05:45:26,-79.346984,43.753675,,,33.8562528157908,55.3267217733531,898.565041655307,138.628697151045,2
1048809,48334352,3,20,05:45:28,-79.346988,43.753497,,,33.8562528157908,19.8174795409071,918.382521196214,140.735927586009,2
1048809,48334352,3,21,05:45:30,-79.347009,43.753288,,,33.8562528157908,23.3269699299392,941.709491126153,143.21632883433,2
1048809,48334352,3,22,05:45:33,-79.347032,43.753076,,,33.8562528157908,23.6720859030442,965.381577029198,145.733426922965,2
1048809,48334352,3,23,05:45:35,-79.347075,43.752868,,,33.8562528157908,23.411187693881,988.792764723079,148.222783206914,2
1048809,48334352,3,24,05:45:38,-79.34713,43.752608,,,33.8562528157908,29.2790005208244,1018.0717652439,151.336075231536,2
1048809,48334352,3,25,05:45:41,-79.347172,43.752385,4909,4,33.8562528157908,25.0529195676032,1043.12468481151,154,2
1048809,48334352,3,26,05:45:41,-79.347172,43.752385,4909,4,1e-12,0,1043.12468481151,154,2
1048809,48334352,3,27,05:45:43,-79.347232,43.752191,,,33.729167594759,22.1283355765446,1065.25302038805,156.361813639538,2
1048809,48334352,3,28,05:45:45,-79.347276,43.752021,,,33.729167594759,19.2522070771953,1084.50522746525,158.416650755906,2
1048809,48334352,3,29,05:45:48,-79.347299,43.751815,,,33.729167594759,23.0062727706403,1107.51150023589,160.872168869171,2
1048809,48334352,3,30,05:45:50,-79.347301,43.751666,,,33.729167594759,16.5873837535263,1124.09888398941,162.64258260218,2
1048809,48334352,3,31,05:45:51,-79.347295,43.751532,,,33.729167594759,14.9246121120834,1139.0234961015,164.23552448112,2
1048809,48334352,3,32,05:45:53,-79.347284,43.751388,,,33.729167594759,16.0543917825406,1155.07788788404,165.949050622991,2
1048809,48334352,3,33,05:45:55,-79.347271,43.75121,,,33.729167594759,19.842424279539,1174.92031216358,168.06688312525,2
1048809,48334352,3,34,05:45:57,-79.347242,43.751016,,,33.729167594759,21.7215179973547,1196.64183016093,170.385276087982,2
1048809,48334352,3,35,05:46:00,-79.34715,43.750783,,,33.729167594759,26.9718338160679,1223.613663977,173.264048635957,2
1048809,48334352,3,36,05:46:06,-79.346974,43.750357,,,33.729167594759,49.4889033914866,1273.10256736848,178.546125393672,2
1048809,48334352,3,37,05:46:09,-79.346861,43.750078,10178,5,33.729167594759,32.3600876244803,1305.46265499297,182,2
1048809,48334352,3,38,05:46:09,-79.346861,43.750078,10178,5,1e-12,0,1305.46265499297,182,2
1048809,48334352,3,39,05:46:10,-79.346845,43.750015,,,31.8815789741744,7.13017030065279,1312.59282529362,182.805123645323,2
1048809,48334352,3,40,05:46:11,-79.346802,43.749894,,,31.8815789741744,13.9063966705407,1326.49922196416,184.375404341098,2
1048809,48334352,3,41,05:46:13,-79.346744,43.749745,,,31.8815789741744,17.2298617584161,1343.72908372257,186.320963636656,2
1048809,48334352,3,42,05:46:15,-79.346694,43.749586,,,31.8815789741744,18.1507236331511,1361.87980735573,188.370504693963,2
1048809,48334352,3,43,05:46:24,-79.346516997961,43.7488965001366,,,31.8815789741744,78.0633537295655,1439.94316108529,197.185252346646,2
1048809,48334352,3,44,05:46:33,-79.34634,43.748207,9478,6,31.8815789741744,78.0633537355029,1518.00651482079,206,2
1048809,48334352,3,45,05:46:33,-79.34634,43.748207,9478,6,1e-12,0,1518.00651482079,206,2
1048809,48334352,3,46,05:46:38,-79.346237,43.747831,,,33.0175641058348,42.6677959273877,1560.67431074818,210.65219253747,2
1048809,48334352,3,47,05:46:47,-79.346056497755,43.747086500142,,,33.0175641058348,84.1388762630014,1644.81318701118,219.826096268705,2
1048809,48334352,3,48,05:46:56,-79.345876,43.746342,3736,7,33.0175641058348,84.1388762635556,1728.95206327474,229,2
1048809,48334352,3,49,05:46:56,-79.345876,43.746342,3736,7,1e-12,0,1728.95206327474,229,2
1048809,48334352,3,50,05:47:07,-79.3456544970139,43.7455350002139,,,31.4001631912939,91.5838093088668,1820.53587258361,239.500000000106,2
1048809,48334352,3,51,05:47:17,-79.345433,43.744728,7579,8,31.4001631912939,91.5838093070141,1912.11968189062,250,2
1048809,48334352,3,52,05:47:17,-79.345433,43.744728,7579,8,1e-12,0,1912.11968189062,250,2
1048809,48334352,3,53,05:47:25,-79.345266,43.744066,,,32.3620673629229,74.9073042889728,1987.02698617959,258.332789509896,2
1048809,48334352,3,54,05:47:36,-79.345059,43.743247,,,32.3620673629229,92.6780566047939,2079.70504278439,268.64242146374,2
1048809,48334352,3,55,05:47:43,-79.344902,43.742654,,,32.3620673629229,67.2091475488705,2146.91419033326,276.118857640161,2
1048809,48334352,3,56,05:47:49,-79.344787747398,43.7421995001707,,,32.3620673629229,51.4222965532533,2198.33648688651,281.839143229944,2
1048809,48334352,3,57,05:47:55,-79.3446734965307,43.7417450002276,,,32.3620673629229,51.4222965563711,2249.75878344288,287.559428820074,2
1048809,48334352,3,58,05:48:00,-79.344559247398,43.7412905001707,,,32.3620673629229,51.4222965556589,2301.18107999854,293.279714410124,2
1048809,48334352,3,59,05:48:06,-79.344445,43.740836,1984,9,32.3620673629229,51.4222965540864,2352.60337655263,299,2
1048809,48334352,3,60,05:48:06,-79.344445,43.740836,1984,9,1e-12,0,2352.60337655263,299,2
1048809,48334352,3,61,05:48:16,-79.3442224969732,43.7400215002158,,,31.9040195945357,92.4187595969885,2445.02213614962,309.428389236764,2
1048809,48334352,3,62,05:48:27,-79.344,43.739207,,,31.9040195945357,92.4187595953721,2537.44089574499,319.856778473345,2
1048809,48334352,3,63,05:48:33,-79.3438589963953,43.73869675026,,,31.9040195945357,57.9217952654828,2595.36269101047,326.392583854792,2
1048809,48334352,3,64,05:48:40,-79.3437179951938,43.7381865003467,,,31.9040195945357,57.9217952669907,2653.28448627746,332.928389236408,2
1048809,48334352,3,65,05:48:46,-79.3435769963954,43.73767625026,,,31.9040195945357,57.9217952683592,2711.20628154582,339.464194618179,2
1048809,48334352,3,66,05:48:53,-79.343436,43.737166,4938,10,31.9040195945357,57.9217952688006,2769.12807681462,346,2
1048809,48334352,3,67,05:48:53,-79.343436,43.737166,4938,10,1e-12,0,2769.12807681462,346,2
1048809,48334352,3,68,05:48:56,-79.343364,43.737021,,,21.9392313028606,17.1487045285639,2786.27678134318,348.813924309863,2
1048809,48334352,3,69,05:49:09,-79.343171,43.736316,,,21.9392313028606,80.0007376032939,2866.27751894648,361.941214477696,2
1048809,48334352,3,70,05:49:21,-79.3430174983851,43.7356860001027,,,21.9392313028606,71.2097557787867,2937.48727472526,373.625995829639,2
1048809,48334352,3,71,05:49:32,-79.342864,43.735056,,,21.9392313028606,71.2097557802546,3008.69703050552,385.310777181823,2
1048809,48334352,3,72,05:49:44,-79.342701,43.734427,2768,11,21.9392313028606,71.2368230996262,3079.93385360515,397,2
1048809,48334352,3,73,05:49:44,-79.342701,43.734427,2768,11,1e-12,0,3079.93385360515,397,2
1048809,48334352,3,74,05:49:56,-79.342536,43.733794,,,21.5106772114334,71.7041678191198,3151.63802142427,409.00031973013,2
1048809,48334352,3,75,05:49:59,-79.342486,43.733611,,,21.5106772114334,20.764661458359,3172.40268288262,412.475467467941,2
1048809,48334352,3,76,05:50:13,-79.3422924977447,43.7329130001632,,,21.5106772114334,79.2445357603395,3251.64721864296,425.737733733812,2
1048809,48334352,3,77,05:50:26,-79.342099,43.732215,2974,12,21.5106772114334,79.2445357622381,3330.8917544052,439,2
1048809,48334352,3,78,05:50:26,-79.342099,43.732215,2974,12,1e-12,0,3330.8917544052,439,2
1048809,48334352,3,79,05:50:35,-79.3419659988586,43.7317010000771,,,22.6195063918187,58.2097627627204,3389.10151716792,448.264355389364,2
1048809,48334352,3,80,05:50:45,-79.341833,43.731187,,,22.6195063918187,58.209762766496,3447.31127993442,457.528710779328,2
1048809,48334352,3,81,05:50:58,-79.3416264973486,43.7304180001859,,,22.6195063918187,87.2013753443886,3534.51265527881,471.407216605315,2
1048809,48334352,3,82,05:51:12,-79.34142,43.729649,,,22.6195063918187,87.2013753415163,3621.71403062032,485.285722430845,2
1048809,48334352,3,83,05:51:21,-79.3412769964188,43.7291490002674,,,22.6195063918187,56.8359971346077,3678.55002775493,494.331436609585,2
1048809,48334352,3,84,05:51:30,-79.3411339952251,43.7286490003565,,,22.6195063918187,56.8359971330715,3735.386024888,503.377150788081,2
1048809,48334352,3,85,05:51:39,-79.3409909964189,43.7281490002674,,,22.6195063918187,56.8359971340733,3792.22202202208,512.422864966737,2
1048809,48334352,3,86,05:51:48,-79.340848,43.727649,,,22.6195063918187,56.8359971332361,3849.05801915531,521.468579145259,2
1048809,48334352,3,87,05:51:57,-79.3407194989864,43.727176500072,15370,13,22.6195063918187,53.6045912653083,3902.66261042062,530,2
1048809,48334352,3,88,05:51:57,-79.3407194989864,43.727176500072,15370,13,1e-12,0,3902.66261042062,530,2
1048809,48334352,3,89,05:52:05,-79.340591,43.726704,,,23.2565206052324,53.6045912682722,3956.26720168889,538.297738593036,2
1048809,48334352,3,90,05:52:19,-79.3403844973473,43.7259345001859,,,23.2565206052324,87.2562532954849,4043.52345498438,551.804596183465,2
1048809,48334352,3,91,05:52:32,-79.340178,43.725165,,,23.2565206052324,87.2562532955278,4130.77970827991,565.3114537739,2
1048809,48334352,3,92,05:52:41,-79.3400454989483,43.7246895000765,,,23.2565206052324,53.9950045397271,4184.77471281963,573.669626505005,2
1048809,48334352,3,93,05:52:49,-79.339913,43.724214,,,23.2565206052324,53.9950045367506,4238.76971735638,582.027799235648,2
1048809,48334352,3,94,05:53:00,-79.3397569984428,43.7236160001061,,,23.2565206052324,67.7417248906054,4306.51144224699,592.513899617805,2
1048809,48334352,3,95,05:53:10,-79.339601,43.723018,6896,14,23.2565206052324,67.7417248908454,4374.25316713783,603,2
1048809,48334352,3,96,05:53:10,-79.339601,43.723018,6896,14,1e-12,0,4374.25316713783,603,2
1048809,48334352,3,97,05:53:14,-79.339534,43.722787,,,23.5006993633368,26.2736460796164,4400.52681321745,607.024779195898,2
1048809,48334352,3,98,05:53:24,-79.339383,43.722233,,,23.5006993633368,62.8560663791805,4463.38287959663,616.653507067634,2
1048809,48334352,3,99,05:53:39,-79.339146,43.721368,,,23.5006993633368,98.1609529543748,4561.54383255101,631.690482145366,2
1048809,48334352,3,100,05:53:54,-79.338862,43.720494,270,15,23.5006993633368,99.9401045831674,4661.48393713417,647,2
1048809,48334352,3,101,05:53:54,-79.338862,43.720494,270,15,1e-12,0,4661.48393713417,647,2
1048809,48334352,3,102,05:54:01,-79.338832,43.720333,,,9.76089165578569,18.0842249077225,4679.5681620419,653.669801485729,2
1048809,48334352,3,103,05:54:10,-79.338779,43.720109,5682,16,9.76089165578569,25.2975157846579,4704.86567782655,663,2
1048809,48334352,3,104,05:54:10,-79.338779,43.720109,5682,16,1e-12,0,4704.86567782655,663,2
1048809,48334352,3,105,05:54:14,-79.338747,43.719906,,,19.9022150554409,22.7440372712909,4727.60971509784,667.114041273726,2
1048809,48334352,3,106,05:54:19,-79.33867,43.719647,,,19.9022150554409,29.4897778320197,4757.09949292986,672.448281703725,2
1048809,48334352,3,107,05:54:23,-79.338622,43.719474,,,19.9022150554409,19.6416522026054,4776.74114513247,676.001149951425,2
1048809,48334352,3,108,05:54:27,-79.338556,43.71927,,,19.9022150554409,23.3217200522685,4800.06286518474,680.219685021732,2
1048809,48334352,3,109,05:54:41,-79.3382719969855,43.7186340003516,,,19.9022150554409,74.3950075357939,4874.45787272053,693.676580466927,2
1048809,48334352,3,110,05:54:54,-79.337988,43.717998,,,19.9022150554409,74.3950075382228,4948.85288025875,707.133475912562,2
1048809,48334352,3,111,05:55:10,-79.3376459958592,43.7172725005098,,,19.9022150554409,85.3211389447742,5034.17401920353,722.566737956287,2
1048809,48334352,3,112,05:55:25,-79.337304,43.716547,6261,17,19.9022150554409,85.3211389447102,5119.49515814824,738,2
1048809,48334352,3,113,05:55:25,-79.337304,43.716547,6261,17,1e-12,0,5119.49515814824,738,2
1048809,48334352,3,114,05:55:37,-79.3370624935014,43.7160095007627,,,18.8730708002479,62.9102359996016,5182.40539414784,749.999999999766,2
1048809,48334352,3,115,05:55:49,-79.3368209913353,43.7154720010169,,,18.8730708002479,62.9102359997389,5245.31563014758,761.999999999559,2
1048809,48334352,3,116,05:56:01,-79.3365794935016,43.7149345007626,,,18.8730708002479,62.9102360042142,5308.22586615179,774.000000000205,2
1048809,48334352,3,117,05:56:13,-79.336338,43.714397,9804,18,18.8730708002479,62.9102359997503,5371.13610215154,786,2
1048809,48334352,3,118,05:56:13,-79.336338,43.714397,9804,18,1e-12,0,5371.13610215154,786,2
1048809,48334352,3,119,05:56:25,-79.3361107441498,43.7138827506753,,,18.1625997292469,60.0953749192874,5431.23147707083,797.911474840304,2
1048809,48334352,3,120,05:56:37,-79.3358834921999,43.7133685009004,,,18.1625997292469,60.0953749162387,5491.32685198707,809.822949680004,2
1048809,48334352,3,121,05:56:49,-79.33565624415,43.7128542506753,,,18.1625997292469,60.0953749187584,5551.42222690583,821.734424520203,2
1048809,48334352,3,122,05:57:01,-79.335429,43.71234,,,18.1625997292469,60.0953749208271,5611.51760182666,833.645899360812,2
1048809,48334352,3,123,05:57:04,-79.335364,43.712194,,,18.1625997292469,17.0734581536358,5628.59105998029,837.030021142349,2
1048809,48334352,3,124,05:57:17,-79.3351184932289,43.7116430007881,,,18.1625997292469,64.4396108591298,5693.03067083942,849.802564861369,2
1048809,48334352,3,125,05:57:30,-79.334872990972,43.7110920010509,,,18.1625997292469,64.439610854824,5757.47028169424,862.575108579536,2
1048809,48334352,3,126,05:57:42,-79.334627493229,43.7105410007881,,,18.1625997292469,64.4396108583609,5821.90989255261,875.347652298403,2
1048809,48334352,3,127,05:57:55,-79.334382,43.70999,,,18.1625997292469,64.4396108579219,5886.34950341053,888.120196017184,2
1048809,48334352,3,128,05:57:56,-79.334465,43.709981,,,18.1625997292469,6.75348242554471,5893.10298583607,889.458800462274,2
1048809,48334352,3,129,05:57:58,-79.33458,43.709963,,,18.1625997292469,9.46815518136691,5902.57114101744,891.335478865203,2
1048809,48334352,3,130,05:58:01,-79.334711,43.709937,,,18.1625997292469,10.9313019155142,5913.50244293295,893.502166865957,2
1048809,48334352,3,131,05:58:02,-79.334805,43.709909,,,18.1625997292469,8.18094878473225,5921.68339171769,895.12370871922,2
1048809,48334352,3,132,05:58:04,-79.334908,43.709878,,,18.1625997292469,8.97783096765701,5930.66122268534,896.90320019981,2
1048809,48334352,3,133,05:58:07,-79.335081,43.70982,,,18.1625997292469,15.3452191786401,5946.00644186398,899.944768580252,2
1048809,48334352,3,134,05:58:09,-79.335198,43.70977,,,18.1625997292469,10.9369058039424,5956.94334766793,902.112567324988,2
1048809,48334352,3,135,05:58:11,-79.335295,43.709721,3115,19,18.1625997292469,9.52241227559871,5966.46575994352,904,2
1048809,48334352,3,136,05:58:11,-79.335295,43.709721,3115,19,1e-12,0,5966.46575994352,904,2
1048809,48334352,3,137,05:58:12,-79.335387,43.709666,,,24.0217491030433,9.60677895860854,5976.07253890213,905.439712158454,2
1048809,48334352,3,138,05:58:14,-79.33548,43.70962,,,24.0217491030433,9.06773483822082,5985.14027374035,906.798640905798,2
1048809,48334352,3,139,05:58:15,-79.335582,43.709571,,,24.0217491030433,9.85491128794926,5994.9951850283,908.275539215094,2
1048809,48334352,3,140,05:58:17,-79.335689,43.709516,,,24.0217491030433,10.5649617946089,6005.56014682291,909.858848669266,2
1048809,48334352,3,141,05:58:18,-79.335789,43.709467,,,24.0217491030433,9.72129604328627,6015.2814428662,911.315722837991,2
1048809,48334352,3,142,05:58:19,-79.335867,43.709426,,,24.0217491030433,7.76048733952832,6023.04193020573,912.478741996274,2
1048809,48334352,3,143,05:58:20,-79.335907,43.709408,,,24.0217491030433,3.79145048483821,6026.83338069056,913.046944656574,2
1048809,48334352,3,144,05:58:21,-79.335968,43.709384,,,24.0217491030433,5.58851368039156,6032.42189437096,913.884462739171,2
1048809,48334352,3,145,05:58:23,-79.336119,43.70934,,,24.0217491030433,13.1007192605094,6045.52261363147,915.847791434993,2
1048809,48334352,3,146,05:58:25,-79.336303,43.709286,,,24.0217491030433,15.9798371938306,6061.5024508253,918.242596811197,2
1048809,48334352,3,147,05:58:29,-79.336611,43.709206,,,24.0217491030433,26.3355576389944,6087.83800846429,922.189353855977,2
1048809,48334352,3,148,05:58:43,-79.337721,43.708916,,,24.0217491030433,94.9745914788602,6182.81259994315,936.422644190384,2
1048809,48334352,3,149,05:58:46,-79.337898,43.708874,,,24.0217491030433,14.9906604779145,6197.80326042107,938.669207398126,2
1048809,48334352,3,150,05:58:55,-79.33859,43.708694,,,24.0217491030433,59.179687275912,6256.98294769698,947.538123365876,2
1048809,48334352,3,151,05:59:04,-79.3393305023844,43.7085010023902,,,24.0217491030433,63.3421623419183,6320.3251100389,957.030845292691,2
1048809,48334352,3,152,05:59:14,-79.340071,43.708308,,,24.0217491030433,63.3421623449572,6383.66727238385,966.523567219962,2
1048809,48334352,3,153,05:59:25,-79.341017,43.708095,,,24.0217491030433,79.7312641340712,6463.39853651792,978.472428630986,2
1048809,48334352,3,154,05:59:30,-79.341374,43.708011,7561,20,24.0217491030433,30.2111620757165,6493.60969859364,983,2
1048809,48334352,3,155,05:59:30,-79.341374,43.708011,7561,20,1e-12,0,6493.60969859364,983,2
1048809,48334352,3,156,05:59:41,-79.3424935050895,43.7077385054629,,,31.8787313620119,95.0562565213609,6588.665955115,993.734508835715,2
1048809,48334352,3,157,05:59:51,-79.343613,43.707466,,,31.8787313620119,95.0562565183079,6683.72221163331,1004.46901767109,2
1048809,48334352,3,158,06:00:00,-79.3445090090808,43.7072635104982,8512,21,31.8787313620119,75.5435816437635,6759.26579327707,1013,2
1048809,48334352,3,159,06:00:00,-79.3445090090808,43.7072635104982,8512,21,1e-12,0,6759.26579327707,1013,2
1048809,48334352,3,160,06:00:12,-79.3454050121078,43.7070610139975,,,21.7565515134738,75.5435816437956,6834.80937492087,1025.49999999997,2
1048809,48334352,3,161,06:00:25,-79.3463010090809,43.7068585104981,8816,22,21.7565515134738,75.5435816442167,6910.35295656509,1038,2
1048809,48334352,3,162,06:00:25,-79.3463010090809,43.7068585104981,8816,22,1e-12,0,6910.35295656509,1038,2
1048809,48334352,3,163,06:00:35,-79.347197,43.706656,,,26.2806780506846,75.5435816418307,6985.89653820692,1048.34816884808,2
1048809,48334352,3,164,06:00:36,-79.347276,43.706629,,,26.2806780506846,7.03194958673819,6992.92848779365,1049.31142476041,2
1048809,48334352,3,165,06:00:38,-79.347421,43.706597,,,26.2806780506846,12.2000038251643,7005.12849161882,1050.98261504271,2
1048809,48334352,3,166,06:00:40,-79.347591,43.706548,,,26.2806780506846,14.7275237827631,7019.85601540158,1053.00003200264,2
1048809,48334352,3,167,06:00:42,-79.347762,43.70649,,,26.2806780506846,15.2000664538062,7035.05608185539,1055.08217916521,2
1048809,48334352,3,168,06:00:44,-79.347945,43.706427,,,26.2806780506846,16.3109872825417,7051.36706913793,1057.31650333691,2
1048809,48334352,3,169,06:00:47,-79.348138,43.706346,,,26.2806780506846,17.9587754250166,7069.32584456295,1059.77654608791,2
1048809,48334352,3,170,06:00:49,-79.348276,43.706279,,,26.2806780506846,13.3772731484873,7082.70311771143,1061.60900197971,2
1048809,48334352,3,171,06:00:50,-79.34841,43.706221,,,26.2806780506846,12.5684152936667,7095.2715330051,1063.33065828439,2
1048809,48334352,3,172,06:00:52,-79.348562,43.706135,,,26.2806780506846,15.5327769997147,7110.80431000481,1065.45838105818,2
1048809,48334352,3,173,06:00:54,-79.348676,43.706064,,,26.2806780506846,12.1089751124619,7122.91328511728,1067.11710197553,2
1048809,48334352,3,174,06:00:56,-79.348783,43.705983,,,26.2806780506846,12.467772043559,7135.38105716084,1068.82497188932,2
1048809,48334352,3,175,06:00:58,-79.348946,43.705861,,,26.2806780506846,18.8811709379177,7154.26222809875,1071.41136693002,2
1048809,48334352,3,176,06:01:00,-79.349034,43.70579,,,26.2806780506846,10.6121162651747,7164.87434436393,1072.86504398055,2
1048809,48334352,3,177,06:01:01,-79.349121,43.705713,,,26.2806780506846,11.067429012241,7175.94177337617,1074.38109103106,2
1048809,48334352,3,178,06:01:03,-79.349197,43.705641,,,26.2806780506846,10.0819061849378,7186.02367956111,1075.76213843767,2
1048809,48334352,3,179,06:01:05,-79.349296,43.705547,,,26.2806780506846,13.1516548478133,7199.17533440892,1077.56368851034,2
1048809,48334352,3,180,06:01:15,-79.349865,43.705,1009,23,26.2806780506846,76.187039526785,7275.3623739357,1088,2
1048809,48334352,3,181,06:01:15,-79.349865,43.705,1009,23,1e-12,0,7275.3623739357,1088,2
1048809,48334352,3,182,06:01:28,-79.350592,43.704299,,,26.1970963682007,97.5307713774648,7372.89314531317,1101.40266005148,2
1048809,48334352,3,183,06:01:30,-79.350673,43.70422,,,26.1970963682007,10.9466325728528,7383.83977788602,1102.9069442175,2
1048809,48334352,3,184,06:01:31,-79.350729,43.704166,,,26.1970963682007,7.51295226892229,7391.35273015494,1103.93937268926,2
1048809,48334352,3,185,06:01:39,-79.3511920034446,43.7037200009344,,,26.1970963682007,62.074846911175,7453.42757706612,1112.46968634461,2
1048809,48334352,3,186,06:01:48,-79.351655,43.703274,4727,24,26.1970963682007,62.0748469114247,7515.50242397754,1121,2
1048809,48334352,3,187,06:01:48,-79.351655,43.703274,4727,24,1e-12,0,7515.50242397754,1121,2
1048809,48334352,3,188,06:01:55,-79.351952,43.702968,,,22.436226197238,41.6127104606556,7557.1151344382,1127.67695878716,2
1048809,48334352,3,189,06:01:59,-79.352141,43.702741,,,22.436226197238,29.4939783495628,7586.60911278776,1132.40940893831,2
1048809,48334352,3,190,06:02:04,-79.352356,43.702518,,,22.436226197238,30.2592162576613,7616.86832904542,1137.26464517858,2
1048809,48334352,3,191,06:02:08,-79.352523,43.702324,,,22.436226197238,25.436415203412,7642.30474424884,1141.34603988049,2
1048809,48334352,3,192,06:02:12,-79.352644,43.702164,,,22.436226197238,20.2992569990074,7662.60400124784,1144.60315293301,2
1048809,48334352,3,193,06:02:15,-79.352756,43.702016,,,22.436226197238,18.7797200175906,7681.38372126543,1147.61644899577,2
1048809,48334352,3,194,06:02:17,-79.35283,43.701911,,,22.436226197238,13.1182434108875,7694.50196467632,1149.72133400914,2
1048809,48334352,3,195,06:02:18,-79.352766,43.70188,,,22.436226197238,6.199774145633,7700.70173882195,1150.71611747799,2
1048809,48334352,3,196,06:02:19,-79.3527,43.701853,,,22.436226197238,6.10296743254031,7706.80470625449,1151.69536784585,2
1048809,48334352,3,197,06:02:20,-79.352596,43.701797,,,22.436226197238,10.4361526121122,7717.24085886661,1153.36989853891,2
1048809,48334352,3,198,06:02:22,-79.352474,43.701742,,,22.436226197238,11.5708737485287,7728.81173261514,1155.2265006755,2
1048809,48334352,3,199,06:02:24,-79.352357,43.70169,3938,25,22.436226197238,11.052953334788,7739.86468594992,1157,2
1048809,48334352,3,200,06:02:24,-79.352357,43.70169,3938,25,1e-12,0,7739.86468594992,1157,2
1048809,48334352,3,201,06:02:26,-79.352243,43.701618,,,26.5536446869309,12.1824390405154,7752.04712499044,1158.65162941144,2
1048809,48334352,3,202,06:02:27,-79.352167,43.701577,,,26.5536446869309,7.63155592146072,7759.6786809119,1159.68627462272,2
1048809,48334352,3,203,06:02:28,-79.352051,43.7015,,,26.5536446869309,12.6737331806758,7772.35241409258,1161.40451104519,2
1048809,48334352,3,204,06:02:30,-79.351937,43.701418,,,26.5536446869309,12.942028174395,7785.29444226697,1163.15912145657,2
1048809,48334352,3,205,06:02:32,-79.351819,43.701322,,,26.5536446869309,14.2964239902744,7799.59086625724,1165.09735355133,2
1048809,48334352,3,206,06:02:34,-79.351732,43.701245,,,26.5536446869309,11.0677591112382,7810.65862536848,1166.59786066702,2
1048809,48334352,3,207,06:02:35,-79.351661,43.701177,,,26.5536446869309,9.48421872766889,7820.14284409615,1167.88367991414,2
1048809,48334352,3,208,06:02:36,-79.351584,43.701099,,,26.5536446869309,10.667440144945,7830.8102842411,1169.32991394245,2
1048809,48334352,3,209,06:02:38,-79.35152,43.701025,,,26.5536446869309,9.71534600969639,7840.52563025079,1170.64706818049,2
1048809,48334352,3,210,06:02:39,-79.351471,43.700963,,,26.5536446869309,7.94895736458315,7848.47458761538,1171.72474496836,2
1048809,48334352,3,211,06:02:40,-79.351417,43.700879,,,26.5536446869309,10.3113895367403,7858.78597715212,1173.12270757463,2
1048809,48334352,3,212,06:02:47,-79.3511604980898,43.7004325002868,,,26.5536446869309,53.8204290630982,7912.60640621522,1180.41939120926,2
1048809,48334352,3,213,06:02:55,-79.350904,43.699986,,,26.5536446869309,53.8204290658629,7966.42683528108,1187.71607484428,2
1048809,48334352,3,214,06:03:04,-79.350551,43.699401,,,26.5536446869309,71.049091287797,8037.47592656887,1197.34852762625,2
1048809,48334352,3,215,06:03:16,-79.3501439953978,43.6987230007221,,,26.5536446869309,82.2762766399253,8119.7522032088,1208.50310167421,2
1048809,48334352,3,216,06:03:27,-79.349737,43.698045,,,26.5536446869309,82.276276644184,8202.02847985298,1219.65767572276,2
1048809,48334352,3,217,06:03:30,-79.349619,43.697834,,,26.5536446869309,25.3357187331506,8227.36419858613,1223.0925558876,2
1048809,48334352,3,218,06:03:40,-79.349254,43.697197,,,26.5536446869309,76.7546890108413,8304.11888759697,1233.49854285085,2
1048809,48334352,3,219,06:03:43,-79.349264,43.697045,,,26.5536446869309,16.9396932992554,8321.05858089623,1235.79513514906,2
1048809,48334352,3,220,06:03:44,-79.349285,43.69697,,,26.5536446869309,8.51832392615339,8329.57690482239,1236.95000358598,2
1048809,48334352,3,221,06:03:45,-79.349316,43.696901,,,26.5536446869309,8.0761107225209,8337.65301554491,1238.04491914065,2
1048809,48334352,3,222,06:03:46,-79.349373,43.696832,,,26.5536446869309,8.94677017037603,8346.59978571528,1239.25787400968,2
1048809,48334352,3,223,06:03:48,-79.349441,43.696764,,,26.5536446869309,9.34098381886487,8355.94076953415,1240.52427424002,2
1048809,48334352,3,224,06:03:49,-79.349521,43.696692,,,26.5536446869309,10.2809601716753,8366.22172970582,1241.918111397,2
1048809,48334352,3,225,06:04:02,-79.350311,43.69604,4574,26,26.5536446869309,96.4921727216671,8462.71390242749,1255,2
1048809,48334352,3,226,06:04:02,-79.350311,43.69604,4574,26,1e-12,0,8462.71390242749,1255,2
1048809,48334352,3,227,06:04:14,-79.350925,43.695525,,,22.4959377601663,75.68919524577,8538.40309767326,1267.11245807086,2
1048809,48334352,3,228,06:04:16,-79.350996,43.695445,,,22.4959377601663,10.5813460812265,8548.98444375449,1268.80577916281,2
1048809,48334352,3,229,06:04:17,-79.351037,43.695373,,,22.4959377601663,8.66775198600578,8557.65219574049,1270.19286991147,2
1048809,48334352,3,230,06:04:19,-79.351043,43.695269,,,22.4959377601663,11.5872946476103,8569.2394903881,1272.04717183816,2
1048809,48334352,3,231,06:04:21,-79.351028,43.695165,,,22.4959377601663,11.6400069714975,8580.8794973596,1273.90990925966,2
1048809,48334352,3,232,06:04:22,-79.351021,43.695112,,,22.4959377601663,5.92677299350377,8586.8062703531,1274.85836417645,2
1048809,48334352,3,233,06:04:22,-79.351015,43.695098,,,22.4959377601663,1.63157923242302,8588.43784958553,1275.11946399364,2
1048809,48334352,3,234,06:04:36,-79.3507294964722,43.6943570003553,,,22.4959377601663,85.6287090809457,8674.06655866647,1288.82253145311,2
1048809,48334352,3,235,06:04:50,-79.350444,43.693616,,,22.4959377601663,85.6287090837955,8759.69526775027,1302.52559891302,2
1048809,48334352,3,236,06:04:54,-79.350351,43.693374,9979,27,22.4959377601663,27.9599578796232,8787.65522562989,1307,2
1048809,48334352,3,237,06:04:54,-79.350351,43.693374,9979,27,1e-12,0,8787.65522562989,1307,2
1048809,48334352,3,238,06:04:57,-79.350278,43.693235,,,20.7952804528684,16.5514495909631,8804.20667522085,1309.86532411345,2
1048809,48334352,3,239,06:05:11,-79.35124,43.69305,,,20.7952804528684,80.1228250854504,8884.3295003063,1323.73588339546,2
1048809,48334352,3,240,06:05:17,-79.351685,43.692962,,,20.7952804528684,37.1333774098317,8921.46287771613,1330.16427271093,2
1048809,48334352,3,241,06:05:25,-79.352229,43.692859,24895,28,20.7952804528684,45.2628184801202,8966.72569619626,1338,2
1048809,48334352,3,242,06:05:25,-79.352229,43.692859,24895,28,1e-12,0,8966.72569619626,1338,2
1048809,48334352,3,243,06:05:40,-79.353213,43.692674,,,19.4780549306586,81.8358486234104,9048.56154481967,1353.12517836576,2
1048809,48334352,3,244,06:05:54,-79.3540935025546,43.6925000033793,,,19.4780549306586,73.4710341138554,9122.03257893352,1366.70434341851,2
1048809,48334352,3,245,06:06:07,-79.354974,43.692326,,,19.4780549306586,73.4710341145566,9195.50361304808,1380.28350847138,2
1048809,48334352,3,246,06:06:18,-79.355643,43.692189,,,19.4780549306586,55.9662843779693,9251.46989742605,1390.62738646526,2
1048809,48334352,3,247,06:06:19,-79.35574,43.692158,,,19.4780549306586,8.53624835157455,9260.00614577762,1392.20508476085,2
1048809,48334352,3,248,06:06:20,-79.355762,43.692139,,,19.4780549306586,2.75848732171826,9262.76463309934,1392.71491771869,2
1048809,48334352,3,249,06:06:21,-79.355807,43.692118,,,19.4780549306586,4.31096558925289,9267.07559868859,1393.51168496144,2
1048809,48334352,3,250,06:06:21,-79.355824,43.692099,,,19.4780549306586,2.51910551079011,9269.59470419938,1393.97727456324,2
1048809,48334352,3,251,06:06:21,-79.355845,43.692079,,,19.4780549306586,2.79534604661458,9272.390050246,1394.49391987529,2
1048809,48334352,3,252,06:06:22,-79.355855,43.692055,,,19.4780549306586,2.79028466898897,9275.18033491499,1395.00962972641,2
1048809,48334352,3,253,06:06:23,-79.355868,43.692027,,,19.4780549306586,3.28789729331755,9278.4682322083,1395.61731002601,2
1048809,48334352,3,254,06:06:23,-79.355869,43.692006,,,19.4780549306586,2.33909461224438,9280.80732682055,1396.04962940461,2
1048809,48334352,3,255,06:06:24,-79.355866,43.691944,,,19.4780549306586,6.90603134098948,9287.71335816154,1397.32602547784,2
1048809,48334352,3,256,06:06:41,-79.355518,43.691152,,,19.4780549306586,92.507813994846,9380.22117215638,1414.42363258322,2
1048809,48334352,3,257,06:06:55,-79.355265,43.690518,24893,29,19.4780549306586,73.4558973063378,9453.67706946272,1428,2
1048809,48334352,3,258,06:06:55,-79.355265,43.690518,24893,29,1e-12,0,9453.67706946272,1428,2
1048809,48334352,3,259,06:07:00,-79.355163,43.690274,,,21.2998039960922,28.375711665739,9482.05278112846,1432.79593906195,2
1048809,48334352,3,260,06:07:12,-79.354904,43.689632,,,21.2998039960922,74.4458403804891,9556.49862150895,1445.37845040425,2
1048809,48334352,3,261,06:07:14,-79.354884,43.689547,,,21.2998039960922,9.59813227042001,9566.09675377937,1447.00068487082,2
1048809,48334352,3,262,06:07:16,-79.354901,43.689465,,,21.2998039960922,9.23019695061694,9575.32695072999,1448.5607325139,2
1048809,48334352,3,263,06:07:17,-79.354918,43.689408,,,21.2998039960922,6.49108921237246,9581.81803994236,1449.65782811012,2
1048809,48334352,3,264,06:07:19,-79.354977,43.689316,,,21.2998039960922,11.2889709322092,9593.10701087457,1451.56584075491,2
1048809,48334352,3,265,06:07:34,-79.355266,43.688547,,,21.2998039960922,88.7092721121985,9681.81628298677,1466.55909513708,2
1048809,48334352,3,266,06:07:47,-79.355532,43.687859,5583,30,21.2998039960922,79.5246219750645,9761.34090496183,1480,2
1048809,48334352,3,267,06:07:47,-79.355532,43.687859,5583,30,1e-12,0,9761.34090496183,1480,2
1048809,48334352,3,268,06:08:08,-79.355848,43.687084,,,15.4048589844364,89.9444742579378,9851.28537921977,1501.01934900253,2
1048809,48334352,3,269,06:08:23,-79.3560725020678,43.6865315002197,10380,31,15.4048589844364,64.1041155864271,9915.3894948062,1516,2
1048809,48334352,3,270,06:08:23,-79.3560725020678,43.6865315002197,10380,31,1e-12,0,9915.3894948062,1516,2
1048809,48334352,3,271,06:08:34,-79.356297,43.685979,,,21.2848553163522,64.1041155904034,9979.4936103966,1526.8422074144,2
1048809,48334352,3,272,06:08:44,-79.356478,43.68548,,,21.2848553163522,57.427557707155,10036.9211681038,1536.55517960393,2
1048809,48334352,3,273,06:08:49,-79.356576,43.685209,,,21.2848553163522,31.1820353786721,10068.1032034824,1541.82913264212,2
1048809,48334352,3,274,06:09:01,-79.3567625019866,43.6845700001516,,,21.2848553163522,72.700269589942,10140.8034730724,1554.12524490757,2
1048809,48334352,3,275,06:09:13,-79.356949,43.683931,,,21.2848553163522,72.7002695933301,10213.5037426657,1566.4213571736,2
1048809,48334352,3,276,06:09:15,-79.356975,43.683834,,,21.2848553163522,10.9989755890036,10224.5027182547,1568.2816616733,2
1048809,48334352,3,277,06:09:24,-79.3570975009281,43.6833795000654,7151,32,21.2848553163522,51.5468249674617,10276.0495432222,1577,2
1048809,48334352,3,278,06:09:24,-79.3570975009281,43.6833795000654,7151,32,1e-12,0,10276.0495432222,1577,2
1048809,48334352,3,279,06:09:34,-79.35722,43.682925,,,19.5192385531601,51.5468249653052,10327.5963681875,1586.50695742407,2
1048809,48334352,3,280,06:09:44,-79.357388,43.682422,,,19.5192385531601,57.6039039626232,10385.2002721501,1597.13104266698,2
1048809,48334352,3,281,06:09:54,-79.357517,43.68194,,,19.5192385531601,54.6517609451389,10439.8520330952,1607.21065406507,2
1048809,48334352,3,282,06:09:59,-79.357576,43.681702,,,19.5192385531601,26.9164353895905,10466.7684684848,1612.17494440552,2
1048809,48334352,3,283,06:10:08,-79.357689,43.68128,5650,33,19.5192385531601,47.8495459426313,10514.6180144275,1621,2
1048809,48334352,3,284,06:10:08,-79.357689,43.68128,5650,33,1e-12,0,10514.6180144275,1621,2
1048809,48334352,3,285,06:10:14,-79.357731,43.681008,,,18.7837134111556,30.4671074760114,10545.0851219035,1626.83918549612,2
1048809,48334352,3,286,06:10:28,-79.3579040056054,43.6803600003914,,,18.7837134111556,73.4673151464929,10618.55243705,1640.91959274777,2
1048809,48334352,3,287,06:10:42,-79.3580770074737,43.6797120005218,6540,34,18.7837134111556,73.4673151495213,10692.0197521995,1655,2
1048809,48334352,3,288,06:10:42,-79.3580770074737,43.6797120005218,6540,34,1e-12,0,10692.0197521995,1655,2
1048809,48334352,3,289,06:10:54,-79.3582500056052,43.6790640003914,,,21.1585867631411,73.4673151497764,10765.4870673493,1667.5,2
1048809,48334352,3,290,06:11:07,-79.358423,43.678416,5251,35,21.1585867631411,73.4673151498138,10838.9543824991,1680,2
1048809,48334352,3,291,06:11:07,-79.358423,43.678416,5251,35,1e-12,0,10838.9543824991,1680,2
1048809,48334352,3,292,06:11:26,-79.3585375008549,43.6779680000572,,,9.60286621447715,50.7159579601371,10889.6703404592,1699.01280769498,2
1048809,48334352,3,293,06:11:45,-79.358652,43.67752,,,9.60286621447715,50.7159579603273,10940.3862984195,1718.02561539004,2
1048809,48334352,3,294,06:11:51,-79.35846,43.67748,,,9.60286621447715,16.086568463914,10956.4728668834,1724.0562780252,2
1048809,48334352,3,295,06:12:00,-79.358167,43.677448,14159,36,9.60286621447715,23.8570459954255,10980.3299128789,1733,2
1048809,48334352,3,296,06:12:00,-79.358167,43.677448,14159,36,1e-12,0,10980.3299128789,1733,2
1048809,48334352,3,297,,-79.357959,43.677433,,,,16.829249902091,10997.159162781,,2
1048809,48334352,3,298,,-79.357824,43.677307,,,,17.7445715961205,11014.9037343771,,2
1048809,48334352,3,299,,-79.357819,43.677148,,,,17.7043761729216,11032.60811055,,2
1048809,48334352,3,300,,-79.357823,43.677141,,,,0.843161772609242,11033.4512723226,,2
1048809,48334352,3,301,,-79.357871,43.677065,,,,9.30112679383002,11042.7523991164,,2
1048809,48334352,3,302,,-79.358032,43.67699,,,,15.418375995108,11058.1707751116,,2
1048809,48334352,3,303,,-79.358165,43.676895,,,,15.0498945579466,11073.2206696695,,2
1048809,48334352,3,304,,-79.358284,43.67681,,,,13.4657053565034,11086.686375026,,2
1048809,48334352,3,305,,-79.358347,43.676715,,,,11.7288335267123,11098.4152085527,,2
