shape_id,trip_id,route_type,id,timestamp,shape_pt_lon,shape_pt_lat,stop_id,stop_sequence,speed,dist,cumdist,cumtime,trip_number
1048467,48325742,3,1,,-79.509068,43.776657,,,1e-12,0,0,0,1
1048467,48325742,3,2,01:29:00,-79.509986,43.776918,23852,1,,79.3005018406108,79.3005018406108,,1
1048467,48325742,3,3,01:29:00,-79.509986,43.776918,23852,1,1e-12,0,79.3005018406108,0,1
1048467,48325742,3,4,01:29:01,-79.510006,43.776975,,,29.66783939294,6.54567686180207,85.8461787024129,0.794275457352483,1
1048467,48325742,3,5,01:29:02,-79.509997,43.77706,,,29.66783939294,9.48976846614288,95.3359471685558,1.94579734695271,1
1048467,48325742,3,6,01:29:03,-79.509963,43.777139,,,29.66783939294,9.20906643630591,104.545013604862,3.06325786477493,1
1048467,48325742,3,7,01:29:04,-79.509928,43.777165,,,29.66783939294,4.03621339651442,108.581227001376,3.55302619724439,1
1048467,48325742,3,8,01:29:04,-79.509855,43.777179,,,29.66783939294,6.07094392211331,114.652170923489,4.28969588963894,1
1048467,48325742,3,9,01:29:05,-79.509795,43.777175,,,29.66783939294,4.84311293578703,119.495283859276,4.87737625078388,1
1048467,48325742,3,10,01:29:06,-79.509724,43.777148,,,29.66783939294,6.44986240538689,125.945146264663,5.66002524493067,1
1048467,48325742,3,11,01:29:07,-79.509637,43.777101,,,29.66783939294,8.73343629838064,134.678582563044,6.7197711286047,1
1048467,48325742,3,12,01:29:17,-79.508628,43.776818,,,29.66783939294,87.004207723986,221.68279028703,17.27716776467,1
1048467,48325742,3,13,01:29:18,-79.508535,43.776808,,,29.66783939294,7.55750990209946,229.240300189129,18.1942226026449,1
1048467,48325742,3,14,01:29:19,-79.508443,43.776812,,,29.66783939294,7.40809292964392,236.648393118773,19.0931466595502,1
1048467,48325742,3,15,01:29:20,-79.508365,43.776828,,,29.66783939294,6.51751131966271,243.165904438436,19.8840044109364,1
1048467,48325742,3,16,01:29:30,-79.508664496574,43.777512000391,,,29.66783939294,79.8572406714742,323.02314510991,29.5741629226384,1
1048467,48325742,3,17,01:29:39,-79.508964,43.778196,,,29.66783939294,79.8572406737311,402.880385783641,39.2643214346143,1
1048467,48325742,3,18,01:29:50,-79.5100280042529,43.7779570049352,,,29.66783939294,89.5625862193808,492.442972003022,50.1321607173933,1
1048467,48325742,3,19,01:30:01,-79.511092,43.777718,8599,2,29.66783939294,89.562586217961,582.005558220983,61,1
1048467,48325742,3,20,01:30:01,-79.511092,43.777718,8599,2,1e-12,0,582.005558220983,61,1
1048467,48325742,3,21,01:30:09,-79.5118317646784,43.7775485166992,,,29.4293052581784,62.3808625525247,644.386420773508,68.6308666894772,1
1048467,48325742,3,22,01:30:16,-79.512571525163,43.777379028627,,,29.4293052581784,62.3808625517428,706.767283325251,76.2617333788587,1
1048467,48325742,3,23,01:30:24,-79.513311281454,43.7772095357836,,,29.4293052581784,62.3808625529816,769.148145878232,83.8926000683918,1
1048467,48325742,3,24,01:30:32,-79.5140510335511,43.777040038169,,,29.4293052581784,62.3808625529629,831.529008431195,91.5234667579225,1
1048467,48325742,3,25,01:30:39,-79.5147907814543,43.7768705357834,,,29.4293052581784,62.3808625523722,893.909870983567,99.154333447381,1
1048467,48325742,3,26,01:30:47,-79.5155305251636,43.7767010286266,,,29.4293052581784,62.3808625526869,956.290733536254,106.785200136878,1
1048467,48325742,3,27,01:30:54,-79.5162702646788,43.7765315166988,,,29.4293052581784,62.3808625528357,1018.67159608909,114.416066826393,1
1048467,48325742,3,28,01:31:02,-79.51701,43.776362,,,29.4293052581784,62.3808625524112,1081.0524586415,122.046933515857,1
1048467,48325742,3,29,01:31:08,-79.516842,43.775942,23874,3,29.4293052581784,48.6651696622464,1129.71762830375,128,1
1048467,48325742,3,30,01:31:08,-79.516842,43.775942,23874,3,1e-12,0,1129.71762830375,128,1
1048467,48325742,3,31,01:31:12,-79.516771,43.775716,,,25.4415226067926,25.7973576437678,1155.51498594752,131.650351001114,1
1048467,48325742,3,32,01:31:14,-79.516703,43.775567,,,25.4415226067926,17.4639600063657,1172.97894595388,134.121518194784,1
1048467,48325742,3,33,01:31:17,-79.516639,43.775416,,,25.4415226067926,17.5787934278592,1190.55773938174,136.608934428409,1
1048467,48325742,3,34,01:31:19,-79.516565,43.775275,,,25.4415226067926,16.7852701142709,1207.34300949601,138.98406634741,1
1048467,48325742,3,35,01:31:21,-79.51652,43.775166,,,25.4415226067926,12.6614722655783,1220.00448176159,140.775676891345,1
1048467,48325742,3,36,01:31:22,-79.516464,43.775085,,,25.4415226067926,10.0779627663565,1230.08244452795,142.201718348046,1
1048467,48325742,3,37,01:31:24,-79.516406,43.774982,,,25.4415226067926,12.3774556348405,1242.45990016279,143.953140264655,1
1048467,48325742,3,38,01:31:25,-79.516347,43.774917,,,25.4415226067926,8.65139756938475,1251.11129773217,145.177321369345,1
1048467,48325742,3,39,01:31:27,-79.516251,43.774812,,,25.4415226067926,14.0059219430191,1265.11721967519,147.159172840035,1
1048467,48325742,3,40,01:31:29,-79.51617,43.774722,,,25.4415226067926,11.9484556167545,1277.06567529195,148.849890840098,1
1048467,48325742,3,41,01:31:30,-79.516095,43.774647,,,25.4415226067926,10.2979604930984,1287.36363578504,150.307062187431,1
1048467,48325742,3,42,01:31:32,-79.51604,43.774581,,,25.4415226067926,8.57461890161718,1295.93825468666,151.520379036541,1
1048467,48325742,3,43,01:31:33,-79.51593,43.774486,,,25.4415226067926,13.7846260733204,1309.72288075998,153.470916928118,1
1048467,48325742,3,44,01:31:35,-79.515856,43.774401,,,25.4415226067926,11.1764413302351,1320.89932209022,155.052394161642,1
1048467,48325742,3,45,01:31:37,-79.515751,43.774318,,,25.4415226067926,12.5140482411193,1333.41337033134,156.823144063851,1
1048467,48325742,3,46,01:31:39,-79.515644,43.774213,,,25.4415226067926,14.5118757982643,1347.9252461296,158.876588493306,1
1048467,48325742,3,47,01:31:41,-79.515534,43.774113,,,25.4415226067926,14.2161567572894,1362.14140288689,160.888188393092,1
1048467,48325742,3,48,01:31:43,-79.515439,43.774028,,,25.4415226067926,12.1590975884107,1374.3005004753,162.608712435415,1
1048467,48325742,3,49,01:31:44,-79.51535,43.773959,,,25.4415226067926,10.4965134407764,1384.79701391608,164.093979216449,1
1048467,48325742,3,50,01:31:46,-79.515262,43.77386,,,25.4415226067926,13.0953864814529,1397.89240039753,165.946989040658,1
1048467,48325742,3,51,01:31:48,-79.51516,43.773763,,,25.4415226067926,13.5579591658982,1411.45035956343,167.8654533461,1
1048467,48325742,3,52,01:31:49,-79.515093,43.773703,,,25.4415226067926,8.57994281394709,1420.03030237737,169.079523533942,1
1048467,48325742,3,53,01:31:51,-79.51502,43.773625,,,25.4415226067926,10.4797264494469,1430.51002882682,170.562414939504,1
1048467,48325742,3,54,01:31:53,-79.514907,43.773531,,,25.4415226067926,13.8563651190754,1444.3663939459,172.523103975283,1
1048467,48325742,3,55,01:31:55,-79.514774,43.773399,,,25.4415226067926,18.1717106296751,1462.53810457557,175.094418565132,1
1048467,48325742,3,56,01:31:57,-79.514662,43.77329,,,25.4415226067926,15.1089195037984,1477.64702407937,177.232345255068,1
1048467,48325742,3,57,01:32:00,-79.514536,43.77312,,,25.4415226067926,21.4641261029752,1499.11115018235,180.26953981158,1
1048467,48325742,3,58,01:32:02,-79.514457,43.773015,,,25.4415226067926,13.3021453582082,1512.41329554055,182.151806216373,1
1048467,48325742,3,59,01:32:04,-79.514385,43.772895,,,25.4415226067926,14.5581834243131,1526.97147896487,184.2118032196,1
1048467,48325742,3,60,01:32:06,-79.514316,43.772768,,,25.4415226067926,15.1866227741201,1542.15810173899,186.360724997271,1
1048467,48325742,3,61,01:32:08,-79.514258,43.772663,,,25.4415226067926,12.5840445407487,1554.74214627974,188.141379443424,1
1048467,48325742,3,62,01:32:10,-79.514207,43.772574,,,25.4415226067926,10.7220961703588,1565.46424245009,189.658566398382,1
1048467,48325742,3,63,01:32:14,-79.514067,43.772352,,,25.4415226067926,27.1546078707939,1592.61885032089,193.50096961637,1
1048467,48325742,3,64,01:32:21,-79.51386,43.7719,23875,4,25.4415226067926,52.9963197317085,1645.6151700526,201,1
1048467,48325742,3,65,01:32:21,-79.51386,43.7719,23875,4,1e-12,0,1645.6151700526,201,1
1048467,48325742,3,66,01:32:26,-79.514157,43.771677,,,23.9900815085123,34.4414298232772,1680.05659987587,206.168350400135,1
1048467,48325742,3,67,01:32:27,-79.514247,43.771632,,,23.9900815085123,8.79959278428627,1688.85619266016,207.488835035095,1
1048467,48325742,3,68,01:32:28,-79.514311,43.771599,,,23.9900815085123,6.32152473769999,1695.17771739786,208.437455782701,1
1048467,48325742,3,69,01:32:31,-79.514488,43.77149,,,23.9900815085123,18.699357303634,1713.87707470149,211.243519041352,1
1048467,48325742,3,70,01:32:34,-79.514686,43.771365,,,23.9900815085123,21.1411450138478,1735.01821971534,214.416001886933,1
1048467,48325742,3,71,01:32:37,-79.514804,43.771267,,,23.9900815085123,14.4563276224971,1749.47454733784,216.585347556831,1
1048467,48325742,3,72,01:32:39,-79.514921,43.771176,,,23.9900815085123,13.8228991113489,1763.29744644919,218.659639667227,1
1048467,48325742,3,73,01:32:41,-79.515051,43.771064,,,23.9900815085123,16.2680248928059,1779.56547134199,221.100852282254,1
1048467,48325742,3,74,01:32:44,-79.515193,43.770929,,,23.9900815085123,18.8716542485549,1798.43712559055,223.932770767845,1
1048467,48325742,3,75,01:32:47,-79.515371,43.770781,,,23.9900815085123,21.8213168256646,1820.25844241621,227.207321566871,1
1048467,48325742,3,76,01:32:48,-79.515405,43.770757,,,23.9900815085123,3.82199444811477,1824.08043686433,227.780857759665,1
1048467,48325742,3,77,01:32:49,-79.515439,43.770714,,,23.9900815085123,5.51205069509855,1829.59248755943,228.608007200375,1
1048467,48325742,3,78,01:32:51,-79.515585,43.7706,,,23.9900815085123,17.2854536281546,1846.87794118758,231.201897222769,1
1048467,48325742,3,79,01:32:53,-79.515677,43.770529,,,23.9900815085123,10.8241031601405,1857.70204434772,232.82618396655,1
1048467,48325742,3,80,01:32:55,-79.515792,43.770435,,,23.9900815085123,13.9625929763478,1871.66463732407,234.921438819979,1
1048467,48325742,3,81,01:32:58,-79.515944,43.77031,,,23.9900815085123,18.5181181848947,1890.18275550896,237.700304971057,1
1048467,48325742,3,82,01:32:59,-79.516025,43.770255,,,23.9900815085123,8.9376955730063,1899.12045108197,239.041513588936,1
1048467,48325742,3,83,01:33:02,-79.516224,43.770132,,,23.9900815085123,21.056528701441,1920.17697978341,242.201298740074,1
1048467,48325742,3,84,01:33:04,-79.516345,43.770044,,,23.9900815085123,13.8048230795227,1933.98180286293,244.272878324689,1
1048467,48325742,3,85,01:33:06,-79.516472,43.769958,,,23.9900815085123,13.9955844622183,1947.97738732515,246.373083947004,1
1048467,48325742,3,86,01:33:08,-79.516579,43.769917,,,23.9900815085123,9.73725460665673,1957.71464193181,247.834276005544,1
1048467,48325742,3,87,01:33:09,-79.516698,43.76987,,,23.9900815085123,10.9033079145015,1968.61794984631,249.470448374457,1
1048467,48325742,3,88,01:33:11,-79.516795,43.769819,,,23.9900815085123,9.64533869656946,1978.26328854288,250.917847346209,1
1048467,48325742,3,89,01:33:13,-79.516942,43.769743,,,23.9900815085123,14.5331985602526,1992.79648710313,253.098728424013,1
1048467,48325742,3,90,01:33:15,-79.517045,43.769701,,,23.9900815085123,9.50868563831608,2002.30517274145,254.525620962323,1
1048467,48325742,3,91,01:33:16,-79.51715,43.769645,,,23.9900815085123,10.4931064591614,2012.79827920061,256.100237673799,1
1048467,48325742,3,92,01:33:19,-79.517333,43.769558,,,23.9900815085123,17.6125723800962,2030.41085158071,258.743215795647,1
1048467,48325742,3,93,01:33:21,-79.517488,43.769516,,,23.9900815085123,13.3082874449977,2043.7191390257,260.74028424183,1
1048467,48325742,3,94,01:33:23,-79.517623,43.769474,,,23.9900815085123,11.8165450091479,2055.53568403485,262.513498810435,1
1048467,48325742,3,95,01:33:24,-79.517716,43.769445,,,23.9900815085123,8.14322985183297,2063.67891388669,263.735488300392,1
1048467,48325742,3,96,01:33:26,-79.517888,43.769388,,,23.9900815085123,15.2130219202374,2078.89193580692,266.018385042257,1
1048467,48325742,3,97,01:33:28,-79.518032,43.769348,,,23.9900815085123,12.4026314143424,2091.29456722126,267.879548918494,1
1048467,48325742,3,98,01:33:29,-79.51814,43.76933,,,23.9900815085123,8.91004918637154,2100.20461640764,269.216608863853,1
1048467,48325742,3,99,01:33:30,-79.518206,43.769296,,,23.9900815085123,6.51721772298811,2106.72183413062,270.194595695387,1
1048467,48325742,3,100,01:33:31,-79.518277,43.769279,,,23.9900815085123,6.01305323926663,2112.73488736989,271.096926587997,1
1048467,48325742,3,101,01:33:33,-79.518458,43.769226,,,23.9900815085123,15.7007881753312,2128.43567554522,273.453018517536,1
1048467,48325742,3,102,01:33:35,-79.518565,43.769211,,,23.9900815085123,8.76202669354882,2137.19770223877,274.76786590918,1
1048467,48325742,3,103,01:33:36,-79.518691,43.769187,,,23.9900815085123,10.4752385285186,2147.67294076729,276.339801322958,1
1048467,48325742,3,104,01:33:37,-79.518762,43.769163,,,23.9900815085123,6.30186037004038,2153.97480113733,277.285471195905,1
1048467,48325742,3,105,01:33:41,-79.519046,43.769109,,,23.9900815085123,23.6081766138058,2177.58297775114,280.828161777409,1
1048467,48325742,3,106,01:33:43,-79.519219,43.769073,23876,5,23.9900815085123,14.4729377731303,2192.05591552427,283,1
1048467,48325742,3,107,01:33:43,-79.519219,43.769073,23876,5,1e-12,0,2192.05591552427,283,1
1048467,48325742,3,108,01:33:51,-79.519773,43.768952,,,20.462435131806,46.5271521110235,2238.58306763529,291.185621433655,1
1048467,48325742,3,109,01:34:00,-79.520394,43.768819,,,20.462435131806,52.0700673561856,2290.65313499148,300.346419807593,1
1048467,48325742,3,110,01:34:15,-79.5202149934507,43.768089500419,,,20.462435131806,82.4726324016771,2373.12576739315,314.856006507983,1
1048467,48325742,3,111,01:34:29,-79.5200359912678,43.7673600005587,,,20.462435131806,82.4726323983248,2455.59839979148,329.365593207783,1
1048467,48325742,3,112,01:34:44,-79.519856993451,43.766630500419,,,20.462435131806,82.4726324022586,2538.07103219374,343.875179908275,1
1048467,48325742,3,113,01:34:58,-79.519678,43.765901,,,20.462435131806,82.4726324003927,2620.54366459413,358.384766608438,1
1048467,48325742,3,114,01:35:03,-79.519375,43.765964,,,20.462435131806,25.3481888012683,2645.8918533954,362.844327706459,1
1048467,48325742,3,115,01:35:07,-79.519094,43.766026,6230,6,20.462435131806,23.6208818710104,2669.51273526641,367,1
1048467,48325742,3,116,01:35:07,-79.519094,43.766026,6230,6,1e-12,0,2669.51273526641,367,1
1048467,48325742,3,117,01:35:12,-79.518773,43.766094,,,19.1520738341999,26.8930328208764,2696.40576808728,372.055061869189,1
1048467,48325742,3,118,01:35:20,-79.518295,43.766199,,,19.1520738341999,40.165491132432,2736.57125921972,379.604937111344,1
1048467,48325742,3,119,01:35:27,-79.517858,43.766296,,,19.1520738341999,36.7530318585424,2773.32429107826,386.513375113211,1
1048467,48325742,3,120,01:35:33,-79.517429,43.766392,,,19.1520738341999,36.1056197868343,2809.42991086509,393.300119585786,1
1048467,48325742,3,121,01:35:39,-79.517083,43.766475,,,19.1520738341999,29.3097401194735,2838.73965098457,398.809447992911,1
1048467,48325742,3,122,01:35:47,-79.516553,43.766625,,,19.1520738341999,45.7623690691363,2884.5020200537,407.411363904216,1
1048467,48325742,3,123,01:35:51,-79.516359,43.766675,,,19.1520738341999,16.5592758300925,2901.06129588379,410.52399773721,1
1048467,48325742,3,124,01:35:54,-79.516142,43.766736,,,19.1520738341999,18.7198147070582,2919.78111059085,414.04274633482,1
1048467,48325742,3,125,01:35:59,-79.515876,43.76684,,,19.1520738341999,24.3167367419277,2944.09784733278,418.613543890676,1
1048467,48325742,3,126,01:36:02,-79.515672,43.766907,3622,7,19.1520738341999,18.0160159561248,2962.11386328891,422,1
1048467,48325742,3,127,01:36:02,-79.515672,43.766907,3622,7,1e-12,0,2962.11386328891,422,1
1048467,48325742,3,128,01:36:13,-79.514757,43.767203,,,26.1286590269036,80.600165362249,3042.71402865115,433.105070298684,1
1048467,48325742,3,129,01:36:15,-79.514635,43.767248,,,26.1286590269036,11.0128372390021,3053.72686589016,434.622416214507,1
1048467,48325742,3,130,01:36:15,-79.514593,43.767258,,,26.1286590269036,3.55515768262343,3057.28202357278,435.112244936458,1
1048467,48325742,3,131,01:36:16,-79.514494,43.767276,,,26.1286590269036,8.206976812838,3065.48900038562,436.243000115887,1
1048467,48325742,3,132,01:36:17,-79.514418,43.767293,,,26.1286590269036,6.39601144479358,3071.88501183041,437.124240947173,1
1048467,48325742,3,133,01:36:18,-79.514332,43.767305,,,26.1286590269036,7.04140750566568,3078.92641933608,438.094404283696,1
1048467,48325742,3,134,01:36:19,-79.514228,43.767315,,,26.1286590269036,8.43433704996989,3087.36075638605,439.256485098812,1
1048467,48325742,3,135,01:36:21,-79.514103,43.767324,,,26.1286590269036,10.0985602109615,3097.45931659701,440.64786215808,1
1048467,48325742,3,136,01:36:21,-79.514028,43.767326,,,26.1286590269036,6.03335234147984,3103.49266893849,441.479135910283,1
1048467,48325742,3,137,01:36:22,-79.513965,43.767327,,,26.1286590269036,5.06578733453192,3108.55845627302,442.17709880174,1
1048467,48325742,3,138,01:36:23,-79.513895,43.767329,,,26.1286590269036,5.63169581313403,3114.19015208615,442.953032419551,1
1048467,48325742,3,139,01:36:24,-79.513826,43.767329,,,26.1286590269036,5.54690328215884,3119.73705536831,443.717283343994,1
1048467,48325742,3,140,01:36:25,-79.51373,43.767324,,,26.1286590269036,7.73747643261484,3127.47453180093,444.783350880362,1
1048467,48325742,3,141,01:36:26,-79.513644,43.767321,,,26.1286590269036,6.92159361518028,3134.39612541611,445.737006289505,1
1048467,48325742,3,142,01:36:27,-79.513563,43.767316,,,26.1286590269036,6.53532839358598,3140.93145380969,446.637442174587,1
1048467,48325742,3,143,01:36:28,-79.513463,43.767303,,,26.1286590269036,8.16821029818413,3149.09966410788,447.76285611348,1
1048467,48325742,3,144,01:36:29,-79.513399,43.767288,,,26.1286590269036,5.40913906666799,3154.50880317455,448.508125919327,1
1048467,48325742,3,145,01:36:29,-79.513349,43.767279,,,26.1286590269036,4.1424775238217,3158.65128069837,449.078875419728,1
1048467,48325742,3,146,01:36:30,-79.513285,43.767267,,,26.1286590269036,5.31554804521477,3163.96682874358,449.811250278425,1
1048467,48325742,3,147,01:36:31,-79.513206,43.767253,,,26.1286590269036,6.53923701095448,3170.50606575454,450.712224691815,1
1048467,48325742,3,148,01:36:32,-79.513112,43.767231,,,26.1286590269036,7.94360624259101,3178.44967199713,451.806692741013,1
1048467,48325742,3,149,01:36:33,-79.512992,43.767193,,,26.1286590269036,10.5335169227314,3188.98318891986,453.257998025482,1
1048467,48325742,3,150,01:36:34,-79.512912,43.767164,,,26.1286590269036,7.19598066619623,3196.17916958606,454.249458412776,1
1048467,48325742,3,151,01:36:35,-79.512842,43.767138,,,26.1286590269036,6.328003528763,3202.50717311482,455.121329130676,1
1048467,48325742,3,152,01:36:36,-79.512787,43.767126,,,26.1286590269036,4.61884765729737,3207.12602077212,455.757712786996,1
1048467,48325742,3,153,01:36:37,-79.512703,43.767095,,,26.1286590269036,7.58345107341503,3214.70947184553,456.80255874852,1
1048467,48325742,3,154,01:36:38,-79.512634,43.76706,,,26.1286590269036,6.77854189744479,3221.48801374298,457.73650452835,1
1048467,48325742,3,155,01:36:40,-79.512487,43.766975,,,26.1286590269036,15.1387850957114,3236.62679883869,459.822322491241,1
1048467,48325742,3,156,01:36:40,-79.512439,43.766948,,,26.1286590269036,4.89118145877166,3241.51798029746,460.496228229513,1
1048467,48325742,3,157,01:36:41,-79.512376,43.766914,,,26.1286590269036,6.32260500397388,3247.84058530143,461.367355140039,1
1048467,48325742,3,158,01:36:43,-79.51229,43.766849,,,26.1286590269036,10.0076949030123,3257.84828020445,462.746212800271,1
1048467,48325742,3,159,01:36:44,-79.512235,43.766813,,,26.1286590269036,5.96737528974243,3263.81565549419,463.568396251054,1
1048467,48325742,3,160,01:36:44,-79.512206,43.766781,,,26.1286590269036,4.25729110396272,3268.07294659815,464.154964737347,1
1048467,48325742,3,161,01:36:45,-79.512164,43.766753,,,26.1286590269036,4.59515824129618,3272.66810483945,464.788084471951,1
1048467,48325742,3,162,01:36:46,-79.512084,43.766678,,,26.1286590269036,10.5387971247002,3283.20690196415,466.240117261305,1
1048467,48325742,3,163,01:36:47,-79.51205,43.766647,,,26.1286590269036,4.40222653866589,3287.60912850281,466.846654914955,1
1048467,48325742,3,164,01:36:47,-79.512008,43.766626,,,26.1286590269036,4.10670951607714,3291.71583801889,467.41247630834,1
1048467,48325742,3,165,01:36:48,-79.511968,43.766579,,,26.1286590269036,6.14119708003593,3297.85703509893,468.258608881212,1
1048467,48325742,3,166,01:36:49,-79.511934,43.766537,,,26.1286590269036,5.41575700222489,3303.27279210115,469.004790504537,1
1048467,48325742,3,167,01:36:50,-79.511894,43.766493,,,26.1286590269036,5.8592924406844,3309.13208454184,469.812082327847,1
1048467,48325742,3,168,01:36:50,-79.511868,43.766464,,,26.1286590269036,3.84584129681099,3312.97792583865,470.341961364282,1
1048467,48325742,3,169,01:36:51,-79.511836,43.766415,,,26.1286590269036,6.03084536266236,3319.00877120131,471.172889705581,1
1048467,48325742,3,170,01:36:52,-79.511795,43.766355,,,26.1286590269036,7.44816561950303,3326.45693682081,472.199096071648,1
1048467,48325742,3,171,01:36:55,-79.511717,43.766205,,,26.1286590269036,17.8364823779864,3344.2934191988,474.656602080457,1
1048467,48325742,3,172,01:36:56,-79.511688,43.766147,,,26.1286590269036,6.8645457471021,3351.1579649459,475.602397448835,1
1048467,48325742,3,173,01:36:57,-79.511663,43.766034,,,26.1286590269036,12.7386447888735,3363.89660973477,477.357524690257,1
1048467,48325742,3,174,01:37:10,-79.511534,43.765215,6017,8,26.1286590269036,91.7585907289772,3455.65520046375,490,1
1048467,48325742,3,175,01:37:10,-79.511534,43.765215,6017,8,1e-12,0,3455.65520046375,490,1
1048467,48325742,3,176,01:37:12,-79.511562,43.765121,,,15.8058691466821,10.7034089472268,3466.35860941098,492.437845831345,1
1048467,48325742,3,177,01:37:14,-79.511581,43.765065,,,15.8058691466821,6.41829830031286,3472.77690771129,493.899699884842,1
1048467,48325742,3,178,01:37:16,-79.51161,43.765005,,,15.8058691466821,7.07437025231395,3479.8512779636,495.510983179167,1
1048467,48325742,3,179,01:37:17,-79.511643,43.764934,,,15.8058691466821,8.33705437911002,3488.18833234271,497.409859823422,1
1048467,48325742,3,180,01:37:19,-79.511679,43.764867,,,15.8058691466821,8.00024659064475,3496.18857893336,499.232023948599,1
1048467,48325742,3,181,01:37:22,-79.511718,43.764782,,,15.8058691466821,9.96808661371063,3506.15666554707,501.502390195234,1
1048467,48325742,3,182,01:37:24,-79.511778,43.764695,,,15.8058691466821,10.8195385250327,3516.9762040721,503.966686105105,1
1048467,48325742,3,183,01:37:26,-79.511838,43.764611,,,15.8058691466821,10.5216619220505,3527.49786599415,506.36313659877,1
1048467,48325742,3,184,01:37:29,-79.511892,43.764536,,,15.8058691466821,9.41018893122988,3536.90805492538,508.506434119333,1
1048467,48325742,3,185,01:37:31,-79.511949,43.764464,,,15.8058691466821,9.2324994117631,3546.14055433715,510.609260453899,1
1048467,48325742,3,186,01:37:33,-79.51202,43.76437,,,15.8058691466821,11.9195967461928,3558.06015108334,513.324109469039,1
1048467,48325742,3,187,01:37:36,-79.512112,43.764288,3020,9,15.8058691466821,11.7485487731158,3569.80869985645,516,1
1048467,48325742,3,188,01:37:36,-79.512112,43.764288,3020,9,1e-12,0,3569.80869985645,516,1
1048467,48325742,3,189,01:37:38,-79.512227,43.764214,,,23.1514626381628,12.3828345387431,3582.1915343952,517.925502722493,1
1048467,48325742,3,190,01:37:39,-79.512303,43.764158,,,23.1514626381628,8.72885652465124,3590.92039091985,519.282820140398,1
1048467,48325742,3,191,01:37:41,-79.512393,43.764106,,,23.1514626381628,9.26607722998405,3600.18646814983,520.723674161126,1
1048467,48325742,3,192,01:37:42,-79.512458,43.764071,,,23.1514626381628,6.51823675463719,3606.70470490447,521.737245212054,1
1048467,48325742,3,193,01:37:43,-79.512564,43.764011,,,23.1514626381628,10.8273887341944,3617.53209363867,523.420879635171,1
1048467,48325742,3,194,01:37:45,-79.512701,43.763962,,,23.1514626381628,12.2907348895101,3629.82282852818,525.332061070822,1
1048467,48325742,3,195,01:37:47,-79.512793,43.763915,,,23.1514626381628,9.0597517326661,3638.88258026084,526.740831944064,1
1048467,48325742,3,196,01:37:48,-79.512896,43.763871,,,23.1514626381628,9.6208052672094,3648.50338552805,528.236845371089,1
1048467,48325742,3,197,01:37:51,-79.513086,43.763808,,,23.1514626381628,16.807996570373,3665.31138209842,530.850450766093,1
1048467,48325742,3,198,01:37:53,-79.513248,43.763774,,,23.1514626381628,13.5627451251185,3678.87412722354,532.95942691216,1
1048467,48325742,3,199,01:37:58,-79.513615,43.763697,,,23.1514626381628,30.7247375122681,3709.59886473581,537.737054000905,1
1048467,48325742,3,200,01:38:11,-79.51462,43.763435,,,23.1514626381628,85.8998432717279,3795.49870800754,551.094285058457,1
1048467,48325742,3,201,01:38:22,-79.515441,43.763222,2487,10,23.1514626381628,70.1342366698861,3865.63294467742,562,1
1048467,48325742,3,202,01:38:22,-79.515441,43.763222,2487,10,1e-12,0,3865.63294467742,562,1
1048467,48325742,3,203,01:38:24,-79.515556,43.763178,,,19.5549060192242,10.4627822274598,3876.09572690488,563.92616706937,1
1048467,48325742,3,204,01:38:25,-79.515622,43.763154,,,19.5549060192242,5.94075213085215,3882.03647903574,565.019841856149,1
1048467,48325742,3,205,01:38:27,-79.515715,43.763124,,,19.5549060192242,8.18871994988127,3890.22519898562,566.527360828145,1
1048467,48325742,3,206,01:38:27,-79.515769,43.763103,,,19.5549060192242,4.93075016897498,3895.15594915459,567.43509725965,1
1048467,48325742,3,207,01:38:29,-79.515856,43.763078,,,19.5549060192242,7.52774126711393,3902.68369042171,568.820932023314,1
1048467,48325742,3,208,01:38:30,-79.515929,43.763041,,,19.5549060192242,7.16996936901949,3909.85365979073,570.140902045317,1
1048467,48325742,3,209,01:38:32,-79.516005,43.763002,,,19.5549060192242,7.49541611541186,3917.34907590614,571.520785844756,1
1048467,48325742,3,210,01:38:33,-79.516083,43.762959,,,19.5549060192242,7.88902085497495,3925.23809676111,572.973131105326,1
1048467,48325742,3,211,01:38:34,-79.516132,43.762935,,,19.5549060192242,4.75989833313639,3929.99799509425,573.849414222332,1
1048467,48325742,3,212,01:38:35,-79.51618,43.762915,,,19.5549060192242,4.4551866520035,3934.45318174625,574.669600825707,1
1048467,48325742,3,213,01:38:36,-79.516262,43.762871,,,19.5549060192242,8.21288672841018,3942.66606847466,576.181568829706,1
1048467,48325742,3,214,01:38:37,-79.516309,43.762843,,,19.5549060192242,4.89828830602817,3947.56435678069,577.083329128854,1
1048467,48325742,3,215,01:38:38,-79.516374,43.762813,,,19.5549060192242,6.20170555058067,3953.76606233127,578.225044663571,1
1048467,48325742,3,216,01:38:40,-79.516493,43.762761,,,19.5549060192242,11.1820357334942,3964.94809806477,580.283624162803,1
1048467,48325742,3,217,01:38:42,-79.516579,43.762676,,,19.5549060192242,11.7190740838003,3976.66717214857,582.441070824025,1
1048467,48325742,3,218,01:38:43,-79.516605,43.762645,,,19.5549060192242,4.03461230677156,3980.70178445534,583.18383094213,1
1048467,48325742,3,219,01:38:44,-79.516653,43.762595,,,19.5549060192242,6.77289457044327,3987.47467902578,584.430700675466,1
1048467,48325742,3,220,01:38:46,-79.516703,43.762526,,,19.5549060192242,8.66933487613304,3996.14401390191,586.026699425007,1
1048467,48325742,3,221,01:38:48,-79.516738,43.762455,,,19.5549060192242,8.38964279341835,4004.53365669533,587.571207694524,1
1048467,48325742,3,222,01:38:49,-79.516785,43.762383,,,19.5549060192242,8.86105891261857,4013.39471560795,589.202502268584,1
1048467,48325742,3,223,01:38:51,-79.516817,43.762319,,,19.5549060192242,7.57472703475622,4020.96944264271,590.596986972234,1
1048467,48325742,3,224,01:38:53,-79.516867,43.762208,,,19.5549060192242,12.9938934513116,4033.96333609402,592.989124084974,1
1048467,48325742,3,225,01:38:55,-79.516901,43.762113,8502,11,19.5549060192242,10.9229137596273,4044.88624985365,595,1
1048467,48325742,3,226,01:38:55,-79.516901,43.762113,8502,11,1e-12,0,4044.88624985365,595,1
1048467,48325742,3,227,01:38:57,-79.516955,43.761963,,,32.2163853636661,17.2530792297857,4062.13932908343,596.927934637176,1
1048467,48325742,3,228,01:38:59,-79.516966,43.761796,,,32.2163853636661,18.611378418803,4080.75070750223,599.007651574734,1
1048467,48325742,3,229,01:39:01,-79.51699,43.761625,,,32.2163853636661,19.1331764408049,4099.88388394304,601.14567650861,1
1048467,48325742,3,230,01:39:03,-79.516986,43.761475,,,32.2163853636661,16.7010201340277,4116.58490407707,603.01192164455,1
1048467,48325742,3,231,01:39:04,-79.516974,43.761371,,,32.2163853636661,11.617356620198,4128.20226069727,604.310095954318,1
1048467,48325742,3,232,01:39:06,-79.516921,43.761235,,,32.2163853636661,15.7276791408738,4143.92993983814,606.0675757047,1
1048467,48325742,3,233,01:39:08,-79.516877,43.761119,,,32.2163853636661,13.3888456016563,4157.3187854398,607.563703951922,1
1048467,48325742,3,234,01:39:11,-79.516791,43.760883,,,32.2163853636661,27.1660354229794,4184.48482086277,610.599355730319,1
1048467,48325742,3,235,01:39:11,-79.51678,43.760861,,,32.2163853636661,2.60381984372909,4187.0886407065,610.890317963717,1
1048467,48325742,3,236,01:39:11,-79.516764,43.76083,,,32.2163853636661,3.68286679959265,4190.7715075061,611.301857629911,1
1048467,48325742,3,237,01:39:12,-79.516739,43.760752,,,32.2163853636661,8.91252336750639,4199.6840308736,612.297782025551,1
1048467,48325742,3,238,01:39:13,-79.516702,43.760663,,,32.2163853636661,10.3443913773141,4210.02842225092,613.45370962382,1
1048467,48325742,3,239,01:39:15,-79.516665,43.76058,,,32.2163853636661,9.70658974233663,4219.73501199325,614.53836647399,1
1048467,48325742,3,240,01:39:15,-79.516661,43.76057,,,32.2163853636661,1.15871775497265,4220.89372974823,614.667846670815,1
1048467,48325742,3,241,01:39:16,-79.516634,43.760499,,,32.2163853636661,8.19636978318398,4229.09009953141,615.583744928376,1
1048467,48325742,3,242,01:39:17,-79.516602,43.760404,,,32.2163853636661,10.8838054459041,4239.97390497731,616.799949017163,1
1048467,48325742,3,243,01:39:18,-79.51656,43.760308,,,32.2163853636661,11.2074756982654,4251.18138067558,618.052321437542,1
1048467,48325742,3,244,01:39:19,-79.516519,43.760231,,,32.2163853636661,9.18359559403033,4260.36497626961,619.078536631001,1
1048467,48325742,3,245,01:39:20,-79.516486,43.760173,,,32.2163853636661,6.98041294333612,4267.34538921295,619.858558545699,1
1048467,48325742,3,246,01:39:21,-79.516444,43.760101,,,32.2163853636661,8.69729464072246,4276.04268385367,620.830432340762,1
1048467,48325742,3,247,01:39:22,-79.516398,43.760032,,,32.2163853636661,8.5250511948425,4284.56773504851,621.7830588988,1
1048467,48325742,3,248,01:39:25,-79.516171,43.759832,7939,12,32.2163853636661,28.7883928356854,4313.3561278842,625,1
1048467,48325742,3,249,01:39:25,-79.516171,43.759832,7939,12,1e-12,0,4313.3561278842,625,1
1048467,48325742,3,250,01:39:25,-79.516137,43.759798,,,33.7034117457523,4.66880655060089,4318.0249344348,625.498694426219,1
1048467,48325742,3,251,01:39:27,-79.516073,43.759724,,,33.7034117457523,9.71267204758614,4327.73760648238,626.536144866995,1
1048467,48325742,3,252,01:39:27,-79.516007,43.759673,,,33.7034117457523,7.77107832956264,4335.50868481195,627.366205698743,1
1048467,48325742,3,253,01:39:28,-79.515947,43.759629,,,33.7034117457523,6.87474159563027,4342.38342640758,628.100525118124,1
1048467,48325742,3,254,01:39:30,-79.515742,43.759516,,,33.7034117457523,20.733845459451,4363.11727186703,630.31519241107,1
1048467,48325742,3,255,01:39:31,-79.515629,43.759479,,,33.7034117457523,9.97529065598482,4373.09256252301,631.380694225321,1
1048467,48325742,3,256,01:39:38,-79.5149819976048,43.7592575018248,,,33.7034117457523,57.5672375196791,4430.65980004269,637.529687586415,1
1048467,48325742,3,257,01:39:44,-79.514335,43.759036,,,33.7034117457523,57.5672375192092,4488.2270375619,643.678680947459,1
1048467,48325742,3,258,01:39:44,-79.51429,43.759023,,,33.7034117457523,3.89673206002289,4492.12376962192,644.0949069225,1
1048467,48325742,3,259,01:39:45,-79.514246,43.759001,,,33.7034117457523,4.30263777902659,4496.42640740095,644.554489356508,1
1048467,48325742,3,260,01:39:45,-79.514195,43.758974,,,33.7034117457523,5.08404706691394,4501.51045446786,645.09753732978,1
1048467,48325742,3,261,01:39:46,-79.514147,43.758946,,,33.7034117457523,4.96076619162215,4506.47122065949,645.62741716582,1
1048467,48325742,3,262,01:39:46,-79.514096,43.758919,,,33.7034117457523,5.08405010652101,4511.55527076601,646.170465463766,1
1048467,48325742,3,263,01:39:47,-79.514052,43.758902,,,33.7034117457523,4.01201802708152,4515.56728879309,646.599005607014,1
1048467,48325742,3,264,01:39:47,-79.514007,43.758872,,,33.7034117457523,4.9237339817856,4520.49102277487,647.124929880442,1
1048467,48325742,3,265,01:39:48,-79.513933,43.758835,,,33.7034117457523,7.23626740570819,4527.72729018058,647.897865358223,1
1048467,48325742,3,266,01:39:48,-79.513894,43.758793,,,33.7034117457523,5.62955199293589,4533.35684217352,648.499180955809,1
1048467,48325742,3,267,01:39:49,-79.513857,43.758757,,,33.7034117457523,4.99097308932572,4538.34781526284,649.032287314806,1
1048467,48325742,3,268,01:39:50,-79.51381,43.758705,,,33.7034117457523,6.91287881293086,4545.26069407577,649.77068032719,1
1048467,48325742,3,269,01:39:50,-79.513767,43.758678,,,33.7034117457523,4.58109921185763,4549.84179328763,650.260006371897,1
1048467,48325742,3,270,01:39:50,-79.513747,43.758665,,,33.7034117457523,2.16333440899415,4552.00512769663,650.491081015946,1
1048467,48325742,3,271,01:39:51,-79.513713,43.758636,,,33.7034117457523,4.23019577903744,4556.23532347566,650.942925622047,1
1048467,48325742,3,272,01:39:52,-79.513672,43.758593,,,33.7034117457523,5.81201778956518,4562.04734126523,651.563731141686,1
1048467,48325742,3,273,01:39:52,-79.513622,43.75853,,,33.7034117457523,8.08362792705649,4570.13096919229,652.427176681175,1
1048467,48325742,3,274,01:39:53,-79.513602,43.758477,,,33.7034117457523,6.11514406149443,4576.24611325378,653.080360364401,1
1048467,48325742,3,275,01:39:54,-79.513566,43.758424,,,33.7034117457523,6.57169255891295,4582.81780581269,653.782309870004,1
1048467,48325742,3,276,01:39:55,-79.513531,43.75835,,,33.7034117457523,8.70504020297076,4591.52284601566,654.712131009986,1
1048467,48325742,3,277,01:39:56,-79.513471,43.758235,,,33.7034117457523,13.6805242700405,4605.2033702857,656.173404062805,1
1048467,48325742,3,278,01:39:57,-79.513451,43.758167,3359,13,33.7034117457523,7.73863978295731,4612.94201006866,657,1
1048467,48325742,3,279,01:39:57,-79.513451,43.758167,3359,13,1e-12,0,4612.94201006866,657,1
1048467,48325742,3,280,,-79.513435,43.758051,,,,12.9769820011094,4625.91899206977,,1
