shape_id,trip_id,route_type,id,timestamp,shape_pt_lon,shape_pt_lat,stop_id,stop_sequence,speed,dist,cumdist,cumtime,trip_number
1048790,48333502,3,1,,-79.323795,43.683762,,,1e-12,0,0,0,1
1048790,48333502,3,2,05:30:52,-79.323626,43.683359,6052,1,,46.8793183434228,46.8793183434228,,1
1048790,48333502,3,3,05:30:52,-79.323626,43.683359,6052,1,1e-12,0,46.8793183434228,0,1
1048790,48333502,3,4,05:31:04,-79.323411,43.68285,,,17.6189768963478,59.2461916707835,106.125510014206,12.1054866732377,1
1048790,48333502,3,5,05:31:04,-79.323404,43.682835,,,17.6189768963478,1.76231815878584,107.887828172992,12.4655725856577,1
1048790,48333502,3,6,05:31:16,-79.3232069984698,43.6823690001692,,,17.6189768963478,54.2450039190051,162.132832091997,23.5491908489235,1
1048790,48333502,3,7,05:31:27,-79.32301,43.681903,,,17.6189768963478,54.2450039181387,216.377836010136,34.6328091120123,1
1048790,48333502,3,8,05:31:43,-79.322723,43.681214,6088,2,17.6189768963478,80.1036550315469,296.481491041683,51,1
1048790,48333502,3,9,05:31:43,-79.322723,43.681214,6088,2,1e-12,0,296.481491041683,51,1
1048790,48333502,3,10,05:32:02,-79.322446,43.680507,,,15.8116469134012,81.8012273665173,378.2827184082,69.6245253345413,1
1048790,48333502,3,11,05:32:20,-79.322134,43.679818,4247,3,15.8116469134012,80.7073659101059,458.990084318306,88,1
1048790,48333502,3,12,05:32:20,-79.322134,43.679818,4247,3,1e-12,0,458.990084318306,88,1
1048790,48333502,3,13,05:32:34,-79.321828,43.679102,,,22.1350152802599,83.4251270543603,542.415211372666,101.568116108939,1
1048790,48333502,3,14,05:32:42,-79.3216404985297,43.6786315001532,,,22.1350152802599,54.5077871770259,596.922998549692,110.433166860103,1
1048790,48333502,3,15,05:32:51,-79.321453,43.678161,,,22.1350152802599,54.5077871795452,651.430785729237,119.298217611676,1
1048790,48333502,3,16,05:32:52,-79.321441,43.678132,,,22.1350152802599,3.36972942995699,654.800515159194,119.846264486469,1
1048790,48333502,3,17,05:33:07,-79.3211144956306,43.6773290004647,10468,4,22.1350152802599,93.1744908736162,747.975006032811,135,1
1048790,48333502,3,18,05:33:07,-79.3211144956306,43.6773290004647,10468,4,1e-12,0,747.975006032811,135,1
1048790,48333502,3,19,05:33:23,-79.320788,43.676526,,,20.9039012686383,93.1744908749478,841.149496907759,151.046199359593,1
1048790,48333502,3,20,05:33:37,-79.320499,43.675835,,,20.9039012686383,80.3639271423994,921.513424050158,164.886206255659,1
1048790,48333502,3,21,05:33:47,-79.320288,43.67533,10181,5,20.9039012686383,58.7271516341892,980.240575684347,175,1
1048790,48333502,3,22,05:33:47,-79.320288,43.67533,10181,5,1e-12,0,980.240575684347,175,1
1048790,48333502,3,23,05:33:53,-79.32019,43.675058,,,19.7293259833835,31.2900825189182,1011.53065820327,180.709485319619,1
1048790,48333502,3,24,05:34:04,-79.3199667439817,43.6745187506517,,,19.7293259833835,62.6624832448998,1074.19314144817,192.143476519908,1
1048790,48333502,3,25,05:34:16,-79.3197434919757,43.673979500869,,,19.7293259833835,62.6624832412392,1136.8556246894,203.577467719529,1
1048790,48333502,3,26,05:34:27,-79.3195202439818,43.6734402506517,,,19.7293259833835,62.6624832449909,1199.5181079344,215.011458919835,1
1048790,48333502,3,27,05:34:38,-79.319297,43.672901,,,19.7293259833835,62.6624832450294,1262.18059117942,226.445450120147,1
1048790,48333502,3,28,05:34:50,-79.3190659937213,43.6723572506978,14938,6,19.7293259833835,63.323189214133,1325.50378039356,238,1
1048790,48333502,3,29,05:34:50,-79.3190659937213,43.6723572506978,14938,6,1e-12,0,1325.50378039356,238,1
1048790,48333502,3,30,05:35:02,-79.3188349916284,43.6718135009303,,,19.8017318195567,63.3231892137783,1388.82696960734,249.51230019914,1
1048790,48333502,3,31,05:35:13,-79.3186039937214,43.6712697506978,,,19.8017318195567,63.3231892152814,1452.15015882262,261.024600398553,1
1048790,48333502,3,32,05:35:25,-79.318373,43.670726,,,19.8017318195567,63.3231892160101,1515.47334803863,272.536900598099,1
1048790,48333502,3,33,05:35:42,-79.318042,43.669897,4644,7,19.8017318195567,96.0554475263052,1611.52879556493,290,1
1048790,48333502,3,34,05:35:42,-79.318042,43.669897,4644,7,1e-12,0,1611.52879556493,290,1
1048790,48333502,3,35,05:35:50,-79.3178404982979,43.669390000177,,,24.8717133362366,58.7248787086395,1670.25367427357,298.499999999722,1
1048790,48333502,3,36,05:35:59,-79.317639,43.668883,5873,8,24.8717133362366,58.7248787124777,1728.97855298605,307,1
1048790,48333502,3,37,05:35:59,-79.317639,43.668883,5873,8,1e-12,0,1728.97855298605,307,1
1048790,48333502,3,38,05:36:03,-79.317564,43.668695,,,19.53447096657,21.7819972253315,1750.76055021138,311.014195733552,1
1048790,48333502,3,39,05:36:20,-79.317231,43.667924,,,19.53447096657,89.9184450244954,1840.67899523588,327.585230733279,1
1048790,48333502,3,40,05:36:36,-79.316904,43.667154,,,19.53447096657,89.6692370428673,1930.34823227874,344.110339291722,1
1048790,48333502,3,41,05:36:44,-79.316759,43.666784,8742,9,19.53447096657,42.8112077894302,1973.15944006817,352,1
1048790,48333502,3,42,05:36:44,-79.316759,43.666784,8742,9,1e-12,0,1973.15944006817,352,1
1048790,48333502,3,43,05:36:54,-79.316589,43.666353,,,18.3498662738737,49.8934081929018,2023.05284826108,361.788423894412,1
1048790,48333502,3,44,05:36:59,-79.316262,43.666424,,,18.3498662738737,27.4924146729046,2050.54526293398,367.182070439039,1
1048790,48333502,3,45,05:37:11,-79.3155495018339,43.6665785022127,,,18.3498662738737,59.8965677373219,2110.4418306713,378.93298135229,1
1048790,48333502,3,46,05:37:23,-79.314837,43.666733,,,18.3498662738737,59.8965677378107,2170.33839840911,390.683892265637,1
1048790,48333502,3,47,05:37:33,-79.3141900015629,43.6668780018246,,,18.3498662738737,54.542678563645,2224.88107697276,401.384441245042,1
1048790,48333502,3,48,05:37:44,-79.313543,43.667023,,,18.3498662738737,54.5426785639686,2279.42375553673,412.084990224511,1
1048790,48333502,3,49,05:38:00,-79.31258,43.667237,308,11,18.3498662738737,81.1217503132258,2360.54550584995,428,1
1048790,48333502,3,50,05:38:00,-79.31258,43.667237,308,11,1e-12,0,2360.54550584995,428,1
1048790,48333502,3,51,,-79.312621,43.666707,,,,59.0916315946215,2419.63713744457,,1
1048790,48333501,3,1,,-79.323795,43.683762,,,1e-12,0,0,0,2
1048790,48333501,3,2,05:40:52,-79.323626,43.683359,6052,1,,46.8793183434228,46.8793183434228,,2
1048790,48333501,3,3,05:40:52,-79.323626,43.683359,6052,1,1e-12,0,46.8793183434228,0,2
1048790,48333501,3,4,05:41:04,-79.323411,43.68285,,,17.6189768963478,59.2461916707835,106.125510014206,12.1054866732377,2
1048790,48333501,3,5,05:41:04,-79.323404,43.682835,,,17.6189768963478,1.76231815878584,107.887828172992,12.4655725856577,2
1048790,48333501,3,6,05:41:16,-79.3232069984698,43.6823690001692,,,17.6189768963478,54.2450039190051,162.132832091997,23.5491908489235,2
1048790,48333501,3,7,05:41:27,-79.32301,43.681903,,,17.6189768963478,54.2450039181387,216.377836010136,34.6328091120123,2
1048790,48333501,3,8,05:41:43,-79.322723,43.681214,6088,2,17.6189768963478,80.1036550315469,296.481491041683,51,2
1048790,48333501,3,9,05:41:43,-79.322723,43.681214,6088,2,1e-12,0,296.481491041683,51,2
1048790,48333501,3,10,05:42:02,-79.322446,43.680507,,,15.8116469134012,81.8012273665173,378.2827184082,69.6245253345413,2
1048790,48333501,3,11,05:42:20,-79.322134,43.679818,4247,3,15.8116469134012,80.7073659101059,458.990084318306,88,2
1048790,48333501,3,12,05:42:20,-79.322134,43.679818,4247,3,1e-12,0,458.990084318306,88,2
1048790,48333501,3,13,05:42:34,-79.321828,43.679102,,,22.1350152802599,83.4251270543603,542.415211372666,101.568116108939,2
1048790,48333501,3,14,05:42:42,-79.3216404985297,43.6786315001532,,,22.1350152802599,54.5077871770259,596.922998549692,110.433166860103,2
1048790,48333501,3,15,05:42:51,-79.321453,43.678161,,,22.1350152802599,54.5077871795452,651.430785729237,119.298217611676,2
1048790,48333501,3,16,05:42:52,-79.321441,43.678132,,,22.1350152802599,3.36972942995699,654.800515159194,119.846264486469,2
1048790,48333501,3,17,05:43:07,-79.3211144956306,43.6773290004647,10468,4,22.1350152802599,93.1744908736162,747.975006032811,135,2
1048790,48333501,3,18,05:43:07,-79.3211144956306,43.6773290004647,10468,4,1e-12,0,747.975006032811,135,2
1048790,48333501,3,19,05:43:23,-79.320788,43.676526,,,20.9039012686383,93.1744908749478,841.149496907759,151.046199359593,2
1048790,48333501,3,20,05:43:37,-79.320499,43.675835,,,20.9039012686383,80.3639271423994,921.513424050158,164.886206255659,2
1048790,48333501,3,21,05:43:47,-79.320288,43.67533,10181,5,20.9039012686383,58.7271516341892,980.240575684347,175,2
1048790,48333501,3,22,05:43:47,-79.320288,43.67533,10181,5,1e-12,0,980.240575684347,175,2
1048790,48333501,3,23,05:43:53,-79.32019,43.675058,,,19.7293259833835,31.2900825189182,1011.53065820327,180.709485319619,2
1048790,48333501,3,24,05:44:04,-79.3199667439817,43.6745187506517,,,19.7293259833835,62.6624832448998,1074.19314144817,192.143476519908,2
1048790,48333501,3,25,05:44:16,-79.3197434919757,43.673979500869,,,19.7293259833835,62.6624832412392,1136.8556246894,203.577467719529,2
1048790,48333501,3,26,05:44:27,-79.3195202439818,43.6734402506517,,,19.7293259833835,62.6624832449909,1199.5181079344,215.011458919835,2
1048790,48333501,3,27,05:44:38,-79.319297,43.672901,,,19.7293259833835,62.6624832450294,1262.18059117942,226.445450120147,2
1048790,48333501,3,28,05:44:50,-79.3190659937213,43.6723572506978,14938,6,19.7293259833835,63.323189214133,1325.50378039356,238,2
1048790,48333501,3,29,05:44:50,-79.3190659937213,43.6723572506978,14938,6,1e-12,0,1325.50378039356,238,2
1048790,48333501,3,30,05:45:02,-79.3188349916284,43.6718135009303,,,19.8017318195567,63.3231892137783,1388.82696960734,249.51230019914,2
1048790,48333501,3,31,05:45:13,-79.3186039937214,43.6712697506978,,,19.8017318195567,63.3231892152814,1452.15015882262,261.024600398553,2
1048790,48333501,3,32,05:45:25,-79.318373,43.670726,,,19.8017318195567,63.3231892160101,1515.47334803863,272.536900598099,2
1048790,48333501,3,33,05:45:42,-79.318042,43.669897,4644,7,19.8017318195567,96.0554475263052,1611.52879556493,290,2
1048790,48333501,3,34,05:45:42,-79.318042,43.669897,4644,7,1e-12,0,1611.52879556493,290,2
1048790,48333501,3,35,05:45:50,-79.3178404982979,43.669390000177,,,24.8717133362366,58.7248787086395,1670.25367427357,298.499999999722,2
1048790,48333501,3,36,05:45:59,-79.317639,43.668883,5873,8,24.8717133362366,58.7248787124777,1728.97855298605,307,2
1048790,48333501,3,37,05:45:59,-79.317639,43.668883,5873,8,1e-12,0,1728.97855298605,307,2
1048790,48333501,3,38,05:46:03,-79.317564,43.668695,,,19.53447096657,21.7819972253315,1750.76055021138,311.014195733552,2
1048790,48333501,3,39,05:46:20,-79.317231,43.667924,,,19.53447096657,89.9184450244954,1840.67899523588,327.585230733279,2
1048790,48333501,3,40,05:46:36,-79.316904,43.667154,,,19.53447096657,89.6692370428673,1930.34823227874,344.110339291722,2
1048790,48333501,3,41,05:46:44,-79.316759,43.666784,8742,9,19.53447096657,42.8112077894302,1973.15944006817,352,2
1048790,48333501,3,42,05:46:44,-79.316759,43.666784,8742,9,1e-12,0,1973.15944006817,352,2
1048790,48333501,3,43,05:46:54,-79.316589,43.666353,,,18.3498662738737,49.8934081929018,2023.05284826108,361.788423894412,2
1048790,48333501,3,44,05:46:59,-79.316262,43.666424,,,18.3498662738737,27.4924146729046,2050.54526293398,367.182070439039,2
1048790,48333501,3,45,05:47:11,-79.3155495018339,43.6665785022127,,,18.3498662738737,59.8965677373219,2110.4418306713,378.93298135229,2
1048790,48333501,3,46,05:47:23,-79.314837,43.666733,,,18.3498662738737,59.8965677378107,2170.33839840911,390.683892265637,2
1048790,48333501,3,47,05:47:33,-79.3141900015629,43.6668780018246,,,18.3498662738737,54.542678563645,2224.88107697276,401.384441245042,2
1048790,48333501,3,48,05:47:44,-79.313543,43.667023,,,18.3498662738737,54.5426785639686,2279.42375553673,412.084990224511,2
1048790,48333501,3,49,05:48:00,-79.31258,43.667237,308,11,18.3498662738737,81.1217503132258,2360.54550584995,428,2
1048790,48333501,3,50,05:48:00,-79.31258,43.667237,308,11,1e-12,0,2360.54550584995,428,2
1048790,48333501,3,51,,-79.312621,43.666707,,,,59.0916315946215,2419.63713744457,,2
