shape_id,trip_id,route_type,id,timestamp,shape_pt_lon,shape_pt_lat,stop_id,stop_sequence,speed,dist,cumdist,cumtime,trip_number
1048477,48325840,3,1,05:02:57,-79.516966,43.761796,23881,1,1e-12,0,0,0,1
1048477,48325840,3,2,05:02:57,-79.516966,43.761796,23881,1,1e-12,0,0,0,1
1048477,48325840,3,3,05:03:00,-79.516955,43.761963,,,21.6693508867783,18.611378418803,18.611378418803,3.09196905148516,1
1048477,48325840,3,4,05:03:03,-79.516901,43.762113,,,21.6693508867783,17.2530792297857,35.8644576485887,5.95827942468262,1
1048477,48325840,3,5,05:03:05,-79.516867,43.762208,,,21.6693508867783,10.9229137596273,46.787371408216,7.77293874420341,1
1048477,48325840,3,6,05:03:07,-79.516817,43.762319,,,21.6693508867783,12.9938934513116,59.7812648595275,9.93165668038596,1
1048477,48325840,3,7,05:03:08,-79.516785,43.762383,,,21.6693508867783,7.57472703475622,67.3559918942838,11.1900708095217,1
1048477,48325840,3,8,05:03:10,-79.516738,43.762455,,,21.6693508867783,8.86105891261857,76.2170508069023,12.6621874526137,1
1048477,48325840,3,9,05:03:11,-79.516703,43.762526,,,21.6693508867783,8.38964279341835,84.6066936003207,14.0559861969377,1
1048477,48325840,3,10,05:03:12,-79.516653,43.762595,,,21.6693508867783,8.66933487613304,93.2760284764537,15.4962510999866,1
1048477,48325840,3,11,05:03:14,-79.516605,43.762645,,,21.6693508867783,6.77289457044327,100.048923046897,16.6214541843334,1
1048477,48325840,3,12,05:03:14,-79.516579,43.762676,,,21.6693508867783,4.03461230677156,104.083535353669,17.2917374973993,1
1048477,48325840,3,13,05:03:16,-79.516493,43.762761,,,21.6693508867783,11.7190740838003,115.802609437469,19.2386655305515,1
1048477,48325840,3,14,05:03:18,-79.516374,43.762813,,,21.6693508867783,11.1820357334942,126.984645170963,21.0963736294656,1
1048477,48325840,3,15,05:03:19,-79.516309,43.762843,,,21.6693508867783,6.20170555058067,133.186350721544,22.1266832173598,1
1048477,48325840,3,16,05:03:20,-79.516262,43.762871,,,21.6693508867783,4.89828830602817,138.084639027572,22.9404518435562,1
1048477,48325840,3,17,05:03:21,-79.51618,43.762915,,,21.6693508867783,8.21288672841018,146.297525755982,24.3048855257998,1
1048477,48325840,3,18,05:03:22,-79.516132,43.762935,,,21.6693508867783,4.4551866520035,150.752712407986,25.0450402277572,1
1048477,48325840,3,19,05:03:23,-79.516083,43.762959,,,21.6693508867783,4.75989833313639,155.512610741122,25.8358176759984,1
1048477,48325840,3,20,05:03:24,-79.516005,43.763002,,,21.6693508867783,7.88902085497495,163.401631596097,27.1464464634643,1
1048477,48325840,3,21,05:03:25,-79.515929,43.763041,,,21.6693508867783,7.49541611541186,170.897047711509,28.3916844106677,1
1048477,48325840,3,22,05:03:27,-79.515856,43.763078,,,21.6693508867783,7.16996936901949,178.067017080528,29.5828548275084,1
1048477,48325840,3,23,05:03:28,-79.515769,43.763103,,,21.6693508867783,7.52774126711393,185.594758347642,30.8334630576859,1
1048477,48325840,3,24,05:03:29,-79.515715,43.763124,,,21.6693508867783,4.93075016897498,190.525508516617,31.6526246791418,1
1048477,48325840,3,25,05:03:30,-79.515622,43.763154,,,21.6693508867783,8.18871994988127,198.714228466498,33.0130434555787,1
1048477,48325840,3,26,05:03:31,-79.515556,43.763178,23880,2,21.6693508867783,5.94075213085215,204.654980597351,34,1
1048477,48325840,3,27,05:03:31,-79.515556,43.763178,23880,2,1e-12,0,204.654980597351,34,1
1048477,48325840,3,28,05:03:33,-79.515441,43.763222,,,21.9513907358619,10.4627822274598,215.11776282481,35.715882901092,1
1048477,48325840,3,29,05:03:44,-79.51462,43.763435,,,21.9513907358619,70.1342366698861,285.251999494697,47.2178079977607,1
1048477,48325840,3,30,05:03:58,-79.513615,43.763697,,,21.9513907358619,85.8998432717279,371.151842766424,61.3052724094354,1
1048477,48325840,3,31,05:04:03,-79.513248,43.763774,,,21.9513907358619,30.7247375122681,401.876580278693,66.3440900577161,1
1048477,48325840,3,32,05:04:06,-79.513086,43.763808,,,21.9513907358619,13.5627451251185,415.439325403811,68.5683629084863,1
1048477,48325840,3,33,05:04:08,-79.512896,43.763871,,,21.9513907358619,16.807996570373,432.247321974184,71.3248528448843,1
1048477,48325840,3,34,05:04:10,-79.512793,43.763915,,,21.9513907358619,9.6208052672094,441.868127241393,72.9026526015699,1
1048477,48325840,3,35,05:04:11,-79.512701,43.763962,,,21.9513907358619,9.0597517326661,450.92787897406,74.3884402963019,1
1048477,48325840,3,36,05:04:13,-79.512564,43.764011,,,21.9513907358619,12.2907348895101,463.21861386357,76.4041050956147,1
1048477,48325840,3,37,05:04:15,-79.512458,43.764071,,,21.9513907358619,10.8273887341944,474.046002597764,78.1797829973988,1
1048477,48325840,3,38,05:04:16,-79.512393,43.764106,,,21.9513907358619,6.51823675463719,480.564239352401,79.2487654868936,1
1048477,48325840,3,39,05:04:18,-79.512303,43.764158,,,21.9513907358619,9.26607722998405,489.830316582385,80.7683902992498,1
1048477,48325840,3,40,05:04:19,-79.512227,43.764214,,,21.9513907358619,8.72885652465124,498.559173107037,82.1999116031555,1
1048477,48325840,3,41,05:04:21,-79.512112,43.764288,,,21.9513907358619,12.3828345387431,510.94200764578,84.2306806271267,1
1048477,48325840,3,42,05:04:23,-79.51202,43.76437,,,21.9513907358619,11.7485487731158,522.690556418896,86.1574275969267,1
1048477,48325840,3,43,05:04:25,-79.511949,43.764464,,,21.9513907358619,11.9195967461928,534.610153165088,88.1122262155031,1
1048477,48325840,3,44,05:04:27,-79.511892,43.764536,,,21.9513907358619,9.2324994117631,543.842652576851,89.6263443086246,1
1048477,48325840,3,45,05:04:28,-79.511838,43.764611,,,21.9513907358619,9.41018893122988,553.252841508081,91.1696032556344,1
1048477,48325840,3,46,05:04:30,-79.511778,43.764695,,,21.9513907358619,10.5216619220505,563.774503430132,92.8951423513191,1
1048477,48325840,3,47,05:04:32,-79.511718,43.764782,,,21.9513907358619,10.8195385250327,574.594041955165,94.6695328288429,1
1048477,48325840,3,48,05:04:33,-79.511679,43.764867,,,21.9513907358619,9.96808661371063,584.562128568875,96.3042862821052,1
1048477,48325840,3,49,05:04:35,-79.511643,43.764934,,,21.9513907358619,8.00024659064475,592.56237515952,97.616316488887,1
1048477,48325840,3,50,05:04:36,-79.51161,43.765005,,,21.9513907358619,8.33705437911002,600.89942953863,98.9835827421255,1
1048477,48325840,3,51,05:04:37,-79.511581,43.765065,,,21.9513907358619,7.07437025231395,607.973799790944,100.143770413822,1
1048477,48325840,3,52,05:04:38,-79.511562,43.765121,,,21.9513907358619,6.41829830031286,614.392098091257,101.19636312465,1
1048477,48325840,3,53,05:04:40,-79.511534,43.765215,,,21.9513907358619,10.7034089472268,625.095507038483,102.95170849997,1
1048477,48325840,3,54,05:04:55,-79.511663,43.766034,23879,3,21.9513907358619,91.7585907289772,716.854097767461,118,1
1048477,48325840,3,55,05:04:55,-79.511663,43.766034,23879,3,1e-12,0,716.854097767461,118,1
1048477,48325840,3,56,05:04:57,-79.511688,43.766147,,,21.4853478731392,12.7386447888735,729.592742556334,120.134436989837,1
1048477,48325840,3,57,05:04:58,-79.511717,43.766205,,,21.4853478731392,6.8645457471021,736.457288303436,121.284633153077,1
1048477,48325840,3,58,05:05:01,-79.511795,43.766355,,,21.4853478731392,17.8364823779864,754.293770681423,124.273243667549,1
1048477,48325840,3,59,05:05:03,-79.511836,43.766415,,,21.4853478731392,7.44816561950303,761.741936300926,125.521228870699,1
1048477,48325840,3,60,05:05:04,-79.511868,43.766464,,,21.4853478731392,6.03084536266236,767.772781663588,126.531733491513,1
1048477,48325840,3,61,05:05:04,-79.511894,43.766493,,,21.4853478731392,3.84584129681099,771.618622960399,127.176127464106,1
1048477,48325840,3,62,05:05:05,-79.511934,43.766537,,,21.4853478731392,5.8592924406844,777.477915401083,128.157887355126,1
1048477,48325840,3,63,05:05:06,-79.511968,43.766579,,,21.4853478731392,5.41575700222489,782.893672403308,129.065330200507,1
1048477,48325840,3,64,05:05:07,-79.512008,43.766626,,,21.4853478731392,6.14119708003593,789.034869483344,130.094324919079,1
1048477,48325840,3,65,05:05:08,-79.51205,43.766647,,,21.4853478731392,4.10670951607714,793.141578999421,130.782428939789,1
1048477,48325840,3,66,05:05:09,-79.512084,43.766678,,,21.4853478731392,4.40222653866589,797.543805538087,131.520048625204,1
1048477,48325840,3,67,05:05:10,-79.512164,43.766753,,,21.4853478731392,10.5387971247002,808.082602662787,133.285887832134,1
1048477,48325840,3,68,05:05:11,-79.512206,43.766781,,,21.4853478731392,4.59515824129618,812.677760904084,134.055834391358,1
1048477,48325840,3,69,05:05:12,-79.512235,43.766813,,,21.4853478731392,4.25729110396272,816.935052008046,134.76916926798,1
1048477,48325840,3,70,05:05:13,-79.51229,43.766849,,,21.4853478731392,5.96737528974243,822.902427297789,135.769039094148,1
1048477,48325840,3,71,05:05:14,-79.512376,43.766914,,,21.4853478731392,10.0076949030123,832.910122200801,137.445888911222,1
1048477,48325840,3,72,05:05:16,-79.512439,43.766948,,,21.4853478731392,6.32260500397388,839.232727204775,138.505279624777,1
1048477,48325840,3,73,05:05:16,-79.512487,43.766975,,,21.4853478731392,4.89118145877166,844.123908663547,139.32482666472,1
1048477,48325840,3,74,05:05:19,-79.512634,43.76706,,,21.4853478731392,15.1387850957114,859.262693759258,141.861421681303,1
1048477,48325840,3,75,05:05:20,-79.512703,43.767095,,,21.4853478731392,6.77854189744479,866.041235656703,142.9972073793,1
1048477,48325840,3,76,05:05:21,-79.512787,43.767126,,,21.4853478731392,7.58345107341503,873.624686730118,144.267860478589,1
1048477,48325840,3,77,05:05:22,-79.512842,43.767138,,,21.4853478731392,4.61884765729737,878.243534387415,145.041776342761,1
1048477,48325840,3,78,05:05:23,-79.512912,43.767164,,,21.4853478731392,6.328003528763,884.571537916178,146.1020716118,1
1048477,48325840,3,79,05:05:24,-79.512992,43.767193,,,21.4853478731392,7.19598066619623,891.767518582374,147.307801700568,1
1048477,48325840,3,80,05:05:26,-79.513112,43.767231,,,21.4853478731392,10.5335169227314,902.301035505106,149.072756177719,1
1048477,48325840,3,81,05:05:27,-79.513206,43.767253,,,21.4853478731392,7.94360624259101,910.244641747697,150.403755454164,1
1048477,48325840,3,82,05:05:28,-79.513285,43.767267,,,21.4853478731392,6.53923701095448,916.783878758651,151.499444170886,1
1048477,48325840,3,83,05:05:29,-79.513349,43.767279,,,21.4853478731392,5.31554804521477,922.099426803866,152.390096399361,1
1048477,48325840,3,84,05:05:30,-79.513399,43.767288,,,21.4853478731392,4.1424775238217,926.241904327688,153.084193566128,1
1048477,48325840,3,85,05:05:31,-79.513463,43.767303,,,21.4853478731392,5.40913906666799,931.651043394356,153.990527536375,1
1048477,48325840,3,86,05:05:32,-79.513563,43.767316,,,21.4853478731392,8.16821029818413,939.81925369254,155.359160580955,1
1048477,48325840,3,87,05:05:33,-79.513644,43.767321,,,21.4853478731392,6.53532839358598,946.354582086126,156.454194385193,1
1048477,48325840,3,88,05:05:35,-79.51373,43.767324,,,21.4853478731392,6.92159361518028,953.276175701306,157.61394926381,1
1048477,48325840,3,89,05:05:36,-79.513826,43.767329,,,21.4853478731392,7.73747643261484,961.013652133921,158.910410243724,1
1048477,48325840,3,90,05:05:37,-79.513895,43.767329,,,21.4853478731392,5.54690328215884,966.56055541608,159.839827441606,1
1048477,48325840,3,91,05:05:38,-79.513965,43.767327,,,21.4853478731392,5.63169581313403,972.192251229214,160.783452140959,1
1048477,48325840,3,92,05:05:39,-79.514028,43.767326,,,21.4853478731392,5.06578733453192,977.258038563746,161.632255451569,1
1048477,48325840,3,93,05:05:40,-79.514103,43.767324,,,21.4853478731392,6.03335234147984,983.291390905226,162.643180131847,1
1048477,48325840,3,94,05:05:41,-79.514228,43.767315,,,21.4853478731392,10.0985602109615,993.389951116187,164.335254980908,1
1048477,48325840,3,95,05:05:43,-79.514332,43.767305,,,21.4853478731392,8.43433704996989,1001.82428816616,165.748479172537,1
1048477,48325840,3,96,05:05:44,-79.514418,43.767293,,,21.4853478731392,7.04140750566568,1008.86569567182,166.928309593253,1
1048477,48325840,3,97,05:05:45,-79.514494,43.767276,23878,4,21.4853478731392,6.39601144479358,1015.26170711662,168,1
1048477,48325840,3,98,05:05:45,-79.514494,43.767276,23878,4,1e-12,0,1015.26170711662,168,1
1048477,48325840,3,99,05:05:46,-79.514593,43.767258,,,21.5792818452114,8.206976812838,1023.46868392945,169.369142714672,1
1048477,48325840,3,100,05:05:47,-79.514635,43.767248,,,21.5792818452114,3.55515768262343,1027.02384161208,169.962237876468,1
1048477,48325840,3,101,05:05:49,-79.514757,43.767203,,,21.5792818452114,11.0128372390021,1038.03667885108,171.799472977469,1
1048477,48325840,3,102,05:06:02,-79.515672,43.766907,,,21.5792818452114,80.600165362249,1118.63684421333,185.245731170185,1
1048477,48325840,3,103,05:06:05,-79.515876,43.76684,,,21.5792818452114,18.0160159561248,1136.65286016945,188.251283343203,1
1048477,48325840,3,104,05:06:09,-79.516142,43.766736,,,21.5792818452114,24.3167367419277,1160.96959691138,192.307963861993,1
1048477,48325840,3,105,05:06:12,-79.516359,43.766675,,,21.5792818452114,18.7198147070582,1179.68941161844,195.430928445745,1
1048477,48325840,3,106,05:06:15,-79.516553,43.766625,,,21.5792818452114,16.5592758300925,1196.24868744853,198.193457496338,1
1048477,48325840,3,107,05:06:23,-79.517083,43.766475,,,21.5792818452114,45.7623690691363,1242.01105651767,205.827841709428,1
1048477,48325840,3,108,05:06:28,-79.517429,43.766392,,,21.5792818452114,29.3097401194735,1271.32079663714,210.717488417181,1
1048477,48325840,3,109,05:06:34,-79.517858,43.766296,,,21.5792818452114,36.1056197868343,1307.42641642398,216.740869184203,1
1048477,48325840,3,110,05:06:40,-79.518295,43.766199,,,21.5792818452114,36.7530318585424,1344.17944828252,222.87225555933,1
1048477,48325840,3,111,05:06:47,-79.518773,43.766094,,,21.5792818452114,40.165491132432,1384.34493941495,229.572931194133,1
1048477,48325840,3,112,05:06:51,-79.519094,43.766026,,,21.5792818452114,26.8930328208764,1411.23797223583,234.059406640796,1
1048477,48325840,3,113,05:06:55,-79.519375,43.765964,23877,5,21.5792818452114,23.6208818710104,1434.85885410684,238,1
1048477,48325840,3,114,05:06:55,-79.519375,43.765964,23877,5,1e-12,0,1434.85885410684,238,1
1048477,48325840,3,115,05:07:03,-79.519678,43.765901,,,10.8654990982342,25.3481888012683,1460.20704290811,246.39846185247,1
1048477,48325840,3,116,05:07:31,-79.5198594933436,43.7666322504308,,,10.8654990982342,82.699681522461,1542.90672443057,273.798846389729,1
1048477,48325840,3,117,05:07:58,-79.5200409911246,43.7673635005744,,,10.8654990982342,82.6996815215642,1625.60640595213,301.199230926691,1
1048477,48325840,3,118,05:08:26,-79.5202224933433,43.7680947504308,,,10.8654990982342,82.6996815190373,1708.30608747117,328.599615462816,1
1048477,48325840,3,119,05:08:53,-79.520404,43.768826,9993,6,10.8654990982342,82.699681522236,1791.0057689934,356,1
1048477,48325840,3,120,05:08:53,-79.520404,43.768826,9993,6,1e-12,0,1791.0057689934,356,1
1048477,48325840,3,121,05:09:05,-79.519773,43.768952,,,15.4391069433351,52.6282396650187,1843.63400865842,368.271542874172,1
1048477,48325840,3,122,05:09:16,-79.519219,43.769073,,,15.4391069433351,46.5271521110235,1890.16116076945,379.120470096093,1
1048477,48325840,3,123,05:09:19,-79.519046,43.769109,,,15.4391069433351,14.4729377731303,1904.63409854258,382.495184461016,1
1048477,48325840,3,124,05:09:25,-79.518762,43.769163,10372,7,15.4391069433351,23.6081766138058,1928.24227515638,388,1
1048477,48325840,3,125,05:09:25,-79.518762,43.769163,10372,7,1e-12,0,1928.24227515638,388,1
1048477,48325840,3,126,05:09:26,-79.518691,43.769187,,,18.5401965407265,6.30186037004038,1934.54413552642,389.223649235989,1
1048477,48325840,3,127,05:09:28,-79.518565,43.769211,,,18.5401965407265,10.4752385285186,1945.01937405494,391.257654572439,1
1048477,48325840,3,128,05:09:30,-79.518458,43.769226,,,18.5401965407265,8.76202669354882,1953.78140074849,392.959000943147,1
1048477,48325840,3,129,05:09:33,-79.518277,43.769279,,,18.5401965407265,15.7007881753312,1969.48218892382,396.007665357627,1
1048477,48325840,3,130,05:09:34,-79.518206,43.769296,,,18.5401965407265,6.01305323926663,1975.49524216309,397.17523613358,1
1048477,48325840,3,131,05:09:35,-79.51814,43.76933,,,18.5401965407265,6.51721772298811,1982.01245988608,398.440701888013,1
1048477,48325840,3,132,05:09:37,-79.518032,43.769348,,,18.5401965407265,8.91004918637154,1990.92250907245,400.170790185647,1
1048477,48325840,3,133,05:09:40,-79.517888,43.769388,,,18.5401965407265,12.4026314143424,2003.32514048679,402.579042600531,1
1048477,48325840,3,134,05:09:43,-79.517716,43.769445,,,18.5401965407265,15.2130219202374,2018.53816240703,405.53299612484,1
1048477,48325840,3,135,05:09:44,-79.517623,43.769474,,,18.5401965407265,8.14322985183297,2026.68139225886,407.114189042736,1
1048477,48325840,3,136,05:09:46,-79.517488,43.769516,,,18.5401965407265,11.8165450091479,2038.49793726801,409.408639478549,1
1048477,48325840,3,137,05:09:49,-79.517333,43.769558,,,18.5401965407265,13.3082874449977,2051.80622471301,411.992745569159,1
1048477,48325840,3,138,05:09:52,-79.51715,43.769645,,,18.5401965407265,17.6125723800962,2069.4187970931,415.412626282347,1
1048477,48325840,3,139,05:09:54,-79.517045,43.769701,,,18.5401965407265,10.4931064591614,2079.91190355226,417.450101083113,1
1048477,48325840,3,140,05:09:56,-79.516942,43.769743,,,18.5401965407265,9.50868563831608,2089.42058919058,419.296428236266,1
1048477,48325840,3,141,05:09:59,-79.516795,43.769819,,,18.5401965407265,14.5331985602526,2103.95378775083,422.118378624007,1
1048477,48325840,3,142,05:10:01,-79.516698,43.76987,,,18.5401965407265,9.64533869656946,2113.5991264474,423.991240070291,1
1048477,48325840,3,143,05:10:03,-79.516579,43.769917,,,18.5401965407265,10.9033079145015,2124.5024343619,426.108364794723,1
1048477,48325840,3,144,05:10:05,-79.516472,43.769958,,,18.5401965407265,9.73725460665673,2134.23968896856,427.999073801338,1
1048477,48325840,3,145,05:10:08,-79.516345,43.770044,,,18.5401965407265,13.9955844622183,2148.23527343078,430.716634208711,1
1048477,48325840,3,146,05:10:10,-79.516224,43.770132,,,18.5401965407265,13.8048230795227,2162.0400965103,433.397153963565,1
1048477,48325840,3,147,05:10:14,-79.516025,43.770255,,,18.5401965407265,21.056528701441,2183.09662521174,437.485756970478,1
1048477,48325840,3,148,05:10:16,-79.515944,43.77031,,,18.5401965407265,8.9376955730063,2192.03432078475,439.221213441619,1
1048477,48325840,3,149,05:10:20,-79.515792,43.770435,,,18.5401965407265,18.5181181848947,2210.55243896964,442.81692642768,1
1048477,48325840,3,150,05:10:23,-79.515677,43.770529,,,18.5401965407265,13.9625929763478,2224.51503194599,445.528080789202,1
1048477,48325840,3,151,05:10:25,-79.515585,43.7706,,,18.5401965407265,10.8241031601405,2235.33913510613,447.629826112716,1
1048477,48325840,3,152,05:10:28,-79.515439,43.770714,,,18.5401965407265,17.2854536281546,2252.62458873429,450.986189294986,1
1048477,48325840,3,153,05:10:29,-79.515405,43.770757,,,18.5401965407265,5.51205069509855,2258.13663942938,452.056479054794,1
1048477,48325840,3,154,05:10:30,-79.515371,43.770781,,,18.5401965407265,3.82199444811477,2261.9586338775,452.798606031872,1
1048477,48325840,3,155,05:10:34,-79.515193,43.770929,,,18.5401965407265,21.8213168256646,2283.77995070316,457.035710012935,1
1048477,48325840,3,156,05:10:38,-79.515051,43.771064,,,18.5401965407265,18.8716542485549,2302.65160495172,460.700070050627,1
1048477,48325840,3,157,05:10:41,-79.514921,43.771176,,,18.5401965407265,16.2680248928059,2318.91962984452,463.858876349441,1
1048477,48325840,3,158,05:10:44,-79.514804,43.771267,,,18.5401965407265,13.8228991113489,2332.74252895587,466.542905976179,1
1048477,48325840,3,159,05:10:46,-79.514686,43.771365,,,18.5401965407265,14.4563276224971,2347.19885657837,469.349930126472,1
1048477,48325840,3,160,05:10:50,-79.514488,43.77149,,,18.5401965407265,21.1411450138478,2368.34000159222,473.454963311135,1
1048477,48325840,3,161,05:10:54,-79.514311,43.771599,,,18.5401965407265,18.699357303634,2387.03935889585,477.085867986023,1
1048477,48325840,3,162,05:10:55,-79.514247,43.771632,,,18.5401965407265,6.32152473769999,2393.36088363355,478.313335505353,1
1048477,48325840,3,163,05:10:57,-79.514157,43.771677,,,18.5401965407265,8.79959278428627,2402.16047641784,480.021976185285,1
1048477,48325840,3,164,05:11:04,-79.51386,43.7719,,,18.5401965407265,34.4414298232772,2436.60190624112,486.709561567211,1
1048477,48325840,3,165,05:11:14,-79.514067,43.772352,6622,8,18.5401965407265,52.9963197317085,2489.59822597282,497,1
1048477,48325840,3,166,05:11:14,-79.514067,43.772352,6622,8,1e-12,0,2489.59822597282,497,1
1048477,48325840,3,167,05:11:19,-79.514207,43.772574,,,18.6145055426529,27.1546078707939,2516.75283384362,502.25163497418,1
1048477,48325840,3,168,05:11:21,-79.514258,43.772663,,,18.6145055426529,10.7220961703588,2527.47493001398,504.325262238941,1
1048477,48325840,3,169,05:11:24,-79.514316,43.772768,,,18.6145055426529,12.5840445407487,2540.05897455473,506.758985780127,1
1048477,48325840,3,170,05:11:27,-79.514385,43.772895,,,18.6145055426529,15.1866227741201,2555.24559732885,509.69604160799,1
1048477,48325840,3,171,05:11:30,-79.514457,43.773015,,,18.6145055426529,14.5581834243131,2569.80378075316,512.51155879739,1
1048477,48325840,3,172,05:11:32,-79.514536,43.77312,,,18.6145055426529,13.3021453582082,2583.10592611137,515.084161286337,1
1048477,48325840,3,173,05:11:36,-79.514662,43.77329,,,18.6145055426529,21.4641261029752,2604.57005221434,519.235270956893,1
1048477,48325840,3,174,05:11:39,-79.514774,43.773399,,,18.6145055426529,15.1089195037984,2619.67897171814,522.157299161673,1
1048477,48325840,3,175,05:11:43,-79.514907,43.773531,,,18.6145055426529,18.1717106296751,2637.85068234782,525.671663704794,1
1048477,48325840,3,176,05:11:45,-79.51502,43.773625,,,18.6145055426529,13.8563651190754,2651.70704746689,528.351450944609,1
1048477,48325840,3,177,05:11:47,-79.515093,43.773703,,,18.6145055426529,10.4797264494469,2662.18677391634,530.37820449611,1
1048477,48325840,3,178,05:11:49,-79.51516,43.773763,,,18.6145055426529,8.57994281394709,2670.76671673029,532.037544523136,1
1048477,48325840,3,179,05:11:52,-79.515262,43.77386,,,18.6145055426529,13.5579591658982,2684.32467589618,534.659620778956,1
1048477,48325840,3,180,05:11:54,-79.51535,43.773959,,,18.6145055426529,13.0953864814529,2697.42006237764,537.192236605104,1
1048477,48325840,3,181,05:11:56,-79.515439,43.774028,,,18.6145055426529,10.4965134407764,2707.91657581841,539.222236719811,1
1048477,48325840,3,182,05:11:59,-79.515534,43.774113,,,18.6145055426529,12.1590975884107,2720.07567340682,541.573776556202,1
1048477,48325840,3,183,05:12:01,-79.515644,43.774213,,,18.6145055426529,14.2161567572894,2734.29183016411,544.323146621873,1
1048477,48325840,3,184,05:12:04,-79.515751,43.774318,,,18.6145055426529,14.5118757982643,2748.80370596238,547.129708029269,1
1048477,48325840,3,185,05:12:07,-79.515856,43.774401,,,18.6145055426529,12.5140482411193,2761.3177542035,549.549894456719,1
1048477,48325840,3,186,05:12:09,-79.51593,43.774486,,,18.6145055426529,11.1764413302351,2772.49419553373,551.711390967956,1
1048477,48325840,3,187,05:12:11,-79.51604,43.774581,,,18.6145055426529,13.7846260733204,2786.27882160705,554.377304051183,1
1048477,48325840,3,188,05:12:13,-79.516095,43.774647,,,18.6145055426529,8.57461890161718,2794.85344050867,556.03561444654,1
1048477,48325840,3,189,05:12:15,-79.51617,43.774722,,,18.6145055426529,10.2979604930984,2805.15140100177,558.027214905129,1
1048477,48325840,3,190,05:12:17,-79.516251,43.774812,,,18.6145055426529,11.9484556167545,2817.09985661852,560.338017097632,1
1048477,48325840,3,191,05:12:20,-79.516347,43.774917,,,18.6145055426529,14.0059219430191,2831.10577856154,563.04672826266,1
1048477,48325840,3,192,05:12:22,-79.516406,43.774982,,,18.6145055426529,8.65139756938475,2839.75717613093,564.71988746522,1
1048477,48325840,3,193,05:12:24,-79.516464,43.775085,,,18.6145055426529,12.3774556348405,2852.13463176577,567.113657215554,1
1048477,48325840,3,194,05:12:26,-79.51652,43.775166,,,18.6145055426529,10.0779627663565,2862.21259453212,569.062710650025,1
1048477,48325840,3,195,05:12:29,-79.516565,43.775275,,,18.6145055426529,12.6614722655783,2874.8740667977,571.511408524466,1
1048477,48325840,3,196,05:12:32,-79.516639,43.775416,,,18.6145055426529,16.7852701142709,2891.65933691197,574.75763885129,1
1048477,48325840,3,197,05:12:35,-79.516703,43.775567,,,18.6145055426529,17.5787934278592,2909.23813033983,578.157334652786,1
1048477,48325840,3,198,05:12:39,-79.516771,43.775716,,,18.6145055426529,17.4639600063657,2926.7020903462,581.534821950467,1
1048477,48325840,3,199,05:12:44,-79.516842,43.775942,,,18.6145055426529,25.7973576437678,2952.49944798997,586.523968038971,1
1048477,48325840,3,200,05:12:53,-79.51701,43.776362,,,18.6145055426529,48.6651696622464,3001.16461765221,595.935693232673,1
1048477,48325840,3,201,05:13:05,-79.5162702646788,43.7765315166988,6251,9,18.6145055426529,62.3808625524112,3063.54548020462,608,1
1048477,48325840,3,202,05:13:05,-79.5162702646788,43.7765315166988,6251,9,1e-12,0,3063.54548020462,608,1
1048477,48325840,3,203,05:13:12,-79.5155305251636,43.7767010286266,,,33.2354920475411,62.3808625528357,3125.92634275746,614.756966464314,1
1048477,48325840,3,204,05:13:19,-79.5147907814543,43.7768705357834,,,33.2354920475411,62.3808625526869,3188.30720531015,621.513932928612,1
1048477,48325840,3,205,05:13:25,-79.5140510335511,43.777040038169,,,33.2354920475411,62.3808625523722,3250.68806786252,628.270899392876,1
1048477,48325840,3,206,05:13:32,-79.513311281454,43.7772095357836,,,33.2354920475411,62.3808625529629,3313.06893041548,635.027865857203,1
1048477,48325840,3,207,05:13:39,-79.512571525163,43.777379028627,,,33.2354920475411,62.3808625529816,3375.44979296846,641.784832321533,1
1048477,48325840,3,208,05:13:46,-79.5118317646784,43.7775485166992,,,33.2354920475411,62.3808625517428,3437.8306555202,648.541798785729,1
1048477,48325840,3,209,05:13:52,-79.511092,43.777718,,,33.2354920475411,62.3808625525247,3500.21151807273,655.298765250009,1
1048477,48325840,3,210,05:14:02,-79.5100280042529,43.7779570049352,9640,10,33.2354920475411,89.562586217961,3589.77410429069,665,1
1048477,48325840,3,211,05:14:02,-79.5100280042529,43.7779570049352,9640,10,1e-12,0,3589.77410429069,665,1
1048477,48325840,3,212,05:14:16,-79.508964,43.778196,,,23.7322388001901,89.5625862193808,3679.33669051007,678.585962668941,1
1048477,48325840,3,213,05:14:28,-79.508664496574,43.777512000391,,,23.7322388001901,79.8572406737311,3759.1939311838,690.699698285958,1
1048477,48325840,3,214,05:14:40,-79.508365,43.776828,,,23.7322388001901,79.8572406714742,3839.05117185528,702.813433902634,1
1048477,48325840,3,215,05:14:45,-79.508233,43.776528,,,23.7322388001901,35.0406998686777,3874.09187172395,708.128841378065,1
1048477,48325840,3,216,05:14:46,-79.508218,43.776481,,,23.7322388001901,5.36913556219566,3879.46100728615,708.943298378377,1
1048477,48325840,3,217,05:14:47,-79.508225,43.776433,,,23.7322388001901,5.37287655584694,3884.833883842,709.758322858954,1
1048477,48325840,3,218,05:14:48,-79.508264,43.776394,,,23.7322388001901,5.35488639623209,3890.18877023823,710.57061836924,1
1048477,48325840,3,219,05:14:49,-79.508338,43.77637,,,23.7322388001901,6.52042530408065,3896.70919554231,711.559717260935,1
1048477,48325840,3,220,05:14:51,-79.508528,43.776327,,,23.7322388001901,16.0043765813599,3912.71357212367,713.987459379071,1
1048477,48325840,3,221,05:14:53,-79.508616,43.776457,,,23.7322388001901,16.1076381571114,3928.82121028078,716.430865492326,1
1048477,48325840,3,222,05:14:55,-79.508703,43.776529,,,23.7322388001901,10.6367395710797,3939.45794985186,718.04437792907,1
1048477,48325840,3,223,05:14:57,-79.508834,43.776584,,,23.7322388001901,12.1801173345448,3951.63806718641,719.892009025889,1
1048477,48325840,3,224,05:15:00,-79.509068,43.776657,23852,11,23.7322388001901,20.4887733295697,3972.12684051598,723,1
1048477,48325840,3,225,05:15:00,-79.509068,43.776657,23852,11,1e-12,0,3972.12684051598,723,1
1048477,48325840,3,226,,-79.509986,43.776918,,,,79.3005018406108,4051.42734235659,,1
1048477,48325832,3,1,05:22:57,-79.516966,43.761796,23881,1,1e-12,0,0,0,2
1048477,48325832,3,2,05:22:57,-79.516966,43.761796,23881,1,1e-12,0,0,0,2
1048477,48325832,3,3,05:23:00,-79.516955,43.761963,,,21.6693508867783,18.611378418803,18.611378418803,3.09196905148516,2
1048477,48325832,3,4,05:23:03,-79.516901,43.762113,,,21.6693508867783,17.2530792297857,35.8644576485887,5.95827942468262,2
1048477,48325832,3,5,05:23:05,-79.516867,43.762208,,,21.6693508867783,10.9229137596273,46.787371408216,7.77293874420341,2
1048477,48325832,3,6,05:23:07,-79.516817,43.762319,,,21.6693508867783,12.9938934513116,59.7812648595275,9.93165668038596,2
1048477,48325832,3,7,05:23:08,-79.516785,43.762383,,,21.6693508867783,7.57472703475622,67.3559918942838,11.1900708095217,2
1048477,48325832,3,8,05:23:10,-79.516738,43.762455,,,21.6693508867783,8.86105891261857,76.2170508069023,12.6621874526137,2
1048477,48325832,3,9,05:23:11,-79.516703,43.762526,,,21.6693508867783,8.38964279341835,84.6066936003207,14.0559861969377,2
1048477,48325832,3,10,05:23:12,-79.516653,43.762595,,,21.6693508867783,8.66933487613304,93.2760284764537,15.4962510999866,2
1048477,48325832,3,11,05:23:14,-79.516605,43.762645,,,21.6693508867783,6.77289457044327,100.048923046897,16.6214541843334,2
1048477,48325832,3,12,05:23:14,-79.516579,43.762676,,,21.6693508867783,4.03461230677156,104.083535353669,17.2917374973993,2
1048477,48325832,3,13,05:23:16,-79.516493,43.762761,,,21.6693508867783,11.7190740838003,115.802609437469,19.2386655305515,2
1048477,48325832,3,14,05:23:18,-79.516374,43.762813,,,21.6693508867783,11.1820357334942,126.984645170963,21.0963736294656,2
1048477,48325832,3,15,05:23:19,-79.516309,43.762843,,,21.6693508867783,6.20170555058067,133.186350721544,22.1266832173598,2
1048477,48325832,3,16,05:23:20,-79.516262,43.762871,,,21.6693508867783,4.89828830602817,138.084639027572,22.9404518435562,2
1048477,48325832,3,17,05:23:21,-79.51618,43.762915,,,21.6693508867783,8.21288672841018,146.297525755982,24.3048855257998,2
1048477,48325832,3,18,05:23:22,-79.516132,43.762935,,,21.6693508867783,4.4551866520035,150.752712407986,25.0450402277572,2
1048477,48325832,3,19,05:23:23,-79.516083,43.762959,,,21.6693508867783,4.75989833313639,155.512610741122,25.8358176759984,2
1048477,48325832,3,20,05:23:24,-79.516005,43.763002,,,21.6693508867783,7.88902085497495,163.401631596097,27.1464464634643,2
1048477,48325832,3,21,05:23:25,-79.515929,43.763041,,,21.6693508867783,7.49541611541186,170.897047711509,28.3916844106677,2
1048477,48325832,3,22,05:23:27,-79.515856,43.763078,,,21.6693508867783,7.16996936901949,178.067017080528,29.5828548275084,2
1048477,48325832,3,23,05:23:28,-79.515769,43.763103,,,21.6693508867783,7.52774126711393,185.594758347642,30.8334630576859,2
1048477,48325832,3,24,05:23:29,-79.515715,43.763124,,,21.6693508867783,4.93075016897498,190.525508516617,31.6526246791418,2
1048477,48325832,3,25,05:23:30,-79.515622,43.763154,,,21.6693508867783,8.18871994988127,198.714228466498,33.0130434555787,2
1048477,48325832,3,26,05:23:31,-79.515556,43.763178,23880,2,21.6693508867783,5.94075213085215,204.654980597351,34,2
1048477,48325832,3,27,05:23:31,-79.515556,43.763178,23880,2,1e-12,0,204.654980597351,34,2
1048477,48325832,3,28,05:23:33,-79.515441,43.763222,,,21.9513907358619,10.4627822274598,215.11776282481,35.715882901092,2
1048477,48325832,3,29,05:23:44,-79.51462,43.763435,,,21.9513907358619,70.1342366698861,285.251999494697,47.2178079977607,2
1048477,48325832,3,30,05:23:58,-79.513615,43.763697,,,21.9513907358619,85.8998432717279,371.151842766424,61.3052724094354,2
1048477,48325832,3,31,05:24:03,-79.513248,43.763774,,,21.9513907358619,30.7247375122681,401.876580278693,66.3440900577161,2
1048477,48325832,3,32,05:24:06,-79.513086,43.763808,,,21.9513907358619,13.5627451251185,415.439325403811,68.5683629084863,2
1048477,48325832,3,33,05:24:08,-79.512896,43.763871,,,21.9513907358619,16.807996570373,432.247321974184,71.3248528448843,2
1048477,48325832,3,34,05:24:10,-79.512793,43.763915,,,21.9513907358619,9.6208052672094,441.868127241393,72.9026526015699,2
1048477,48325832,3,35,05:24:11,-79.512701,43.763962,,,21.9513907358619,9.0597517326661,450.92787897406,74.3884402963019,2
1048477,48325832,3,36,05:24:13,-79.512564,43.764011,,,21.9513907358619,12.2907348895101,463.21861386357,76.4041050956147,2
1048477,48325832,3,37,05:24:15,-79.512458,43.764071,,,21.9513907358619,10.8273887341944,474.046002597764,78.1797829973988,2
1048477,48325832,3,38,05:24:16,-79.512393,43.764106,,,21.9513907358619,6.51823675463719,480.564239352401,79.2487654868936,2
1048477,48325832,3,39,05:24:18,-79.512303,43.764158,,,21.9513907358619,9.26607722998405,489.830316582385,80.7683902992498,2
1048477,48325832,3,40,05:24:19,-79.512227,43.764214,,,21.9513907358619,8.72885652465124,498.559173107037,82.1999116031555,2
1048477,48325832,3,41,05:24:21,-79.512112,43.764288,,,21.9513907358619,12.3828345387431,510.94200764578,84.2306806271267,2
1048477,48325832,3,42,05:24:23,-79.51202,43.76437,,,21.9513907358619,11.7485487731158,522.690556418896,86.1574275969267,2
1048477,48325832,3,43,05:24:25,-79.511949,43.764464,,,21.9513907358619,11.9195967461928,534.610153165088,88.1122262155031,2
1048477,48325832,3,44,05:24:27,-79.511892,43.764536,,,21.9513907358619,9.2324994117631,543.842652576851,89.6263443086246,2
1048477,48325832,3,45,05:24:28,-79.511838,43.764611,,,21.9513907358619,9.41018893122988,553.252841508081,91.1696032556344,2
1048477,48325832,3,46,05:24:30,-79.511778,43.764695,,,21.9513907358619,10.5216619220505,563.774503430132,92.8951423513191,2
1048477,48325832,3,47,05:24:32,-79.511718,43.764782,,,21.9513907358619,10.8195385250327,574.594041955165,94.6695328288429,2
1048477,48325832,3,48,05:24:33,-79.511679,43.764867,,,21.9513907358619,9.96808661371063,584.562128568875,96.3042862821052,2
1048477,48325832,3,49,05:24:35,-79.511643,43.764934,,,21.9513907358619,8.00024659064475,592.56237515952,97.616316488887,2
1048477,48325832,3,50,05:24:36,-79.51161,43.765005,,,21.9513907358619,8.33705437911002,600.89942953863,98.9835827421255,2
1048477,48325832,3,51,05:24:37,-79.511581,43.765065,,,21.9513907358619,7.07437025231395,607.973799790944,100.143770413822,2
1048477,48325832,3,52,05:24:38,-79.511562,43.765121,,,21.9513907358619,6.41829830031286,614.392098091257,101.19636312465,2
1048477,48325832,3,53,05:24:40,-79.511534,43.765215,,,21.9513907358619,10.7034089472268,625.095507038483,102.95170849997,2
1048477,48325832,3,54,05:24:55,-79.511663,43.766034,23879,3,21.9513907358619,91.7585907289772,716.854097767461,118,2
1048477,48325832,3,55,05:24:55,-79.511663,43.766034,23879,3,1e-12,0,716.854097767461,118,2
1048477,48325832,3,56,05:24:57,-79.511688,43.766147,,,21.4853478731392,12.7386447888735,729.592742556334,120.134436989837,2
1048477,48325832,3,57,05:24:58,-79.511717,43.766205,,,21.4853478731392,6.8645457471021,736.457288303436,121.284633153077,2
1048477,48325832,3,58,05:25:01,-79.511795,43.766355,,,21.4853478731392,17.8364823779864,754.293770681423,124.273243667549,2
1048477,48325832,3,59,05:25:03,-79.511836,43.766415,,,21.4853478731392,7.44816561950303,761.741936300926,125.521228870699,2
1048477,48325832,3,60,05:25:04,-79.511868,43.766464,,,21.4853478731392,6.03084536266236,767.772781663588,126.531733491513,2
1048477,48325832,3,61,05:25:04,-79.511894,43.766493,,,21.4853478731392,3.84584129681099,771.618622960399,127.176127464106,2
1048477,48325832,3,62,05:25:05,-79.511934,43.766537,,,21.4853478731392,5.8592924406844,777.477915401083,128.157887355126,2
1048477,48325832,3,63,05:25:06,-79.511968,43.766579,,,21.4853478731392,5.41575700222489,782.893672403308,129.065330200507,2
1048477,48325832,3,64,05:25:07,-79.512008,43.766626,,,21.4853478731392,6.14119708003593,789.034869483344,130.094324919079,2
1048477,48325832,3,65,05:25:08,-79.51205,43.766647,,,21.4853478731392,4.10670951607714,793.141578999421,130.782428939789,2
1048477,48325832,3,66,05:25:09,-79.512084,43.766678,,,21.4853478731392,4.40222653866589,797.543805538087,131.520048625204,2
1048477,48325832,3,67,05:25:10,-79.512164,43.766753,,,21.4853478731392,10.5387971247002,808.082602662787,133.285887832134,2
1048477,48325832,3,68,05:25:11,-79.512206,43.766781,,,21.4853478731392,4.59515824129618,812.677760904084,134.055834391358,2
1048477,48325832,3,69,05:25:12,-79.512235,43.766813,,,21.4853478731392,4.25729110396272,816.935052008046,134.76916926798,2
1048477,48325832,3,70,05:25:13,-79.51229,43.766849,,,21.4853478731392,5.96737528974243,822.902427297789,135.769039094148,2
1048477,48325832,3,71,05:25:14,-79.512376,43.766914,,,21.4853478731392,10.0076949030123,832.910122200801,137.445888911222,2
1048477,48325832,3,72,05:25:16,-79.512439,43.766948,,,21.4853478731392,6.32260500397388,839.232727204775,138.505279624777,2
1048477,48325832,3,73,05:25:16,-79.512487,43.766975,,,21.4853478731392,4.89118145877166,844.123908663547,139.32482666472,2
1048477,48325832,3,74,05:25:19,-79.512634,43.76706,,,21.4853478731392,15.1387850957114,859.262693759258,141.861421681303,2
1048477,48325832,3,75,05:25:20,-79.512703,43.767095,,,21.4853478731392,6.77854189744479,866.041235656703,142.9972073793,2
1048477,48325832,3,76,05:25:21,-79.512787,43.767126,,,21.4853478731392,7.58345107341503,873.624686730118,144.267860478589,2
1048477,48325832,3,77,05:25:22,-79.512842,43.767138,,,21.4853478731392,4.61884765729737,878.243534387415,145.041776342761,2
1048477,48325832,3,78,05:25:23,-79.512912,43.767164,,,21.4853478731392,6.328003528763,884.571537916178,146.1020716118,2
1048477,48325832,3,79,05:25:24,-79.512992,43.767193,,,21.4853478731392,7.19598066619623,891.767518582374,147.307801700568,2
1048477,48325832,3,80,05:25:26,-79.513112,43.767231,,,21.4853478731392,10.5335169227314,902.301035505106,149.072756177719,2
1048477,48325832,3,81,05:25:27,-79.513206,43.767253,,,21.4853478731392,7.94360624259101,910.244641747697,150.403755454164,2
1048477,48325832,3,82,05:25:28,-79.513285,43.767267,,,21.4853478731392,6.53923701095448,916.783878758651,151.499444170886,2
1048477,48325832,3,83,05:25:29,-79.513349,43.767279,,,21.4853478731392,5.31554804521477,922.099426803866,152.390096399361,2
1048477,48325832,3,84,05:25:30,-79.513399,43.767288,,,21.4853478731392,4.1424775238217,926.241904327688,153.084193566128,2
1048477,48325832,3,85,05:25:31,-79.513463,43.767303,,,21.4853478731392,5.40913906666799,931.651043394356,153.990527536375,2
1048477,48325832,3,86,05:25:32,-79.513563,43.767316,,,21.4853478731392,8.16821029818413,939.81925369254,155.359160580955,2
1048477,48325832,3,87,05:25:33,-79.513644,43.767321,,,21.4853478731392,6.53532839358598,946.354582086126,156.454194385193,2
1048477,48325832,3,88,05:25:35,-79.51373,43.767324,,,21.4853478731392,6.92159361518028,953.276175701306,157.61394926381,2
1048477,48325832,3,89,05:25:36,-79.513826,43.767329,,,21.4853478731392,7.73747643261484,961.013652133921,158.910410243724,2
1048477,48325832,3,90,05:25:37,-79.513895,43.767329,,,21.4853478731392,5.54690328215884,966.56055541608,159.839827441606,2
1048477,48325832,3,91,05:25:38,-79.513965,43.767327,,,21.4853478731392,5.63169581313403,972.192251229214,160.783452140959,2
1048477,48325832,3,92,05:25:39,-79.514028,43.767326,,,21.4853478731392,5.06578733453192,977.258038563746,161.632255451569,2
1048477,48325832,3,93,05:25:40,-79.514103,43.767324,,,21.4853478731392,6.03335234147984,983.291390905226,162.643180131847,2
1048477,48325832,3,94,05:25:41,-79.514228,43.767315,,,21.4853478731392,10.0985602109615,993.389951116187,164.335254980908,2
1048477,48325832,3,95,05:25:43,-79.514332,43.767305,,,21.4853478731392,8.43433704996989,1001.82428816616,165.748479172537,2
1048477,48325832,3,96,05:25:44,-79.514418,43.767293,,,21.4853478731392,7.04140750566568,1008.86569567182,166.928309593253,2
1048477,48325832,3,97,05:25:45,-79.514494,43.767276,23878,4,21.4853478731392,6.39601144479358,1015.26170711662,168,2
1048477,48325832,3,98,05:25:45,-79.514494,43.767276,23878,4,1e-12,0,1015.26170711662,168,2
1048477,48325832,3,99,05:25:46,-79.514593,43.767258,,,21.5792818452114,8.206976812838,1023.46868392945,169.369142714672,2
1048477,48325832,3,100,05:25:47,-79.514635,43.767248,,,21.5792818452114,3.55515768262343,1027.02384161208,169.962237876468,2
1048477,48325832,3,101,05:25:49,-79.514757,43.767203,,,21.5792818452114,11.0128372390021,1038.03667885108,171.799472977469,2
1048477,48325832,3,102,05:26:02,-79.515672,43.766907,,,21.5792818452114,80.600165362249,1118.63684421333,185.245731170185,2
1048477,48325832,3,103,05:26:05,-79.515876,43.76684,,,21.5792818452114,18.0160159561248,1136.65286016945,188.251283343203,2
1048477,48325832,3,104,05:26:09,-79.516142,43.766736,,,21.5792818452114,24.3167367419277,1160.96959691138,192.307963861993,2
1048477,48325832,3,105,05:26:12,-79.516359,43.766675,,,21.5792818452114,18.7198147070582,1179.68941161844,195.430928445745,2
1048477,48325832,3,106,05:26:15,-79.516553,43.766625,,,21.5792818452114,16.5592758300925,1196.24868744853,198.193457496338,2
1048477,48325832,3,107,05:26:23,-79.517083,43.766475,,,21.5792818452114,45.7623690691363,1242.01105651767,205.827841709428,2
1048477,48325832,3,108,05:26:28,-79.517429,43.766392,,,21.5792818452114,29.3097401194735,1271.32079663714,210.717488417181,2
1048477,48325832,3,109,05:26:34,-79.517858,43.766296,,,21.5792818452114,36.1056197868343,1307.42641642398,216.740869184203,2
1048477,48325832,3,110,05:26:40,-79.518295,43.766199,,,21.5792818452114,36.7530318585424,1344.17944828252,222.87225555933,2
1048477,48325832,3,111,05:26:47,-79.518773,43.766094,,,21.5792818452114,40.165491132432,1384.34493941495,229.572931194133,2
1048477,48325832,3,112,05:26:51,-79.519094,43.766026,,,21.5792818452114,26.8930328208764,1411.23797223583,234.059406640796,2
1048477,48325832,3,113,05:26:55,-79.519375,43.765964,23877,5,21.5792818452114,23.6208818710104,1434.85885410684,238,2
1048477,48325832,3,114,05:26:55,-79.519375,43.765964,23877,5,1e-12,0,1434.85885410684,238,2
1048477,48325832,3,115,05:27:03,-79.519678,43.765901,,,10.8654990982342,25.3481888012683,1460.20704290811,246.39846185247,2
1048477,48325832,3,116,05:27:31,-79.5198594933436,43.7666322504308,,,10.8654990982342,82.699681522461,1542.90672443057,273.798846389729,2
1048477,48325832,3,117,05:27:58,-79.5200409911246,43.7673635005744,,,10.8654990982342,82.6996815215642,1625.60640595213,301.199230926691,2
1048477,48325832,3,118,05:28:26,-79.5202224933433,43.7680947504308,,,10.8654990982342,82.6996815190373,1708.30608747117,328.599615462816,2
1048477,48325832,3,119,05:28:53,-79.520404,43.768826,9993,6,10.8654990982342,82.699681522236,1791.0057689934,356,2
1048477,48325832,3,120,05:28:53,-79.520404,43.768826,9993,6,1e-12,0,1791.0057689934,356,2
1048477,48325832,3,121,05:29:05,-79.519773,43.768952,,,15.4391069433351,52.6282396650187,1843.63400865842,368.271542874172,2
1048477,48325832,3,122,05:29:16,-79.519219,43.769073,,,15.4391069433351,46.5271521110235,1890.16116076945,379.120470096093,2
1048477,48325832,3,123,05:29:19,-79.519046,43.769109,,,15.4391069433351,14.4729377731303,1904.63409854258,382.495184461016,2
1048477,48325832,3,124,05:29:25,-79.518762,43.769163,10372,7,15.4391069433351,23.6081766138058,1928.24227515638,388,2
1048477,48325832,3,125,05:29:25,-79.518762,43.769163,10372,7,1e-12,0,1928.24227515638,388,2
1048477,48325832,3,126,05:29:26,-79.518691,43.769187,,,18.5401965407265,6.30186037004038,1934.54413552642,389.223649235989,2
1048477,48325832,3,127,05:29:28,-79.518565,43.769211,,,18.5401965407265,10.4752385285186,1945.01937405494,391.257654572439,2
1048477,48325832,3,128,05:29:30,-79.518458,43.769226,,,18.5401965407265,8.76202669354882,1953.78140074849,392.959000943147,2
1048477,48325832,3,129,05:29:33,-79.518277,43.769279,,,18.5401965407265,15.7007881753312,1969.48218892382,396.007665357627,2
1048477,48325832,3,130,05:29:34,-79.518206,43.769296,,,18.5401965407265,6.01305323926663,1975.49524216309,397.17523613358,2
1048477,48325832,3,131,05:29:35,-79.51814,43.76933,,,18.5401965407265,6.51721772298811,1982.01245988608,398.440701888013,2
1048477,48325832,3,132,05:29:37,-79.518032,43.769348,,,18.5401965407265,8.91004918637154,1990.92250907245,400.170790185647,2
1048477,48325832,3,133,05:29:40,-79.517888,43.769388,,,18.5401965407265,12.4026314143424,2003.32514048679,402.579042600531,2
1048477,48325832,3,134,05:29:43,-79.517716,43.769445,,,18.5401965407265,15.2130219202374,2018.53816240703,405.53299612484,2
1048477,48325832,3,135,05:29:44,-79.517623,43.769474,,,18.5401965407265,8.14322985183297,2026.68139225886,407.114189042736,2
1048477,48325832,3,136,05:29:46,-79.517488,43.769516,,,18.5401965407265,11.8165450091479,2038.49793726801,409.408639478549,2
1048477,48325832,3,137,05:29:49,-79.517333,43.769558,,,18.5401965407265,13.3082874449977,2051.80622471301,411.992745569159,2
1048477,48325832,3,138,05:29:52,-79.51715,43.769645,,,18.5401965407265,17.6125723800962,2069.4187970931,415.412626282347,2
1048477,48325832,3,139,05:29:54,-79.517045,43.769701,,,18.5401965407265,10.4931064591614,2079.91190355226,417.450101083113,2
1048477,48325832,3,140,05:29:56,-79.516942,43.769743,,,18.5401965407265,9.50868563831608,2089.42058919058,419.296428236266,2
1048477,48325832,3,141,05:29:59,-79.516795,43.769819,,,18.5401965407265,14.5331985602526,2103.95378775083,422.118378624007,2
1048477,48325832,3,142,05:30:01,-79.516698,43.76987,,,18.5401965407265,9.64533869656946,2113.5991264474,423.991240070291,2
1048477,48325832,3,143,05:30:03,-79.516579,43.769917,,,18.5401965407265,10.9033079145015,2124.5024343619,426.108364794723,2
1048477,48325832,3,144,05:30:05,-79.516472,43.769958,,,18.5401965407265,9.73725460665673,2134.23968896856,427.999073801338,2
1048477,48325832,3,145,05:30:08,-79.516345,43.770044,,,18.5401965407265,13.9955844622183,2148.23527343078,430.716634208711,2
1048477,48325832,3,146,05:30:10,-79.516224,43.770132,,,18.5401965407265,13.8048230795227,2162.0400965103,433.397153963565,2
1048477,48325832,3,147,05:30:14,-79.516025,43.770255,,,18.5401965407265,21.056528701441,2183.09662521174,437.485756970478,2
1048477,48325832,3,148,05:30:16,-79.515944,43.77031,,,18.5401965407265,8.9376955730063,2192.03432078475,439.221213441619,2
1048477,48325832,3,149,05:30:20,-79.515792,43.770435,,,18.5401965407265,18.5181181848947,2210.55243896964,442.81692642768,2
1048477,48325832,3,150,05:30:23,-79.515677,43.770529,,,18.5401965407265,13.9625929763478,2224.51503194599,445.528080789202,2
1048477,48325832,3,151,05:30:25,-79.515585,43.7706,,,18.5401965407265,10.8241031601405,2235.33913510613,447.629826112716,2
1048477,48325832,3,152,05:30:28,-79.515439,43.770714,,,18.5401965407265,17.2854536281546,2252.62458873429,450.986189294986,2
1048477,48325832,3,153,05:30:29,-79.515405,43.770757,,,18.5401965407265,5.51205069509855,2258.13663942938,452.056479054794,2
1048477,48325832,3,154,05:30:30,-79.515371,43.770781,,,18.5401965407265,3.82199444811477,2261.9586338775,452.798606031872,2
1048477,48325832,3,155,05:30:34,-79.515193,43.770929,,,18.5401965407265,21.8213168256646,2283.77995070316,457.035710012935,2
1048477,48325832,3,156,05:30:38,-79.515051,43.771064,,,18.5401965407265,18.8716542485549,2302.65160495172,460.700070050627,2
1048477,48325832,3,157,05:30:41,-79.514921,43.771176,,,18.5401965407265,16.2680248928059,2318.91962984452,463.858876349441,2
1048477,48325832,3,158,05:30:44,-79.514804,43.771267,,,18.5401965407265,13.8228991113489,2332.74252895587,466.542905976179,2
1048477,48325832,3,159,05:30:46,-79.514686,43.771365,,,18.5401965407265,14.4563276224971,2347.19885657837,469.349930126472,2
1048477,48325832,3,160,05:30:50,-79.514488,43.77149,,,18.5401965407265,21.1411450138478,2368.34000159222,473.454963311135,2
1048477,48325832,3,161,05:30:54,-79.514311,43.771599,,,18.5401965407265,18.699357303634,2387.03935889585,477.085867986023,2
1048477,48325832,3,162,05:30:55,-79.514247,43.771632,,,18.5401965407265,6.32152473769999,2393.36088363355,478.313335505353,2
1048477,48325832,3,163,05:30:57,-79.514157,43.771677,,,18.5401965407265,8.79959278428627,2402.16047641784,480.021976185285,2
1048477,48325832,3,164,05:31:04,-79.51386,43.7719,,,18.5401965407265,34.4414298232772,2436.60190624112,486.709561567211,2
1048477,48325832,3,165,05:31:14,-79.514067,43.772352,6622,8,18.5401965407265,52.9963197317085,2489.59822597282,497,2
1048477,48325832,3,166,05:31:14,-79.514067,43.772352,6622,8,1e-12,0,2489.59822597282,497,2
1048477,48325832,3,167,05:31:19,-79.514207,43.772574,,,18.6145055426529,27.1546078707939,2516.75283384362,502.25163497418,2
1048477,48325832,3,168,05:31:21,-79.514258,43.772663,,,18.6145055426529,10.7220961703588,2527.47493001398,504.325262238941,2
1048477,48325832,3,169,05:31:24,-79.514316,43.772768,,,18.6145055426529,12.5840445407487,2540.05897455473,506.758985780127,2
1048477,48325832,3,170,05:31:27,-79.514385,43.772895,,,18.6145055426529,15.1866227741201,2555.24559732885,509.69604160799,2
1048477,48325832,3,171,05:31:30,-79.514457,43.773015,,,18.6145055426529,14.5581834243131,2569.80378075316,512.51155879739,2
1048477,48325832,3,172,05:31:32,-79.514536,43.77312,,,18.6145055426529,13.3021453582082,2583.10592611137,515.084161286337,2
1048477,48325832,3,173,05:31:36,-79.514662,43.77329,,,18.6145055426529,21.4641261029752,2604.57005221434,519.235270956893,2
1048477,48325832,3,174,05:31:39,-79.514774,43.773399,,,18.6145055426529,15.1089195037984,2619.67897171814,522.157299161673,2
1048477,48325832,3,175,05:31:43,-79.514907,43.773531,,,18.6145055426529,18.1717106296751,2637.85068234782,525.671663704794,2
1048477,48325832,3,176,05:31:45,-79.51502,43.773625,,,18.6145055426529,13.8563651190754,2651.70704746689,528.351450944609,2
1048477,48325832,3,177,05:31:47,-79.515093,43.773703,,,18.6145055426529,10.4797264494469,2662.18677391634,530.37820449611,2
1048477,48325832,3,178,05:31:49,-79.51516,43.773763,,,18.6145055426529,8.57994281394709,2670.76671673029,532.037544523136,2
1048477,48325832,3,179,05:31:52,-79.515262,43.77386,,,18.6145055426529,13.5579591658982,2684.32467589618,534.659620778956,2
1048477,48325832,3,180,05:31:54,-79.51535,43.773959,,,18.6145055426529,13.0953864814529,2697.42006237764,537.192236605104,2
1048477,48325832,3,181,05:31:56,-79.515439,43.774028,,,18.6145055426529,10.4965134407764,2707.91657581841,539.222236719811,2
1048477,48325832,3,182,05:31:59,-79.515534,43.774113,,,18.6145055426529,12.1590975884107,2720.07567340682,541.573776556202,2
1048477,48325832,3,183,05:32:01,-79.515644,43.774213,,,18.6145055426529,14.2161567572894,2734.29183016411,544.323146621873,2
1048477,48325832,3,184,05:32:04,-79.515751,43.774318,,,18.6145055426529,14.5118757982643,2748.80370596238,547.129708029269,2
1048477,48325832,3,185,05:32:07,-79.515856,43.774401,,,18.6145055426529,12.5140482411193,2761.3177542035,549.549894456719,2
1048477,48325832,3,186,05:32:09,-79.51593,43.774486,,,18.6145055426529,11.1764413302351,2772.49419553373,551.711390967956,2
1048477,48325832,3,187,05:32:11,-79.51604,43.774581,,,18.6145055426529,13.7846260733204,2786.27882160705,554.377304051183,2
1048477,48325832,3,188,05:32:13,-79.516095,43.774647,,,18.6145055426529,8.57461890161718,2794.85344050867,556.03561444654,2
1048477,48325832,3,189,05:32:15,-79.51617,43.774722,,,18.6145055426529,10.2979604930984,2805.15140100177,558.027214905129,2
1048477,48325832,3,190,05:32:17,-79.516251,43.774812,,,18.6145055426529,11.9484556167545,2817.09985661852,560.338017097632,2
1048477,48325832,3,191,05:32:20,-79.516347,43.774917,,,18.6145055426529,14.0059219430191,2831.10577856154,563.04672826266,2
1048477,48325832,3,192,05:32:22,-79.516406,43.774982,,,18.6145055426529,8.65139756938475,2839.75717613093,564.71988746522,2
1048477,48325832,3,193,05:32:24,-79.516464,43.775085,,,18.6145055426529,12.3774556348405,2852.13463176577,567.113657215554,2
1048477,48325832,3,194,05:32:26,-79.51652,43.775166,,,18.6145055426529,10.0779627663565,2862.21259453212,569.062710650025,2
1048477,48325832,3,195,05:32:29,-79.516565,43.775275,,,18.6145055426529,12.6614722655783,2874.8740667977,571.511408524466,2
1048477,48325832,3,196,05:32:32,-79.516639,43.775416,,,18.6145055426529,16.7852701142709,2891.65933691197,574.75763885129,2
1048477,48325832,3,197,05:32:35,-79.516703,43.775567,,,18.6145055426529,17.5787934278592,2909.23813033983,578.157334652786,2
1048477,48325832,3,198,05:32:39,-79.516771,43.775716,,,18.6145055426529,17.4639600063657,2926.7020903462,581.534821950467,2
1048477,48325832,3,199,05:32:44,-79.516842,43.775942,,,18.6145055426529,25.7973576437678,2952.49944798997,586.523968038971,2
1048477,48325832,3,200,05:32:53,-79.51701,43.776362,,,18.6145055426529,48.6651696622464,3001.16461765221,595.935693232673,2
1048477,48325832,3,201,05:33:05,-79.5162702646788,43.7765315166988,6251,9,18.6145055426529,62.3808625524112,3063.54548020462,608,2
1048477,48325832,3,202,05:33:05,-79.5162702646788,43.7765315166988,6251,9,1e-12,0,3063.54548020462,608,2
1048477,48325832,3,203,05:33:12,-79.5155305251636,43.7767010286266,,,33.2354920475411,62.3808625528357,3125.92634275746,614.756966464314,2
1048477,48325832,3,204,05:33:19,-79.5147907814543,43.7768705357834,,,33.2354920475411,62.3808625526869,3188.30720531015,621.513932928612,2
1048477,48325832,3,205,05:33:25,-79.5140510335511,43.777040038169,,,33.2354920475411,62.3808625523722,3250.68806786252,628.270899392876,2
1048477,48325832,3,206,05:33:32,-79.513311281454,43.7772095357836,,,33.2354920475411,62.3808625529629,3313.06893041548,635.027865857203,2
1048477,48325832,3,207,05:33:39,-79.512571525163,43.777379028627,,,33.2354920475411,62.3808625529816,3375.44979296846,641.784832321533,2
1048477,48325832,3,208,05:33:46,-79.5118317646784,43.7775485166992,,,33.2354920475411,62.3808625517428,3437.8306555202,648.541798785729,2
1048477,48325832,3,209,05:33:52,-79.511092,43.777718,,,33.2354920475411,62.3808625525247,3500.21151807273,655.298765250009,2
1048477,48325832,3,210,05:34:02,-79.5100280042529,43.7779570049352,9640,10,33.2354920475411,89.562586217961,3589.77410429069,665,2
1048477,48325832,3,211,05:34:02,-79.5100280042529,43.7779570049352,9640,10,1e-12,0,3589.77410429069,665,2
1048477,48325832,3,212,05:34:16,-79.508964,43.778196,,,23.7322388001901,89.5625862193808,3679.33669051007,678.585962668941,2
1048477,48325832,3,213,05:34:28,-79.508664496574,43.777512000391,,,23.7322388001901,79.8572406737311,3759.1939311838,690.699698285958,2
1048477,48325832,3,214,05:34:40,-79.508365,43.776828,,,23.7322388001901,79.8572406714742,3839.05117185528,702.813433902634,2
1048477,48325832,3,215,05:34:45,-79.508233,43.776528,,,23.7322388001901,35.0406998686777,3874.09187172395,708.128841378065,2
1048477,48325832,3,216,05:34:46,-79.508218,43.776481,,,23.7322388001901,5.36913556219566,3879.46100728615,708.943298378377,2
1048477,48325832,3,217,05:34:47,-79.508225,43.776433,,,23.7322388001901,5.37287655584694,3884.833883842,709.758322858954,2
1048477,48325832,3,218,05:34:48,-79.508264,43.776394,,,23.7322388001901,5.35488639623209,3890.18877023823,710.57061836924,2
1048477,48325832,3,219,05:34:49,-79.508338,43.77637,,,23.7322388001901,6.52042530408065,3896.70919554231,711.559717260935,2
1048477,48325832,3,220,05:34:51,-79.508528,43.776327,,,23.7322388001901,16.0043765813599,3912.71357212367,713.987459379071,2
1048477,48325832,3,221,05:34:53,-79.508616,43.776457,,,23.7322388001901,16.1076381571114,3928.82121028078,716.430865492326,2
1048477,48325832,3,222,05:34:55,-79.508703,43.776529,,,23.7322388001901,10.6367395710797,3939.45794985186,718.04437792907,2
1048477,48325832,3,223,05:34:57,-79.508834,43.776584,,,23.7322388001901,12.1801173345448,3951.63806718641,719.892009025889,2
1048477,48325832,3,224,05:35:00,-79.509068,43.776657,23852,11,23.7322388001901,20.4887733295697,3972.12684051598,723,2
1048477,48325832,3,225,05:35:00,-79.509068,43.776657,23852,11,1e-12,0,3972.12684051598,723,2
1048477,48325832,3,226,,-79.509986,43.776918,,,,79.3005018406108,4051.42734235659,,2
