shape_id,trip_id,route_type,id,timestamp,shape_pt_lon,shape_pt_lat,stop_id,stop_sequence,speed,dist,cumdist,cumtime,trip_number
1048631,48329742,3,1,,-79.2752,43.832301,,,1e-12,0,0,0,1
1048631,48329742,3,2,01:42:00,-79.27516,43.832418,702,1,,13.4146211043284,13.4146211043284,,1
1048631,48329742,3,3,01:42:00,-79.27516,43.832418,702,1,1e-12,0,13.4146211043284,0,1
1048631,48329742,3,4,01:42:03,-79.275207,43.832517,,,13.8658686031681,11.6489881846311,25.0636092889595,3.02443061194813,1
1048631,48329742,3,5,01:42:06,-79.275342,43.832564,,,13.8658686031681,12.0373127367457,37.1009220257052,6.14968205435567,1
1048631,48329742,3,6,01:42:11,-79.275554,43.83255,,,13.8658686031681,17.0952501861928,54.196172211898,10.5881274508621,1
1048631,48329742,3,7,01:42:21,-79.275464,43.832206,,,13.8658686031681,38.9699349858665,93.1661071977645,20.705904415593,1
1048631,48329742,3,8,01:42:38,-79.2753229986191,43.8316215000867,,,13.8658686031681,66.0440865610526,159.210193758817,37.852952207858,1
1048631,48329742,3,9,01:42:55,-79.275182,43.831037,9074,2,13.8658686031681,66.0440865605792,225.254280319396,55,1
1048631,48329742,3,10,01:42:55,-79.275182,43.831037,9074,2,1e-12,0,225.254280319396,55,1
1048631,48329742,3,11,01:42:56,-79.275163,43.830981,,,21.6013944266266,6.41789771104766,231.672178030444,56.0695805698216,1
1048631,48329742,3,12,01:42:57,-79.275147,43.830932,,,21.6013944266266,5.60394068306243,237.276118713506,57.0035103921555,1
1048631,48329742,3,13,01:42:58,-79.275131,43.830884,,,21.6013944266266,5.49564618783877,242.771764901345,57.9193922970678,1
1048631,48329742,3,14,01:42:59,-79.275116,43.830835,,,21.6013944266266,5.58607585584699,248.357840757192,58.8503448404027,1
1048631,48329742,3,15,01:43:00,-79.275102,43.830787,,,21.6013944266266,5.46032996287821,253.81817072007,59.7603410877806,1
1048631,48329742,3,16,01:43:01,-79.275089,43.830738,,,21.6013944266266,5.55365769136382,259.371828411434,60.6858909524813,1
1048631,48329742,3,17,01:43:02,-79.275077,43.830689,,,21.6013944266266,5.53912398847911,264.910952399913,61.6090186897326,1
1048631,48329742,3,18,01:43:03,-79.275065,43.83064,,,21.6013944266266,5.53912412542203,270.450076525335,62.5321464498063,1
1048631,48329742,3,19,01:43:03,-79.275054,43.830591,,,21.6013944266266,5.52571930540238,275.975795830738,63.4530402174293,1
1048631,48329742,3,20,01:43:04,-79.275044,43.830541,,,21.6013944266266,5.62360735703107,281.599403187769,64.3902476071688,1
1048631,48329742,3,21,01:43:05,-79.275035,43.830492,,,21.6013944266266,5.50232869921058,287.101731886979,65.3072431920808,1
1048631,48329742,3,22,01:43:06,-79.275027,43.830443,,,21.6013944266266,5.49235748970571,292.594089376685,66.2225770160199,1
1048631,48329742,3,23,01:43:07,-79.275019,43.830393,,,21.6013944266266,5.60292801503049,298.197017391715,67.1563380712435,1
1048631,48329742,3,24,01:43:08,-79.275013,43.830344,,,21.6013944266266,5.47589468482852,303.672912076544,68.0689282714893,1
1048631,48329742,3,25,01:43:09,-79.275007,43.830294,568,3,21.6013944266266,5.58679101306699,309.259703089611,69,1
1048631,48329742,3,26,01:43:09,-79.275007,43.830294,568,3,1e-12,0,309.259703089611,69,1
1048631,48329742,3,27,01:43:10,-79.275002,43.830244,,,30.1138114236156,5.58043868741236,314.840141777023,69.6671217731984,1
1048631,48329742,3,28,01:43:10,-79.274998,43.830195,,,30.1138114236156,5.4641051235327,320.304246900556,70.3203362789282,1
1048631,48329742,3,29,01:43:11,-79.274994,43.830145,,,30.1138114236156,5.57523594422602,325.879482844782,70.9868360825191,1
1048631,48329742,3,30,01:43:12,-79.274992,43.830095,,,30.1138114236156,5.56829133869929,331.447774183481,71.6525056830001,1
1048631,48329742,3,31,01:43:12,-79.27499,43.830045,,,30.1138114236156,5.56829134255075,337.016065526032,72.3181752839415,1
1048631,48329742,3,32,01:43:13,-79.274989,43.829996,,,30.1138114236156,5.4552461583864,342.471311684419,72.9703307316173,1
1048631,48329742,3,33,01:43:14,-79.274989,43.829946,,,30.1138114236156,5.56597453476317,348.037286219182,73.6357233663547,1
1048631,48329742,3,34,01:43:14,-79.274989,43.829896,,,30.1138114236156,5.56597453830375,353.603260757485,74.3011160015155,1
1048631,48329742,3,35,01:43:15,-79.274991,43.829846,,,30.1138114236156,5.56829135516556,359.171552112651,74.9667856039649,1
1048631,48329742,3,36,01:43:16,-79.274993,43.829796,,,30.1138114236156,5.56829136187777,364.739843474529,75.6324552072168,1
1048631,48329742,3,37,01:43:16,-79.274996,43.829747,,,30.1138114236156,5.45997280579417,370.199816280323,76.285175708928,1
1048631,48329742,3,38,01:43:17,-79.275,43.829697,,,30.1138114236156,5.575236083911,375.775052364234,76.9516755292178,1
1048631,48329742,3,39,01:43:18,-79.275005,43.829647,,,30.1138114236156,5.5804389770289,381.355491341263,77.6187973370388,1
1048631,48329742,3,40,01:43:18,-79.275011,43.829598,,,30.1138114236156,5.47589521131573,386.831386552579,78.2734213062013,1
1048631,48329742,3,41,01:43:19,-79.275015,43.829556,,,30.1138114236156,4.68644049996869,391.517827052547,78.8336687475682,1
1048631,48329742,3,42,01:43:19,-79.27502,43.829513,,,30.1138114236156,4.80354962648804,396.321376679035,79.4079161721833,1
1048631,48329742,3,43,01:43:20,-79.275027,43.829471,,,30.1138114236156,4.70909176366695,401.030468442702,79.9708714922763,1
1048631,48329742,3,44,01:43:21,-79.275034,43.829429,,,30.1138114236156,4.70909181370018,405.739560256403,80.5338268183506,1
1048631,48329742,3,45,01:43:21,-79.275042,43.829387,,,30.1138114236156,4.71935196604043,410.458912222443,81.0980087094685,1
1048631,48329742,3,46,01:43:22,-79.275051,43.829345,,,30.1138114236156,4.7309532644715,415.189865486914,81.6635774949176,1
1048631,48329742,3,47,01:43:22,-79.275061,43.829303,,,30.1138114236156,4.74388586996634,419.933751356881,82.2306923277643,1
1048631,48329742,3,48,01:43:23,-79.275072,43.829262,,,30.1138114236156,4.64880068332164,424.582552040202,82.7864400617371,1
1048631,48329742,3,49,01:43:23,-79.275083,43.82922,,,30.1138114236156,4.75813905673486,429.340691096937,83.3552588128173,1
1048631,48329742,3,50,01:43:24,-79.275095,43.829178,,,30.1138114236156,4.77370078572625,434.114391882663,83.925937913741,1
1048631,48329742,3,51,01:43:24,-79.275109,43.829137,,,30.1138114236156,4.70053606055229,438.814927943216,84.4878704296867,1
1048631,48329742,3,52,01:43:25,-79.275123,43.829096,,,30.1138114236156,4.70053624409836,443.515464187314,85.0498029675747,1
1048631,48329742,3,53,01:43:26,-79.275137,43.829055,,,30.1138114236156,4.70053642999702,448.216000617311,85.6117355276863,1
1048631,48329742,3,54,01:43:26,-79.275153,43.829014,,,30.1138114236156,4.74151838295769,452.957519000269,86.1785673358068,1
1048631,48329742,3,55,01:43:27,-79.275169,43.828973,,,30.1138114236156,4.74151862514566,457.699037625415,86.74539917288,1
1048631,48329742,3,56,01:43:27,-79.275186,43.828932,,,30.1138114236156,4.763908623995,462.46294624941,87.3149076553876,1
1048631,48329742,3,57,01:43:28,-79.275204,43.828892,,,30.1138114236156,4.68153784560364,467.144484095013,87.8745690017078,1
1048631,48329742,3,58,01:43:28,-79.27521,43.82888,,,30.1138114236156,1.42007908930273,468.564563184316,88.0443344508425,1
1048631,48329742,3,59,01:43:28,-79.275223,43.828852,,,30.1138114236156,3.28713737447165,471.851700558787,88.4373001363093,1
1048631,48329742,3,60,01:43:29,-79.275242,43.828812,5732,4,30.1138114236156,4.70695488424335,476.558655443031,89,1
1048631,48329742,3,61,01:43:29,-79.275242,43.828812,5732,4,1e-12,0,476.558655443031,89,1
1048631,48329742,3,62,01:43:37,-79.275531,43.828234,,,32.3391324762385,68.4005240393736,544.959179482405,96.6143627762023,1
1048631,48329742,3,63,01:43:37,-79.275559,43.828184,,,32.3391324762385,6.00303149368548,550.96221097609,97.2826216849144,1
1048631,48329742,3,64,01:43:38,-79.275586,43.82813,,,32.3391324762385,6.39036488931792,557.352575865408,97.9939986403243,1
1048631,48329742,3,65,01:43:39,-79.275612,43.828081,,,32.3391324762385,5.84063850978054,563.193214375188,98.6441799230368,1
1048631,48329742,3,66,01:43:39,-79.275638,43.828027,,,32.3391324762385,6.36356509240595,569.556779467594,99.3525735186132,1
1048631,48329742,3,67,01:43:40,-79.275662,43.827973,,,32.3391324762385,6.31268769876767,575.869467166362,100.055303430501,1
1048631,48329742,3,68,01:43:41,-79.275686,43.827923,,,32.3391324762385,5.89024179069319,581.759708957055,100.711006562367,1
1048631,48329742,3,69,01:43:41,-79.275709,43.827869,,,32.3391324762385,6.28863378300307,588.048342740058,101.411058786571,1
1048631,48329742,3,70,01:43:42,-79.275731,43.827815,,,32.3391324762385,6.26551636398734,594.313859104046,102.108537574134,1
1048631,48329742,3,71,01:43:43,-79.275753,43.827766,,,32.3391324762385,5.7336555304423,600.047514634488,102.746809485873,1
1048631,48329742,3,72,01:43:43,-79.275773,43.827712,,,32.3391324762385,6.22213384369288,606.269648478181,103.439458920849,1
1048631,48329742,3,73,01:43:44,-79.275792,43.827658,,,32.3391324762385,6.20188874238865,612.471537220569,104.129854666282,1
1048631,48329742,3,74,01:43:45,-79.275811,43.827604,,,32.3391324762385,6.20188907883592,618.673426299405,104.820250449169,1
1048631,48329742,3,75,01:43:45,-79.275816,43.82759,,,32.3391324762385,1.60937115672064,620.282797456126,104.999406033149,1
1048631,48329742,3,76,01:43:46,-79.275828,43.82755,,,32.3391324762385,4.55587281776348,624.83867027389,105.506566890232,1
1048631,48329742,3,77,01:43:46,-79.275839,43.827519,,,32.3391324762385,3.56218087754742,628.400851151437,105.903109721694,1
1048631,48329742,3,78,01:43:46,-79.275851,43.827492,,,32.3391324762385,3.1563462851869,631.557197436624,106.254474948792,1
1048631,48329742,3,79,01:43:47,-79.275861,43.82746,,,32.3391324762385,3.65162862822059,635.208826064844,106.660975125359,1
1048631,48329742,3,80,01:43:47,-79.275871,43.827433,,,32.3391324762385,3.11106793951516,638.31989400436,107.007299956134,1
1048631,48329742,3,81,01:43:47,-79.27588,43.827402,,,32.3391324762385,3.52578410650156,641.845678110861,107.399791090296,1
1048631,48329742,3,82,01:43:48,-79.275888,43.82737,,,32.3391324762385,3.61969742785274,645.465375538714,107.802736677963,1
1048631,48329742,3,83,01:43:48,-79.275896,43.827343,,,32.3391324762385,3.07352587915094,648.538901417865,108.144882317555,1
1048631,48329742,3,84,01:43:49,-79.275902,43.827312,,,32.3391324762385,3.48438293422842,652.023284352093,108.532764663268,1
1048631,48329742,3,85,01:43:49,-79.275908,43.82728,,,32.3391324762385,3.59466584379891,655.617950195892,108.932923728982,1
1048631,48329742,3,86,01:43:49,-79.275913,43.827249,,,32.3391324762385,3.4741876046807,659.092137800573,109.31967112816,1
1048631,48329742,3,87,01:43:50,-79.275917,43.827217,,,32.3391324762385,3.57667879245467,662.668816593028,109.717827870994,1
1048631,48329742,3,88,01:43:50,-79.27592,43.827186,,,32.3391324762385,3.45930430522243,666.12812089825,110.102918457699,1
1048631,48329742,3,89,01:43:50,-79.275922,43.827159,,,32.3391324762385,3.0099148765961,669.138035774846,110.437982905198,1
1048631,48329742,3,90,01:43:51,-79.275924,43.827127,,,32.3391324762385,3.56584298048619,672.703878755332,110.83493340284,1
1048631,48329742,3,91,01:43:51,-79.275925,43.827096,,,32.3391324762385,3.45183856920677,676.155717324539,111.219192902017,1
1048631,48329742,3,92,01:43:52,-79.275925,43.827064,,,32.3391324762385,3.5622237010588,679.717941025598,111.615740500603,1
1048631,48329742,3,93,01:43:52,-79.275924,43.827033,7756,5,32.3391324762385,3.45183857117881,683.169779596777,112,1
1048631,48329742,3,94,01:43:52,-79.275924,43.827033,7756,5,1e-12,0,683.169779596777,112,1
1048631,48329742,3,95,01:43:53,-79.275906,43.826952,,,30.5952746847366,9.13201987041311,692.30179946719,113.074521208659,1
1048631,48329742,3,96,01:43:54,-79.275895,43.826888,,,30.5952746847366,7.17900826360029,699.48080773079,113.919240859496,1
1048631,48329742,3,97,01:43:55,-79.275867,43.826794,,,30.5952746847366,10.7029208487705,710.183728579561,115.178602491402,1
1048631,48329742,3,98,01:43:56,-79.275846,43.826718,,,30.5952746847366,8.62674185427437,718.810470433835,116.193670046617,1
1048631,48329742,3,99,01:43:57,-79.275824,43.826636,,,30.5952746847366,9.29761601866298,728.108086452498,117.28767616397,1
1048631,48329742,3,100,01:43:58,-79.275818,43.8266,,,30.5952746847366,4.03636714289271,732.144453595391,117.76261622789,1
1048631,48329742,3,101,01:43:58,-79.275808,43.826564,,,30.5952746847366,4.08718030482968,736.23163390022,118.243535234142,1
1048631,48329742,3,102,01:43:59,-79.275798,43.826528,,,30.5952746847366,4.08718039930625,740.318814299527,118.72445425151,1
1048631,48329742,3,103,01:43:59,-79.275786,43.826492,,,30.5952746847366,4.12175124287123,744.440565542398,119.209441055101,1
1048631,48329742,3,104,01:44:00,-79.275774,43.826456,,,30.5952746847366,4.12175137831822,748.562316920716,119.694427874629,1
1048631,48329742,3,105,01:44:00,-79.275761,43.82642,,,30.5952746847366,4.14126546601704,752.703582386733,120.181710823754,1
1048631,48329742,3,106,01:44:01,-79.275748,43.826384,,,30.5952746847366,4.14126562227183,756.844848009005,120.668993791265,1
1048631,48329742,3,107,01:44:01,-79.275733,43.826348,,,30.5952746847366,4.1846469252329,761.029494934238,121.16138122972,1
1048631,48329742,3,108,01:44:02,-79.275718,43.826312,,,30.5952746847366,4.18464713535207,765.21414206959,121.653768692898,1
1048631,48329742,3,109,01:44:02,-79.275702,43.826281,,,30.5952746847366,3.68237520883246,768.896517278422,122.087056214857,1
1048631,48329742,3,110,01:44:03,-79.275686,43.82624,,,30.5952746847366,4.74153456878397,773.638051847206,122.644969965379,1
1048631,48329742,3,111,01:44:03,-79.275668,43.826209,,,30.5952746847366,3.74145402191562,777.379505869122,123.085209009404,1
1048631,48329742,3,112,01:44:04,-79.27565,43.826173,,,30.5952746847366,4.26025941721526,781.639765286337,123.586493409038,1
1048631,48329742,3,113,01:44:04,-79.27563,43.826137,,,30.5952746847366,4.31740656447019,785.957171850807,124.094502040837,1
1048631,48329742,3,114,01:44:05,-79.275611,43.826105,,,30.5952746847366,3.87528413156449,789.832455982372,124.550488235352,1
1048631,48329742,3,115,01:44:05,-79.27559,43.826069,,,30.5952746847366,4.34792465068715,794.180380633059,125.062087784752,1
1048631,48329742,3,116,01:44:06,-79.275544,43.825983,,,30.5952746847366,10.2615464023831,804.441927035442,126.269514991379,1
1048631,48329742,3,117,01:44:07,-79.275498,43.825902,,,30.5952746847366,9.74433315386715,814.186260189309,127.416084182713,1
1048631,48329742,3,118,01:44:09,-79.275454,43.825812,,,30.5952746847366,10.6236726362032,824.809932825512,128.666121055544,1
1048631,48329742,3,119,01:44:10,-79.27541,43.825731,,,30.5952746847366,9.68458173515977,834.494514560672,129.805659582517,1
1048631,48329742,3,120,01:44:11,-79.275368,43.825645,7366,6,30.5952746847366,10.1503258722144,844.644840432887,131,1
1048631,48329742,3,121,01:44:11,-79.275368,43.825645,7366,6,1e-12,0,844.644840432887,131,1
1048631,48329742,3,122,01:44:12,-79.275326,43.82556,,,32.3035987749064,10.0454024817923,854.690242914679,132.119486692069,1
1048631,48329742,3,123,01:44:13,-79.275284,43.825474,,,32.3035987749064,10.1503290862188,864.840572000898,133.25066668737,1
1048631,48329742,3,124,01:44:14,-79.275244,43.825389,,,32.3035987749064,9.99261623732291,874.833188238221,134.364270738269,1
1048631,48329742,3,125,01:44:24,-79.274909,43.824613,,,32.3035987749064,90.4767485380321,965.309936776253,144.44724313421,1
1048631,48329742,3,126,01:44:28,-79.274784,43.824345,,,32.3035987749064,31.4774405220261,996.787377298279,147.955173834715,1
1048631,48329742,3,127,01:44:34,-79.2745649981658,43.8238450002091,,,32.3035987749064,58.3726925652835,1055.16006986356,154.460383817643,1
1048631,48329742,3,128,01:44:41,-79.274346,43.823345,,,32.3035987749064,58.3726925593246,1113.53276242289,160.965593799906,1
1048631,48329742,3,129,01:44:52,-79.273974,43.822497,5473,7,32.3035987749064,99.014175168656,1212.54693759154,172,1
1048631,48329742,3,130,01:44:52,-79.273974,43.822497,5473,7,1e-12,0,1212.54693759154,172,1
1048631,48329742,3,131,01:45:00,-79.2737104973165,43.8218890003027,,,30.4950820407474,70.9138693212351,1283.46080691278,180.371511485535,1
1048631,48329742,3,132,01:45:09,-79.273447,43.821281,,,30.4950820407474,70.9138693192003,1354.37467623198,188.74302297083,1
1048631,48329742,3,133,01:45:19,-79.273122,43.820547,,,30.4950820407474,85.7768170590579,1440.15149329104,198.869132518592,1
1048631,48329742,3,134,01:45:28,-79.272821,43.819887,1855,8,30.4950820407474,77.3462647079807,1517.49775799902,208,1
1048631,48329742,3,135,01:45:28,-79.272821,43.819887,1855,8,1e-12,0,1517.49775799902,208,1
1048631,48329742,3,136,01:45:38,-79.27252,43.819124,,,32.8562978901414,88.3105084084224,1605.80826640744,217.676008883694,1
1048631,48329742,3,137,01:45:46,-79.272214,43.818488,,,32.8562978901414,74.9440501757772,1680.75231658322,225.887481202788,1
1048631,48329742,3,138,01:45:53,-79.271966,43.817933,7523,9,32.8562978901414,64.9141767640048,1745.66649334722,233,1
1048631,48329742,3,139,01:45:53,-79.271966,43.817933,7523,9,1e-12,0,1745.66649334722,233,1
1048631,48329742,3,140,01:46:01,-79.271722,43.817404,,,28.6849825089643,62.0637070931725,1807.73020044039,240.789070307629,1
1048631,48329742,3,141,01:46:08,-79.271503,43.816937,,,28.6849825089643,54.8816761392944,1862.61187657969,247.676787043719,1
1048631,48329742,3,142,01:46:16,-79.271262,43.816404,,,28.6849825089643,62.4113005820522,1925.02317716174,255.509480754624,1
1048631,48329742,3,143,01:46:23,-79.2710479981884,43.8158985001996,,,28.6849825089643,58.8388982453212,1983.86207540706,262.89383365137,1
1048631,48329742,3,144,01:46:30,-79.270834,43.815393,,,28.6849825089643,58.8388982411536,2042.70097364822,270.278186547592,1
1048631,48329742,3,145,01:46:39,-79.27057649743,43.8147970002891,3417,10,28.6849825089643,69.4958517579949,2112.19682540621,279,1
1048631,48329742,3,146,01:46:39,-79.27057649743,43.8147970002891,3417,10,1e-12,0,2112.19682540621,279,1
1048631,48329742,3,147,01:46:45,-79.270319,43.814201,,,41.6061785437684,69.4958517597352,2181.69267716595,285.013171002279,1
1048631,48329742,3,148,01:46:51,-79.270067497629,43.8136380002757,,,41.6061785437684,65.848508406448,2247.54118557239,290.710753394131,1
1048631,48329742,3,149,01:46:56,-79.269816,43.813075,,,41.6061785437684,65.8485084060943,2313.38969397849,296.408335785952,1
1048631,48329742,3,150,01:47:04,-79.2695029962108,43.8123520004271,,,41.6061785437684,84.3199147985057,2397.70960877699,303.704167893083,1
1048631,48329742,3,151,01:47:11,-79.26919,43.811629,7282,11,41.6061785437684,84.3199147960472,2482.02952357304,311,1
1048631,48329742,3,152,01:47:11,-79.26919,43.811629,7282,11,1e-12,0,2482.02952357304,311,1
1048631,48329742,3,153,01:47:14,-79.269094,43.811414,,,33.6309233979825,25.1454224253113,2507.17494599835,313.69167514849,1
1048631,48329742,3,154,01:47:17,-79.268926,43.81114,,,33.6309233979825,33.3537788767479,2540.5287248751,317.262008396119,1
1048631,48329742,3,155,01:47:20,-79.268801,43.81096,,,33.6309233979825,22.412747559789,2562.94147243489,319.661166167092,1
1048631,48329742,3,156,01:47:22,-79.268692,43.810803,,,33.6309233979825,19.5479079265936,2582.48938036148,321.753659070214,1
1048631,48329742,3,157,01:47:24,-79.268578,43.810656,,,33.6309233979825,18.752189141279,2601.24156950276,323.760974781107,1
1048631,48329742,3,158,01:47:25,-79.268461,43.810545,,,33.6309233979825,15.5248140823634,2616.76638358512,325.422818258764,1
1048631,48329742,3,159,01:47:30,-79.268134,43.81029,,,33.6309233979825,38.6759439175271,2655.44232750265,329.562859150756,1
1048631,48329742,3,160,01:47:34,-79.267744,43.810002,,,33.6309233979825,44.8262086233662,2700.26853612602,334.361251069242,1
1048631,48329742,3,161,01:47:37,-79.267526,43.809809,,,33.6309233979825,27.7178468910337,2727.98638301705,337.328289696963,1
1048631,48329742,3,162,01:47:40,-79.267363,43.809623,,,33.6309233979825,24.4984573452272,2752.48484036228,339.950710895428,1
1048631,48329742,3,163,01:47:42,-79.267209,43.809443,,,33.6309233979825,23.5489059082472,2776.03374627053,342.471487986989,1
1048631,48329742,3,164,01:47:45,-79.2671,43.809288,,,33.6309233979825,19.3492111026074,2795.38295737313,344.54271151972,1
1048631,48329742,3,165,01:47:47,-79.266961,43.809107,,,33.6309233979825,23.0361265543829,2818.41908392752,347.008598483762,1
1048631,48329742,3,166,01:47:50,-79.266806,43.808837,,,33.6309233979825,32.5334468339784,2850.95253076149,350.491119829261,1
1048631,48329742,3,167,01:47:53,-79.26671,43.808613,,,33.6309233979825,26.1009337918071,2877.0534645533,353.285077061377,1
1048631,48329742,3,168,01:47:56,-79.266639,43.808391,2362,12,33.6309233979825,25.3626014945199,2902.41606604782,356,1
1048631,48329742,3,169,01:47:56,-79.266639,43.808391,2362,12,1e-12,0,2902.41606604782,356,1
1048631,48329742,3,170,01:48:00,-79.266493,43.808019,,,43.9865461682036,43.0398151699676,2945.45588121779,359.522516499008,1
1048631,48329742,3,171,01:48:02,-79.266365,43.80772,,,43.9865461682036,34.8367400026966,2980.29262122049,362.373667019673,1
1048631,48329742,3,172,01:48:08,-79.2661474979991,43.8071705002062,,,43.9865461682036,63.6167222675445,3043.90934348803,367.580263584163,1
1048631,48329742,3,173,01:48:13,-79.26593,43.806621,,,43.9865461682036,63.6167222662722,3107.5260657543,372.786860148549,1
1048631,48329742,3,174,01:48:20,-79.265623496162,43.8058730004096,,,43.9865461682036,86.831518371605,3194.35758412591,379.893430074327,1
1048631,48329742,3,175,01:48:27,-79.265317,43.805125,6121,13,43.9865461682036,86.8315183703335,3281.18910249624,387,1
1048631,48329742,3,176,01:48:27,-79.265317,43.805125,6121,13,1e-12,0,3281.18910249624,387,1
1048631,48329742,3,177,01:48:31,-79.265157,43.804774,,,41.887072599756,41.1332370361797,3322.32233953242,390.53521132272,1
1048631,48329742,3,178,01:48:38,-79.2648544962149,43.8040265003989,,,41.887072599756,86.6877183118475,3409.01005784427,397.985619445165,1
1048631,48329742,3,179,01:48:45,-79.264552,43.803279,,,41.887072599756,86.6877183094822,3495.69777615375,405.436027567406,1
1048631,48329742,3,180,01:48:50,-79.2643649986134,43.8028360001524,,,41.887072599756,51.5523368617772,3547.25011301553,409.866712291444,1
1048631,48329742,3,181,01:48:54,-79.264178,43.802393,,,41.887072599756,51.5523368601731,3598.8024498757,414.297397015344,1
1048631,48329742,3,182,01:48:59,-79.2639729983358,43.8019080001832,,,41.887072599756,56.4463382818407,3655.24878815754,419.148698507724,1
1048631,48329742,3,183,01:49:04,-79.263768,43.801423,4857,14,41.887072599756,56.446338280636,3711.69512643818,424,1
1048631,48329742,3,184,01:49:04,-79.263768,43.801423,4857,14,1e-12,0,3711.69512643818,424,1
1048631,48329742,3,185,01:49:07,-79.263642,43.801134,,,41.3972909467178,33.7265091142453,3745.42163555242,426.93293184251,1
1048631,48329742,3,186,01:49:13,-79.263387,43.800504,,,41.3972909467178,73.0626592664718,3818.48429481889,433.286622321866,1
1048631,48329742,3,187,01:49:18,-79.26315,43.800014,,,41.3972909467178,57.7747409532964,3876.25903577219,438.310841604707,1
1048631,48329742,3,188,01:49:21,-79.263008,43.79972,,,41.3972909467178,34.6595763264121,3910.9186120986,441.324915036123,1
1048631,48329742,3,189,01:49:27,-79.262765,43.799188,,,41.3972909467178,62.3573414220197,3973.27595352062,446.747647393373,1
1048631,48329742,3,190,01:49:32,-79.26256,43.798666,2639,15,41.3972909467178,60.3981025031375,4033.67405602376,452,1
1048631,48329742,3,191,01:49:32,-79.26256,43.798666,2639,15,1e-12,0,4033.67405602376,452,1
1048631,48329742,3,192,01:49:37,-79.262339498105,43.798152500212,,,42.6747238066051,59.8451701757817,4093.51922619954,457.048482882026,1
1048631,48329742,3,193,01:49:42,-79.262119,43.797639,,,42.6747238066051,59.8451701748502,4153.36439637439,462.096965763973,1
1048631,48329742,3,194,01:49:50,-79.2618099960621,43.7968775004163,,,42.6747238066051,88.3309541514508,4241.69535052584,469.548482881841,1
1048631,48329742,3,195,01:49:57,-79.261501,43.796116,6068,16,42.6747238066051,88.3309541548969,4330.02630468074,477,1
1048631,48329742,3,196,01:49:57,-79.261501,43.796116,6068,16,1e-12,0,4330.02630468074,477,1
1048631,48329742,3,197,01:50:08,-79.261312,43.79572,,,15.8614528353031,46.6250577801748,4376.65136246091,487.582271986778,1
1048631,48329742,3,198,01:50:19,-79.2611304986864,43.7952875001436,2442,17,15.8614528353031,50.3060428800111,4426.95740534093,499,1
1048631,48329742,3,199,01:50:19,-79.2611304986864,43.7952875001436,2442,17,1e-12,0,4426.95740534093,499,1
1048631,48329742,3,200,01:50:26,-79.260949,43.794855,,,26.0089434030536,50.3060428814551,4477.26344822238,505.963056959553,1
1048631,48329742,3,201,01:50:34,-79.260749,43.794324,,,26.0089434030536,61.2563035640794,4538.51975178646,514.441782504582,1
1048631,48329742,3,202,01:50:44,-79.260529,43.793738,,,26.0089434030536,67.5860983932491,4606.10585017971,523.796639810593,1
1048631,48329742,3,203,01:50:46,-79.260463,43.793573,,,26.0089434030536,19.1180286193641,4625.22387879907,526.442841233048,1
1048631,48329742,3,204,01:50:48,-79.260416,43.793468,,,26.0089434030536,12.2835402424538,4637.50741904153,528.143054278521,1
1048631,48329742,3,205,01:50:50,-79.260366,43.793369,,,26.0089434030536,11.7301544567516,4649.23757349828,529.766671024111,1
1048631,48329742,3,206,01:50:54,-79.26025,43.793134,,,26.0089434030536,27.7711058322441,4677.00867933052,533.610578846385,1
1048631,48329742,3,207,01:51:02,-79.260029,43.792585,,,26.0089434030536,63.6422598222383,4740.65093915276,542.419553967349,1
1048631,48329742,3,208,01:51:11,-79.259801,43.792053,2289,18,26.0089434030536,61.9912042322711,4802.64214338503,551,1
1048631,48329742,3,209,01:51:11,-79.259801,43.792053,2289,18,1e-12,0,4802.64214338503,551,1
1048631,48329742,3,210,01:51:18,-79.259661,43.791686,,,23.1404133166482,42.3748955729453,4845.01703895798,557.592346557304,1
1048631,48329742,3,211,01:51:23,-79.259546,43.791387,,,23.1404133166482,34.5435616592889,4879.56060061727,562.966356963764,1
1048631,48329742,3,212,01:51:31,-79.2593484984667,43.79092300017,,,23.1404133166482,54.0354950464622,4933.59609566373,571.372766110627,1
1048631,48329742,3,213,01:51:40,-79.259151,43.790459,,,23.1404133166482,54.035495046187,4987.63159070992,579.779175257447,1
1048631,48329742,3,214,01:51:55,-79.258826,43.789612,1082,19,23.1404133166482,97.8378265452609,5085.46941725518,595,1
1048631,48329742,3,215,01:51:55,-79.258826,43.789612,1082,19,1e-12,0,5085.46941725518,595,1
1048631,48329742,3,216,01:51:57,-79.258753,43.789496,,,22.6047060371155,14.1831028598696,5099.65252011505,597.258784972107,1
1048631,48329742,3,217,01:52:01,-79.258676,43.789311,,,22.6047060371155,21.503611102193,5121.15613121724,600.683425834093,1
1048631,48329742,3,218,01:52:03,-79.258613,43.789181,,,22.6047060371155,15.3315459312235,5136.48767714846,603.125110555044,1
1048631,48329742,3,219,01:52:06,-79.258555,43.789041,,,22.6047060371155,16.2667731188944,5152.75445026736,605.715738503572,1
1048631,48329742,3,220,01:52:08,-79.258483,43.788915,,,22.6047060371155,15.1727845398067,5167.92723480716,608.132139064306,1
1048631,48329742,3,221,01:52:11,-79.25839,43.788768,,,22.6047060371155,17.9898201096043,5185.91705491677,610.997177534093,1
1048631,48329742,3,222,01:52:14,-79.258283,43.788624,,,22.6047060371155,18.1905973621249,5204.10765227889,613.894191562771,1
1048631,48329742,3,223,01:52:17,-79.258175,43.788496,,,22.6047060371155,16.6840198253452,5220.79167210424,616.551269751384,1
1048631,48329742,3,224,01:52:20,-79.258053,43.788354,,,22.6047060371155,18.6008982688177,5239.39257037306,619.513627839908,1
1048631,48329742,3,225,01:52:23,-79.257887,43.788204,,,22.6047060371155,21.3723550792155,5260.76492545227,622.917365015647,1
1048631,48329742,3,226,01:52:25,-79.257785,43.78809,,,22.6047060371155,15.1074894112019,5275.87241486347,625.323366747809,1
1048631,48329742,3,227,01:52:28,-79.257667,43.787969,,,22.6047060371155,16.472819167458,5292.34523403093,627.946809357745,1
1048631,48329742,3,228,01:52:31,-79.257548,43.787813,,,22.6047060371155,19.8248701756474,5312.17010420658,631.104095832303,1
1048631,48329742,3,229,01:52:34,-79.257444,43.787666,,,22.6047060371155,18.3747230257782,5330.54482723236,634.030433506599,1
1048631,48329742,3,230,01:52:37,-79.257338,43.787517,5609,20,22.6047060371155,18.6461604558343,5349.19098768819,637,1
1048631,48329742,3,231,01:52:37,-79.257338,43.787517,5609,20,1e-12,0,5349.19098768819,637,1
1048631,48329742,3,232,01:52:39,-79.257269,43.787384,,,27.1363598699193,15.8098082437477,5365.00079593194,639.097381887266,1
1048631,48329742,3,233,01:52:45,-79.257118,43.787012,,,27.1363598699193,43.1522067021686,5408.15300263411,644.82209754082,1
1048631,48329742,3,234,01:52:56,-79.256824,43.78627,,,27.1363598699193,85.9118162052158,5494.06481883932,656.219445594183,1
1048631,48329742,3,235,01:53:04,-79.256628,43.78578,,,27.1363598699193,56.7753095061549,5550.84012834548,663.751447498709,1
1048631,48329742,3,236,01:53:10,-79.256463,43.785374,10097,21,27.1363598699193,47.1008248169736,5597.94095316245,670,1
1048631,48329742,3,237,01:53:10,-79.256463,43.785374,10097,21,1e-12,0,5597.94095316245,670,1
1048631,48329742,3,238,01:53:12,-79.25643,43.785256,,,23.946199903392,13.4007492986022,5611.34170246105,672.014628528518,1
1048631,48329742,3,239,01:53:19,-79.256262,43.784857,,,23.946199903392,46.4232045884399,5657.76490704949,678.993754118074,1
1048631,48329742,3,240,01:53:19,-79.256253,43.784835,,,23.946199903392,2.55360547093689,5660.31851252043,679.377655519234,1
1048631,48329742,3,241,01:53:33,-79.25595,43.784072,,,23.946199903392,88.3585560327938,5748.67706855323,692.661216293025,1
1048631,48329742,3,242,01:53:39,-79.255807,43.783691,,,23.946199903392,43.94221877765,5792.61928733088,699.267357903709,1
1048631,48329742,3,243,01:53:48,-79.255621,43.783213,,,23.946199903392,55.2705865621071,5847.88987389298,707.576572410658,1
1048631,48329742,3,244,01:53:50,-79.255577,43.783094,,,23.946199903392,13.7108852162059,5861.60075910919,709.637825844501,1
1048631,48329742,3,245,01:53:52,-79.255535,43.782976,,,23.946199903392,13.5624680516527,5875.16322716084,711.676766686176,1
1048631,48329742,3,246,01:53:54,-79.255493,43.782857,,,23.946199903392,13.6703143935411,5888.83354155438,713.731920824006,1
1048631,48329742,3,247,01:53:56,-79.255452,43.782738,,,23.946199903392,13.6506933140162,5902.4842348684,715.784125187484,1
1048631,48329742,3,248,01:53:56,-79.255449,43.78273,,,23.946199903392,0.922617321761428,5903.40685219016,715.922828713377,1
1048631,48329742,3,249,01:53:58,-79.255412,43.782619,,,23.946199903392,12.7092431883845,5916.11609537854,717.833498283612,1
1048631,48329742,3,250,01:54:00,-79.255373,43.7825,,,23.946199903392,13.6127893962499,5929.72888477479,719.880004285575,1
1048631,48329742,3,251,01:54:02,-79.255334,43.782381,,,23.946199903392,13.6127908335081,5943.3416756083,721.926510503611,1
1048631,48329742,3,252,01:54:04,-79.255297,43.782262,,,23.946199903392,13.5766822224479,5956.91835783075,723.967588261168,1
1048631,48329742,3,253,01:54:06,-79.25526,43.782142,,,23.946199903392,13.6853217189201,5970.60367954967,726.024998555364,1
1048631,48329742,3,254,01:54:08,-79.255224,43.782023,,,23.946199903392,13.5593081841137,5984.16298773378,728.063464352014,1
1048631,48329742,3,255,01:54:10,-79.255189,43.781903,,,23.946199903392,13.6512985228045,5997.81428625659,730.115759700769,1
1048631,48329742,3,256,01:54:12,-79.255154,43.781783,,,23.946199903392,13.6512996855421,6011.46558594213,732.168055224327,1
1048631,48329742,3,257,01:54:14,-79.255121,43.781663,,,23.946199903392,13.6190870783147,6025.08467302045,734.215508000957,1
1048631,48329742,3,258,01:54:16,-79.255096,43.781586,,,23.946199903392,8.80394767601092,6033.88862069646,735.539067136081,1
1048631,48329742,3,259,01:54:17,-79.255071,43.781508,,,23.946199903392,8.91236610729245,6042.80098680375,736.878925573565,1
1048631,48329742,3,260,01:54:17,-79.255065,43.781493,,,23.946199903392,1.73802980332814,6044.53901660708,737.140215770641,1
1048631,48329742,3,261,01:54:18,-79.255046,43.781435,,,23.946199903392,6.63465588328806,6051.17367249036,738.137650072376,1
1048631,48329742,3,262,01:54:18,-79.255045,43.781431,,,23.946199903392,0.452473150135305,6051.6261456405,738.20567353109,1
1048631,48329742,3,263,01:54:20,-79.255018,43.781354,,,23.946199903392,8.84201977820286,6060.4681654187,739.534956312072,1
1048631,48329742,3,264,01:54:21,-79.254991,43.781277,,,23.946199903392,8.8420204641071,6069.31018588281,740.864239196171,1
1048631,48329742,3,265,01:54:22,-79.254968,43.781215,,,23.946199903392,7.14507176103169,6076.45525764384,741.938407892811,1
1048631,48329742,3,266,01:54:22,-79.254962,43.781201,,,23.946199903392,1.63137397061996,6078.08663161446,742.183663771319,1
1048631,48329742,3,267,01:54:24,-79.254933,43.781124,,,23.946199903392,8.8828384700118,6086.96947008447,743.519083112219,1
1048631,48329742,3,268,01:54:25,-79.254903,43.781048,,,23.946199903392,8.79715675716834,6095.76662684164,744.841621320935,1
1048631,48329742,3,269,01:54:25,-79.25489,43.781015,,,23.946199903392,3.81923917414144,6099.58586601578,745.415794303804,1
1048631,48329742,3,270,01:54:26,-79.254873,43.780971,,,23.946199903392,5.08505535049395,6104.67092136628,746.180266300849,1
1048631,48329742,3,271,01:54:28,-79.254841,43.780895,,,23.946199903392,8.84256675275893,6113.51348811904,747.509631312348,1
1048631,48329742,3,272,01:54:28,-79.25482,43.780846,,,23.946199903392,5.70981171453837,6119.22329983357,748.368027310681,1
1048631,48329742,3,273,01:54:29,-79.254809,43.780819,,,23.946199903392,3.13295435498795,6122.35625418856,748.839026288534,1
1048631,48329742,3,274,01:54:30,-79.254787,43.780769,,,23.946199903392,5.84007979156947,6128.19633398013,749.717006399552,1
1048631,48329742,3,275,01:54:30,-79.254776,43.780744,,,23.946199903392,2.92004006219783,6131.11637404233,750.155996480079,1
1048631,48329742,3,276,01:54:31,-79.254743,43.780668,,,23.946199903392,8.86627960224759,6139.98265364458,751.488926410375,1
1048631,48329742,3,277,01:54:33,-79.254708,43.780593,,,23.946199903392,8.8101219843062,6148.79277562888,752.813413772523,1
1048631,48329742,3,278,01:54:34,-79.254673,43.780518,,,23.946199903392,8.8101231150412,6157.60289874392,754.137901304662,1
1048631,48329742,3,279,01:54:35,-79.254637,43.780443,,,23.946199903392,8.83611495270557,6166.43901369663,755.466296371857,1
1048631,48329742,3,280,01:54:37,-79.2546,43.780368,,,23.946199903392,8.86275957556141,6175.30177327219,756.79869711188,1
1048631,48329742,3,281,01:54:38,-79.254563,43.780293,,,23.946199903392,8.86276083089638,6184.16453410309,758.131098040627,1
1048631,48329742,3,282,01:54:39,-79.254524,43.780219,,,23.946199903392,8.81385387967658,6192.97838798276,759.456146444751,1
1048631,48329742,3,283,01:54:41,-79.254485,43.780145,,,23.946199903392,8.81385525711325,6201.79224323988,760.781195055956,1
1048631,48329742,3,284,01:54:42,-79.254445,43.780071,,,23.946199903392,8.84275924609414,6210.63500248597,762.110589006326,1
1048631,48329742,3,285,01:54:50,-79.254213,43.779599,,,23.946199903392,55.7533846791686,6266.38838716514,770.492385936727,1
1048631,48329742,3,286,01:54:51,-79.254206,43.779581,,,23.946199903392,2.08123805864104,6268.46962522378,770.805273035362,1
1048631,48329742,3,287,01:54:59,-79.254019,43.779101,,,23.946199903392,55.5069469253251,6323.97657214911,779.150021251669,1
1048631,48329742,3,288,01:55:07,-79.253836,43.778644,,,23.946199903392,52.9566163713791,6376.93318852049,787.111360408032,1
1048631,48329742,3,289,01:55:19,-79.253573,43.777985,,,23.946199903392,76.3443890801412,6453.27757760063,798.588747291851,1
1048631,48329742,3,290,01:55:20,-79.253547,43.777922,,,23.946199903392,7.31786074446249,6460.59543834509,799.688892566941,1
1048631,48329742,3,291,01:55:29,-79.2533329980298,43.7773715001997,,,23.946199903392,63.6495595592428,6524.24499790433,809.257776788141,1
1048631,48329742,3,292,01:55:39,-79.253119,43.776821,,,23.946199903392,63.6495595634187,6587.89455746775,818.826661009969,1
1048631,48329742,3,293,01:55:48,-79.252912,43.7763,,,23.946199903392,60.3368253908107,6648.23138285856,827.897518694413,1
1048631,48329742,3,294,01:55:55,-79.2527434987757,43.7758655001238,,,23.946199903392,50.2287550543435,6698.46013791291,835.448759347425,1
1048631,48329742,3,295,01:56:03,-79.252575,43.775431,7239,22,23.946199903392,50.2287550514414,6748.68889296435,843,1
1048631,48329742,3,296,01:56:03,-79.252575,43.775431,7239,22,1e-12,0,6748.68889296435,843,1
1048631,48329742,3,297,01:56:10,-79.2532275012766,43.775314001856,,,26.3716433034702,54.0404030106926,6802.72929597504,850.377069703233,1
1048631,48329742,3,298,01:56:18,-79.25388,43.775197,,,26.3716433034702,54.0404030120423,6856.76969898708,857.75413940665,1
1048631,48329742,3,299,01:56:20,-79.254079,43.775156,,,26.3716433034702,16.6339037707253,6873.40360275781,860.024838008384,1
1048631,48329742,3,300,01:56:24,-79.254395,43.775096,,,26.3716433034702,26.2633986061619,6899.66700136397,863.610061496134,1
1048631,48329742,3,301,01:56:24,-79.254423,43.775089,,,26.3716433034702,2.38170585697346,6902.04870722094,863.935188792391,1
1048631,48329742,3,302,01:56:33,-79.255185,43.774947,,,26.3716433034702,63.2561551647476,6965.30486238569,872.570303258812,1
1048631,48329742,3,303,01:56:36,-79.255535,43.77493,,,26.3716433034702,28.1964640717395,6993.50132645743,876.41941002437,1
1048631,48329742,3,304,01:56:43,-79.256138,43.774912,,,26.3716433034702,48.5103589988929,7042.01168545632,883.041571957412,1
1048631,48329742,3,305,01:56:44,-79.256131,43.77482,,,26.3716433034702,10.2568376252229,7052.26852308154,884.441735573532,1
1048631,48329742,3,306,01:56:45,-79.256133,43.77477,,,26.3716433034702,5.56829563277274,7057.83681871432,885.201865082615,1
1048631,48329742,3,307,01:56:45,-79.256137,43.77476,,,26.3716433034702,1.15869658217826,7058.9955152965,885.360039059407,1
1048631,48329742,3,308,01:56:46,-79.256148,43.774729,,,26.3716433034702,3.56237461723389,7062.55788991373,885.846339760295,1
1048631,48329742,3,309,01:56:46,-79.256149,43.774728,,,26.3716433034702,0.137306104183083,7062.69519601791,885.86508345288,1
1048631,48329742,3,310,01:56:47,-79.256195,43.77469,,,26.3716433034702,5.61831315218,7068.31350917009,886.632040866762,1
1048631,48329742,3,311,01:56:47,-79.256254,43.77467,,,26.3716433034702,5.23902392066173,7073.55253309075,887.347221407366,1
1048631,48329742,3,312,01:56:57,-79.25712,43.774442,,,26.3716433034702,74.092064780364,7147.64459787112,897.461548760421,1
1048631,48329742,3,313,01:57:02,-79.25754,43.774365,,,26.3716433034702,34.8309361054912,7182.47553397661,902.216329057456,1
1048631,48329742,3,314,01:57:12,-79.258366,43.77418,,,26.3716433034702,69.5149411323105,7251.99047510892,911.705832051128,1
1048631,48329742,3,315,01:57:16,-79.258709,43.774106,,,26.3716433034702,28.7749279054209,7280.76540301434,915.633905067567,1
1048631,48329742,3,316,01:57:18,-79.25887,43.774153,,,26.3716433034702,13.9589150403767,7294.72431805472,917.539440250455,1
1048631,48329742,3,317,01:57:19,-79.258931,43.774226,,,26.3716433034702,9.49098016932088,7304.21529822404,918.835056462778,1
1048631,48329742,3,318,01:57:20,-79.258981,43.774284,,,26.3716433034702,7.60522091975871,7311.8205191438,919.873247181349,1
1048631,48329742,3,319,01:57:26,-79.259492,43.774113,,,26.3716433034702,45.2710911743659,7357.09161031816,926.053215807205,1
1048631,48329742,3,320,01:57:29,-79.259727,43.774039,,,26.3716433034702,20.6075668843793,7377.69917720254,928.866360211217,1
1048631,48329742,3,321,01:57:31,-79.259912,43.773975,,,26.3716433034702,16.4890470910989,7394.18822429364,931.117284389315,1
1048631,48329742,3,322,01:57:33,-79.260109,43.773924,,,26.3716433034702,16.822030945219,7411.01025523886,933.41366428138,1
1048631,48329742,3,323,01:57:37,-79.260391,43.773838,,,26.3716433034702,24.606210733685,7435.61646597255,936.772664614499,1
1048631,48329742,3,324,01:57:40,-79.260679,43.77376,,,26.3716433034702,24.7245984206354,7460.34106439318,940.147826082066,1
1048631,48329742,3,325,01:57:43,-79.260932,43.773678,,,26.3716433034702,22.2911667878688,7482.63223118105,943.190799154046,1
1048631,48329742,3,326,01:57:46,-79.261132,43.773612,,,26.3716433034702,17.6755917856935,7500.30782296674,945.603698862125,1
1048631,48329742,3,327,01:57:53,-79.2617790014768,43.7734755018249,7848,23,26.3716433034702,54.1812820480811,7554.48910501482,953,1
1048631,48329742,3,328,01:57:53,-79.2617790014768,43.7734755018249,7848,23,1e-12,0,7554.48910501482,953,1
1048631,48329742,3,329,01:58:04,-79.262426,43.773339,,,17.1336719054345,54.1812820476065,7608.67038706243,964.384168930509,1
1048631,48329742,3,330,01:58:12,-79.262302,43.773048,,,17.1336719054345,33.8927408840209,7642.56312794645,971.505460143269,1
1048631,48329742,3,331,01:58:13,-79.262274,43.772978,,,17.1336719054345,8.11089439353595,7650.67402233999,973.209661086177,1
1048631,48329742,3,332,01:58:26,-79.2620899984109,43.7724615001476,,,17.1336719054345,59.3684053079209,7710.04242764791,985.683709864987,1
1048631,48329742,3,333,01:58:38,-79.261906,43.771945,,,17.1336719054345,59.3684053056264,7769.41083295354,998.157758643315,1
1048631,48329742,3,334,01:58:42,-79.261831,43.771811,,,17.1336719054345,16.0890494247412,7785.49988237828,1001.53827031931,1
1048631,48329742,3,335,01:58:55,-79.261619,43.771274,,,17.1336719054345,62.1601828630041,7847.66006524128,1014.59890668156,1
1048631,48329742,3,336,01:58:59,-79.26156,43.77111,,,17.1336719054345,18.862375145631,7866.52244038691,1018.56212897851,1
1048631,48329742,3,337,01:59:03,-79.261507,43.770939,,,17.1336719054345,19.5065717709917,7886.0290121579,1022.6607050901,1
1048631,48329742,3,338,01:59:06,-79.261479,43.7708,,,17.1336719054345,15.6362534310014,7901.6652655889,1025.94607863188,1
1048631,48329742,3,339,01:59:09,-79.26143,43.770669,,,17.1336719054345,15.1054425016585,7916.77070809056,1029.11992212008,1
1048631,48329742,3,340,01:59:12,-79.261384,43.77054,,,17.1336719054345,14.8286541658136,7931.59936225638,1032.23560889706,1
1048631,48329742,3,341,01:59:15,-79.261356,43.770404,,,17.1336719054345,15.3058506715435,7946.90521292792,1035.45156066278,1
1048631,48329742,3,342,01:59:19,-79.261334,43.770265,,,17.1336719054345,15.5741435050142,7962.47935643293,1038.7238841278,1
1048631,48329742,3,343,01:59:23,-79.261331,43.770065,,,17.1336719054345,22.2652041986076,7984.74456063154,1043.4020836146,1
1048631,48329742,3,344,01:59:35,-79.2619830045948,43.7699245055595,,,17.1336719054345,54.6959443905381,8039.44050502208,1054.89438957754,1
1048631,48329742,3,345,01:59:46,-79.2626350061264,43.7697840074126,,,17.1336719054345,54.6959443908742,8094.13644941295,1066.38669554056,1
1048631,48329742,3,346,01:59:58,-79.2632870045949,43.7696435055594,,,17.1336719054345,54.6959443925517,8148.83239380551,1077.87900150392,1
1048631,48329742,3,347,02:00:09,-79.263939,43.769503,,,17.1336719054345,54.6959443894227,8203.52833819493,1089.37130746663,1
1048631,48329742,3,348,02:00:28,-79.26498,43.769276,,,17.1336719054345,87.4150692008676,8290.94340739579,1107.73831314177,1
1048631,48329742,3,349,02:00:42,-79.265791,43.769098,,,17.1336719054345,68.1389089819944,8359.08231637779,1122.05515507087,1
1048631,48329742,3,350,02:00:43,-79.265855,43.769084,,,17.1336719054345,5.37566995521084,8364.457986333,1123.18465095159,1
1048631,48329742,3,351,02:00:55,-79.266499,43.768941,,,17.1336719054345,54.1617969175697,8418.61978325057,1134.56472581117,1
1048631,48329742,3,352,02:01:15,-79.2676505049766,43.7686825057802,,,17.1336719054345,96.9365266572117,8515.55630990778,1154.93230947286,1
1048631,48329742,3,353,02:01:35,-79.268802,43.768424,,,17.1336719054345,96.9365266567822,8612.49283656457,1175.29989313447,1
1048631,48329742,3,354,02:01:56,-79.2699560048233,43.7681740058054,,,17.1336719054345,96.8530941042514,8709.34593066882,1195.64994656724,1
1048631,48329742,3,355,02:02:16,-79.27111,43.767924,24678,24,17.1336719054345,96.8530941041372,8806.19902477296,1216,1
1048631,48329742,3,356,02:02:16,-79.27111,43.767924,24678,24,1e-12,0,8806.19902477296,1216,1
1048631,48329742,3,357,02:02:20,-79.2719545025767,43.767741503109,,,58.2818478708846,70.8634024299842,8877.06242720294,1220.3771475694,1
1048631,48329742,3,358,02:02:25,-79.272799,43.767559,,,58.2818478708846,70.8634024285165,8947.92582963145,1224.7542951387,1
1048631,48329742,3,359,02:02:25,-79.272819,43.767555,,,58.2818478708846,1.66831271981498,8949.59414235127,1224.85734481902,1
1048631,48329742,3,360,02:02:26,-79.272969,43.767523,,,58.2818478708846,12.5736027741787,8962.16774512545,1225.63400121617,1
1048631,48329742,3,361,02:02:26,-79.273008,43.76764,,,58.2818478708846,13.3964144533516,8975.5641595788,1226.46148170614,1
1048631,48329742,3,362,02:02:27,-79.273002,43.767628,,,58.2818478708846,1.4202468510352,8976.98440642983,1226.54920865459,1
1048631,48329742,3,363,02:02:27,-79.273015,43.767651,,,58.2818478708846,2.76541871516758,8979.749825145,1226.72002525938,1
1048631,48329742,3,364,02:02:27,-79.273023,43.767663,,,58.2818478708846,1.48258219748805,8981.23240734249,1226.81160258759,1
1048631,48329742,3,365,02:02:27,-79.273032,43.767674,,,58.2818478708846,1.42228514043413,8982.65469248292,1226.89945543874,1
1048631,48329742,3,366,02:02:27,-79.273041,43.767685,,,58.2818478708846,1.42228507388115,8984.07697755681,1226.98730828577,1
1048631,48329742,3,367,02:02:27,-79.273051,43.767695,,,58.2818478708846,1.37311643467414,8985.45009399148,1227.0721240448,1
1048631,48329742,3,368,02:02:27,-79.273061,43.767706,,,58.2818478708846,1.46481436654453,8986.91490835802,1227.16260387535,1
1048631,48329742,3,369,02:02:27,-79.273073,43.767715,,,58.2818478708846,1.39080830093326,8988.30571665896,1227.24851243979,1
1048631,48329742,3,370,02:02:27,-79.273085,43.767725,,,58.2818478708846,1.47302273423236,8989.77873939319,1227.33949929139,1
1048631,48329742,3,371,02:02:27,-79.273097,43.767734,,,58.2818478708846,1.39080808859447,8991.16954748178,1227.42540784271,1
1048631,48329742,3,372,02:02:28,-79.27311,43.767742,,,58.2818478708846,1.37304172603362,8992.54258920782,1227.51021898708,1
1048631,48329742,3,373,02:02:28,-79.273124,43.767751,,,58.2818478708846,1.50678260189525,8994.04937180971,1227.60329114531,1
1048631,48329742,3,374,02:02:28,-79.273138,43.767758,,,58.2818478708846,1.36888587846243,8995.41825768818,1227.68784558794,1
1048631,48329742,3,375,02:02:28,-79.273152,43.767766,,,58.2818478708846,1.43517547878173,8996.85343316696,1227.77649465986,1
1048631,48329742,3,376,02:02:28,-79.273167,43.767772,,,58.2818478708846,1.37846376633926,8998.2318969333,1227.86164071717,1
1048631,48329742,3,377,02:02:28,-79.273182,43.767779,,,58.2818478708846,1.43570833155297,8999.66760526485,1227.95032270277,1
1048631,48329742,3,378,02:02:28,-79.273198,43.767784,,,58.2818478708846,1.40149385387234,9001.06909911872,1228.03689130103,1
1048631,48329742,3,379,02:02:28,-79.273214,43.76779,,,58.2818478708846,1.44930915798177,9002.5184082767,1228.1264133934,1
1048631,48329742,3,380,02:02:28,-79.273231,43.767794,,,58.2818478708846,1.43732967162102,9003.95573794833,1228.21519552723,1
1048631,48329742,3,381,02:02:28,-79.273247,43.767798,,,58.2818478708846,1.36112305164456,9005.31686099997,1228.29927046935,1
1048631,48329742,3,382,02:02:28,-79.273264,43.767802,,,58.2818478708846,1.43732949783318,9006.7541904978,1228.38805259245,1
1048631,48329742,3,383,02:02:28,-79.273281,43.767805,,,58.2818478708846,1.40683035987164,9008.16102085767,1228.47495082029,1
1048631,48329742,3,384,02:02:29,-79.273299,43.767808,,,58.2818478708846,1.48504432121583,9009.64606517889,1228.56668023093,1
1048631,48329742,3,385,02:02:29,-79.273316,43.767809,,,58.2818478708846,1.37114372603751,9011.01720890493,1228.65137413811,1
1048631,48329742,3,386,02:02:29,-79.273334,43.767811,,,58.2818478708846,1.46403423782282,9012.48124314275,1228.74180578105,1
1048631,48329742,3,387,02:02:29,-79.27335,43.767811,,,58.2818478708846,1.28622807689795,9013.76747121965,1228.82125455019,1
1048631,48329742,3,388,02:02:34,-79.2742560029839,43.7676140035783,,,58.2818478708846,76.0628310513533,9089.830302271,1233.51956460363,1
1048631,48329742,3,389,02:02:38,-79.275162,43.767417,,,58.2818478708846,76.0628310527725,9165.89313332377,1238.21787465716,1
1048631,48329742,3,390,02:02:38,-79.275183,43.767415,,,58.2818478708846,1.70280309928114,9167.59593642306,1238.32305476694,1
1048631,48329742,3,391,02:02:38,-79.275201,43.767413,,,58.2818478708846,1.46404370608857,9169.05998012914,1238.41348699472,1
1048631,48329742,3,392,02:02:39,-79.275219,43.76741,,,58.2818478708846,1.48505363385463,9170.545033763,1238.50521698059,1
1048631,48329742,3,393,02:02:39,-79.275237,43.767406,,,58.2818478708846,1.51397778760627,9172.0590115506,1238.59873357683,1
1048631,48329742,3,394,02:02:39,-79.275255,43.767402,,,58.2818478708846,1.51397787911416,9173.57298942972,1238.69225017872,1
1048631,48329742,3,395,02:02:39,-79.275272,43.767397,,,58.2818478708846,1.4756250719698,9175.04861450169,1238.78339777361,1
1048631,48329742,3,396,02:02:39,-79.275289,43.767392,,,58.2818478708846,1.47562517910378,9176.52423968079,1238.87454537512,1
1048631,48329742,3,397,02:02:39,-79.275306,43.767386,,,58.2818478708846,1.52111220229682,9178.04535188309,1238.96850265561,1
1048631,48329742,3,398,02:02:39,-79.275322,43.767379,,,58.2818478708846,1.50386694476445,9179.54921882785,1239.06139471719,1
1048631,48329742,3,399,02:02:39,-79.275338,43.767372,,,58.2818478708846,1.50386707621456,9181.05308590407,1239.15428678688,1
1048631,48329742,3,400,02:02:39,-79.275354,43.767365,,,58.2818478708846,1.50386720283898,9182.55695310691,1239.2471788644,1
1048631,48329742,3,401,02:02:39,-79.275369,43.767357,,,58.2818478708846,1.49905270047458,9184.05600580738,1239.33977355587,1
1048631,48329742,3,402,02:02:39,-79.275383,43.767348,,,58.2818478708846,1.5067881406035,9185.56279394799,1239.43284605621,1
1048631,48329742,3,403,02:02:40,-79.275397,43.76734,,,58.2818478708846,1.43518164855024,9186.99797559653,1239.52149550923,1
1048631,48329742,3,404,02:02:40,-79.275411,43.76733,,,58.2818478708846,1.5829907726943,9188.58096636923,1239.61927495498,1
1048631,48329742,3,405,02:02:40,-79.275424,43.76732,,,58.2818478708846,1.52688300541206,9190.10784937464,1239.71358869108,1
1048631,48329742,3,406,02:02:40,-79.275436,43.76731,,,58.2818478708846,1.47302701245311,9191.58087638709,1239.80457580694,1
1048631,48329742,3,407,02:02:40,-79.275448,43.7673,,,58.2818478708846,1.47302712007736,9193.05390350717,1239.89556292945,1
1048631,48329742,3,408,02:02:40,-79.275459,43.767289,,,58.2818478708846,1.51043150196329,9194.56433500913,1239.98886047587,1
1048631,48329742,3,409,02:02:40,-79.275469,43.767277,,,58.2818478708846,1.5590724218723,9196.12340743101,1240.0851625137,1
1048631,48329742,3,410,02:02:40,-79.275478,43.767266,,,58.2818478708846,1.4222875831683,9197.54569501418,1240.17301551573,1
1048631,48329742,3,411,02:02:40,-79.275487,43.767254,,,58.2818478708846,1.51918360895854,9199.06487862314,1240.26685366933,1
1048631,48329742,3,412,02:02:40,-79.275494,43.767242,,,58.2818478708846,1.44952313584885,9200.51440175898,1240.35638897885,1
1048631,48329742,3,413,02:02:40,-79.275501,43.76723,,,58.2818478708846,1.44952318228595,9201.96392494127,1240.44592429125,1
1048631,48329742,3,414,02:02:41,-79.275507,43.767218,,,58.2818478708846,1.42024797087217,9203.38417291214,1240.53365130887,1
1048631,48329742,3,415,02:02:41,-79.275512,43.767205,,,58.2818478708846,1.50193773442541,9204.88611064657,1240.62642420543,1
1048631,48329742,3,416,02:02:41,-79.275516,43.767193,,,58.2818478708846,1.3739917065352,9206.2601023531,1240.71129402896,1
1048631,48329742,3,417,02:02:41,-79.27552,43.76718,,,58.2818478708846,1.48244864270062,9207.7425509958,1240.80286310765,1
1048631,48329742,3,418,02:02:41,-79.275522,43.767167,,,58.2818478708846,1.45605741037066,9209.19860840617,1240.89280203149,1
1048631,48329742,3,419,02:02:41,-79.275524,43.767154,,,58.2818478708846,1.45605741434204,9210.65466582052,1240.98274095559,1
1048631,48329742,3,420,02:02:41,-79.275525,43.767141,,,58.2818478708846,1.44938451688019,9212.10405033739,1241.07226770279,1
1048631,48329742,3,421,02:02:41,-79.275525,43.767128,,,58.2818478708846,1.44715337895345,9213.55120371635,1241.16165663527,1
1048631,48329742,3,422,02:02:41,-79.275524,43.767114,,,58.2818478708846,1.56054486549377,9215.11174858184,1241.25804962419,1
1048631,48329742,3,423,02:02:41,-79.275523,43.767101,,,58.2818478708846,1.44938451991862,9216.56113310176,1241.34757637157,1
1048631,48329742,3,424,02:02:42,-79.275482,43.766988,,,58.2818478708846,13.0037473676803,9229.56488046944,1242.15080228554,1
1048631,48329742,3,425,02:02:43,-79.275433,43.766927,,,58.2818478708846,7.85031736220343,9237.41519783164,1242.63570699492,1
1048631,48329742,3,426,02:02:43,-79.27538,43.76689,,,58.2818478708846,5.92606174874948,9243.3412595804,1243.00175273772,1
1048631,48329742,3,427,02:02:43,-79.275359,43.766877,,,58.2818478708846,2.22357233392684,9245.56483191432,1243.13910013994,1
1048631,48329742,3,428,02:02:43,-79.275332,43.766867,,,58.2818478708846,2.43935728318504,9248.00418919751,1243.28977632027,1
1048631,48329742,3,429,02:02:43,-79.2753,43.766858,,,58.2818478708846,2.7607055050996,9250.76489470261,1243.46030179572,1
1048631,48329742,3,430,02:02:44,-79.275263,43.766853,,,58.2818478708846,3.02607884682772,9253.79097354943,1243.64721906493,1
1048631,48329742,3,431,02:02:44,-79.275206,43.766855,,,58.2818478708846,4.58766634512262,9258.37863989456,1243.93059372524,1
1048631,48329742,3,432,02:02:44,-79.275137,43.766864,,,58.2818478708846,5.63669879933386,9264.01533869389,1244.27876586492,1
1048631,48329742,3,433,02:02:48,-79.2744395014343,43.7669870021208,,,58.2818478708846,57.7198348064907,9321.73517350038,1247.84405099046,1
1048631,48329742,3,434,02:02:51,-79.273742,43.76711,,,58.2818478708846,57.719834803753,9379.45500830413,1251.40933611584,1
1048631,48329742,3,435,02:02:55,-79.272975,43.767245,,,58.2818478708846,63.4641874492322,9442.91919575337,1255.32944303014,1
1048631,48329742,3,436,02:02:55,-79.27296,43.767256,,,58.2818478708846,1.71857790852375,9444.63777366189,1255.43559753102,1
1048631,48329742,3,437,02:02:56,-79.272947,43.767266,,,58.2818478708846,1.52688376919272,9446.16465743108,1255.52991131429,1
1048631,48329742,3,438,02:02:56,-79.272933,43.767278,,,58.2818478708846,1.7467431799145,9447.911400611,1255.63780555028,1
1048631,48329742,3,439,02:02:56,-79.272921,43.767289,,,58.2818478708846,1.55885925367087,9449.47025986467,1255.73409442097,1
1048631,48329742,3,440,02:02:56,-79.272909,43.767301,,,58.2818478708846,1.64774345202743,9451.1180033167,1255.83587356223,1
1048631,48329742,3,441,02:02:56,-79.272897,43.767313,,,58.2818478708846,1.64774333872434,9452.76574665542,1255.93765269649,1
1048631,48329742,3,442,02:02:56,-79.272887,43.767326,,,58.2818478708846,1.65544759839876,9454.42119425382,1256.03990771365,1
1048631,48329742,3,443,02:02:56,-79.272877,43.767339,,,58.2818478708846,1.6554475140525,9456.07664176787,1256.1421627256,1
1048631,48329742,3,444,02:02:56,-79.272867,43.767352,,,58.2818478708846,1.65544743180802,9457.73208919968,1256.24441773247,1
1048631,48329742,3,445,02:02:56,-79.272859,43.767365,,,58.2818478708846,1.58362079368509,9459.31570999336,1256.34223609386,1
1048631,48329742,3,446,02:02:56,-79.272851,43.767379,,,58.2818478708846,1.68595356733482,9461.0016635607,1256.44637542821,1
1048631,48329742,3,447,02:02:57,-79.272844,43.767393,,,58.2818478708846,1.65695545096878,9462.65861901167,1256.54872358362,1
1048631,48329742,3,448,02:02:57,-79.272838,43.767407,,,58.2818478708846,1.63140689150695,9464.29002590317,1256.64949363509,1
1048631,48329742,3,449,02:02:58,-79.272819,43.767555,,,58.2818478708846,16.5459350732535,9480.83596097643,1257.67151624487,1
1048631,48329742,3,450,02:02:58,-79.272799,43.767559,,,58.2818478708846,1.66831271981498,9482.50427369624,1257.77456592518,1
1048631,48329742,3,451,02:03:02,-79.2719545025767,43.767741503109,,,58.2818478708846,70.8634024285165,9553.36767612476,1262.15171349449,1
1048631,48329742,3,452,02:03:07,-79.27111,43.767924,,,58.2818478708846,70.8634024299842,9624.23107855474,1266.52886106389,1
1048631,48329742,3,453,02:03:08,-79.271073,43.767726,,,58.2818478708846,22.2410469886011,9646.47212554335,1267.90266392162,1
1048631,48329742,3,454,02:03:10,-79.271017,43.767384,,,58.2818478708846,38.3365053595258,9684.80863090287,1270.27066398229,1
1048631,48329742,3,455,02:03:12,-79.270954,43.767069,,,58.2818478708846,35.4294929993394,9720.23812390221,1272.45910136815,1
1048631,48329742,3,456,02:03:13,-79.270921,43.766925,,,58.2818478708846,16.2480427718397,9736.48616667405,1273.46272352694,1
1048631,48329742,3,457,02:03:14,-79.270884,43.766781,,,58.2818478708846,16.3036335487414,9752.78980022279,1274.4697794615,1
1048631,48329742,3,458,02:03:15,-79.270852,43.766664,,,58.2818478708846,13.2760030422113,9766.065803265,1275.28982228269,1
1048631,48329742,3,459,02:03:16,-79.270796,43.766529,,,58.2818478708846,15.6879488612083,9781.75375212621,1276.25884811086,1
1048631,48329742,3,460,02:03:21,-79.270557,43.76588,,,58.2818478708846,74.7575777897789,9856.51132991599,1280.87653423226,1
1048631,48329742,3,461,02:03:24,-79.2703689985417,43.7654160001541,,,58.2818478708846,53.8180339384545,9910.32936385444,1284.20080978728,1
1048631,48329742,3,462,02:03:28,-79.270181,43.764952,,,58.2818478708846,53.8180339410089,9964.14739779545,1287.52508534245,1
1048631,48329742,3,463,02:03:32,-79.2699339973596,43.764312500266,,,58.2818478708846,73.9064268945717,10038.05382469,1292.09019689159,1
1048631,48329742,3,464,02:03:37,-79.269687,43.763673,,,58.2818478708846,73.9064268978444,10111.9602515879,1296.65530844093,1
1048631,48329742,3,465,02:03:41,-79.2694789981208,43.7631325001886,,,58.2818478708846,62.4487378737719,10174.4089894616,1300.5126922501,1
1048631,48329742,3,466,02:03:44,-79.269271,43.762592,,,58.2818478708846,62.4487378818792,10236.8577273435,1304.37007605977,1
1048631,48329742,3,467,02:03:47,-79.2690964987385,43.7621595001327,,,58.2818478708846,50.1480442470409,10287.0057715906,1307.46766074324,1
1048631,48329742,3,468,02:03:51,-79.268922,43.761727,,,58.2818478708846,50.1480442445551,10337.1538158351,1310.56524542656,1
1048631,48329742,3,469,02:03:56,-79.2686154959631,43.7609390004095,,,58.2818478708846,91.1152621164806,10428.2690779516,1316.1933261344,1
1048631,48329742,3,470,02:04:02,-79.268309,43.760151,,,58.2818478708846,91.115262117835,10519.3843400694,1321.82140684232,1
1048631,48329742,3,471,02:04:06,-79.2680709975278,43.7595295002469,,,58.2818478708846,71.7825353946761,10591.1668754641,1326.25532815507,1
1048631,48329742,3,472,02:04:11,-79.267833,43.758908,,,58.2818478708846,71.7825353911222,10662.9494108552,1330.68924946759,1
1048631,48329742,3,473,02:04:14,-79.2676399984598,43.7584305001624,,,58.2818478708846,55.3737727423858,10718.3231835976,1334.10962114685,1
1048631,48329742,3,474,02:04:18,-79.267447,43.757953,,,58.2818478708846,55.3737727442475,10773.6969563419,1337.52999282623,1
1048631,48329742,3,475,02:04:22,-79.267179,43.757259,,,58.2818478708846,80.2045098650513,10853.9014662069,1342.48412942385,1
1048631,48329742,3,476,02:04:27,-79.2669219970795,43.7565790002879,,,58.2818478708846,78.4670103231792,10932.3684765301,1347.33094275395,1
1048631,48329742,3,477,02:04:32,-79.266665,43.755899,,,58.2818478708846,78.4670103233594,11010.8354868535,1352.17775608406,1
1048631,48329742,3,478,02:04:37,-79.266377,43.755178,,,58.2818478708846,83.5351704007236,11094.3706572542,1357.33762359734,1
1048631,48329742,3,479,02:04:38,-79.266339,43.755078,,,58.2818478708846,11.5436562550139,11105.9143135092,1358.05066143049,1
1048631,48329742,3,480,02:04:42,-79.2661214979229,43.7545065002062,,,58.2818478708846,65.9790717880381,11171.8933852972,1362.12610974097,1
1048631,48329742,3,481,02:04:46,-79.265904,43.753935,,,58.2818478708846,65.9790717873214,11237.8724570846,1366.2015580514,1
1048631,48329742,3,482,02:04:48,-79.265782,43.753647,,,58.2818478708846,33.5272484276643,11271.3997055122,1368.27249606639,1
1048631,48329742,3,483,02:04:49,-79.265711,43.753494,,,58.2818478708846,17.9632302223805,11289.3629357346,1369.38206330153,1
1048631,48329742,3,484,02:04:51,-79.26565,43.753323,,,58.2818478708846,19.6574060106944,11309.0203417453,1370.59627774777,1
1048631,48329742,3,485,02:04:52,-79.265575,43.753124,,,58.2818478708846,22.9587816079669,11331.9791233533,1372.01441421406,1
1048631,48329742,3,486,02:04:53,-79.265508,43.752935,,,58.2818478708846,21.7181920252713,11353.6973153785,1373.35592094638,1
1048631,48329742,3,487,02:04:56,-79.265399,43.752602,,,58.2818478708846,38.0914489276347,11391.7887643062,1375.7087841645,1
1048631,48329742,3,488,02:04:58,-79.265313,43.752323,,,58.2818478708846,31.8186833271088,11423.6074476333,1377.67418615779,1
1048631,48329742,3,489,02:05:00,-79.265196,43.751927,,,58.2818478708846,45.075259905891,11468.6827075392,1380.45843102285,1
1048631,48329742,3,490,02:05:02,-79.26513,43.75171,,,58.2818478708846,24.7324414918527,11493.415149031,1381.98612433772,1
1048631,48329742,3,491,02:05:03,-79.265052,43.751521,,,58.2818478708846,21.9543708085658,11515.3695198396,1383.34221955087,1
1048631,48329742,3,492,02:05:05,-79.265018,43.751332,,,58.2818478708846,21.2162751885269,11536.5857950281,1384.6527234808,1
1048631,48329742,3,493,02:05:07,-79.264914,43.750999,24679,25,58.2818478708846,38.0010036118664,11574.58679864,1387,1
1048631,48329742,3,494,02:05:07,-79.264914,43.750999,24679,25,1e-12,0,11574.58679864,1387,1
1048631,48329742,3,495,02:05:15,-79.264686,43.750287,,,35.5850852394486,81.3523243666632,11655.9391230066,1395.23008757038,1
1048631,48329742,3,496,02:05:22,-79.264462,43.749693,,,35.5850852394486,68.5332486275388,11724.4723716342,1402.1633207887,1
1048631,48329742,3,497,02:05:30,-79.264161,43.748999,,,35.5850852394486,80.958703075772,11805.43107471,1410.35358727568,1
1048631,48329742,3,498,02:05:35,-79.264003,43.748583,,,35.5850852394486,48.0202637502645,11853.4513384602,1415.21160428864,1
1048631,48329742,3,499,02:05:41,-79.263775,43.748053,,,35.5850852394486,61.7825459849988,11915.2338844452,1421.46189606255,1
1048631,48329742,3,500,02:05:50,-79.263469,43.747287,,,35.5850852394486,88.7503306733434,12003.9842151186,1430.44041018649,1
1048631,48329742,3,501,02:05:55,-79.263296,43.746883,,,35.5850852394486,47.0757430028787,12051.0599581214,1435.20287383299,1
1048631,48329742,3,502,02:06:01,-79.263081,43.746377,,,35.5850852394486,58.9214989139224,12109.9814570354,1441.16372497786,1
1048631,48329742,3,503,02:06:10,-79.262747,43.745585,,,35.5850852394486,92.1657365475349,12202.1471935829,1450.48776198209,1
1048631,48329742,3,504,02:06:14,-79.262619,43.745251,,,35.5850852394486,38.5793332744375,12240.7265268573,1454.39067801709,1
1048631,48329742,3,505,02:06:17,-79.262541,43.745053,,,35.5850852394486,22.916464203933,12263.6429910613,1456.70904456249,1
1048631,48329742,3,506,02:06:26,-79.262216,43.744296,,,35.5850852394486,88.229033181327,12351.8720242426,1465.63482111509,1
1048631,48329742,3,507,02:06:32,-79.2619739976514,43.7437150002553,,,35.5850852394486,67.5413688866941,12419.4133931293,1472.467709848,1
1048631,48329742,3,508,02:06:39,-79.261732,43.743134,,,35.5850852394486,67.5413688890853,12486.9547620184,1479.30059858115,1
1048631,48329742,3,509,02:06:46,-79.261466,43.74254,,,35.5850852394486,69.4981412088368,12556.4529032272,1486.33144610247,1
1048631,48329742,3,510,02:06:50,-79.261326,43.742188,,,35.5850852394486,40.7700062195095,12597.2229094467,1490.45598371149,1
1048631,48329742,3,511,02:06:58,-79.261062,43.741567,,,35.5850852394486,72.3164621262604,12669.539371573,1497.77194942866,1
1048631,48329742,3,512,02:07:05,-79.2608294977593,43.7409900002357,,,35.5850852394486,66.8977874205365,12736.4371589935,1504.53972961222,1
1048631,48329742,3,513,02:07:11,-79.260597,43.740413,,,35.5850852394486,66.8977874253944,12803.3349464189,1511.30750979628,1
1048631,48329742,3,514,02:07:20,-79.2602844961455,43.7396745004257,,,35.5850852394486,85.9655936164902,12889.3005400354,1520.00430326851,1
1048631,48329742,3,515,02:07:29,-79.259972,43.738936,,,35.5850852394486,85.9655936219168,12975.2661336573,1528.7010967413,1
1048631,48329742,3,516,02:07:33,-79.259853,43.738603,,,35.5850852394486,38.2850241249073,13013.5511577822,1532.57423870294,1
1048631,48329742,3,517,02:07:34,-79.259789,43.738451,,,35.5850852394486,17.6861945864383,13031.2373523687,1534.3634799,1
1048631,48329742,3,518,02:07:41,-79.259564,43.737918,,,35.5850852394486,62.0316358547967,13093.2689882235,1540.63897109454,1
1048631,48329742,3,519,02:07:49,-79.25927,43.737224,,,35.5850852394486,80.7935571173105,13174.0625453408,1548.81253042889,1
1048631,48329742,3,520,02:07:54,-79.259083,43.736774,,,35.5850852394486,52.3029969087788,13226.3655422495,1554.10381433631,1
1048631,48329742,3,521,02:08:03,-79.258774,43.736044,,,35.5850852394486,84.9788186640235,13311.3443609136,1562.70077975404,1
1048631,48329742,3,522,02:08:10,-79.25852,43.735458,,,35.5850852394486,68.3575190198941,13379.7018799335,1569.6162351145,1
1048631,48329742,3,523,02:08:15,-79.2583119983883,43.7349940001886,,,35.5850852394486,54.2941224614475,13433.9960023949,1575.10895318854,1
1048631,48329742,3,524,02:08:21,-79.258104,43.73453,,,35.5850852394486,54.294122457663,13488.2901248526,1580.60167126221,1
1048631,48329742,3,525,02:08:30,-79.259171,43.734307,,,35.5850852394486,89.3412886395536,13577.6314134921,1589.63997022758,1
1048631,48329742,3,526,02:08:38,-79.260187,43.734066,,,35.5850852394486,86.0123581382594,13663.6437716304,1598.34149467846,1
1048631,48329742,3,527,02:08:45,-79.260942,43.733897,,,35.5850852394486,63.5754940710829,13727.2192657015,1604.7731718015,1
1048631,48329742,3,528,02:08:52,-79.261782,43.733692,,,35.5850852394486,71.3151702807369,13798.5344359822,1611.98784084846,1
1048631,48329742,3,529,02:08:57,-79.262374,43.733549,,,35.5850852394486,50.2080034667746,13848.742439449,1617.0671826925,1
1048631,48329742,3,530,02:09:02,-79.26297,43.733412,,,35.5850852394486,50.3068616925545,13899.0493011415,1622.15652562577,1
1048631,48329742,3,531,02:09:03,-79.263125,43.733376,,,35.5850852394486,13.0957501451298,13912.1450512867,1623.48137001508,1
1048631,48329742,3,532,02:09:05,-79.26329,43.733335,,,35.5850852394486,14.0347215940168,13926.1797728807,1624.90120637063,1
1048631,48329742,3,533,02:09:11,-79.2639760018557,43.7331730020514,,,35.5850852394486,58.0511269828375,13984.2308998635,1630.77400548666,1
1048631,48329742,3,534,02:09:17,-79.264662,43.733011,,,35.5850852394486,58.0511269817795,14042.2820268453,1636.64680460259,1
1048631,48329742,3,535,02:09:18,-79.264842,43.732969,,,35.5850852394486,15.2146680029776,14057.4966948483,1638.18601139224,1
1048631,48329742,3,536,02:09:23,-79.2654510014999,43.7328215016167,,,35.5850852394486,51.6643149242826,14109.1610097726,1643.41268241117,1
1048631,48329742,3,537,02:09:29,-79.26606,43.732674,,,35.5850852394486,51.6643149244466,14160.825324697,1648.63935343013,1
1048631,48329742,3,538,02:09:30,-79.266116,43.732818,,,35.5850852394486,16.650857693212,14177.4761823902,1650.32385375638,1
1048631,48329742,3,539,02:09:31,-79.266114,43.732854,,,35.5850852394486,4.01072930467181,14181.4869116949,1650.72960311456,1
1048631,48329742,3,540,02:09:31,-79.266112,43.732899,,,35.5850852394486,5.01195956496988,14186.4988712599,1651.23664291263,1
1048631,48329742,3,541,02:09:32,-79.266099,43.732944,,,35.5850852394486,5.11735125558793,14191.6162225154,1651.75434476429,1
1048631,48329742,3,542,02:09:32,-79.266069,43.732989,,,35.5850852394486,5.56028991798327,14197.1765124334,1652.31685693955,1
1048631,48329742,3,543,02:09:33,-79.266036,43.733034,,,35.5850852394486,5.66918301688763,14202.8456954503,1652.89038539181,1
1048631,48329742,3,544,02:09:33,-79.266008,43.733061,,,35.5850852394486,3.75582549150118,14206.6015209418,1653.27034715608,1
1048631,48329742,3,545,02:09:34,-79.265977,43.733079,,,35.5850852394486,3.19884803769243,14209.8003689795,1653.59396175074,1
1048631,48329742,3,546,02:09:34,-79.265941,43.733088,,,35.5850852394486,3.06411349402652,14212.8644824735,1653.90394579333,1
1048631,48329742,3,547,02:09:34,-79.265896,43.733097,,,35.5850852394486,3.7557117767305,14216.6201942503,1654.28389605354,1
1048631,48329742,3,548,02:09:36,-79.265728,43.733097,,,35.5850852394486,13.5132303074764,14230.1334245577,1655.65097523234,1
1048631,48329742,3,549,02:09:36,-79.265663,43.733097,,,35.5850852394486,5.22833315347916,14235.3617577112,1656.1799046764,1
1048631,48329742,3,550,02:09:37,-79.265582,43.733087,,,35.5850852394486,6.60972324791823,14241.9714809591,1656.84858380229,1
1048631,48329742,3,551,02:09:38,-79.265483,43.733088,,,35.5850852394486,7.96393288337989,14249.9354138425,1657.65426287225,1
1048631,48329742,3,552,02:09:38,-79.265452,43.73309,,,35.5850852394486,2.50343275172076,14252.4388465942,1657.90752509842,1
1048631,48329742,3,553,02:09:38,-79.265422,43.733092,,,35.5850852394486,2.42332604473933,14254.862172639,1658.15268325112,1
1048631,48329742,3,554,02:09:38,-79.265392,43.733095,,,35.5850852394486,2.43607651312679,14257.2982491521,1658.39913131745,1
1048631,48329742,3,555,02:09:39,-79.265362,43.733098,,,35.5850852394486,2.43607639440084,14259.7343255465,1658.64557937176,1
1048631,48329742,3,556,02:09:39,-79.265332,43.733103,,,35.5850852394486,2.47643693302525,14262.2107624795,1658.89611053949,1
1048631,48329742,3,557,02:09:39,-79.265302,43.733107,,,35.5850852394486,2.45381554800803,14264.6645780275,1659.14435319266,1
1048631,48329742,3,558,02:09:39,-79.265273,43.733113,,,35.5850852394486,2.42638094040588,14267.0909589679,1659.38982039687,1
1048631,48329742,3,559,02:09:40,-79.265243,43.733119,,,35.5850852394486,2.50380693817463,14269.5947659061,1659.64312047798,1
1048631,48329742,3,560,02:09:40,-79.265214,43.733125,,,35.5850852394486,2.42638049105738,14272.0211463972,1659.88858763673,1
1048631,48329742,3,561,02:09:40,-79.265184,43.733133,,,35.5850852394486,2.57216318938031,14274.5933095866,1660.14880304494,1
1048631,48329742,3,562,02:09:41,-79.265146,43.733148,,,35.5850852394486,3.48292641665007,14278.0762360032,1660.50115670704,1
1048631,48329742,3,563,02:09:41,-79.265108,43.733162,,,35.5850852394486,3.43094783774815,14281.507183841,1660.84825190528,1
1048631,48329742,3,564,02:09:41,-79.265069,43.733176,,,35.5850852394486,3.50279636247507,14285.0099802034,1661.20261572991,1
1048631,48329742,3,565,02:09:42,-79.26503,43.733189,,,35.5850852394486,3.45470594048123,14288.4646861439,1661.55211443989,1
1048631,48329742,3,566,02:09:42,-79.264991,43.733202,,,35.5850852394486,3.45470532121313,14291.9193914651,1661.90161308722,1
1048631,48329742,3,567,02:09:42,-79.264971,43.733208,,,35.5850852394486,1.74186020283403,14293.661251668,1662.0778300806,1
1048631,48329742,3,568,02:09:42,-79.264951,43.733214,,,35.5850852394486,1.74186005628191,14295.4031117242,1662.25404705916,1
1048631,48329742,3,569,02:09:43,-79.264911,43.733226,,,35.5850852394486,3.48371966464151,14298.8868313889,1662.60648097096,1
1048631,48329742,3,570,02:09:43,-79.264871,43.733237,,,35.5850852394486,3.44256910766495,14302.3294004965,1662.95475184636,1
1048631,48329742,3,571,02:09:43,-79.26483,43.733248,,,35.5850852394486,3.51786018640548,14305.847260683,1663.31063961748,1
1048631,48329742,3,572,02:09:44,-79.264789,43.733258,,,35.5850852394486,3.48067577852885,14309.3279364615,1663.66276559157,1
1048631,48329742,3,573,02:09:44,-79.264748,43.733268,,,35.5850852394486,3.48067525602757,14312.8086117175,1664.01489151279,1
1048631,48329742,3,574,02:09:44,-79.264707,43.733277,,,35.5850852394486,3.44668655801732,14316.2552982755,1664.36357893409,1
1048631,48329742,3,575,02:09:45,-79.264672,43.733284,,,35.5850852394486,2.92110064333745,14319.1763989189,1664.65909494157,1
1048631,48329742,3,576,02:09:45,-79.264575,43.733306,,,35.5850852394486,8.17758769806928,14327.3539866169,1665.48638861011,1
1048631,48329742,3,577,02:09:46,-79.264478,43.733327,,,35.5850852394486,8.14493950788929,14335.4989261248,1666.31037939252,1
1048631,48329742,3,578,02:09:47,-79.26438,43.733347,,,35.5850852394486,8.19106535055005,14343.6899914754,1667.13903654097,1
1048631,48329742,3,579,02:09:48,-79.264282,43.733367,,,35.5850852394486,8.19106281753873,14351.8810542929,1667.96769343317,1
1048631,48329742,3,580,02:09:49,-79.264183,43.733386,,,35.5850852394486,8.23921995122733,14360.1202742441,1668.80122218896,1
1048631,48329742,3,581,02:09:50,-79.264085,43.733405,,,35.5850852394486,8.16150360348133,14368.2817778476,1669.62688869432,1
1048631,48329742,3,582,02:09:50,-79.264031,43.733419,,,35.5850852394486,4.614646712805,14372.8964245604,1670.09373394857,1
1048631,48329742,3,583,02:09:50,-79.263991,43.73343,,,35.5850852394486,3.44255941564015,14376.3389839761,1670.44200384347,1
1048631,48329742,3,584,02:09:51,-79.263951,43.733441,,,35.5850852394486,3.4425588642693,14379.7815428403,1670.79027368259,1
1048631,48329742,3,585,02:09:51,-79.26391,43.733451,,,35.5850852394486,3.48066570858081,14383.2622085489,1671.14239863793,1
1048631,48329742,3,586,02:09:51,-79.263869,43.733461,,,35.5850852394486,3.48066518607787,14386.742873735,1671.49452354042,1
1048631,48329742,3,587,02:09:52,-79.263828,43.733469,,,35.5850852394486,3.41597919049919,14390.1588529255,1671.84010442081,1
1048631,48329742,3,588,02:09:52,-79.263787,43.733478,,,35.5850852394486,3.4466759682197,14393.6055288937,1672.18879077078,1
1048631,48329742,3,589,02:09:53,-79.263745,43.733485,,,35.5850852394486,3.46699076258599,14397.0725196563,1672.53953228682,1
1048631,48329742,3,590,02:09:53,-79.263704,43.733492,,,35.5850852394486,3.3886612184912,14400.4611808748,1672.88234951782,1
1048631,48329742,3,591,02:09:53,-79.263662,43.733499,,,35.5850852394486,3.46698999423027,14403.928170869,1673.23309095613,1
1048631,48329742,3,592,02:09:54,-79.26362,43.733505,,,35.5850852394486,3.44367837696588,14407.371849246,1673.58147405184,1
1048631,48329742,3,593,02:09:54,-79.263577,43.73351,,,35.5850852394486,3.50321896628388,14410.8750682123,1673.93588062959,1
1048631,48329742,3,594,02:09:54,-79.263562,43.733511,,,35.5850852394486,1.21165460700459,14412.0867228193,1674.05845885459,1
1048631,48329742,3,595,02:09:54,-79.263548,43.733511,,,35.5850852394486,1.12609473975691,14413.212817559,1674.17238133183,1
1048631,48329742,3,596,02:09:54,-79.263533,43.733511,,,35.5850852394486,1.20653007977286,14414.4193476388,1674.29444112902,1
1048631,48329742,3,597,02:09:54,-79.263519,43.73351,,,35.5850852394486,1.1315835874378,14415.5509312262,1674.4089188909,1
1048631,48329742,3,598,02:09:55,-79.263504,43.733508,,,35.5850852394486,1.22689977023241,14416.7778309965,1674.53303940777,1
1048631,48329742,3,599,02:09:55,-79.26349,43.733506,,,35.5850852394486,1.14789269890118,14417.9257236954,1674.6491670969,1
1048631,48329742,3,600,02:09:55,-79.263478,43.7335,,,35.5850852394486,1.17378481376275,14419.0995085091,1674.76791418718,1
1048631,48329742,3,601,02:09:55,-79.263462,43.733501,,,35.5850852394486,1.29177110829756,14420.3912796174,1674.8985974765,1
1048631,48329742,3,602,02:09:55,-79.263449,43.733497,,,35.5850852394486,1.13651946334005,14421.5277990808,1675.0135745811,1
1048631,48329742,3,603,02:09:55,-79.263435,43.733493,,,35.5850852394486,1.21093455785495,14422.7387336386,1675.13607996163,1
1048631,48329742,3,604,02:09:55,-79.263422,43.733488,,,35.5850852394486,1.1845695676262,14423.9233032063,1675.2559181021,1
1048631,48329742,3,605,02:09:55,-79.263411,43.733481,,,35.5850852394486,1.17900856841356,14425.1023117747,1675.37519365863,1
1048631,48329742,3,606,02:09:55,-79.263398,43.733476,,,35.5850852394486,1.18456975182367,14426.2868815265,1675.49503181773,1
1048631,48329742,3,607,02:09:56,-79.263386,43.73347,,,35.5850852394486,1.17378520976386,14427.4606667363,1675.61377894808,1
1048631,48329742,3,608,02:09:56,-79.263374,43.733464,,,35.5850852394486,1.17378529049523,14428.6344520268,1675.73252608658,1
1048631,48329742,3,609,02:09:56,-79.263363,43.733457,,,35.5850852394486,1.17900883451354,14429.8134608613,1675.85180167004,1
1048631,48329742,3,610,02:09:56,-79.263354,43.733449,,,35.5850852394486,1.14767077444311,14430.9611316357,1675.96790690796,1
1048631,48329742,3,611,02:09:56,-79.263336,43.733433,,,35.5850852394486,2.29534173866898,14433.2564733744,1676.20011740299,1
1048631,48329742,3,612,02:09:56,-79.263324,43.733426,,,35.5850852394486,1.24051176844164,14434.4969851428,1676.32561499099,1
1048631,48329742,3,613,02:09:56,-79.26332,43.733415,,,35.5850852394486,1.26607792928574,14435.7630630721,1676.45369900469,1
1048631,48329742,3,614,02:09:57,-79.263313,43.733406,,,35.5850852394486,1.1492509547863,14436.9123140269,1676.5699641031,1
1048631,48329742,3,615,02:09:57,-79.263307,43.733396,,,35.5850852394486,1.21330875328308,14438.1256227802,1676.69270967143,1
1048631,48329742,3,616,02:09:57,-79.263302,43.733386,,,35.5850852394486,1.18361718572669,14439.3092399659,1676.81245146325,1
1048631,48329742,3,617,02:09:57,-79.263297,43.733376,,,35.5850852394486,1.18361720921154,14440.4928571751,1676.93219325745,1
1048631,48329742,3,618,02:09:57,-79.263293,43.733366,,,35.5850852394486,1.15875833746023,14441.6516155126,1677.04942017953,1
1048631,48329742,3,619,02:09:57,-79.26329,43.733335,,,35.5850852394486,3.45933068327113,14445.1109461958,1677.39938675615,1
1048631,48329742,3,620,02:09:59,-79.263221,43.733236,,,35.5850852394486,12.3392639254469,14457.4502101213,1678.64770047614,1
1048631,48329742,3,621,02:09:59,-79.263195,43.733173,,,35.5850852394486,7.31830733809094,14464.7685174594,1679.38806420549,1
1048631,48329742,3,622,02:10:00,-79.263197,43.733128,,,35.5850852394486,5.01195954141079,14469.7804770008,1679.89510400117,1
1048631,48329742,3,623,02:10:00,-79.263207,43.733118,,,35.5850852394486,1.37338838505988,14471.1538653859,1680.03404418223,1
1048631,48329742,3,624,02:10:04,-79.263163,43.73281,,,35.5850852394486,34.4685840546118,14505.6224494405,1683.52109224638,1
1048631,48329742,3,625,02:10:05,-79.263091,43.732729,,,35.5850852394486,10.7165574075035,14516.339006848,1684.60524327222,1
1048631,48329742,3,626,02:10:05,-79.263086,43.732724,,,35.5850852394486,0.686695753173615,14517.0257026011,1684.67471352063,1
1048631,48329742,3,627,02:10:06,-79.26301,43.73264,,,35.5850852394486,11.1717952248531,14528.197497826,1685.80491912612,1
1048631,48329742,3,628,02:10:07,-79.262966,43.732548,,,35.5850852394486,10.8356880060714,14539.0331858321,1686.90112211565,1
1048631,48329742,3,629,02:10:08,-79.262931,43.732449,,,35.5850852394486,11.3745374825198,14550.4077233146,1688.0518383402,1
1048631,48329742,3,630,02:10:09,-79.262945,43.73239,,,35.5850852394486,6.66369181356788,14557.0714151282,1688.72597724888,1
1048631,48329742,3,631,02:10:09,-79.262991,43.732365,,,35.5850852394486,4.62987317799757,14561.7012883062,1689.1943629034,1
1048631,48329742,3,632,02:10:17,-79.263859,43.73207,24709,26,35.5850852394486,77.1567392863409,14638.8580275925,1697,1
1048631,48329742,3,633,02:10:17,-79.263859,43.73207,24709,26,1e-12,0,14638.8580275925,1697,1
1048631,48329742,3,634,02:11:00,-79.263954,43.732044,24699,27,0.684109055745191,8.17130261028918,14647.0293302028,1740,1
1048631,48329742,3,635,02:11:00,-79.263954,43.732044,24699,27,1e-12,0,14647.0293302028,1740,1
1048631,48329742,3,636,,-79.26419,43.731987,,,,20.0155967737467,14667.0449269765,,1
1048631,48329742,3,637,,-79.264185,43.731977,,,,1.18362040156204,14668.2285473781,,1
1048631,48329742,3,638,,-79.264153,43.731914,,,,7.4705708925922,14675.6991182707,,1
1048631,48329742,3,639,,-79.264128,43.731851,,,,7.29574090925138,14682.9948591799,,1
1048631,48329742,3,640,,-79.264125,43.731815,,,,4.01476045133054,14687.0096196313,,1
1048631,48329742,3,641,,-79.264143,43.731779,,,,4.26103495916069,14691.2706545904,,1
1048631,48329742,3,642,,-79.26428,43.731501,,,,32.8503524283664,14724.1210070188,,1
1048631,48329742,3,643,,-79.2643,43.731477,,,,3.11864088507439,14727.2396479039,,1
1048631,48329742,3,644,,-79.263998,43.731402,,,,25.6869930110927,14752.926640915,,1
1048631,48329742,3,645,,-79.26387,43.73137,,,,10.894901541904,14763.8215424569,,1
1048631,48329742,3,646,,-79.263484,43.731406,,,,31.3066965435886,14795.1282390005,,1
1048631,48329742,3,647,,-79.262765,43.731305,,,,58.9178133172163,14854.0460523177,,1
1048631,48329742,3,648,,-79.262655,43.731315,,,,8.91796311251595,14862.9640154302,,1
1048631,48329742,3,649,,-79.262608,43.731388,,,,8.96270261249338,14871.9267180427,,1
1048631,48329742,3,650,,-79.262915,43.732047,,,,77.4043640593627,14949.331082102,,1
1048631,48329742,3,651,,-79.262983,43.732085,,,,6.91462875877361,14956.2457108608,,1
