shape_id,trip_id,route_type,id,timestamp,shape_pt_lon,shape_pt_lat,stop_id,stop_sequence,speed,dist,cumdist,cumtime,trip_number
1048712,48331505,3,1,05:23:00,-79.450621,43.734293,15291,1,1e-12,0,0,0,1
1048712,48331505,3,2,05:23:00,-79.450621,43.734293,15291,1,1e-12,0,0,0,1
1048712,48331505,3,3,05:23:01,-79.450614,43.734237,,,16.626674192586,6.2592665193576,6.2592665193576,1.35525356476494,1
1048712,48331505,3,4,05:23:02,-79.450631,43.734206,,,16.626674192586,3.71193754697138,9.97120406632898,2.15896060889861,1
1048712,48331505,3,5,05:23:03,-79.450653,43.734191,,,16.626674192586,2.4330102709159,12.4042143372449,2.6857548958284,1
1048712,48331505,3,6,05:23:05,-79.450794,43.734168,,,16.626674192586,11.626670816821,24.0308851540659,5.20315641917212,1
1048712,48331505,3,7,05:23:07,-79.450879,43.734153,,,16.626674192586,7.03788415068359,31.0687693047495,6.72699592243,1
1048712,48331505,3,8,05:23:09,-79.450913,43.734251,,,16.626674192586,11.2468668261691,42.3156361309186,9.16216245695336,1
1048712,48331505,3,9,05:23:28,-79.451172,43.735009,,,16.626674192586,86.9137568273108,129.229392958229,27.9806898999124,1
1048712,48331505,3,10,05:23:33,-79.450886,43.735062,,,16.626674192586,23.748465239502,152.977858197731,33.1226968865129,1
1048712,48331505,3,11,05:23:39,-79.450567,43.735113,,,16.626674192586,26.2787893338001,179.256647531531,38.8125685052077,1
1048712,48331505,3,12,05:23:40,-79.450529,43.735122,,,16.626674192586,3.21647437639432,182.473121907926,39.5089980870289,1
1048712,48331505,3,13,05:23:47,-79.450108,43.735208,,,16.626674192586,35.1896244844208,217.662746392347,47.1282397150632,1
1048712,48331505,3,14,05:23:51,-79.449903,43.735254,,,16.626674192586,17.2656044395254,234.928350831872,50.8665806040672,1
1048712,48331505,3,15,05:23:52,-79.449832,43.73529,,,16.626674192586,6.97657749835662,241.904928330229,52.3771460186035,1
1048712,48331505,3,16,05:23:54,-79.449776,43.735324,,,16.626674192586,5.88331525772982,247.788243587958,53.6509987856994,1
1048712,48331505,3,17,05:23:55,-79.449724,43.735358,,,16.626674192586,5.64079548658114,253.42903907454,54.8723412812868,1
1048712,48331505,3,18,05:23:58,-79.449678,43.735474,,,16.626674192586,13.4326639500974,266.861703024637,57.7807756236109,1
1048712,48331505,3,19,05:24:00,-79.449704,43.735578,,,16.626674192586,11.7645869389212,278.626289963558,60.3280386835319,1
1048712,48331505,3,20,05:24:08,-79.4499,43.735843,,,16.626674192586,33.4478324564423,312.07412242,67.5701482869597,1
1048712,48331505,3,21,05:24:10,-79.449944,43.735941,,,16.626674192586,11.4689872309788,323.543109650979,70.0534082313889,1
1048712,48331505,3,22,05:24:15,-79.450011,43.736121,,,16.626674192586,20.7495162412356,344.292625892215,74.5460841329686,1
1048712,48331505,3,23,05:24:17,-79.450041,43.7362,,,16.626674192586,9.11926516723055,353.411891059445,76.5205833155333,1
1048712,48331505,3,24,05:24:23,-79.450137,43.736442,,,16.626674192586,28.0240480901574,381.435939149603,82.5883375733002,1
1048712,48331505,3,25,05:24:27,-79.450206,43.736616,,,16.626674192586,20.1489675078307,401.584906657433,86.950982933882,1
1048712,48331505,3,26,05:24:29,-79.450215,43.73668,,,16.626674192586,7.16112793513083,408.746034592564,88.5015071257836,1
1048712,48331505,3,27,05:24:30,-79.450197,43.73672,,,16.626674192586,4.6822273027839,413.428261895348,89.5153008703882,1
1048712,48331505,3,28,05:24:31,-79.45012,43.736778,,,16.626674192586,8.94663851918609,422.374900414534,91.4524230089474,1
1048712,48331505,3,29,05:24:35,-79.449954,43.736836,,,16.626674192586,14.8307172448117,437.205617659346,94.6635632203271,1
1048712,48331505,3,30,05:24:39,-79.44979,43.736709,,,16.626674192586,19.3355889009399,456.541206560286,98.8500962116587,1
1048712,48331505,3,31,05:24:43,-79.449623,43.736588,,,16.626674192586,19.0223621353718,475.563568695658,102.968809484929,1
1048712,48331505,3,32,05:24:47,-79.449435,43.73649,,,16.626674192586,18.6456450182854,494.209213713943,107.005956137851,1
1048712,48331505,3,33,05:24:52,-79.449211,43.736393,,,16.626674192586,21.0046591797924,515.213872893736,111.553875473455,1
1048712,48331505,3,34,05:24:53,-79.449144,43.736346,,,16.626674192586,7.51094853411476,522.72482142785,113.180142663731,1
1048712,48331505,3,35,05:24:56,-79.449031,43.736292,,,16.626674192586,10.8968272235422,533.621648651393,115.53951878131,1
1048712,48331505,3,36,05:24:59,-79.448832,43.736218,,,16.626674192586,18.0013208372517,551.622969488644,119.43715665305,1
1048712,48331505,3,37,05:25:03,-79.448667,43.73615,,,16.626674192586,15.2783020296452,566.901271518289,122.745207720247,1
1048712,48331505,3,38,05:25:07,-79.448481,43.736071,,,16.626674192586,17.3536720611872,584.254943579477,126.502616970988,1
1048712,48331505,3,39,05:25:11,-79.448298,43.735957,,,16.626674192586,19.4344357555748,603.689379335051,130.71055223872,1
1048712,48331505,3,40,05:25:16,-79.448055,43.735808,,,16.626674192586,25.634410066061,629.323789401112,136.260903148884,1
1048712,48331505,3,41,05:25:20,-79.447899,43.735682,,,16.626674192586,18.8195170473399,648.143306448452,140.335696495146,1
1048712,48331505,3,42,05:25:23,-79.447805,43.735582,,,16.626674192586,13.4567373340252,661.600043782478,143.249343195705,1
1048712,48331505,3,43,05:25:26,-79.447731,43.735485,,,16.626674192586,12.329763668589,673.929807451067,145.918978066322,1
1048712,48331505,3,44,05:25:30,-79.447608,43.73533,,,16.626674192586,19.8895591411571,693.819366592224,150.225456444307,1
1048712,48331505,3,45,05:25:35,-79.447514,43.735151,,,16.626674192586,21.3123729023716,715.131739494595,154.84000181639,1
1048712,48331505,3,46,05:25:41,-79.447392,43.734911,,,16.626674192586,28.4617837913176,743.593523285913,161.002534410818,1
1048712,48331505,3,47,05:25:49,-79.447265,43.734578,,,16.626674192586,38.451105523967,782.04462880988,169.327950443088,1
1048712,48331505,3,48,05:26:04,-79.446432,43.734747,,,16.626674192586,69.5924527003377,851.637081510217,184.396076925829,1
1048712,48331505,3,49,05:26:21,-79.4455180029915,43.7349430036416,8547,2,16.626674192586,76.6855609091672,928.322642419385,201,1
1048712,48331505,3,50,05:26:21,-79.4455180029915,43.7349430036416,8547,2,1e-12,0,928.322642419385,201,1
1048712,48331505,3,51,05:26:38,-79.444604,43.735139,,,16.3347245359902,76.6855609079153,1005.0082033273,217.900684101543,1
1048712,48331505,3,52,05:26:56,-79.4436315035404,43.7353570041226,,,16.3347245359902,81.8989418250109,1086.90714515231,235.950342050805,1
1048712,48331505,3,53,05:27:14,-79.442659,43.735575,8660,3,16.3347245359902,81.8989418247073,1168.80608697702,254,1
1048712,48331505,3,54,05:27:14,-79.442659,43.735575,8660,3,1e-12,0,1168.80608697702,254,1
1048712,48331505,3,55,05:27:26,-79.442018,43.735704,,,15.8809617379129,53.5197406342246,1222.32582761124,266.132203922086,1
1048712,48331505,3,56,05:27:45,-79.4410460032302,43.7359030041184,,,15.8809617379129,81.2579426745806,1303.58377028582,284.552284422005,1
1048712,48331505,3,57,05:28:03,-79.440074,43.736102,,,15.8809617379129,81.2579426770733,1384.8417129629,302.972364922489,1
1048712,48331505,3,58,05:28:24,-79.4389665042631,43.7363325053467,,,15.8809617379129,92.6998978611087,1477.54161082401,323.986182461215,1
1048712,48331505,3,59,05:28:45,-79.437859,43.736563,15209,4,15.8809617379129,92.6998978613678,1570.24150868537,345,1
1048712,48331505,3,60,05:28:45,-79.437859,43.736563,15209,4,1e-12,0,1570.24150868537,345,1
1048712,48331505,3,61,05:28:47,-79.437767,43.736585,,,17.5156080256766,7.79441450323751,1578.03592318861,346.601993614525,1
1048712,48331505,3,62,05:29:00,-79.437013,43.736755,,,17.5156080256766,63.5291370077208,1641.56506019633,359.659199101913,1
1048712,48331505,3,63,05:29:04,-79.436732,43.736808,,,17.5156080256766,23.3584832399348,1664.92354343627,364.460090943092,1
1048712,48331505,3,64,05:29:21,-79.4357925029262,43.7369945038476,,,17.5156080256766,78.3647378944505,1743.28828133072,380.566471949476,1
1048712,48331505,3,65,05:29:37,-79.434853,43.737181,,,17.5156080256766,78.3647378956468,1821.65301922636,396.672852956105,1
1048712,48331505,3,66,05:29:51,-79.433994,43.737347,,,17.5156080256766,71.5181874255236,1893.17120665189,411.372055767362,1
1048712,48331505,3,67,05:29:57,-79.434052,43.737601,,,17.5156080256766,28.65738678893,1921.82859344082,417.262036422838,1
1048712,48331505,3,68,05:30:16,-79.434237,43.738409,1164,5,17.5156080256766,91.1685625602691,2012.99715600109,436,1
1048712,48331505,3,69,05:30:16,-79.434237,43.738409,1164,5,1e-12,0,2012.99715600109,436,1
1048712,48331505,3,70,05:30:29,-79.4344434972668,43.7392015001859,,,25.6605608465958,89.7704157039986,2102.76757170508,448.594171205625,1
1048712,48331505,3,71,05:30:41,-79.43465,43.739994,,,25.6605608465958,89.7704157013163,2192.5379874064,461.188342410875,1
1048712,48331505,3,72,05:30:51,-79.434813,43.740583,,,25.6605608465958,66.8648896485192,2259.40287705492,470.569026027796,1
1048712,48331505,3,73,05:30:55,-79.434864,43.740867,,,25.6605608465958,31.8797035977191,2291.28258065264,475.041528933632,1
1048712,48331505,3,74,05:31:05,-79.435017,43.741495,15024,6,25.6605608465958,70.9833202048892,2362.26590085753,485,1
1048712,48331505,3,75,05:31:05,-79.435017,43.741495,15024,6,1e-12,0,2362.26590085753,485,1
1048712,48331505,3,76,05:31:10,-79.43508,43.741791,,,24.968039375563,33.3378441142902,2395.60374497182,489.806794678837,1
1048712,48331505,3,77,05:31:24,-79.435304,43.742638,,,24.968039375563,95.9931750801629,2491.59692005198,503.647506201697,1
1048712,48331505,3,78,05:31:31,-79.4354429989424,43.7430935000842,,,24.968039375563,51.9236470614149,2543.5205671134,511.134082404555,1
1048712,48331505,3,79,05:31:39,-79.435582,43.743549,,,24.968039375563,51.9236470604178,2595.44421417381,518.620658607268,1
1048712,48331505,3,80,05:31:50,-79.435746,43.744248,3326,7,24.968039375563,78.922178878252,2674.36639305207,530,1
1048712,48331505,3,81,05:31:50,-79.435746,43.744248,3326,7,1e-12,0,2674.36639305207,530,1
1048712,48331505,3,82,05:31:53,-79.435788,43.744446,,,25.3597569427528,22.2985600376208,2696.66495308969,533.165441069354,1
1048712,48331505,3,83,05:32:05,-79.435996,43.745158,,,25.3597569427528,81.0053734350256,2777.67032652471,544.664736785177,1
1048712,48331505,3,84,05:32:07,-79.436029,43.745282,,,25.3597569427528,14.0564128705386,2791.72673939525,546.660145749394,1
1048712,48331505,3,85,05:32:21,-79.43623,43.746147,,,25.3597569427528,97.6386579959763,2889.36539739123,560.520655910394,1
1048712,48331505,3,86,05:32:29,-79.4363474989272,43.7466935000602,,,25.3597569427528,61.5655441151956,2950.93094150642,569.260327955163,1
1048712,48331505,3,87,05:32:38,-79.436465,43.74724,2817,8,25.3597569427528,61.5655441156804,3012.4964856221,578,1
1048712,48331505,3,88,05:32:38,-79.436465,43.74724,2817,8,1e-12,0,3012.4964856221,578,1
1048712,48331505,3,89,05:32:49,-79.4365884989519,43.7477480000665,,,17.9736287643691,57.4157585518798,3069.91224417398,589.499999999807,1
1048712,48331505,3,90,05:33:01,-79.436712,43.748256,24468,9,17.9736287643691,57.4157585538118,3127.3280027278,601,1
1048712,48331505,3,91,05:33:01,-79.436712,43.748256,24468,9,1e-12,0,3127.3280027278,601,1
1048712,48331505,3,92,05:33:13,-79.436936,43.749113,,,28.2659661679902,97.0864547209582,3224.41445744875,613.365090756786,1
1048712,48331505,3,93,05:33:25,-79.43715,43.749945,,,28.2659661679902,94.2029423817097,3318.61739983046,625.362932633432,1
1048712,48331505,3,94,05:33:37,-79.437325,43.750756,6400,10,28.2659661679902,91.3702645772347,3409.9876644077,637,1
1048712,48331505,3,95,05:33:37,-79.437325,43.750756,6400,10,1e-12,0,3409.9876644077,637,1
1048712,48331505,3,96,05:33:50,-79.437515,43.751485,,,23.1476225178244,82.5775774153559,3492.56524182305,649.842756463061,1
1048712,48331505,3,97,05:33:58,-79.4376169992441,43.7519285000454,,,23.1476225178244,50.0468472565008,3542.61208907955,657.626218889263,1
1048712,48331505,3,98,05:34:05,-79.437719,43.752372,,,23.1476225178244,50.0468472524056,3592.65893633196,665.409681314829,1
1048712,48331505,3,99,05:34:15,-79.4378459988774,43.7529010000703,,,23.1476225178244,59.7668999158133,3652.42583624777,674.704840657057,1
1048712,48331505,3,100,05:34:24,-79.437973,43.75343,1270,11,23.1476225178244,59.7668999204102,3712.19273616818,684,1
1048712,48331505,3,101,05:34:24,-79.437973,43.75343,1270,11,1e-12,0,3712.19273616818,684,1
1048712,48331505,3,102,05:34:34,-79.4381009988707,43.7539580000714,,,22.3612152320483,59.6710059468471,3771.86374211503,693.606616598403,1
1048712,48331505,3,103,05:34:43,-79.438229,43.754486,,,22.3612152320483,59.6710059492124,3831.53474806424,703.213233197186,1
1048712,48331505,3,104,05:34:52,-79.4383494990284,43.7549685000633,6054,12,22.3612152320483,54.5785510198718,3886.11329908411,712,1
1048712,48331505,3,105,05:34:52,-79.4383494990284,43.7549685000633,6054,12,1e-12,0,3886.11329908411,712,1
1048712,48331505,3,106,05:34:58,-79.43847,43.755451,,,32.5404598700835,54.5785510197057,3940.69185010382,718.038107158147,1
1048712,48331505,3,107,05:35:06,-79.4386244982804,43.756117000104,,,32.5404598700835,75.1723287708358,4015.86417887466,726.354534911641,1
1048712,48331505,3,108,05:35:15,-79.438779,43.756783,,,32.5404598700835,75.172328771823,4091.03650764648,734.670962665243,1
1048712,48331505,3,109,05:35:21,-79.4389054989578,43.7572760000698,,,32.5404598700835,55.815053035251,4146.85156068173,740.845865900451,1
1048712,48331505,3,110,05:35:27,-79.439032,43.757769,,,32.5404598700835,55.815053032386,4202.66661371412,747.02076913534,1
1048712,48331505,3,111,05:35:38,-79.439246,43.758647,3605,13,32.5404598700835,99.2414503766209,4301.90806409074,758,1
1048712,48331505,3,112,05:35:38,-79.439246,43.758647,3605,13,1e-12,0,4301.90806409074,758,1
1048712,48331505,3,113,05:35:46,-79.4393964984719,43.7592545000987,,,30.5182427396571,68.7006065728378,4370.60867066357,766.104076822904,1
1048712,48331505,3,114,05:35:54,-79.439547,43.759862,,,30.5182427396571,68.7006065739088,4439.30927723748,774.208153645935,1
1048712,48331505,3,115,05:36:05,-79.4397599969953,43.7607060001978,,,30.5182427396571,95.5015817935157,4534.810859031,785.473733299048,1
1048712,48331505,3,116,05:36:17,-79.439973,43.76155,,,30.5182427396571,95.5015817902442,4630.31244082124,796.739312951775,1
1048712,48331505,3,117,05:36:23,-79.4400852474122,43.7620097501648,,,30.5182427396571,51.9686977090488,4682.28113853029,802.869656476092,1
1048712,48331505,3,118,05:36:29,-79.4401974965495,43.7624695002197,9550,14,30.5182427396571,51.9686977055867,4734.24983623588,809,1
1048712,48331505,3,119,05:36:29,-79.4401974965495,43.7624695002197,9550,14,1e-12,0,4734.24983623588,809,1
1048712,48331505,3,120,05:36:35,-79.4403097474121,43.7629292501648,,,32.2833747999929,51.9686977089162,4786.2185339448,814.795159673088,1
1048712,48331505,3,121,05:36:41,-79.440422,43.763389,,,32.2833747999929,51.9686977040374,4838.18723164883,820.590319345632,1
1048712,48331505,3,122,05:36:45,-79.440511,43.763751,,,32.2833747999929,40.9279517641073,4879.11518341294,825.154297779225,1
1048712,48331505,3,123,05:36:49,-79.440588,43.76407,,,32.2833747999929,36.0464425823203,4915.16162599526,829.17392689484,1
1048712,48331505,3,124,05:36:58,-79.440754998064,43.7647635001216,,,32.2833747999929,78.3587867206282,4993.52041271589,837.911911505864,1
1048712,48331505,3,125,05:37:07,-79.440922,43.765457,,,32.2833747999929,78.3587867216574,5071.87919943755,846.649896117003,1
1048712,48331505,3,126,05:37:15,-79.441071,43.766121,1262,15,32.2833747999929,74.8804259093537,5146.7596253469,855,1
1048712,48331505,3,127,05:37:15,-79.441071,43.766121,1262,15,1e-12,0,5146.7596253469,855,1
1048712,48331505,3,128,05:37:24,-79.441226,43.766816,,,30.1543723083022,78.3640652402761,5225.12369058718,864.355546584776,1
1048712,48331505,3,129,05:37:36,-79.441437,43.767694,,,30.1543723083022,99.1994767783813,5324.32316736556,876.198542776205,1
1048712,48331505,3,130,05:37:48,-79.44169,43.768563,7388,16,30.1543723083022,98.8515374741126,5423.17470483967,888,1
1048712,48331505,3,131,05:37:48,-79.44169,43.768563,7388,16,1e-12,0,5423.17470483967,888,1
1048712,48331505,3,132,05:37:54,-79.4417934992135,43.7690175000467,,,30.6006880247258,51.2742521093028,5474.44895694897,894.032129324816,1
1048712,48331505,3,133,05:38:00,-79.441897,43.769472,,,30.6006880247258,51.2742521131897,5525.72320906216,900.064258650089,1
1048712,48331505,3,134,05:38:06,-79.4420124991349,43.7699200000582,,,30.6006880247258,50.7280413057817,5576.45125036794,906.032129325195,1
1048712,48331505,3,135,05:38:12,-79.442128,43.770368,4932,17,30.6006880247258,50.7280413032315,5627.17929167118,912,1
1048712,48331505,3,136,05:38:12,-79.442128,43.770368,4932,17,1e-12,0,5627.17929167118,912,1
1048712,48331505,3,137,05:38:22,-79.4423244973387,43.7711780001683,,,31.5685444479577,91.5418548908562,5718.72114656203,922.439210402949,1
1048712,48331505,3,138,05:38:33,-79.442521,43.771988,,,31.5685444479577,91.5418548871089,5810.26300144914,932.878420805471,1
1048712,48331505,3,139,05:38:37,-79.442597,43.772308,4216,18,31.5685444479577,36.1422933328522,5846.40529478199,937,1
1048712,48331505,3,140,05:38:37,-79.442597,43.772308,4216,18,1e-12,0,5846.40529478199,937,1
1048712,48331505,3,141,05:38:46,-79.4427969974199,43.7730795001744,,,37.0057577836125,87.3747058787389,5933.78000066073,945.500000000074,1
1048712,48331505,3,142,05:38:54,-79.442997,43.773851,2035,19,37.0057577836125,87.3747058772088,6021.15470653794,954,1
1048712,48331505,3,143,05:38:54,-79.442997,43.773851,2035,19,1e-12,0,6021.15470653794,954,1
1048712,48331505,3,144,05:39:17,-79.443173,43.77454,,,12.0088229406336,77.9929097761974,6099.14761631414,977.380682401792,1
1048712,48331505,3,145,05:39:43,-79.4433729974782,43.7752940001744,8080,20,12.0088229406336,85.4605135824273,6184.60812989656,1003,1
1048712,48331505,3,146,05:39:43,-79.4433729974782,43.7752940001744,8080,20,1e-12,0,6184.60812989656,1003,1
1048712,48331505,3,147,05:40:00,-79.443573,43.776048,,,18.0302585851232,85.4605135844533,6270.06864348102,1020.06341855562,1
1048712,48331505,3,148,05:40:19,-79.443791,43.776905,,,18.0302585851232,96.9966234670526,6367.06526694807,1039.43018708159,1
1048712,48331505,3,149,05:40:27,-79.443876,43.77724,24202,21,18.0302585851232,37.9126900999999,6404.97795704807,1047,1
1048712,48331505,3,150,05:40:27,-79.443876,43.77724,24202,21,1e-12,0,6404.97795704807,1047,1
1048712,48331505,3,151,05:40:33,-79.443941,43.777511,,,17.345817897337,30.6166302436126,6435.59458729168,1053.3542618474,1
1048712,48331505,3,152,05:40:38,-79.443988,43.777709,,,17.345817897337,22.362646113877,6457.95723340556,1057.99546853402,1
1048712,48331505,3,153,05:40:46,-79.44407,43.77806,,,17.345817897337,39.625107259229,6497.58234066479,1066.21937512508,1
1048712,48331505,3,154,05:41:04,-79.44426049762,43.7788070001582,,,17.345817897337,84.5535379239228,6582.13587858871,1083.76785501387,1
1048712,48331505,3,155,05:41:21,-79.444451,43.779554,,,17.345817897337,84.5535379187899,6666.6894165075,1101.3163349016,1
1048712,48331505,3,156,05:41:37,-79.444617,43.780203,,,17.345817897337,73.4679654226002,6740.1573819301,1116.56408378763,1
1048712,48331505,3,157,05:41:56,-79.444823,43.781031,1793,22,17.345817897337,93.6477398021334,6833.80512173224,1136,1
1048712,48331505,3,158,05:41:56,-79.444823,43.781031,1793,22,1e-12,0,6833.80512173224,1136,1
1048712,48331505,3,159,05:42:13,-79.4449634959867,43.7816002502582,,,13.8603269293964,64.3668454689884,6898.17196720122,1152.71826681064,1
1048712,48331505,3,160,05:42:29,-79.4451039946488,43.7821695003442,,,13.8603269293964,64.3668454640098,6962.53881266523,1169.43653361999,1
1048712,48331505,3,161,05:42:46,-79.4452444959866,43.7827387502582,,,13.8603269293964,64.3668454660175,7026.90565813125,1186.15480042986,1
1048712,48331505,3,162,05:43:03,-79.445385,43.783308,,,13.8603269293964,64.3668454648929,7091.27250359614,1202.87306723943,1
1048712,48331505,3,163,05:43:21,-79.445539,43.783925,1891,23,13.8603269293964,69.7903373023953,7161.06284089854,1221,1
1048712,48331505,3,164,05:43:21,-79.445539,43.783925,1891,23,1e-12,0,7161.06284089854,1221,1
1048712,48331505,3,165,05:43:32,-79.4456647468683,43.7844212502068,,,18.8067662518147,56.159093671056,7217.2219345696,1231.75000000047,1
1048712,48331505,3,166,05:43:43,-79.4457904958244,43.7849175002758,,,18.8067662518147,56.1590936664801,7273.38102823607,1242.50000000006,1
1048712,48331505,3,167,05:43:53,-79.4459162468683,43.7854137502068,,,18.8067662518147,56.1590936699822,7329.54012190606,1253.25000000032,1
1048712,48331505,3,168,05:44:04,-79.446042,43.78591,8137,24,18.8067662518147,56.1590936669347,7385.69921557299,1264,1
1048712,48331505,3,169,05:44:04,-79.446042,43.78591,8137,24,1e-12,0,7385.69921557299,1264,1
1048712,48331505,3,170,05:44:18,-79.4461817462196,43.7864490002554,,,16.0796790395627,61.0432259823159,7446.74244155531,1277.6666666664,1
1048712,48331505,3,171,05:44:31,-79.4463214949594,43.7869880003406,,,16.0796790395627,61.043225985926,7507.78566754123,1291.3333333336,1
1048712,48331505,3,172,05:44:45,-79.4464612462195,43.7875270002554,10065,25,16.0796790395627,61.0432259823334,7568.82889352357,1305,1
1048712,48331505,3,173,05:44:45,-79.4464612462195,43.7875270002554,10065,25,1e-12,0,7568.82889352357,1305,1
1048712,48331505,3,174,05:44:59,-79.446601,43.788066,,,15.2666050070752,61.0432259877347,7629.8721195113,1319.39453064083,1
1048712,48331505,3,175,05:45:00,-79.446619,43.788106,,,15.2666050070752,4.6818431185882,7634.55396262989,1320.49855050767,1
1048712,48331505,3,176,05:45:04,-79.446644,43.788255,,,15.2666050070752,16.7078336533884,7651.26179628328,1324.43840492352,1
1048712,48331505,3,177,05:45:09,-79.446654,43.788435,,,15.2666050070752,20.0536166226425,7671.31541290592,1329.16722444876,1
1048712,48331505,3,178,05:45:13,-79.446665,43.788579,,,15.2666050070752,16.05436161604,7687.36977452196,1332.95298439938,1
1048712,48331505,3,179,05:45:16,-79.446664,43.78871,,,15.2666050070752,14.5830747067964,7701.95284922876,1336.39180193085,1
1048712,48331505,3,180,05:45:20,-79.446632,43.788827,,,15.2666050070752,13.2758193175066,7715.22866854626,1339.52235712115,1
1048712,48331505,3,181,05:45:21,-79.446613,43.788899,,,15.2666050070752,8.15914053784375,7723.38780908411,1341.44635436366,1
1048712,48331505,3,182,05:45:23,-79.44659,43.788953,,,15.2666050070752,6.28898796541738,7729.67679704953,1342.92935314859,1
1048712,48331505,3,183,05:45:25,-79.446561,43.789011,,,15.2666050070752,6.86424386515186,7736.54104091468,1344.54800234421,1
1048712,48331505,3,184,05:45:26,-79.44652,43.78907,,,15.2666050070752,7.34794463042056,7743.8889855451,1346.28071244297,1
1048712,48331505,3,185,05:45:30,-79.446428,43.789209,,,15.2666050070752,17.1489186505626,7761.03790419566,1350.32457858829,1
1048712,48331505,3,186,05:45:31,-79.446418,43.789236,,,15.2666050070752,3.1112006881055,7764.14910488377,1351.05822712848,1
1048712,48331505,3,187,05:45:36,-79.446303,43.789403,,,15.2666050070752,20.7606719256033,7784.90977680937,1355.95377652519,1
1048712,48331505,3,188,05:45:40,-79.446205,43.789533,,,15.2666050070752,16.475604563488,7801.38538137286,1359.83886927509,1
1048712,48331505,3,189,05:45:44,-79.446097,43.789681,,,15.2666050070752,18.6214360027529,7820.00681737561,1364.22996798884,1
1048712,48331505,3,190,05:45:48,-79.445987,43.789816,,,15.2666050070752,17.4351025538496,7837.44191992946,1368.34131882059,1
1048712,48331505,3,191,05:45:52,-79.445886,43.789933,,,15.2666050070752,15.3463064846918,7852.78822641415,1371.9601131314,1
1048712,48331505,3,192,05:45:56,-79.445767,43.79005,,,15.2666050070752,16.1580047341692,7868.94623114832,1375.77031304264,1
1048712,48331505,3,193,05:46:00,-79.445662,43.790185,,,15.2666050070752,17.2348456091456,7886.18107675747,1379.83444152204,1
1048712,48331505,3,194,05:46:03,-79.445607,43.790289,,,15.2666050070752,12.3921904668515,7898.57326722432,1382.75662924223,1
1048712,48331505,3,195,05:46:06,-79.445519,43.79041,,,15.2666050070752,15.2131212239168,7913.78638844823,1386.34401729483,1
1048712,48331505,3,196,05:46:11,-79.445429,43.790559,,,15.2666050070752,18.0947907559198,7931.88117920415,1390.61092841823,1
1048712,48331505,3,197,05:46:14,-79.44539,43.790685,4735,26,15.2666050070752,14.3721158832151,7946.25329508737,1394,1
1048712,48331505,3,198,05:46:14,-79.44539,43.790685,4735,26,1e-12,0,7946.25329508737,1394,1
1048712,48331505,3,199,05:46:16,-79.445379,43.790757,,,18.4510544795849,8.06359930149447,7954.31689438886,1395.57329531044,1
1048712,48331505,3,200,05:46:17,-79.44537,43.79082,,,18.4510544795849,7.05032042012712,7961.36721480899,1396.94888896773,1
1048712,48331505,3,201,05:46:19,-79.445372,43.790923,,,18.4510544795849,11.4670338638982,7972.83424867289,1399.18623111832,1
1048712,48331505,3,202,05:46:23,-79.445401,43.791094,,,18.4510544795849,19.177747791561,7992.01199646445,1402.92801683176,1
1048712,48331505,3,203,05:46:28,-79.44544,43.791306,,,18.4510544795849,23.8069112755647,8015.81890774001,1407.57300233581,1
1048712,48331505,3,204,05:46:35,-79.445528,43.791621,,,18.4510544795849,35.7715609879152,8051.59046872793,1414.55242021672,1
1048712,48331505,3,205,05:46:48,-79.44569,43.792229,390,27,18.4510544795849,68.9227853332969,8120.51325406123,1428,1
1048712,48331505,3,206,05:46:48,-79.44569,43.792229,390,27,1e-12,0,8120.51325406123,1428,1
1048712,48331505,3,207,05:46:54,-79.445744,43.7924,,,11.2149278479696,19.5239425631018,8140.03719662433,1434.2671997698,1
1048712,48331505,3,208,05:47:12,-79.4458569972233,43.792889500167,4408,28,11.2149278479696,55.2422430900295,8195.27943971436,1452,1
1048712,48331505,3,209,05:47:12,-79.4458569972233,43.792889500167,4408,28,1e-12,0,8195.27943971436,1452,1
1048712,48331505,3,210,05:47:19,-79.4459699962977,43.7933790002227,,,27.1189193332675,55.2422430863766,8250.52168280073,1459.33333333335,1
1048712,48331505,3,211,05:47:27,-79.4460829972233,43.793868500167,,,27.1189193332675,55.2422430877134,8305.76392588845,1466.66666666687,1
1048712,48331505,3,212,05:47:34,-79.446196,43.794358,5483,29,27.1189193332675,55.2422430847653,8361.00616897321,1474,1
1048712,48331505,3,213,05:47:34,-79.446196,43.794358,5483,29,1e-12,0,8361.00616897321,1474,1
1048712,48331505,3,214,05:47:47,-79.446363,43.795069,,,21.4397483738158,80.2776404057923,8441.28380937901,1487.47961274647,1
1048712,48331505,3,215,05:47:48,-79.446362,43.795105,,,21.4397483738158,4.00830714161019,8445.29211652062,1488.15265729243,1
1048712,48331505,3,216,05:47:51,-79.446408,43.795276,,,21.4397483738158,19.3911657260793,8464.68328224669,1491.4086748257,1
1048712,48331505,3,217,05:48:04,-79.446576,43.795954,,,21.4397483738158,76.6723130193926,8541.35559526609,1504.28290833148,1
1048712,48331505,3,218,05:48:13,-79.446702,43.796397,,,21.4397483738158,50.3430588153061,8591.69865408139,1512.73613308838,1
1048712,48331505,3,219,05:48:23,-79.446824,43.796939,7586,30,21.4397483738158,61.1263122020901,8652.82496628348,1523,1
1048712,48331505,3,220,05:48:23,-79.446824,43.796939,7586,30,1e-12,0,8652.82496628348,1523,1
1048712,48331505,3,221,05:48:33,-79.4469599988176,43.7974585000806,,,20.2299555587272,58.8538405145978,8711.67880679808,1533.47327193762,1
1048712,48331505,3,222,05:48:44,-79.447096,43.797978,,,20.2299555587272,58.8538405150008,8770.53264731308,1543.94654387532,1
1048712,48331505,3,223,05:48:54,-79.447207,43.798484,,,20.2299555587272,57.0293624300703,8827.56200974315,1554.0951427762,1
1048712,48331505,3,224,05:49:05,-79.447343,43.799008,,,20.2299555587272,59.3460973264697,8886.90810706962,1564.65601374574,1
1048712,48331505,3,225,05:49:07,-79.44724,43.799123,,,20.2299555587272,15.2437816212179,8902.15188869084,1567.36870452141,1
1048712,48331505,3,226,05:49:13,-79.447308,43.799403,7182,31,20.2299555587272,31.6446825749665,8933.79657126581,1573,1
1048712,48331505,3,227,05:49:13,-79.447308,43.799403,7182,31,1e-12,0,8933.79657126581,1573,1
1048712,48331505,3,228,05:49:16,-79.447354,43.799548,,,21.143968392536,16.5590591111313,8950.35563037694,1575.81936728685,1
1048712,48331505,3,229,05:49:22,-79.447445,43.799873,,,21.143968392536,36.9102476965973,8987.26587807354,1582.1037548361,1
1048712,48331505,3,230,05:49:24,-79.447567,43.799947,,,21.143968392536,12.8039976245136,9000.06987569805,1584.28378039197,1
1048712,48331505,3,231,05:49:37,-79.4477239982552,43.8006110001074,,,21.143968392536,74.9847572164579,9075.05463291451,1597.05078424705,1
1048712,48331505,3,232,05:49:50,-79.447881,43.801275,,,21.143968392536,74.9847572214677,9150.03939013597,1609.81778810299,1
1048712,48331505,3,233,05:50:02,-79.448032998448,43.8018850001007,,,21.143968392536,68.9942890311309,9219.03367916711,1621.56484692851,1
1048712,48331505,3,234,05:50:13,-79.448185,43.802495,,,21.143968392536,68.9942890299108,9288.02796819702,1633.31190575382,1
1048712,48331505,3,235,05:50:15,-79.448133,43.802566,,,21.143968392536,8.93993001203425,9296.96789820905,1634.83403005167,1
1048712,48331505,3,236,05:50:23,-79.448233499248,43.803013000044,,,21.143968392536,50.4106563886347,9347.37855459768,1643.41701502545,1
1048712,48331505,3,237,05:50:32,-79.448334,43.80346,4446,32,21.143968392536,50.4106563932165,9397.7892109909,1652,1
1048712,48331505,3,238,05:50:32,-79.448334,43.80346,4446,32,1e-12,0,9397.7892109909,1652,1
1048712,48331505,3,239,05:50:35,-79.448368,43.803596,,,19.847891852893,15.3839077741243,9413.17311876503,1654.7903249573,1
1048712,48331505,3,240,05:50:42,-79.448445,43.803948,,,19.847891852893,39.6697826016225,9452.84290136665,1661.98560889094,1
1048712,48331505,3,241,05:50:44,-79.448518,43.804021,,,19.847891852893,10.0216650039563,9462.86456637061,1663.80333312491,1
1048712,48331505,3,242,05:51:00,-79.448708,43.804834,,,19.847891852893,91.7810176230979,9554.6455839937,1680.45052497239,1
1048712,48331505,3,243,05:51:09,-79.448809,43.805249,,,19.847891852893,46.9047801570468,9601.55036415075,1688.95808888986,1
1048712,48331505,3,244,05:51:26,-79.449012,43.806062,,,19.847891852893,91.9604284618452,9693.51079261259,1705.63782217923,1
1048712,48331505,3,245,05:51:41,-79.449167,43.806821,,,19.847891852893,85.4041676571884,9778.91496026978,1721.12838439333,1
1048712,48331505,3,246,05:51:44,-79.449225,43.806965,,,19.847891852893,16.6934815524998,9795.60844182228,1724.15623914155,1
1048712,48331505,3,247,05:51:48,-79.449233,43.807137,,,19.847891852893,19.1577357613797,9814.76617758366,1727.6310589991,1
1048712,48331505,3,248,05:51:49,-79.449333,43.807111,,,19.847891852893,8.53910907909585,9823.30528666276,1729.17987803301,1
1048712,48331505,3,249,05:51:59,-79.449981,43.807066,,,19.847891852893,52.298481202862,9875.60376786562,1738.665748559,1
1048712,48331505,3,250,05:52:00,-79.450105,43.807058,,,19.847891852893,10.0014516259002,9885.60521949152,1740.47980650128,1
1048712,48331505,3,251,05:52:01,-79.450167,43.807068,,,19.847891852893,5.10374257490103,9890.70896206642,1741.40552059756,1
1048712,48331505,3,252,05:52:10,-79.450219,43.807492,3440,33,19.847891852893,47.3839715865664,9938.09293365299,1750,1
1048712,48331505,3,253,05:52:10,-79.450219,43.807492,3440,33,1e-12,0,9938.09293365299,1750,1
1048712,48331505,3,254,05:52:15,-79.450251,43.807682,,,15.0845800302696,21.3063600078789,9959.39929366087,1755.08485459154,1
1048712,48331505,3,255,05:52:17,-79.450262,43.807754,,,15.0845800302696,8.0635717441337,9967.462865405,1757.00926072155,1
1048712,48331505,3,256,05:52:20,-79.450296,43.807862,,,15.0845800302696,12.3288769578803,9979.79174236288,1759.95160031333,1
1048712,48331505,3,257,05:52:24,-79.450317,43.808016,,,15.0845800302696,17.2260114024878,9997.01775376537,1764.06266213437,1
1048712,48331505,3,258,05:52:27,-79.450364,43.808124,,,15.0845800302696,12.6014650792293,10009.6192188446,1767.07005605546,1
1048712,48331505,3,259,05:52:32,-79.450434,43.808287,,,15.0845800302696,18.9964987888276,10028.6157176334,1771.60365231751,1
1048712,48331505,3,260,05:52:35,-79.450468,43.808414,,,15.0845800302696,14.3990097241716,10043.0147273576,1775.04003801091,1
1048712,48331505,3,261,05:52:40,-79.450563,43.808595,,,15.0845800302696,21.5457502472894,10064.5604776049,1780.18202411424,1
1048712,48331505,3,262,05:52:43,-79.450635,43.808686,,,15.0845800302696,11.6650719682089,10076.2255495731,1782.96594378594,1
1048712,48331505,3,263,05:52:47,-79.450707,43.808813,,,15.0845800302696,15.2750262057034,10091.5005757788,1786.61139458604,1
1048712,48331505,3,264,05:52:51,-79.450827,43.80895,,,15.0845800302696,18.042095770847,10109.5426715496,1790.91721845682,1
1048712,48331505,3,265,05:52:54,-79.450937,43.809041,,,15.0845800302696,13.4426983595089,10122.9853699092,1794.12537632381,1
1048712,48331505,3,266,05:52:58,-79.451096,43.809125,,,15.0845800302696,15.8300171049605,10138.8153870141,1797.9032780926,1
1048712,48331505,3,267,05:53:02,-79.451256,43.809208,,,15.0845800302696,15.8296614518365,10154.645048466,1801.68109498324,1
1048712,48331505,3,268,05:53:06,-79.451453,43.809274,,,15.0845800302696,17.448002008939,10172.0930504749,1805.84513581873,1
1048712,48331505,3,269,05:53:10,-79.451663,43.80934,,,15.0845800302696,18.4004757123624,10190.4935261873,1810.23648860625,1
1048712,48331505,3,270,05:53:16,-79.451935,43.809379,,,15.0845800302696,22.277805718513,10212.7713319058,1815.55318290106,1
1048712,48331505,3,271,05:53:20,-79.452184,43.809383,,,15.0845800302696,20.007963286096,10232.7792951919,1820.3281695222,1
1048712,48331505,3,272,05:53:24,-79.452395,43.809385,,,15.0845800302696,16.951801212685,10249.7310964045,1824.37378990031,1
1048712,48331505,3,273,05:53:29,-79.452657,43.809362,,,15.0845800302696,21.2025017863336,10270.9335981909,1829.43385827991,1
1048712,48331505,3,274,05:53:39,-79.453144,43.809279,,,15.0845800302696,40.1986312297929,10311.1322294207,1839.0274347757,1
1048712,48331505,3,275,05:53:43,-79.453331,43.809245,,,15.0845800302696,15.4918288240656,10326.6240582447,1842.72462645454,1
1048712,48331505,3,276,05:53:49,-79.453644,43.809159,,,15.0845800302696,26.9052639845737,10353.5293222293,1849.145683597,1
1048712,48331505,3,277,05:53:53,-79.453833,43.809081,,,15.0845800302696,17.4905342624172,10371.0198564917,1853.31987493798,1
1048712,48331505,3,278,05:53:57,-79.453971,43.809011,,,15.0845800302696,13.5507126400034,10384.5705691317,1856.55381087827,1
1048712,48331505,3,279,05:53:59,-79.454044,43.809075,,,15.0845800302696,9.22759841319609,10393.7981675449,1858.75601698682,1
1048712,48331505,3,280,05:54:00,-79.454068,43.80912,,,15.0845800302696,5.36759545410759,10399.165762999,1860.03701676248,1
1048712,48331505,3,281,05:54:02,-79.454091,43.809192,4589,34,15.0845800302696,8.22521604011694,10407.3909790392,1862,1
1048712,48331505,3,282,05:54:02,-79.454091,43.809192,4589,34,1e-12,0,10407.3909790392,1862,1
1048712,48331505,3,283,05:54:02,-79.454015,43.809236,,,59.0586195638224,7.82727928074388,10415.2182583199,1862.47712265574,1
1048712,48331505,3,284,05:54:03,-79.453915,43.809271,,,59.0586195638224,8.9283260504019,10424.1465843703,1863.02136114318,1
1048712,48331505,3,285,05:54:04,-79.453788,43.80935,,,59.0586195638224,13.4694686517947,10437.6160530221,1863.84241127108,1
1048712,48331505,3,286,05:54:05,-79.453686,43.809475,,,59.0586195638224,16.1482838441623,10453.7643368663,1864.82675229138,1
1048712,48331505,3,287,05:54:06,-79.453645,43.809609,,,59.0586195638224,15.2761075918491,10469.0404444581,1865.75792859954,1
1048712,48331505,3,288,05:54:07,-79.453667,43.809736,,,59.0586195638224,14.2476129601936,10483.2880574183,1866.62641159212,1
1048712,48331505,3,289,05:54:07,-79.453752,43.809818,,,59.0586195638224,11.3995419862871,10494.6875994046,1867.32128647159,1
1048712,48331505,3,290,05:54:08,-79.453888,43.809838,,,59.0586195638224,11.1497994132368,10505.8373988178,1868.00093794641,1
1048712,48331505,3,291,05:54:09,-79.45405,43.809813,,,59.0586195638224,13.3081488535151,10519.1455476713,1868.81215460245,1
1048712,48331505,3,292,05:54:10,-79.4542,43.809788,,,59.0586195638224,12.3671173760966,10531.5126650474,1869.56600938068,1
1048712,48331505,3,293,05:54:10,-79.45435,43.809736,,,59.0586195638224,13.3682013658215,10544.8808664133,1870.38088662082,1
1048712,48331505,3,294,05:54:11,-79.454352,43.809673,,,59.0586195638224,7.01496804426281,10551.8958344575,1870.80849371943,1
1048712,48331505,3,295,05:54:11,-79.454317,43.8096,,,59.0586195638224,8.59898428001519,10560.4948187375,1871.33265672284,1
1048712,48331505,3,296,05:54:12,-79.454282,43.80951,,,59.0586195638224,10.4058091758725,10570.9006279134,1871.96695724171,1
1048712,48331505,3,297,05:54:13,-79.454234,43.809419,,,59.0586195638224,10.8391465697576,10581.7397744832,1872.62767244196,1
1048712,48331505,3,298,05:54:13,-79.454199,43.809329,,,59.0586195638224,10.4058114781275,10592.1455859613,1873.26197310117,1
1048712,48331505,3,299,05:54:14,-79.454152,43.80922,,,59.0586195638224,12.7076912722119,10604.8532772335,1874.03658803321,1
1048712,48331505,3,300,05:54:14,-79.454091,43.809192,,,59.0586195638224,5.80764815128122,10610.6609253848,1874.39060127461,1
1048712,48331505,3,301,05:54:15,-79.454068,43.80912,,,59.0586195638224,8.22521604011694,10618.8861414249,1874.89198071699,1
1048712,48331505,3,302,05:54:15,-79.454044,43.809075,,,59.0586195638224,5.36759545410759,10624.253736879,1875.2191699364,1
1048712,48331505,3,303,05:54:16,-79.453971,43.809011,,,59.0586195638224,9.22759841319609,10633.4813352922,1875.78165098545,1
1048712,48331505,3,304,05:54:16,-79.454034,43.808984,,,59.0586195638224,5.88624320939857,10639.3675785016,1876.14045509754,1
1048712,48331505,3,305,05:54:17,-79.454149,43.808878,,,59.0586195638224,14.9861600732184,10654.3537385748,1877.05395725289,1
1048712,48331505,3,306,05:54:18,-79.454264,43.808736,,,59.0586195638224,18.3090519423261,10672.6627905171,1878.17001088704,1
1048712,48331505,3,307,05:54:19,-79.454318,43.808601,,,59.0586195638224,15.6417210223692,10688.3045115395,1879.12347366854,1
1048712,48331505,3,308,05:54:20,-79.454334,43.808457,,,59.0586195638224,16.0814565235481,10704.3859680631,1880.1037411369,1
1048712,48331505,3,309,05:54:25,-79.4544035008994,43.8076840000211,,,59.0586195638224,86.2309123922321,10790.6168804553,1885.3600659021,1
1048712,48331505,3,310,05:54:31,-79.454473,43.806911,,,59.0586195638224,86.2309123895191,10876.8477928448,1890.61639066714,1
1048712,48331505,3,311,05:54:33,-79.454507,43.806542,,,59.0586195638224,41.1676075782011,10918.015400423,1893.12581923787,1
1048712,48331505,3,312,05:54:35,-79.454478,43.806244,,,59.0586195638224,33.2549190183777,10951.2703194414,1895.1529189119,1
1048712,48331505,3,313,05:54:39,-79.455264,43.806138,,,59.0586195638224,64.2384464075435,11015.5087658489,1899.06866243545,1
1048712,48331505,3,314,05:54:40,-79.455451,43.806113,5138,35,59.0586195638224,15.278753030562,11030.7875188795,1900,1
1048712,48331505,3,315,05:54:40,-79.455451,43.806113,5138,35,1e-12,0,11030.7875188795,1900,1
1048712,48331505,3,316,05:54:41,-79.455613,43.806107,,,42.3897165965348,13.031845308537,11043.819364188,1901.10674585436,1
1048712,48331505,3,317,05:54:43,-79.455837,43.806083,,,42.3897165965348,18.1929030139162,11062.012267202,1902.65180102596,1
1048712,48331505,3,318,05:54:45,-79.456136,43.806078,,,42.3897165965348,24.0274510067164,11086.0397182087,1904.69236252458,1
1048712,48331505,3,319,05:54:47,-79.456154,43.806321,,,42.3897165965348,27.0892610030803,11113.1289792118,1906.9929520883,1
1048712,48331505,3,320,05:54:49,-79.45615,43.806483,,,42.3897165965348,18.0366203896205,11131.1655996014,1908.52473476146,1
1048712,48331505,3,321,05:54:50,-79.456183,43.806637,,,42.3897165965348,17.3469833235414,11148.5125829249,1909.99794913935,1
1048712,48331505,3,322,05:54:52,-79.456216,43.806817,,,42.3897165965348,20.212129308672,11168.7247122336,1911.71448964382,1
1048712,48331505,3,323,05:54:54,-79.456322,43.807044,,,42.3897165965348,26.6658165382479,11195.3905287718,1913.97911765376,1
1048712,48331505,3,324,05:54:57,-79.456427,43.807315,,,42.3897165965348,31.3247111531211,11226.715239925,1916.63940814885,1
1048712,48331505,3,325,05:55:05,-79.4567729953051,43.8081255005219,,,42.3897165965348,94.4090277413962,11321.1242676664,1924.65721357802,1
1048712,48331505,3,326,05:55:13,-79.457119,43.808936,,,42.3897165965348,94.4090277396165,11415.533295406,1932.67501900705,1
1048712,48331505,3,327,05:55:14,-79.457041,43.809043,,,42.3897165965348,13.4588127870373,11428.992108193,1933.81802561157,1
1048712,48331505,3,328,05:55:17,-79.457157,43.809369,3156,36,42.3897165965348,37.4674979286592,11466.4596061217,1937,1
1048712,48331505,3,329,05:55:17,-79.457157,43.809369,3156,36,1e-12,0,11466.4596061217,1937,1
1048712,48331505,3,330,05:55:18,-79.457204,43.809478,,,42.2081053565504,12.7076884770626,11479.1672945987,1938.08386003425,1
1048712,48331505,3,331,05:55:22,-79.457406,43.809858,,,42.2081053565504,45.3070967123284,11524.4743913111,1941.94817819747,1
1048712,48331505,3,332,05:55:23,-79.457517,43.809887,,,42.2081053565504,9.48331898929518,11533.9577103004,1942.75702635763,1
1048712,48331505,3,333,05:55:25,-79.457599,43.810077,,,42.2081053565504,22.1527508147131,11556.1104611151,1944.64647157815,1
1048712,48331505,3,334,05:55:28,-79.457702,43.810421,,,42.2081053565504,39.1776186277396,11595.2880797428,1947.9879962893,1
1048712,48331505,3,335,05:55:30,-79.457721,43.810646,,,42.2081053565504,25.0933472123137,11620.3814269551,1950.12824990176,1
1048712,48331505,3,336,05:55:32,-79.457716,43.810844,,,42.2081053565504,22.0449185637421,11642.4263455189,1952.00849792898,1
1048712,48331505,3,337,05:55:34,-79.457662,43.811014,,,42.2081053565504,19.4151209595016,11661.8414664784,1953.6644461139,1
1048712,48331505,3,338,05:55:35,-79.45762,43.811185,,,42.2081053565504,19.332318802634,11681.173785281,1955.31333196418,1
1048712,48331505,3,339,05:55:36,-79.457506,43.811273,,,42.2081053565504,13.4099855530162,11694.583770834,1956.45709209231,1
1048712,48331505,3,340,05:55:40,-79.457323,43.811622,6514,37,42.2081053565504,41.5387306211702,11736.1225014552,1960,1
1048712,48331505,3,341,05:55:40,-79.457323,43.811622,6514,37,1e-12,0,11736.1225014552,1960,1
1048712,48331505,3,342,05:55:45,-79.457198,43.812124,,,40.2505872276414,56.7773512431851,11792.8998526984,1965.0781486322,1
1048712,48331505,3,343,05:55:46,-79.457246,43.812206,,,40.2505872276414,9.90915559864863,11802.809008297,1965.96442042629,1
1048712,48331505,3,344,05:55:46,-79.457232,43.812251,,,40.2505872276414,5.13406410678129,11807.9430724038,1966.42360952283,1
1048712,48331505,3,345,05:55:51,-79.457095,43.812679,,,40.2505872276414,48.8992201222604,11856.8422925261,1970.7971405584,1
1048712,48331505,3,346,05:55:56,-79.456921,43.813219,,,40.2505872276414,61.716099638624,11918.5583921647,1976.31700931069,1
1048712,48331505,3,347,05:56:05,-79.456663,43.814071,6104,38,40.2505872276414,97.0820761491219,12015.6404683138,1985,1
1048712,48331505,3,348,05:56:05,-79.456663,43.814071,6104,38,1e-12,0,12015.6404683138,1985,1
1048712,48331505,3,349,05:56:06,-79.456623,43.814179,,,42.2044477068763,12.4444568126819,12028.0849251265,1986.06150055171,1
1048712,48331505,3,350,05:56:10,-79.456489,43.814573,,,42.2044477068763,45.1613526571964,12073.2462777837,1989.9137217843,1
1048712,48331505,3,351,05:56:14,-79.456304,43.814976,,,42.2044477068763,47.2589299501508,12120.5052077338,1993.9448644023,1
1048712,48331505,3,352,05:56:16,-79.456175,43.815163,,,42.2044477068763,23.2531344032584,12143.7583421371,1995.92833506476,1
1048712,48331505,3,353,05:56:18,-79.456007,43.815395,,,42.2044477068763,29.1392305331183,12172.8975726702,1998.4138842336,1
1048712,48331505,3,354,05:56:21,-79.455804,43.815563,,,42.2044477068763,24.8120640837261,12197.7096367539,2000.53033014285,1
1048712,48331505,3,355,05:56:24,-79.455436,43.815873,,,42.2044477068763,45.438315151707,12243.1479519056,2004.40617601773,1
1048712,48331505,3,356,05:56:29,-79.454979,43.816227,6202,39,42.2044477068763,53.8555011206685,12297.0034530263,2009,1
1048712,48331505,3,357,05:56:29,-79.454979,43.816227,6202,39,1e-12,0,12297.0034530263,2009,1
1048712,48331505,3,358,05:56:33,-79.454562,43.816483,,,44.3392903626647,43.9777879562808,12340.9812409826,2012.57064886126,1
1048712,48331505,3,359,05:56:36,-79.454159,43.816666,,,44.3392903626647,38.2471237686539,12379.2283647512,2015.67601307528,1
1048712,48331505,3,360,05:56:40,-79.453596,43.816812,,,44.3392903626647,48.0540105796541,12427.2823753309,2019.57761900248,1
1048712,48331505,3,361,05:56:44,-79.45297,43.816956,,,44.3392903626647,52.7757303497211,12480.0581056806,2023.86259126308,1
1048712,48331505,3,362,05:56:45,-79.45277,43.816999,,,44.3392903626647,16.7626125232694,12496.8207182039,2025.22358293864,1
1048712,48331505,3,363,05:56:46,-79.452671,43.816997,,,44.3392903626647,7.95510491246466,12504.7758231164,2025.86947459479,1
1048712,48331505,3,364,05:56:53,-79.451621,43.817217,5053,40,44.3392903626647,87.822898994388,12592.5987221107,2033,1
1048712,48331505,3,365,05:56:53,-79.451621,43.817217,5053,40,1e-12,0,12592.5987221107,2033,1
1048712,48331505,3,366,05:56:53,-79.451583,43.817226,,,31.6783344069838,3.21248951098057,12595.8112116217,2033.36507482025,1
1048712,48331505,3,367,05:56:55,-79.451446,43.817251,,,31.6783344069838,11.3506802642164,12607.1618918859,2034.6549926684,1
1048712,48331505,3,368,05:57:01,-79.450821,43.817386,,,31.6783344069838,52.4027996817591,12659.5646915677,2040.61016936521,1
1048712,48331505,3,369,05:57:01,-79.450758,43.817422,,,31.6783344069838,6.45499259909263,12666.0196841668,2041.34372981881,1
1048712,48331505,3,370,05:57:10,-79.449845,43.817607,6989,41,31.6783344069838,76.1711726435967,12742.1908568104,2050,1
1048712,48331505,3,371,05:57:10,-79.449845,43.817607,6989,41,1e-12,0,12742.1908568104,2050,1
1048712,48331505,3,372,05:57:17,-79.4489885026752,43.8177935031982,,,39.233114315075,71.8602086315453,12814.0510654419,2056.59383675219,1
1048712,48331505,3,373,05:57:23,-79.448132,43.81798,,,39.233114315075,71.8602086311208,12885.9112740731,2063.18767350434,1
1048712,48331505,3,374,05:57:29,-79.447344,43.81815,,,39.233114315075,66.0620551666029,12951.9733292397,2069.24947621237,1
1048712,48331505,3,375,05:57:31,-79.447094,43.818191,,,39.233114315075,20.592544360716,12972.5658736004,2071.13903203767,1
1048712,48331505,3,376,05:57:34,-79.446746,43.818195,,,39.233114315075,27.9554325565639,13000.5213061569,2073.70420074682,1
1048712,48331505,3,377,05:57:36,-79.446436,43.818173,3584,42,39.233114315075,25.0198207067704,13025.5411268637,2076,1
1048712,48331505,3,378,05:57:36,-79.446436,43.818173,3584,42,1e-12,0,13025.5411268637,2076,1
1048712,48331505,3,379,05:57:38,-79.446151,43.818115,,,43.8750693791768,23.7847516125621,13049.3258784763,2077.95156627709,1
1048712,48331505,3,380,05:57:40,-79.445904,43.81804,,,43.8750693791768,21.5246140650541,13070.8504925413,2079.71768566403,1
1048712,48331505,3,381,05:57:42,-79.445671,43.817938,,,43.8750693791768,21.8901120055525,13092.7406045469,2081.51379457816,1
1048712,48331505,3,382,05:57:45,-79.445254,43.817698,,,43.8750693791768,42.8444595722658,13135.5850641191,2085.02923185593,1
1048712,48331505,3,383,05:57:52,-79.444497,43.817165,1846,43,43.8750693791768,84.9563710964637,13220.5414352156,2092,1
1048712,48331505,3,384,05:57:52,-79.444497,43.817165,1846,43,1e-12,0,13220.5414352156,2092,1
1048712,48331505,3,385,05:57:55,-79.444241,43.816973,,,39.2160189307365,29.6587954230453,13250.2002306386,2094.72265432428,1
1048712,48331505,3,386,05:57:57,-79.444059,43.816808,,,39.2160189307365,23.4751634362567,13273.6753940749,2096.87765604743,1
1048712,48331505,3,387,05:57:58,-79.44395,43.816672,,,39.2160189307365,17.488782361339,13291.1641764362,2098.48311264954,1
1048712,48331505,3,388,05:58:00,-79.443855,43.816508,,,39.2160189307365,19.7869738618632,13310.9511502981,2100.29954144177,1
1048712,48331505,3,389,05:58:03,-79.44375,43.816255,,,39.2160189307365,29.399557608082,13340.3507079062,2102.99839793651,1
1048712,48331505,3,390,05:58:05,-79.443705,43.816065,,,39.2160189307365,21.4573417809926,13361.8080496872,2104.968165203,1
1048712,48331505,3,391,05:58:08,-79.44365,43.815776,,,39.2160189307365,32.4732515382451,13394.2813012254,2107.94918440702,1
1048712,48331505,3,392,05:58:11,-79.443608,43.815479,3705,44,39.2160189307365,33.2335672357294,13427.5148684612,2111,1
1048712,48331505,3,393,05:58:11,-79.443608,43.815479,3705,44,1e-12,0,13427.5148684612,2111,1
1048712,48331505,3,394,05:58:13,-79.443602,43.815235,,,45.8914951614161,27.1662311936758,13454.6810996548,2113.13107966854,1
1048712,48331505,3,395,05:58:18,-79.443578,43.814731,,,45.8914951614161,56.1381343854008,13510.8192340402,2117.53488658476,1
1048712,48331505,3,396,05:58:23,-79.4435564997844,43.814132000002,,,45.8914951614161,66.7027363413882,13577.5219703816,2122.76744329236,1
1048712,48331505,3,397,05:58:28,-79.443535,43.813533,7606,45,45.8914951614161,66.7027363417768,13644.2247067234,2128,1
1048712,48331505,3,398,05:58:28,-79.443535,43.813533,7606,45,1e-12,0,13644.2247067234,2128,1
1048712,48331505,3,399,05:58:33,-79.443423,43.813036,,,40.4568087921252,56.0525127406116,13700.277219464,2132.98776477658,1
1048712,48331505,3,400,05:58:35,-79.443354,43.812837,,,40.4568087921252,22.8354539296908,13723.1126733937,2135.01974991335,1
1048712,48331505,3,401,05:58:36,-79.443431,43.812721,,,40.4568087921252,14.3180058276148,13737.4306792213,2136.29382027427,1
1048712,48331505,3,402,05:58:40,-79.443354,43.812351,7163,46,40.4568087921252,41.6500568091668,13779.0807360305,2140,1
1048712,48331505,3,403,05:58:40,-79.443354,43.812351,7163,46,1e-12,0,13779.0807360305,2140,1
1048712,48331505,3,404,05:58:41,-79.443332,43.812225,,,42.4742641387008,14.1371502838815,13793.2178863144,2141.19822537374,1
1048712,48331505,3,405,05:58:44,-79.443254,43.811899,,,42.4742641387008,36.8270897299051,13830.0449760443,2144.31958664311,1
1048712,48331505,3,406,05:58:45,-79.443143,43.811844,,,42.4742641387008,10.816293635272,13840.8612696795,2145.2363454823,1
1048712,48331505,3,407,05:58:49,-79.443141,43.811457,,,42.4742641387008,43.0809424894933,13883.942212169,2148.88776584489,1
1048712,48331505,3,408,05:58:54,-79.443006,43.810924,5917,47,42.4742641387008,60.3162177341744,13944.2584299032,2154,1
1048712,48331505,3,409,05:58:54,-79.443006,43.810924,5917,47,1e-12,0,13944.2584299032,2154,1
1048712,48331505,3,410,05:58:57,-79.442951,43.810644,,,40.3109316578076,31.4810394126707,13975.7394693159,2156.81143940923,1
1048712,48331505,3,411,05:59:00,-79.442872,43.810337,,,40.3109316578076,34.7593271615757,14010.4987964775,2159.91564892847,1
1048712,48331505,3,412,05:59:07,-79.442704,43.809596,,,40.3109316578076,83.5844858334766,14094.0832823109,2167.3802283025,1
1048712,48331505,3,413,05:59:12,-79.442579,43.809171,,,40.3109316578076,48.3647121480836,14142.447994459,2171.69947761212,1
1048712,48331505,3,414,05:59:17,-79.442393,43.808655,8487,48,40.3109316578076,59.3524988135206,14201.8004932725,2177,1
1048712,48331505,3,415,05:59:17,-79.442393,43.808655,8487,48,1e-12,0,14201.8004932725,2177,1
1048712,48331505,3,416,05:59:19,-79.4423,43.808411,,,41.8580369489303,28.170717226191,14229.9712104987,2179.42282222021,1
1048712,48331505,3,417,05:59:27,-79.44202,43.807687,,,41.8580369489303,83.6754277504566,14313.6466382492,2186.61932644876,1
1048712,48331505,3,418,05:59:28,-79.441962,43.807542,,,41.8580369489303,16.8003898238751,14330.4470280731,2188.0642437878,1
1048712,48331505,3,419,05:59:35,-79.441693,43.806881,,,41.8580369489303,76.6899582291959,14407.1369863023,2194.65996278824,1
1048712,48331505,3,420,05:59:36,-79.441635,43.806736,,,41.8580369489303,16.8004072647956,14423.9373935671,2196.1048816273,1
1048712,48331505,3,421,05:59:37,-79.441576,43.806618,,,41.8580369489303,13.9647092235207,14437.9021027906,2197.305916288,1
1048712,48331505,3,422,05:59:40,-79.441471,43.806347,2456,49,41.8580369489303,31.3247376556864,14469.2268404463,2200,1
1048712,48331505,3,423,05:59:40,-79.441471,43.806347,2456,49,1e-12,0,14469.2268404463,2200,1
1048712,48331505,3,424,05:59:42,-79.441376,43.806183,,,40.209751036943,19.7874826898551,14489.0143231361,2201.77158365437,1
1048712,48331505,3,425,05:59:43,-79.44128,43.806038,,,40.209751036943,17.8892122224791,14506.9035353586,2203.3732141629,1
1048712,48331505,3,426,05:59:45,-79.441173,43.805857,,,40.209751036943,21.9059193053024,14528.8094546639,2205.33446255329,1
1048712,48331505,3,427,05:59:47,-79.441102,43.805712,,,40.209751036943,17.1195258923644,14545.9289805563,2206.86718264289,1
1048712,48331505,3,428,05:59:48,-79.441006,43.805593,,,40.209751036943,15.3285987270807,14561.2575792833,2208.23956008852,1
1048712,48331505,3,429,05:59:49,-79.441032,43.805521,,,40.209751036943,8.28271506642962,14569.5402943498,2208.98111589203,1
1048712,48331505,3,430,05:59:54,-79.440821,43.805041,5721,50,40.209751036943,56.057800129044,14625.5980944788,2214,1
1048712,48331505,3,431,05:59:54,-79.440821,43.805041,5721,50,1e-12,0,14625.5980944788,2214,1
1048712,48331505,3,432,05:59:57,-79.440736,43.804959,,,15.656507565754,11.3998691106386,14636.9979635895,2216.62124414567,1
1048712,48331505,3,433,06:00:05,-79.441162,43.804857,,,15.656507565754,36.0589556694028,14673.0569192589,2224.9125083286,1
1048712,48331505,3,434,06:00:07,-79.441226,43.804786,,,15.656507565754,9.42897571916171,14682.485894978,2227.0805724672,1
1048712,48331505,3,435,06:00:19,-79.4418445014081,43.8046500016677,,,15.656507565754,51.9452707083981,14734.4311656864,2239.02467773875,1
1048712,48331505,3,436,06:00:31,-79.442463,43.804514,,,15.656507565754,51.9452707100804,14786.3764363965,2250.96878301069,1
1048712,48331505,3,437,06:00:41,-79.442988,43.804405,,,15.656507565754,43.8891198819197,14830.2655562784,2261.06048647083,1
1048712,48331505,3,438,06:00:49,-79.443388,43.804338,,,15.656507565754,32.990194631989,14863.2557509104,2268.64613098167,1
1048712,48331505,3,439,06:01:02,-79.444075,43.804221,,,15.656507565754,56.7096366802228,14919.9653875906,2281.68573711295,1
1048712,48331505,3,440,06:01:17,-79.444886,43.804097,10032,51,15.656507565754,66.6021868764028,14986.567574467,2297,1
1048712,48331505,3,441,06:01:17,-79.444886,43.804097,10032,51,1e-12,0,14986.567574467,2297,1
1048712,48331505,3,442,06:01:39,-79.445697,43.803973,,,10.9288255181291,66.6023191866148,15053.1698936536,2318.93907741267,1
1048712,48331505,3,443,06:01:45,-79.445935,43.803932,,,10.9288255181291,19.6582461421521,15072.8281397958,2325.41458440968,1
1048712,48331505,3,444,06:01:52,-79.446172,43.803899,,,10.9288255181291,19.3918813825141,15092.2200211783,2331.80234976116,1
1048712,48331505,3,445,06:02:22,-79.447283,43.803716,,,10.9288255181291,91.5538722005728,15183.7738933789,2361.96057118901,1
1048712,48331505,3,446,06:02:28,-79.447493,43.803755,,,10.9288255181291,17.4212284068183,15201.1951217857,2367.69919535869,1
1048712,48331505,3,447,06:02:52,-79.448368,43.803596,,,10.9288255181291,72.492407298387,15273.6875290841,2391.57849198039,1
1048712,48331505,3,448,06:02:55,-79.44848,43.803579,,,10.9288255181291,9.19505689220886,15282.8825859763,2394.60738147606,1
1048712,48331505,3,449,06:03:00,-79.448446,43.803434,8016,52,10.9288255181291,16.3708297038694,15299.2534156802,2400,1
1048712,48331505,3,450,06:03:00,-79.448446,43.803434,8016,52,1e-12,0,15299.2534156802,2400,1
1048712,48331505,3,451,,-79.448245,43.802549,,,,99.832502336082,15399.0859180162,,1
