shape_id,trip_id,route_type,id,timestamp,shape_pt_lon,shape_pt_lat,stop_id,stop_sequence,speed,dist,cumdist,cumtime,trip_number
1048943,48335536,0,1,,-79.358355,43.677043,,,1e-12,0,0,0,1
1048943,48335536,0,2,04:54:00,-79.358122,43.677153,14161,1,,22.40193306121,22.40193306121,,1
1048943,48335536,0,3,04:54:00,-79.358122,43.677153,14161,1,1e-12,0,22.40193306121,0,1
1048943,48335536,0,4,04:54:03,-79.358002,43.677226,,,14.7094124730761,12.6245040944279,35.0264371556379,3.08973691662589,1
1048943,48335536,0,5,04:54:06,-79.357942,43.677307,,,14.7094124730761,10.2293346676756,45.2557718233135,5.59327707304189,1
1048943,48335536,0,6,04:54:09,-79.357959,43.677433,,,14.7094124730761,14.0928756149479,59.3486474382615,9.04238507152084,1
1048943,48335536,0,7,04:54:13,-79.358167,43.677448,,,14.7094124730761,16.829249902091,76.1778973403525,13.1611967343539,1
1048943,48335536,0,8,04:54:19,-79.35846,43.67748,4402,2,14.7094124730761,23.8570459954255,100.034943335778,19,1
1048943,48335536,0,9,04:54:19,-79.35846,43.67748,4402,2,1e-12,0,100.034943335778,19,1
1048943,48335536,0,10,04:54:22,-79.358652,43.67752,,,18.3957781131568,16.086568463914,116.121511799692,22.1480944222018,1
1048943,48335536,0,11,04:54:28,-79.358718,43.67726,,,18.3957781131568,29.4268010445669,145.548312844259,27.9068333626695,1
1048943,48335536,0,12,04:54:39,-79.358841,43.676775,,,18.3957781131568,54.8906363215146,200.438949165774,38.6487704278988,1
1048943,48335536,0,13,04:54:47,-79.358936,43.676401,,,18.3957781131568,42.3302349028174,242.769184068591,46.9326736535608,1
1048943,48335536,0,14,04:54:49,-79.358918,43.676307,2800,3,18.3957781131568,10.5639102101606,253.333094278752,49,1
1048943,48335536,0,15,04:54:49,-79.358918,43.676307,2800,3,1e-12,0,253.333094278752,49,1
1048943,48335536,0,16,04:54:51,-79.358872,43.676202,,,19.9783158784242,12.2612595601859,265.594353838937,51.2094221898023,1
1048943,48335536,0,17,04:55:01,-79.3584779973704,43.6758015006766,,,19.9783158784242,54.7172076013505,320.311561440288,61.0692095994905,1
1048943,48335536,0,18,04:55:11,-79.358084,43.675401,,,19.9783158784242,54.7172076017149,375.028769042003,70.9289970092444,1
1048943,48335536,0,19,04:55:25,-79.35758,43.674798,,,19.9783158784242,78.4378918867569,453.46666092876,85.0631418746422,1
1048943,48335536,0,20,04:55:38,-79.35708,43.674264,3442,4,19.9783158784242,71.7935105840993,525.260171512859,98,1
1048943,48335536,0,21,04:55:38,-79.35708,43.674264,3442,4,1e-12,0,525.260171512859,98,1
1048943,48335536,0,22,04:55:50,-79.3566539968411,43.673819000791,,,17.7071579424422,60.2527460753517,585.512917588211,110.249841932643,1
1048943,48335536,0,23,04:56:02,-79.356228,43.673374,,,17.7071579424422,60.2527460796478,645.765663667859,122.49968386616,1
1048943,48335536,0,24,04:56:06,-79.356099,43.673235,,,17.7071579424422,18.6361887602404,664.401852428099,126.28856290338,1
1048943,48335536,0,25,04:56:17,-79.3557379977864,43.672867000568,,,17.7071579424422,50.2298935074104,714.631745935509,136.500682613074,1
1048943,48335536,0,26,04:56:27,-79.355377,43.672499,,,17.7071579424422,50.2298935056318,764.861639441141,146.712802322406,1
1048943,48335536,0,27,04:56:40,-79.354932,43.672008,8499,5,17.7071579424422,65.355141080445,830.216780521586,160,1
1048943,48335536,0,28,04:56:40,-79.354932,43.672008,8499,5,1e-12,0,830.216780521586,160,1
1048943,48335536,0,29,04:56:58,-79.354528,43.671265,,,18.1657040042732,88.8772817136891,919.094062235275,177.61331210142,1
1048943,48335536,0,30,04:57:04,-79.354385,43.671,,,18.1657040042732,31.6671386890951,950.76120092437,183.888967548295,1
1048943,48335536,0,31,04:57:08,-79.354256,43.670851,,,18.1657040042732,19.5705168108216,970.331717735192,187.767367223991,1
1048943,48335536,0,32,04:57:12,-79.354096,43.670671,,,18.1657040042732,23.821771916895,994.153489652087,192.488262097135,1
1048943,48335536,0,33,04:57:17,-79.353933,43.67049,,,18.1657040042732,24.0464922975019,1018.19998194959,197.253691075315,1
1048943,48335536,0,34,04:57:28,-79.3535739976553,43.6700980005618,,,18.1657040042732,52.3432370978335,1070.54321904742,207.626845537585,1
1048943,48335536,0,35,04:57:38,-79.353215,43.669706,7801,6,18.1657040042732,52.3432370985662,1122.88645614599,218,1
1048943,48335536,0,36,04:57:38,-79.353215,43.669706,7801,6,1e-12,0,1122.88645614599,218,1
1048943,48335536,0,37,04:57:42,-79.353117,43.669594,,,13.9721441749524,14.7551518046029,1137.64160795059,221.801746233895,1
1048943,48335536,0,38,04:57:44,-79.353071,43.669522,,,13.9721441749524,8.82947936362283,1146.47108731421,224.076710284583,1
1048943,48335536,0,39,04:57:46,-79.353034,43.66945,,,13.9721441749524,8.55081470613996,1155.02190202035,226.279874849496,1
1048943,48335536,0,40,04:57:49,-79.353006,43.66936,,,13.9721441749524,10.269306278954,1165.29120829931,228.925818245249,1
1048943,48335536,0,41,04:57:51,-79.352995,43.669283,,,13.9721441749524,8.61724255219043,1173.9084508515,231.146098311032,1
1048943,48335536,0,42,04:57:57,-79.352997,43.669076,,,13.9721441749524,23.0436973241329,1196.95214817563,237.083434007553,1
1048943,48335536,0,43,04:58:05,-79.35303,43.668801,,,13.9721441749524,30.7279684858742,1227.68011666151,245.000664545973,1
1048943,48335536,0,44,04:58:14,-79.353092,43.668473,,,13.9721441749524,36.8525169939771,1264.53263365548,254.495918783054,1
1048943,48335536,0,45,04:58:21,-79.353168,43.668253,4197,7,13.9721441749524,25.2433223579935,1289.77595601348,261,1
1048943,48335536,0,46,04:58:21,-79.353168,43.668253,4197,7,1e-12,0,1289.77595601348,261,1
1048943,48335536,0,47,04:58:33,-79.353384,43.667758,,,16.7015556703113,57.7829928534674,1347.55894886694,273.455053791322,1
1048943,48335536,0,48,04:58:37,-79.353421,43.667614,,,16.7015556703113,16.3045331026977,1363.86348196964,276.969476060024,1
1048943,48335536,0,49,04:58:39,-79.353432,43.667547,,,16.7015556703113,7.51081839549334,1371.37430036513,278.588423824982,1
1048943,48335536,0,50,04:58:40,-79.35343,43.667479,,,16.7015556703113,7.5714383434104,1378.94573870854,280.220438145943,1
1048943,48335536,0,51,04:58:42,-79.353425,43.667416,,,16.7015556703113,7.02467551683153,1385.97041422538,281.734598405011,1
1048943,48335536,0,52,04:58:54,-79.353237,43.666941,,,16.7015556703113,55.0011658384462,1440.97158006382,293.590032768552,1
1048943,48335536,0,53,04:58:57,-79.35318,43.666805,7809,8,16.7015556703113,15.8199326527668,1456.79151271659,297,1
1048943,48335536,0,54,04:58:57,-79.35318,43.666805,7809,8,1e-12,0,1456.79151271659,297,1
1048943,48335536,0,55,04:59:06,-79.352911,43.66616,,,30.7010933286176,74.9973744325878,1531.78888714918,305.794167200086,1
1048943,48335536,0,56,04:59:15,-79.352624,43.665486,10353,9,30.7010933286176,78.5080922105003,1610.29697935968,315,1
1048943,48335536,0,57,04:59:15,-79.352624,43.665486,10353,9,1e-12,0,1610.29697935968,315,1
1048943,48335536,0,58,04:59:27,-79.3524329985491,43.665030000159,,,16.2515294276054,53.0406927135499,1663.33767207323,326.749447620876,1
1048943,48335536,0,59,04:59:38,-79.352242,43.664574,,,16.2515294276054,53.0406927093788,1716.37836478261,338.498895240829,1
1048943,48335536,0,60,04:59:51,-79.352038,43.664089,8223,10,16.2515294276054,56.4339088531252,1772.81227363573,351,1
1048943,48335536,0,61,04:59:51,-79.352038,43.664089,8223,10,1e-12,0,1772.81227363573,351,1
1048943,48335536,0,62,05:00:03,-79.351807,43.663536,,,19.400030875157,64.3089021215321,1837.12117575726,362.933591710618,1
1048943,48335536,0,63,05:00:13,-79.351607,43.663057,,,19.400030875157,55.7013473338706,1892.82252309113,373.269907755286,1
1048943,48335536,0,64,05:00:26,-79.351361,43.662467,7690,11,19.400030875157,68.6011618308465,1961.42368492198,386,1
1048943,48335536,0,65,05:00:26,-79.351361,43.662467,7690,11,1e-12,0,1961.42368492198,386,1
1048943,48335536,0,66,05:00:41,-79.3511504947591,43.6619687505794,,,14.3046046664362,57.9976657455939,2019.42135066757,400.596110941398,1
1048943,48335536,0,67,05:00:55,-79.3509399930123,43.6614705007725,,,14.3046046664362,57.9976657433981,2077.41901641097,415.192221882243,1
1048943,48335536,0,68,05:01:10,-79.3507294947593,43.6609722505794,,,14.3046046664362,57.9976657462481,2135.41668215722,429.788332823805,1
1048943,48335536,0,69,05:01:24,-79.350519,43.660474,,,14.3046046664362,57.997665743309,2193.41434790053,444.384443764628,1
1048943,48335536,0,70,05:01:37,-79.3503334986251,43.66002900015,,,14.3046046664362,51.7407653112581,2245.15511321179,457.405898007091,1
1048943,48335536,0,71,05:01:50,-79.350148,43.659584,,,14.3046046664362,51.7407653086389,2296.89587852043,470.427352248895,1
1048943,48335536,0,72,05:01:58,-79.350037,43.659318,,,14.3046046664362,30.9309311319898,2327.82680965242,478.21165350515,1
1048943,48335536,0,73,05:02:00,-79.350011,43.659257,4041,12,14.3046046664362,7.10599711539954,2334.93280676782,480,1
1048943,48335536,0,74,05:02:00,-79.350011,43.659257,4041,12,1e-12,0,2334.93280676782,480,1
1048943,48335536,0,75,,-79.349852,43.658878,,,,44.0905225681064,2379.02332933592,,1
1048943,48335537,0,1,,-79.358355,43.677043,,,1e-12,0,0,0,2
1048943,48335537,0,2,05:14:00,-79.358122,43.677153,14161,1,,22.40193306121,22.40193306121,,2
1048943,48335537,0,3,05:14:00,-79.358122,43.677153,14161,1,1e-12,0,22.40193306121,0,2
1048943,48335537,0,4,05:14:03,-79.358002,43.677226,,,14.7094124730761,12.6245040944279,35.0264371556379,3.08973691662589,2
1048943,48335537,0,5,05:14:06,-79.357942,43.677307,,,14.7094124730761,10.2293346676756,45.2557718233135,5.59327707304189,2
1048943,48335537,0,6,05:14:09,-79.357959,43.677433,,,14.7094124730761,14.0928756149479,59.3486474382615,9.04238507152084,2
1048943,48335537,0,7,05:14:13,-79.358167,43.677448,,,14.7094124730761,16.829249902091,76.1778973403525,13.1611967343539,2
1048943,48335537,0,8,05:14:19,-79.35846,43.67748,4402,2,14.7094124730761,23.8570459954255,100.034943335778,19,2
1048943,48335537,0,9,05:14:19,-79.35846,43.67748,4402,2,1e-12,0,100.034943335778,19,2
1048943,48335537,0,10,05:14:22,-79.358652,43.67752,,,18.3957781131568,16.086568463914,116.121511799692,22.1480944222018,2
1048943,48335537,0,11,05:14:28,-79.358718,43.67726,,,18.3957781131568,29.4268010445669,145.548312844259,27.9068333626695,2
1048943,48335537,0,12,05:14:39,-79.358841,43.676775,,,18.3957781131568,54.8906363215146,200.438949165774,38.6487704278988,2
1048943,48335537,0,13,05:14:47,-79.358936,43.676401,,,18.3957781131568,42.3302349028174,242.769184068591,46.9326736535608,2
1048943,48335537,0,14,05:14:49,-79.358918,43.676307,2800,3,18.3957781131568,10.5639102101606,253.333094278752,49,2
1048943,48335537,0,15,05:14:49,-79.358918,43.676307,2800,3,1e-12,0,253.333094278752,49,2
1048943,48335537,0,16,05:14:51,-79.358872,43.676202,,,19.9783158784242,12.2612595601859,265.594353838937,51.2094221898023,2
1048943,48335537,0,17,05:15:01,-79.3584779973704,43.6758015006766,,,19.9783158784242,54.7172076013505,320.311561440288,61.0692095994905,2
1048943,48335537,0,18,05:15:11,-79.358084,43.675401,,,19.9783158784242,54.7172076017149,375.028769042003,70.9289970092444,2
1048943,48335537,0,19,05:15:25,-79.35758,43.674798,,,19.9783158784242,78.4378918867569,453.46666092876,85.0631418746422,2
1048943,48335537,0,20,05:15:38,-79.35708,43.674264,3442,4,19.9783158784242,71.7935105840993,525.260171512859,98,2
1048943,48335537,0,21,05:15:38,-79.35708,43.674264,3442,4,1e-12,0,525.260171512859,98,2
1048943,48335537,0,22,05:15:50,-79.3566539968411,43.673819000791,,,17.7071579424422,60.2527460753517,585.512917588211,110.249841932643,2
1048943,48335537,0,23,05:16:02,-79.356228,43.673374,,,17.7071579424422,60.2527460796478,645.765663667859,122.49968386616,2
1048943,48335537,0,24,05:16:06,-79.356099,43.673235,,,17.7071579424422,18.6361887602404,664.401852428099,126.28856290338,2
1048943,48335537,0,25,05:16:17,-79.3557379977864,43.672867000568,,,17.7071579424422,50.2298935074104,714.631745935509,136.500682613074,2
1048943,48335537,0,26,05:16:27,-79.355377,43.672499,,,17.7071579424422,50.2298935056318,764.861639441141,146.712802322406,2
1048943,48335537,0,27,05:16:40,-79.354932,43.672008,8499,5,17.7071579424422,65.355141080445,830.216780521586,160,2
1048943,48335537,0,28,05:16:40,-79.354932,43.672008,8499,5,1e-12,0,830.216780521586,160,2
1048943,48335537,0,29,05:16:58,-79.354528,43.671265,,,18.1657040042732,88.8772817136891,919.094062235275,177.61331210142,2
1048943,48335537,0,30,05:17:04,-79.354385,43.671,,,18.1657040042732,31.6671386890951,950.76120092437,183.888967548295,2
1048943,48335537,0,31,05:17:08,-79.354256,43.670851,,,18.1657040042732,19.5705168108216,970.331717735192,187.767367223991,2
1048943,48335537,0,32,05:17:12,-79.354096,43.670671,,,18.1657040042732,23.821771916895,994.153489652087,192.488262097135,2
1048943,48335537,0,33,05:17:17,-79.353933,43.67049,,,18.1657040042732,24.0464922975019,1018.19998194959,197.253691075315,2
1048943,48335537,0,34,05:17:28,-79.3535739976553,43.6700980005618,,,18.1657040042732,52.3432370978335,1070.54321904742,207.626845537585,2
1048943,48335537,0,35,05:17:38,-79.353215,43.669706,7801,6,18.1657040042732,52.3432370985662,1122.88645614599,218,2
1048943,48335537,0,36,05:17:38,-79.353215,43.669706,7801,6,1e-12,0,1122.88645614599,218,2
1048943,48335537,0,37,05:17:42,-79.353117,43.669594,,,13.9721441749524,14.7551518046029,1137.64160795059,221.801746233895,2
1048943,48335537,0,38,05:17:44,-79.353071,43.669522,,,13.9721441749524,8.82947936362283,1146.47108731421,224.076710284583,2
1048943,48335537,0,39,05:17:46,-79.353034,43.66945,,,13.9721441749524,8.55081470613996,1155.02190202035,226.279874849496,2
1048943,48335537,0,40,05:17:49,-79.353006,43.66936,,,13.9721441749524,10.269306278954,1165.29120829931,228.925818245249,2
1048943,48335537,0,41,05:17:51,-79.352995,43.669283,,,13.9721441749524,8.61724255219043,1173.9084508515,231.146098311032,2
1048943,48335537,0,42,05:17:57,-79.352997,43.669076,,,13.9721441749524,23.0436973241329,1196.95214817563,237.083434007553,2
1048943,48335537,0,43,05:18:05,-79.35303,43.668801,,,13.9721441749524,30.7279684858742,1227.68011666151,245.000664545973,2
1048943,48335537,0,44,05:18:14,-79.353092,43.668473,,,13.9721441749524,36.8525169939771,1264.53263365548,254.495918783054,2
1048943,48335537,0,45,05:18:21,-79.353168,43.668253,4197,7,13.9721441749524,25.2433223579935,1289.77595601348,261,2
1048943,48335537,0,46,05:18:21,-79.353168,43.668253,4197,7,1e-12,0,1289.77595601348,261,2
1048943,48335537,0,47,05:18:33,-79.353384,43.667758,,,16.7015556703113,57.7829928534674,1347.55894886694,273.455053791322,2
1048943,48335537,0,48,05:18:37,-79.353421,43.667614,,,16.7015556703113,16.3045331026977,1363.86348196964,276.969476060024,2
1048943,48335537,0,49,05:18:39,-79.353432,43.667547,,,16.7015556703113,7.51081839549334,1371.37430036513,278.588423824982,2
1048943,48335537,0,50,05:18:40,-79.35343,43.667479,,,16.7015556703113,7.5714383434104,1378.94573870854,280.220438145943,2
1048943,48335537,0,51,05:18:42,-79.353425,43.667416,,,16.7015556703113,7.02467551683153,1385.97041422538,281.734598405011,2
1048943,48335537,0,52,05:18:54,-79.353237,43.666941,,,16.7015556703113,55.0011658384462,1440.97158006382,293.590032768552,2
1048943,48335537,0,53,05:18:57,-79.35318,43.666805,7809,8,16.7015556703113,15.8199326527668,1456.79151271659,297,2
1048943,48335537,0,54,05:18:57,-79.35318,43.666805,7809,8,1e-12,0,1456.79151271659,297,2
1048943,48335537,0,55,05:19:06,-79.352911,43.66616,,,30.7010933286176,74.9973744325878,1531.78888714918,305.794167200086,2
1048943,48335537,0,56,05:19:15,-79.352624,43.665486,10353,9,30.7010933286176,78.5080922105003,1610.29697935968,315,2
1048943,48335537,0,57,05:19:15,-79.352624,43.665486,10353,9,1e-12,0,1610.29697935968,315,2
1048943,48335537,0,58,05:19:27,-79.3524329985491,43.665030000159,,,16.2515294276054,53.0406927135499,1663.33767207323,326.749447620876,2
1048943,48335537,0,59,05:19:38,-79.352242,43.664574,,,16.2515294276054,53.0406927093788,1716.37836478261,338.498895240829,2
1048943,48335537,0,60,05:19:51,-79.352038,43.664089,8223,10,16.2515294276054,56.4339088531252,1772.81227363573,351,2
1048943,48335537,0,61,05:19:51,-79.352038,43.664089,8223,10,1e-12,0,1772.81227363573,351,2
1048943,48335537,0,62,05:20:03,-79.351807,43.663536,,,19.400030875157,64.3089021215321,1837.12117575726,362.933591710618,2
1048943,48335537,0,63,05:20:13,-79.351607,43.663057,,,19.400030875157,55.7013473338706,1892.82252309113,373.269907755286,2
1048943,48335537,0,64,05:20:26,-79.351361,43.662467,7690,11,19.400030875157,68.6011618308465,1961.42368492198,386,2
1048943,48335537,0,65,05:20:26,-79.351361,43.662467,7690,11,1e-12,0,1961.42368492198,386,2
1048943,48335537,0,66,05:20:41,-79.3511504947591,43.6619687505794,,,14.3046046664362,57.9976657455939,2019.42135066757,400.596110941398,2
1048943,48335537,0,67,05:20:55,-79.3509399930123,43.6614705007725,,,14.3046046664362,57.9976657433981,2077.41901641097,415.192221882243,2
1048943,48335537,0,68,05:21:10,-79.3507294947593,43.6609722505794,,,14.3046046664362,57.9976657462481,2135.41668215722,429.788332823805,2
1048943,48335537,0,69,05:21:24,-79.350519,43.660474,,,14.3046046664362,57.997665743309,2193.41434790053,444.384443764628,2
1048943,48335537,0,70,05:21:37,-79.3503334986251,43.66002900015,,,14.3046046664362,51.7407653112581,2245.15511321179,457.405898007091,2
1048943,48335537,0,71,05:21:50,-79.350148,43.659584,,,14.3046046664362,51.7407653086389,2296.89587852043,470.427352248895,2
1048943,48335537,0,72,05:21:58,-79.350037,43.659318,,,14.3046046664362,30.9309311319898,2327.82680965242,478.21165350515,2
1048943,48335537,0,73,05:22:00,-79.350011,43.659257,4041,12,14.3046046664362,7.10599711539954,2334.93280676782,480,2
1048943,48335537,0,74,05:22:00,-79.350011,43.659257,4041,12,1e-12,0,2334.93280676782,480,2
1048943,48335537,0,75,,-79.349852,43.658878,,,,44.0905225681064,2379.02332933592,,2
1048943,48335535,0,1,,-79.358355,43.677043,,,1e-12,0,0,0,3
1048943,48335535,0,2,05:34:00,-79.358122,43.677153,14161,1,,22.40193306121,22.40193306121,,3
1048943,48335535,0,3,05:34:00,-79.358122,43.677153,14161,1,1e-12,0,22.40193306121,0,3
1048943,48335535,0,4,05:34:03,-79.358002,43.677226,,,14.7094124730761,12.6245040944279,35.0264371556379,3.08973691662589,3
1048943,48335535,0,5,05:34:06,-79.357942,43.677307,,,14.7094124730761,10.2293346676756,45.2557718233135,5.59327707304189,3
1048943,48335535,0,6,05:34:09,-79.357959,43.677433,,,14.7094124730761,14.0928756149479,59.3486474382615,9.04238507152084,3
1048943,48335535,0,7,05:34:13,-79.358167,43.677448,,,14.7094124730761,16.829249902091,76.1778973403525,13.1611967343539,3
1048943,48335535,0,8,05:34:19,-79.35846,43.67748,4402,2,14.7094124730761,23.8570459954255,100.034943335778,19,3
1048943,48335535,0,9,05:34:19,-79.35846,43.67748,4402,2,1e-12,0,100.034943335778,19,3
1048943,48335535,0,10,05:34:22,-79.358652,43.67752,,,18.3957781131568,16.086568463914,116.121511799692,22.1480944222018,3
1048943,48335535,0,11,05:34:28,-79.358718,43.67726,,,18.3957781131568,29.4268010445669,145.548312844259,27.9068333626695,3
1048943,48335535,0,12,05:34:39,-79.358841,43.676775,,,18.3957781131568,54.8906363215146,200.438949165774,38.6487704278988,3
1048943,48335535,0,13,05:34:47,-79.358936,43.676401,,,18.3957781131568,42.3302349028174,242.769184068591,46.9326736535608,3
1048943,48335535,0,14,05:34:49,-79.358918,43.676307,2800,3,18.3957781131568,10.5639102101606,253.333094278752,49,3
1048943,48335535,0,15,05:34:49,-79.358918,43.676307,2800,3,1e-12,0,253.333094278752,49,3
1048943,48335535,0,16,05:34:51,-79.358872,43.676202,,,19.9783158784242,12.2612595601859,265.594353838937,51.2094221898023,3
1048943,48335535,0,17,05:35:01,-79.3584779973704,43.6758015006766,,,19.9783158784242,54.7172076013505,320.311561440288,61.0692095994905,3
1048943,48335535,0,18,05:35:11,-79.358084,43.675401,,,19.9783158784242,54.7172076017149,375.028769042003,70.9289970092444,3
1048943,48335535,0,19,05:35:25,-79.35758,43.674798,,,19.9783158784242,78.4378918867569,453.46666092876,85.0631418746422,3
1048943,48335535,0,20,05:35:38,-79.35708,43.674264,3442,4,19.9783158784242,71.7935105840993,525.260171512859,98,3
1048943,48335535,0,21,05:35:38,-79.35708,43.674264,3442,4,1e-12,0,525.260171512859,98,3
1048943,48335535,0,22,05:35:50,-79.3566539968411,43.673819000791,,,17.7071579424422,60.2527460753517,585.512917588211,110.249841932643,3
1048943,48335535,0,23,05:36:02,-79.356228,43.673374,,,17.7071579424422,60.2527460796478,645.765663667859,122.49968386616,3
1048943,48335535,0,24,05:36:06,-79.356099,43.673235,,,17.7071579424422,18.6361887602404,664.401852428099,126.28856290338,3
1048943,48335535,0,25,05:36:17,-79.3557379977864,43.672867000568,,,17.7071579424422,50.2298935074104,714.631745935509,136.500682613074,3
1048943,48335535,0,26,05:36:27,-79.355377,43.672499,,,17.7071579424422,50.2298935056318,764.861639441141,146.712802322406,3
1048943,48335535,0,27,05:36:40,-79.354932,43.672008,8499,5,17.7071579424422,65.355141080445,830.216780521586,160,3
1048943,48335535,0,28,05:36:40,-79.354932,43.672008,8499,5,1e-12,0,830.216780521586,160,3
1048943,48335535,0,29,05:36:58,-79.354528,43.671265,,,18.1657040042732,88.8772817136891,919.094062235275,177.61331210142,3
1048943,48335535,0,30,05:37:04,-79.354385,43.671,,,18.1657040042732,31.6671386890951,950.76120092437,183.888967548295,3
1048943,48335535,0,31,05:37:08,-79.354256,43.670851,,,18.1657040042732,19.5705168108216,970.331717735192,187.767367223991,3
1048943,48335535,0,32,05:37:12,-79.354096,43.670671,,,18.1657040042732,23.821771916895,994.153489652087,192.488262097135,3
1048943,48335535,0,33,05:37:17,-79.353933,43.67049,,,18.1657040042732,24.0464922975019,1018.19998194959,197.253691075315,3
1048943,48335535,0,34,05:37:28,-79.3535739976553,43.6700980005618,,,18.1657040042732,52.3432370978335,1070.54321904742,207.626845537585,3
1048943,48335535,0,35,05:37:38,-79.353215,43.669706,7801,6,18.1657040042732,52.3432370985662,1122.88645614599,218,3
1048943,48335535,0,36,05:37:38,-79.353215,43.669706,7801,6,1e-12,0,1122.88645614599,218,3
1048943,48335535,0,37,05:37:42,-79.353117,43.669594,,,13.9721441749524,14.7551518046029,1137.64160795059,221.801746233895,3
1048943,48335535,0,38,05:37:44,-79.353071,43.669522,,,13.9721441749524,8.82947936362283,1146.47108731421,224.076710284583,3
1048943,48335535,0,39,05:37:46,-79.353034,43.66945,,,13.9721441749524,8.55081470613996,1155.02190202035,226.279874849496,3
1048943,48335535,0,40,05:37:49,-79.353006,43.66936,,,13.9721441749524,10.269306278954,1165.29120829931,228.925818245249,3
1048943,48335535,0,41,05:37:51,-79.352995,43.669283,,,13.9721441749524,8.61724255219043,1173.9084508515,231.146098311032,3
1048943,48335535,0,42,05:37:57,-79.352997,43.669076,,,13.9721441749524,23.0436973241329,1196.95214817563,237.083434007553,3
1048943,48335535,0,43,05:38:05,-79.35303,43.668801,,,13.9721441749524,30.7279684858742,1227.68011666151,245.000664545973,3
1048943,48335535,0,44,05:38:14,-79.353092,43.668473,,,13.9721441749524,36.8525169939771,1264.53263365548,254.495918783054,3
1048943,48335535,0,45,05:38:21,-79.353168,43.668253,4197,7,13.9721441749524,25.2433223579935,1289.77595601348,261,3
1048943,48335535,0,46,05:38:21,-79.353168,43.668253,4197,7,1e-12,0,1289.77595601348,261,3
1048943,48335535,0,47,05:38:33,-79.353384,43.667758,,,16.7015556703113,57.7829928534674,1347.55894886694,273.455053791322,3
1048943,48335535,0,48,05:38:37,-79.353421,43.667614,,,16.7015556703113,16.3045331026977,1363.86348196964,276.969476060024,3
1048943,48335535,0,49,05:38:39,-79.353432,43.667547,,,16.7015556703113,7.51081839549334,1371.37430036513,278.588423824982,3
1048943,48335535,0,50,05:38:40,-79.35343,43.667479,,,16.7015556703113,7.5714383434104,1378.94573870854,280.220438145943,3
1048943,48335535,0,51,05:38:42,-79.353425,43.667416,,,16.7015556703113,7.02467551683153,1385.97041422538,281.734598405011,3
1048943,48335535,0,52,05:38:54,-79.353237,43.666941,,,16.7015556703113,55.0011658384462,1440.97158006382,293.590032768552,3
1048943,48335535,0,53,05:38:57,-79.35318,43.666805,7809,8,16.7015556703113,15.8199326527668,1456.79151271659,297,3
1048943,48335535,0,54,05:38:57,-79.35318,43.666805,7809,8,1e-12,0,1456.79151271659,297,3
1048943,48335535,0,55,05:39:06,-79.352911,43.66616,,,30.7010933286176,74.9973744325878,1531.78888714918,305.794167200086,3
1048943,48335535,0,56,05:39:15,-79.352624,43.665486,10353,9,30.7010933286176,78.5080922105003,1610.29697935968,315,3
1048943,48335535,0,57,05:39:15,-79.352624,43.665486,10353,9,1e-12,0,1610.29697935968,315,3
1048943,48335535,0,58,05:39:27,-79.3524329985491,43.665030000159,,,16.2515294276054,53.0406927135499,1663.33767207323,326.749447620876,3
1048943,48335535,0,59,05:39:38,-79.352242,43.664574,,,16.2515294276054,53.0406927093788,1716.37836478261,338.498895240829,3
1048943,48335535,0,60,05:39:51,-79.352038,43.664089,8223,10,16.2515294276054,56.4339088531252,1772.81227363573,351,3
1048943,48335535,0,61,05:39:51,-79.352038,43.664089,8223,10,1e-12,0,1772.81227363573,351,3
1048943,48335535,0,62,05:40:03,-79.351807,43.663536,,,19.400030875157,64.3089021215321,1837.12117575726,362.933591710618,3
1048943,48335535,0,63,05:40:13,-79.351607,43.663057,,,19.400030875157,55.7013473338706,1892.82252309113,373.269907755286,3
1048943,48335535,0,64,05:40:26,-79.351361,43.662467,7690,11,19.400030875157,68.6011618308465,1961.42368492198,386,3
1048943,48335535,0,65,05:40:26,-79.351361,43.662467,7690,11,1e-12,0,1961.42368492198,386,3
1048943,48335535,0,66,05:40:41,-79.3511504947591,43.6619687505794,,,14.3046046664362,57.9976657455939,2019.42135066757,400.596110941398,3
1048943,48335535,0,67,05:40:55,-79.3509399930123,43.6614705007725,,,14.3046046664362,57.9976657433981,2077.41901641097,415.192221882243,3
1048943,48335535,0,68,05:41:10,-79.3507294947593,43.6609722505794,,,14.3046046664362,57.9976657462481,2135.41668215722,429.788332823805,3
1048943,48335535,0,69,05:41:24,-79.350519,43.660474,,,14.3046046664362,57.997665743309,2193.41434790053,444.384443764628,3
1048943,48335535,0,70,05:41:37,-79.3503334986251,43.66002900015,,,14.3046046664362,51.7407653112581,2245.15511321179,457.405898007091,3
1048943,48335535,0,71,05:41:50,-79.350148,43.659584,,,14.3046046664362,51.7407653086389,2296.89587852043,470.427352248895,3
1048943,48335535,0,72,05:41:58,-79.350037,43.659318,,,14.3046046664362,30.9309311319898,2327.82680965242,478.21165350515,3
1048943,48335535,0,73,05:42:00,-79.350011,43.659257,4041,12,14.3046046664362,7.10599711539954,2334.93280676782,480,3
1048943,48335535,0,74,05:42:00,-79.350011,43.659257,4041,12,1e-12,0,2334.93280676782,480,3
1048943,48335535,0,75,,-79.349852,43.658878,,,,44.0905225681064,2379.02332933592,,3
