shape_id,trip_id,route_type,id,timestamp,shape_pt_lon,shape_pt_lat,stop_id,stop_sequence,speed,dist,cumdist,cumtime,trip_number
1048876,48335377,3,1,05:15:00,-79.2631,43.73208,24683,1,1e-12,0,0,0,1
1048876,48335377,3,2,05:15:00,-79.2631,43.73208,24683,1,1e-12,0,0,0,1
1048876,48335377,3,3,05:15:14,-79.263729,43.731883,,,13.7556023773381,55.1433444446095,55.1433444446095,14.4316500691852,1
1048876,48335377,3,4,05:15:16,-79.263766,43.731847,,,13.7556023773381,4.99177047974927,60.1351149243588,15.7380540516602,1
1048876,48335377,3,5,05:15:17,-79.263781,43.731802,,,13.7556023773381,5.15263578929178,65.2877507136506,17.0865583434104,1
1048876,48335377,3,6,05:15:26,-79.263794,43.731502,,,13.7556023773381,33.4122145780142,98.6999652916648,25.8309207625376,1
1048876,48335377,3,7,05:15:28,-79.263831,43.731437,,,13.7556023773381,7.82394673440047,106.523912026065,27.8785379785052,1
1048876,48335377,3,8,05:15:30,-79.263906,43.731412,,,13.7556023773381,6.64382607181389,113.167738097879,29.6173039883408,1
1048876,48335377,3,9,05:15:32,-79.263998,43.731402,,,13.7556023773381,7.48356918906665,120.651307286946,31.5758404698128,1
1048876,48335377,3,10,05:15:38,-79.2643,43.731477,,,13.7556023773381,25.6869930110927,146.338300298039,38.2984231894385,1
1048876,48335377,3,11,05:15:39,-79.26428,43.731501,,,13.7556023773381,3.11864088507439,149.456941183113,39.1146075249761,1
1048876,48335377,3,12,05:15:48,-79.264143,43.731779,,,13.7556023773381,32.8503524283664,182.307293611479,47.7119241308232,1
1048876,48335377,3,13,05:15:49,-79.264125,43.731815,,,13.7556023773381,4.26103495916069,186.56832857064,48.8270861885933,1
1048876,48335377,3,14,05:15:50,-79.264128,43.731851,,,13.7556023773381,4.01476045133054,190.583089021971,49.8777953635401,1
1048876,48335377,3,15,05:15:52,-79.264153,43.731914,,,13.7556023773381,7.29574090925138,197.878829931222,51.7871750150322,1
1048876,48335377,3,16,05:15:54,-79.264185,43.731977,,,13.7556023773381,7.4705708925922,205.349400823814,53.7423096922048,1
1048876,48335377,3,17,05:15:54,-79.26419,43.731987,,,13.7556023773381,1.18362040156204,206.533021225376,54.0520768204436,1
1048876,48335377,3,18,05:16:01,-79.264296,43.732215,,,13.7556023773381,26.7747235901969,233.307744815573,61.0593311943783,1
1048876,48335377,3,19,05:16:03,-79.264332,43.732293,,,13.7556023773381,9.153052712472,242.460797528045,63.454790794111,1
1048876,48335377,3,20,05:16:18,-79.264542,43.732764,,,13.7556023773381,55.0852936656758,297.546091193721,77.8712483040443,1
1048876,48335377,3,21,05:16:27,-79.264971,43.732674,,,13.7556023773381,35.9322060824343,333.478297276155,87.275121602234,1
1048876,48335377,3,22,05:16:30,-79.265105,43.732648,,,13.7556023773381,11.1603236026683,344.638620878823,90.1959071750851,1
1048876,48335377,3,23,05:16:32,-79.265187,43.73263,24584,2,13.7556023773381,6.89343987537153,351.532060754195,92,1
1048876,48335377,3,24,05:16:32,-79.265187,43.73263,24584,2,1e-12,0,351.532060754195,92,1
1048876,48335377,3,25,05:16:37,-79.265525,43.73245,,,25.2259106269713,33.7737550866221,385.305815840817,96.8198663711209,1
1048876,48335377,3,26,05:16:38,-79.265595,43.732415,,,25.2259106269713,6.84716083801892,392.152976678836,97.7970274885678,1
1048876,48335377,3,27,05:16:39,-79.265661,43.732388,,,25.2259106269713,6.10061247429288,398.253589153129,98.667648384369,1
1048876,48335377,3,28,05:16:39,-79.265707,43.732379,,,25.2259106269713,3.83333524873245,402.086924401861,99.2147052220588,1
1048876,48335377,3,29,05:16:40,-79.26575,43.732379,,,25.2259106269713,3.45878493787811,405.54570933974,99.7083098320366,1
1048876,48335377,3,30,05:16:41,-79.265822,43.732406,,,25.2259106269713,6.52493001676908,412.070639356509,100.639485257484,1
1048876,48335377,3,31,05:16:41,-79.265878,43.732433,,,25.2259106269713,5.4151600716797,417.485799428188,101.412284961183,1
1048876,48335377,3,32,05:16:43,-79.265953,43.732478,,,25.2259106269713,7.84142923309981,425.327228661288,102.531338527042,1
1048876,48335377,3,33,05:16:44,-79.266017,43.732539,,,25.2259106269713,8.52127378946093,433.848502450749,103.747412986977,1
1048876,48335377,3,34,05:16:46,-79.266048,43.732668,,,25.2259106269713,14.5750973598034,448.423599810552,105.827431079136,1
1048876,48335377,3,35,05:16:53,-79.2654395014936,43.7328150016141,,,25.2259106269713,51.6085130821632,500.032112892716,113.192503041975,1
1048876,48335377,3,36,05:17:01,-79.264831,43.732962,,,25.2259106269713,51.6085130785539,551.64062597127,120.557575004299,1
1048876,48335377,3,37,05:17:03,-79.26465,43.733005,,,25.2259106269713,15.3256368590444,566.966262830314,122.744702894682,1
1048876,48335377,3,38,05:17:11,-79.26396400185,43.7331665020514,,,25.2259106269713,58.0338659249693,625.000128755283,131.026739583835,1
1048876,48335377,3,39,05:17:19,-79.263278,43.733328,,,25.2259106269713,58.0338659235436,683.033994678827,139.308776272786,1
1048876,48335377,3,40,05:17:21,-79.263113,43.733369,,,25.2259106269713,14.0347230619283,697.068717740755,141.311677328374,1
1048876,48335377,3,41,05:17:23,-79.262958,43.733405,,,25.2259106269713,13.0957515334865,710.164469274242,143.180577373955,1
1048876,48335377,3,42,05:17:30,-79.262363,43.733542,,,25.2259106269713,50.2302227454919,760.394692019733,150.348952960382,1
1048876,48335377,3,43,05:17:38,-79.261771,43.733685,,,25.2259106269713,50.2080087457821,810.602700765515,157.514158377845,1
1048876,48335377,3,44,05:17:48,-79.260931,43.73389,,,25.2259106269713,71.31517776199,881.917878527506,167.691576499221,1
1048876,48335377,3,45,05:17:57,-79.260176,43.73406,,,25.2259106269713,63.6085304414487,945.526408968954,176.769175836483,1
1048876,48335377,3,46,05:18:09,-79.259159,43.734301,,,25.2259106269713,86.0887913082598,1031.61520027721,189.054942376002,1
1048876,48335377,3,47,05:18:17,-79.258497,43.734447,8890,3,25.2259106269713,55.6725870969781,1087.28778737419,197,1
1048876,48335377,3,48,05:18:17,-79.258497,43.734447,8890,3,1e-12,0,1087.28778737419,197,1
1048876,48335377,3,49,05:18:20,-79.258397,43.734564,,,20.3482824000501,15.3078663913244,1102.59565376552,199.70825408874,1
1048876,48335377,3,50,05:18:25,-79.258147,43.734734,,,20.3482824000501,27.6130313762825,1130.2086851418,204.593527007616,1
1048876,48335377,3,51,05:18:28,-79.257947,43.734787,,,20.3482824000501,17.1345311662553,1147.34321630805,207.624953001506,1
1048876,48335377,3,52,05:18:37,-79.2573240013473,43.7349165016919,,,20.3482824000501,52.1424349287512,1199.48565123681,216.849946150954,1
1048876,48335377,3,53,05:18:46,-79.256701,43.735046,,,20.3482824000501,52.1424349284283,1251.62808616523,226.074939300346,1
1048876,48335377,3,54,05:18:49,-79.256514,43.735055,,,20.3482824000501,15.0743519473634,1266.7024381126,228.741880221628,1
1048876,48335377,3,55,05:18:51,-79.256327,43.735028,,,20.3482824000501,15.3383893995913,1282.04082751219,231.455534413807,1
1048876,48335377,3,56,05:18:54,-79.256152,43.735001,,,20.3482824000501,14.3931512720529,1296.43397878424,234.001957918292,1
1048876,48335377,3,57,05:18:56,-79.25604,43.734983,,,20.3482824000501,9.2286901947556,1305.662668979,235.63468956846,1
1048876,48335377,3,58,05:19:02,-79.255597,43.735067,,,20.3482824000501,36.8384895729888,1342.50115855199,242.152122335288,1
1048876,48335377,3,59,05:19:11,-79.2549760013844,43.735200501681,,,20.3482824000501,52.1128588215989,1394.61401737358,251.3718829062,1
1048876,48335377,3,60,05:19:21,-79.254355,43.735334,,,20.3482824000501,52.112858822756,1446.72687619634,260.591643477316,1
1048876,48335377,3,61,05:19:38,-79.253178,43.735575,8986,4,20.3482824000501,98.3972651789797,1545.12414137532,278,1
1048876,48335377,3,62,05:19:38,-79.253178,43.735575,8986,4,1e-12,0,1545.12414137532,278,1
1048876,48335377,3,63,05:19:56,-79.252039,43.735843,,,19.1920342815566,96.3477714469669,1641.47191282229,296.072705171353,1
1048876,48335377,3,64,05:20:10,-79.2511255028527,43.7360300036376,,,19.1920342815566,76.3665659616753,1717.83847878396,310.397379326726,1
1048876,48335377,3,65,05:20:25,-79.250212,43.736217,,,19.1920342815566,76.3665659597648,1794.20504474373,324.72205348174,1
1048876,48335377,3,66,05:20:42,-79.2491420042171,43.7364530049907,,,19.1920342815566,89.9821243871855,1884.18716913091,341.600704438776,1
1048876,48335377,3,67,05:20:58,-79.248072,43.736689,,,19.1920342815566,89.9821243898065,1974.16929352072,358.479355396304,1
1048876,48335377,3,68,05:21:00,-79.248044,43.736644,,,19.1920342815566,5.49232934906043,1979.66162286978,359.509594576088,1
1048876,48335377,3,69,05:21:02,-79.247993,43.736554,,,19.1920342815566,10.8259763089005,1990.48759917868,361.540307638616,1
1048876,48335377,3,70,05:21:05,-79.247905,43.736401,24340,5,19.1920342815566,18.4440373342584,2008.93163651294,365,1
1048876,48335377,3,71,05:21:05,-79.247905,43.736401,24340,5,1e-12,0,2008.93163651294,365,1
1048876,48335377,3,72,05:21:11,-79.2476384972519,43.7357835003096,,,43.202608660671,72.0043477669763,2080.93598427992,370.999999999933,1
1048876,48335377,3,73,05:21:17,-79.247372,43.735166,2250,6,43.202608660671,72.0043477685939,2152.94033204851,377,1
1048876,48335377,3,74,05:21:17,-79.247372,43.735166,2250,6,1e-12,0,2152.94033204851,377,1
1048876,48335377,3,75,05:21:25,-79.2477315031007,43.7346495005634,,,27.2888164359622,64.3582309212141,2217.29856296972,385.490277761224,1
1048876,48335377,3,76,05:21:34,-79.248091,43.734133,,,27.2888164359622,64.3582309222212,2281.65679389194,393.980555522581,1
1048876,48335377,3,77,05:21:40,-79.248325,43.733791,,,27.2888164359622,42.4697387270281,2324.12653261897,399.58325580004,1
1048876,48335377,3,78,05:21:47,-79.248645,43.733342,3040,7,27.2888164359622,56.2206030625551,2380.34713568153,407,1
1048876,48335377,3,79,05:21:47,-79.248645,43.733342,3040,7,1e-12,0,2380.34713568153,407,1
1048876,48335377,3,80,05:21:52,-79.248997002642,43.7328925005401,,,38.0572857845493,57.4932051006193,2437.84034078215,412.438526003509,1
1048876,48335377,3,81,05:21:58,-79.249349,43.732443,,,38.0572857845493,57.493205105676,2495.33354588782,417.877052007496,1
1048876,48335377,3,82,05:22:07,-79.249961,43.731698,2339,8,38.0572857845493,96.4429552634232,2591.77650115125,427,1
1048876,48335377,3,83,05:22:07,-79.249961,43.731698,2339,8,1e-12,0,2591.77650115125,427,1
1048876,48335377,3,84,05:22:17,-79.250545,43.731015,,,32.24487141573,89.372719583466,2681.14922073471,436.978076400191,1
1048876,48335377,3,85,05:22:20,-79.250743,43.730781,,,32.24487141573,30.5320131587799,2711.68123389349,440.386843206995,1
1048876,48335377,3,86,05:22:22,-79.250809,43.730691,,,32.24487141573,11.3384604787356,2723.01969437223,441.652733127819,1
1048876,48335377,3,87,05:22:24,-79.250936,43.730538,,,32.24487141573,19.8606951184989,2742.88038949073,443.870093572672,1
1048876,48335377,3,88,05:22:27,-79.251108,43.730323,,,32.24487141573,27.6449830623568,2770.52537255308,446.956535994518,1
1048876,48335377,3,89,05:22:30,-79.251251,43.730143,,,32.24487141573,23.1045029703982,2793.62987552348,449.536053512856,1
1048876,48335377,3,90,05:22:33,-79.251428,43.729855,,,32.24487141573,35.0793666096863,2828.70924213317,453.452512603875,1
1048876,48335377,3,91,05:22:37,-79.251591,43.729595,14800,9,32.24487141573,31.7745208158282,2860.483762949,457,1
1048876,48335377,3,92,05:22:37,-79.251591,43.729595,14800,9,1e-12,0,2860.483762949,457,1
1048876,48335377,3,93,05:22:41,-79.251759,43.729289,,,34.834192141883,36.6465511601126,2897.13031410911,460.787301385921,1
1048876,48335377,3,94,05:22:50,-79.2521100044009,43.728538000537,,,34.834192141883,88.2402422467677,2985.37055635588,469.906642256365,1
1048876,48335377,3,95,05:22:59,-79.252461,43.727787,,,34.834192141883,88.2402422479044,3073.61079860378,479.025983126926,1
1048876,48335377,3,96,05:23:03,-79.252593,43.727455,3627,10,34.834192141883,38.4532409254812,3112.06403952926,483,1
1048876,48335377,3,97,05:23:03,-79.252593,43.727455,3627,10,1e-12,0,3112.06403952926,483,1
1048876,48335377,3,98,05:23:04,-79.252618,43.727383,,,29.5271032031369,8.26345892449138,3120.32749845375,484.007496465993,1
1048876,48335377,3,99,05:23:15,-79.252995504714,43.7266350006212,,,29.5271032031369,88.631792753097,3208.95929120685,494.813651465893,1
1048876,48335377,3,100,05:23:26,-79.253373,43.725887,,,29.5271032031369,88.6317927553436,3297.59108396219,505.619806466067,1
1048876,48335377,3,101,05:23:31,-79.253587,43.725522,6779,11,29.5271032031369,44.1282027025773,3341.71928666477,511,1
1048876,48335377,3,102,05:23:31,-79.253587,43.725522,6779,11,1e-12,0,3341.71928666477,511,1
1048876,48335377,3,103,05:23:34,-79.253699,43.72527,,,37.5169578684496,29.4639292156653,3371.18321588044,513.827258690545,1
1048876,48335377,3,104,05:23:36,-79.25382,43.72509,,,37.5169578684496,22.2767384637742,3393.45995434421,515.964858939233,1
1048876,48335377,3,105,05:23:39,-79.253949,43.72482,,,37.5169578684496,31.7973953066929,3425.2573496509,519.016029119541,1
1048876,48335377,3,106,05:23:43,-79.254183,43.724497,,,37.5169578684496,40.5859026201742,3465.84325227108,522.910514646458,1
1048876,48335377,3,107,05:23:49,-79.254574,43.724038,,,37.5169578684496,60.0015548015933,3525.84480707267,528.668060288702,1
1048876,48335377,3,108,05:23:53,-79.25484,43.723661,,,37.5169578684496,47.1083289833553,3572.95313605603,533.188415721963,1
1048876,48335377,3,109,05:23:59,-79.2552280030861,43.7231845006562,,,37.5169578684496,61.5464874600144,3634.49962351604,539.094207860893,1
1048876,48335377,3,110,05:24:05,-79.255616,43.722708,8462,12,37.5169578684496,61.5464874618649,3696.04611097791,545,1
1048876,48335377,3,111,05:24:05,-79.255616,43.722708,8462,12,1e-12,0,3696.04611097791,545,1
1048876,48335377,3,112,05:24:12,-79.2559895029395,43.7222365006081,,,32.8238248711041,60.4797275341079,3756.52583851201,551.633200730804,1
1048876,48335377,3,113,05:24:18,-79.256363,43.721765,,,32.8238248711041,60.4797275317266,3817.00556604374,558.266401461347,1
1048876,48335377,3,114,05:24:25,-79.2567180026901,43.7213110005494,,,32.8238248711041,58.0507511674736,3875.05631721121,564.633200730584,1
1048876,48335377,3,115,05:24:31,-79.257073,43.720857,5218,13,32.8238248711041,58.0507511691106,3933.10706838032,571,1
1048876,48335377,3,116,05:24:31,-79.257073,43.720857,5218,13,1e-12,0,3933.10706838032,571,1
1048876,48335377,3,117,05:24:38,-79.257452,43.720386,,,32.0763163913706,60.6530705722517,3993.76013895258,577.807235949289,1
1048876,48335377,3,118,05:24:44,-79.2577752564904,43.7199850013664,,,32.0763163913706,51.6623915067234,4045.4225304593,583.60542696209,1
1048876,48335377,3,119,05:24:49,-79.2580985086537,43.7195840018219,,,32.0763163913706,51.6623915044982,4097.0849219638,589.403617974641,1
1048876,48335377,3,120,05:24:55,-79.2584217564903,43.7191830013664,,,32.0763163913706,51.662391507645,4148.74731347144,595.201808987545,1
1048876,48335377,3,121,05:25:01,-79.258745,43.718782,10348,14,32.0763163913706,51.6623915036372,4200.40970497508,601,1
1048876,48335377,3,122,05:25:01,-79.258745,43.718782,10348,14,1e-12,0,4200.40970497508,601,1
1048876,48335377,3,123,05:25:04,-79.258904,43.718539,,,33.9677066995227,29.9229370147647,4230.33264198984,604.171323110096,1
1048876,48335377,3,124,05:25:10,-79.259198,43.718134,,,33.9677066995227,50.9128016223246,4281.24544361217,609.567215375114,1
1048876,48335377,3,125,05:25:10,-79.259204,43.718126,,,33.9677066995227,1.01297772568094,4282.25842133785,609.674573809545,1
1048876,48335377,3,126,05:25:12,-79.25931,43.717973,,,33.9677066995227,19.047774344724,4301.30619568257,611.693314381217,1
1048876,48335377,3,127,05:25:19,-79.2596090028268,43.7174065003897,,,33.9677066995227,67.4951806852856,4368.80137636786,618.846657190505,1
1048876,48335377,3,128,05:25:26,-79.259908,43.71684,2533,15,33.9677066995227,67.4951806872388,4436.2965570551,626,1
1048876,48335377,3,129,05:25:26,-79.259908,43.71684,2533,15,1e-12,0,4436.2965570551,626,1
1048876,48335377,3,130,05:25:28,-79.259925,43.716725,,,29.3009671706808,12.8746034173284,4449.17116047243,627.581810321564,1
1048876,48335377,3,131,05:25:31,-79.260038,43.716498,,,29.3009671706808,26.8553332229157,4476.02649369534,630.881332792591,1
1048876,48335377,3,132,05:25:36,-79.260179,43.716131,,,29.3009671706808,42.400127697798,4518.42662139314,636.090732838089,1
1048876,48335377,3,133,05:25:44,-79.260413,43.715614,,,29.3009671706808,60.5534845076827,4578.98010590082,643.530505831172,1
1048876,48335377,3,134,05:25:48,-79.260538,43.715327,,,29.3009671706808,33.4943465624522,4612.47445246328,647.645716326527,1
1048876,48335377,3,135,05:25:51,-79.260689,43.715071,,,29.3009671706808,30.9795599526824,4643.45401241596,651.451953000559,1
1048876,48335377,3,136,05:25:55,-79.260859,43.714839,,,29.3009671706808,29.2246971387811,4672.67870955474,655.042582247941,1
1048876,48335377,3,137,05:26:01,-79.26108,43.71442,,,29.3009671706808,49.9174307990531,4722.59614035379,661.175579490994,1
1048876,48335377,3,138,05:26:06,-79.261263,43.714093,6150,16,29.3009671706808,39.2667185977597,4761.86285895155,666,1
1048876,48335377,3,139,05:26:06,-79.261263,43.714093,6150,16,1e-12,0,4761.86285895155,666,1
1048876,48335377,3,140,05:26:12,-79.261536,43.7136,,,34.6966348382003,59.1132633531648,4820.97612230472,672.133382936523,1
1048876,48335377,3,141,05:26:21,-79.261971,43.712932,,,34.6966348382003,82.1870102403044,4903.16313254502,680.66081616585,1
1048876,48335377,3,142,05:26:22,-79.262069,43.712818,,,34.6966348382003,14.9407499765726,4918.10388252159,682.21101549113,1
1048876,48335377,3,143,05:26:24,-79.262137,43.712681,,,34.6966348382003,16.2025705536181,4934.30645307521,683.892136852468,1
1048876,48335377,3,144,05:26:26,-79.262197,43.712548,,,34.6966348382003,15.5727419793962,4949.87919505461,685.507909430623,1
1048876,48335377,3,145,05:26:27,-79.262257,43.712433,,,34.6966348382003,13.6818263270743,4963.56102138168,686.927487294792,1
1048876,48335377,3,146,05:26:28,-79.262314,43.712342,,,34.6966348382003,11.1199704670084,4974.68099184869,688.081256064239,1
1048876,48335377,3,147,05:26:30,-79.262408,43.712194,,,34.6966348382003,18.1285161805113,4992.8095080292,689.962206725713,1
1048876,48335377,3,148,05:26:31,-79.262476,43.712085,,,34.6966348382003,13.3104322302298,5006.11994025943,691.343250053179,1
1048876,48335377,3,149,05:26:33,-79.262552,43.711946,,,34.6966348382003,16.6379997666314,5022.75794002606,693.06955000818,1
1048876,48335377,3,150,05:26:35,-79.262667,43.711801,2933,17,34.6966348382003,18.6055884554362,5041.3635284815,695,1
1048876,48335377,3,151,05:26:35,-79.262667,43.711801,2933,17,1e-12,0,5041.3635284815,695,1
1048876,48335377,3,152,05:26:38,-79.26281,43.711614,,,33.6287035565678,23.785185137856,5065.14871361935,697.546237512613,1
1048876,48335377,3,153,05:26:39,-79.262885,43.711524,,,33.6287035565678,11.6959383379873,5076.84465195734,698.798304156988,1
1048876,48335377,3,154,05:26:42,-79.263106,43.711305,,,33.6287035565678,30.1755020200742,5107.02015397742,702.028634077068,1
1048876,48335377,3,155,05:26:46,-79.263372,43.711068,,,33.6287035565678,33.9730692746389,5140.99322325206,705.665498911389,1
1048876,48335377,3,156,05:26:48,-79.263523,43.710933,,,33.6287035565678,19.3254892250658,5160.31871247712,707.734319705899,1
1048876,48335377,3,157,05:26:50,-79.263739,43.710775,,,33.6287035565678,24.7273136590683,5185.04602613619,710.381413401406,1
1048876,48335377,3,158,05:26:52,-79.263894,43.710675,,,33.6287035565678,16.7175526663197,5201.76357880251,712.171050920364,1
1048876,48335377,3,159,05:26:54,-79.26401,43.710584,,,33.6287035565678,13.7747281158818,5215.53830691839,713.645654933384,1
1048876,48335377,3,160,05:26:56,-79.264219,43.710462,,,33.6287035565678,21.6164095833508,5237.15471650174,715.959721973439,1
1048876,48335377,3,161,05:26:58,-79.264405,43.710356,14842,18,33.6287035565678,19.0588624800511,5256.21357898179,718,1
1048876,48335377,3,162,05:26:58,-79.264405,43.710356,14842,18,1e-12,0,5256.21357898179,718,1
1048876,48335377,3,163,05:27:01,-79.264604,43.710245,,,26.1381299866365,20.2260492779032,5276.4396282597,720.785730174182,1
1048876,48335377,3,164,05:27:03,-79.264776,43.710154,,,26.1381299866365,17.1514214563617,5293.59104971606,723.147992404665,1
1048876,48335377,3,165,05:27:05,-79.264937,43.710078,,,26.1381299866365,15.4729507702139,5309.06400048627,725.279079165702,1
1048876,48335377,3,166,05:27:09,-79.265201,43.709965,,,26.1381299866365,24.6882517128279,5333.7522521991,728.6793876886,1
1048876,48335377,3,167,05:27:12,-79.265466,43.709857,,,26.1381299866365,24.4794503490761,5358.23170254818,732.050938036759,1
1048876,48335377,3,168,05:27:15,-79.265656,43.709757,,,26.1381299866365,18.9120738921635,5377.14377644034,734.655694614471,1
1048876,48335377,3,169,05:27:16,-79.265746,43.709708,,,26.1381299866365,9.06645527586701,5386.21023171621,735.904415889092,1
1048876,48335377,3,170,05:27:18,-79.265878,43.709647,,,26.1381299866365,12.606784823036,5398.81701653924,737.640746123356,1
1048876,48335377,3,171,05:27:19,-79.265972,43.709592,,,26.1381299866365,9.73134314897276,5408.54835968821,738.981042286633,1
1048876,48335377,3,172,05:27:21,-79.266102,43.709497,,,26.1381299866365,14.875010405649,5423.42337009386,741.029774827473,1
1048876,48335377,3,173,05:27:23,-79.266239,43.709411,,,26.1381299866365,14.6007363710836,5438.02410646495,743.040731654253,1
1048876,48335377,3,174,05:27:25,-79.266353,43.709331,,,26.1381299866365,12.7851030299186,5450.80920949487,744.801621623476,1
1048876,48335377,3,175,05:27:27,-79.26647,43.70924,,,26.1381299866365,13.8295240423985,5464.63873353726,746.706359513221,1
1048876,48335377,3,176,05:27:28,-79.266549,43.709175,,,26.1381299866365,9.63158292358316,5474.27031646085,748.032915718376,1
1048876,48335377,3,177,05:27:30,-79.266645,43.709096,,,26.1381299866365,11.705266798684,5485.97558325953,749.645080035288,1
1048876,48335377,3,178,05:27:31,-79.266718,43.709037,,,26.1381299866365,8.81150361137464,5494.78708687091,750.858686862447,1
1048876,48335377,3,179,05:27:33,-79.266823,43.70894,,,26.1381299866365,13.7107637872752,5508.49785065818,752.74706792335,1
1048876,48335377,3,180,05:27:34,-79.2669,43.70887,,,26.1381299866365,9.9555093875888,5518.45336004577,754.118238462851,1
1048876,48335377,3,181,05:27:36,-79.266991,43.708778,,,26.1381299866365,12.5899595050932,5531.04331955086,755.852251349063,1
1048876,48335377,3,182,05:27:37,-79.267054,43.708711,,,26.1381299866365,9.01819642896886,5540.06151597983,757.094325941274,1
1048876,48335377,3,183,05:27:39,-79.267123,43.708607,,,26.1381299866365,12.8398082816999,5552.90132426153,758.862750455107,1
1048876,48335377,3,184,05:27:41,-79.267221,43.708491,,,26.1381299866365,15.1306087110937,5568.03193297263,760.946686505152,1
1048876,48335377,3,185,05:27:44,-79.267354,43.708291,,,26.1381299866365,24.7026766645582,5592.73460963718,764.34898177409,1
1048876,48335377,3,186,05:27:49,-79.26754,43.707984,,,26.1381299866365,37.3089362332287,5630.04354587041,769.487534934102,1
1048876,48335377,3,187,05:27:54,-79.267698,43.707688,,,26.1381299866365,35.3184325855736,5665.36197845599,774.351936380306,1
1048876,48335377,3,188,05:28:00,-79.267937,43.707331,,,26.1381299866365,44.1501591846657,5709.51213764065,780.432729962175,1
1048876,48335377,3,189,05:28:06,-79.268117,43.706992,6752,19,26.1381299866365,40.4216744220521,5749.9338120627,786,1
1048876,48335377,3,190,05:28:06,-79.268117,43.706992,6752,19,1e-12,0,5749.9338120627,786,1
1048876,48335377,3,191,05:28:16,-79.26855,43.706236,,,33.8491650752265,91.0857004072042,5841.01951246991,795.687344451102,1
1048876,48335377,3,192,05:28:22,-79.2688620026805,43.7057210004243,,,33.8491650752265,62.5864271189804,5903.60593958889,802.343672225439,1
1048876,48335377,3,193,05:28:29,-79.269174,43.705206,6853,20,33.8491650752265,62.5864271210953,5966.19236670998,809,1
1048876,48335377,3,194,05:28:29,-79.269174,43.705206,6853,20,1e-12,0,5966.19236670998,809,1
1048876,48335377,3,195,05:28:40,-79.26955,43.7046,,,23.7042123419675,73.9347933297938,6040.12716003978,820.228605791555,1
1048876,48335377,3,196,05:28:43,-79.269649,43.704441,,,23.7042123419675,19.4101832968414,6059.53734333662,823.176464124097,1
1048876,48335377,3,197,05:28:52,-79.269961,43.703938,,,23.7042123419675,61.3653977766986,6120.90274111332,832.496133928312,1
1048876,48335377,3,198,05:29:01,-79.2702760023566,43.7034895004325,4841,21,23.7042123419675,55.9937353030435,6176.89647641636,841,1
1048876,48335377,3,199,05:29:01,-79.2702760023566,43.7034895004325,4841,21,1e-12,0,6176.89647641636,841,1
1048876,48335377,3,200,05:29:09,-79.270591,43.703041,,,24.4087351469445,55.9937353049554,6232.89021172132,849.25841428834,1
1048876,48335377,3,201,05:29:14,-79.270768,43.702801,,,24.4087351469445,30.2767513386251,6263.16696305994,853.723877335191,1
1048876,48335377,3,202,05:29:14,-79.270774,43.702793,,,24.4087351469445,1.0130365919862,6264.17999965193,853.873288261615,1
1048876,48335377,3,203,05:29:22,-79.271095,43.702357,,,24.4087351469445,54.9820248643007,6319.16202451623,861.982487215182,1
1048876,48335377,3,204,05:29:23,-79.271142,43.702294,,,24.4087351469445,7.9681072016814,6327.13013171791,863.157688869564,1
1048876,48335377,3,205,05:29:26,-79.271266,43.702126,,,24.4087351469445,21.1975690217816,6348.32770073969,866.284079811946,1
1048876,48335377,3,206,05:29:36,-79.271649,43.701603,2272,22,24.4087351469445,65.8759229386303,6414.20362367832,876,1
1048876,48335377,3,207,05:29:36,-79.271649,43.701603,2272,22,1e-12,0,6414.20362367832,876,1
1048876,48335377,3,208,05:29:44,-79.272005,43.701111,,,28.2957631757622,61.8102475556898,6476.01387123401,883.863964997809,1
1048876,48335377,3,209,05:29:53,-79.272431,43.700529,,,28.2957631757622,73.2999374150941,6549.31380864911,893.189734833216,1
1048876,48335377,3,210,05:29:59,-79.272713,43.700173,7532,23,28.2957631757622,45.6683019854739,6594.98211063458,899,1
1048876,48335377,3,211,05:29:59,-79.272713,43.700173,7532,23,1e-12,0,6594.98211063458,899,1
1048876,48335377,3,212,05:30:11,-79.273196,43.699444,,,27.3559214716322,89.9815228346594,6684.96363346924,910.841439248928,1
1048876,48335377,3,213,05:30:19,-79.273549,43.698949,7242,24,27.3559214716322,61.9958186744087,6746.95945214365,919,1
1048876,48335377,3,214,05:30:19,-79.273549,43.698949,7242,24,1e-12,0,6746.95945214365,919,1
1048876,48335377,3,215,05:30:28,-79.273956,43.698445,,,25.6743435060879,64.9672440946365,6811.92669623829,928.109564132973,1
1048876,48335377,3,216,05:30:35,-79.274276,43.698067,,,25.6743435060879,49.334720892592,6861.26141713088,935.027170231498,1
1048876,48335377,3,217,05:30:38,-79.274412,43.697878,,,25.6743435060879,23.7163218290553,6884.97773895993,938.35262073676,1
1048876,48335377,3,218,05:30:46,-79.274712,43.697434,,,25.6743435060879,55.0081647953282,6939.98590375526,946.065744665955,1
1048876,48335377,3,219,05:30:50,-79.274823,43.69717,,,25.6743435060879,30.7162203321047,6970.70212408737,950.372705549662,1
1048876,48335377,3,220,05:30:56,-79.274671,43.696829,,,25.6743435060879,39.8825658444679,7010.58468993183,955.96495124841,1
1048876,48335377,3,221,05:31:05,-79.274439,43.696275,873,25,25.6743435060879,64.4358181229381,7075.02050805477,965,1
1048876,48335377,3,222,05:31:05,-79.274439,43.696275,873,25,1e-12,0,7075.02050805477,965,1
1048876,48335377,3,223,05:31:12,-79.274264,43.695841,,,25.8886084118119,50.3239486319092,7125.34445668668,971.997912448327,1
1048876,48335377,3,224,05:31:19,-79.2740824986864,43.6954070001436,,,25.8886084118119,50.4729178523089,7175.81737453899,979.016540154303,1
1048876,48335377,3,225,05:31:26,-79.273901,43.694973,,,25.8886084118119,50.4729178488156,7226.2902923878,986.035167859793,1
1048876,48335377,3,226,05:31:26,-79.273891,43.694948,,,25.8886084118119,2.89703908099591,7229.1873314688,986.438022293902,1
1048876,48335377,3,227,05:31:36,-79.273638,43.694358,7377,26,25.8886084118119,68.762860132129,7297.95019160093,996,1
1048876,48335377,3,228,05:31:36,-79.273638,43.694358,7377,26,1e-12,0,7297.95019160093,996,1
1048876,48335377,3,229,05:31:44,-79.274007,43.694286,,,13.6607582189056,30.7625354245033,7328.71272702543,1004.10680679312,1
1048876,48335377,3,230,05:32:00,-79.2747270018009,43.6941360022596,425,27,13.6607582189056,60.3091860348672,7389.0219130603,1020,1
1048876,48335377,3,231,05:32:00,-79.2747270018009,43.6941360022596,425,27,1e-12,0,7389.0219130603,1020,1
1048876,48335377,3,232,05:32:10,-79.275447,43.693986,,,21.8557333189458,60.3091860372656,7449.33109909757,1029.93391832549,1
1048876,48335377,3,233,05:32:19,-79.2760915013112,43.6938640018106,,,21.8557333189458,53.6231900951506,7502.95428919272,1038.76654276895,1
1048876,48335377,3,234,05:32:28,-79.276736,43.693742,,,21.8557333189458,53.6231900970979,7556.57747928981,1047.59916721272,1
1048876,48335377,3,235,05:32:35,-79.277277,43.693639,,,21.8557333189458,45.0287188141448,7601.60619810396,1055.01614038701,1
1048876,48335377,3,236,05:32:42,-79.277825,43.693546,,,21.8557333189458,45.306607738188,7646.91280584215,1062.47888645355,1
1048876,48335377,3,237,05:32:44,-79.277933,43.693518,1971,28,21.8557333189458,9.23473667193479,7656.14754251408,1064,1
1048876,48335377,3,238,05:32:44,-79.277933,43.693518,1971,28,1e-12,0,7656.14754251408,1064,1
1048876,48335377,3,239,05:32:55,-79.278948,43.693303,,,26.7214195883636,85.1301497939262,7741.27769230801,1075.46902163056,1
1048876,48335377,3,240,05:33:08,-79.280039,43.693049,,,26.7214195883636,92.2539396605387,7833.53163196855,1087.89778431959,1
1048876,48335377,3,241,05:33:09,-79.280171,43.693025,,,26.7214195883636,10.9553976408465,7844.48702960939,1089.37373253322,1
1048876,48335377,3,242,05:33:16,-79.280741,43.692901,,,26.7214195883636,47.910734574348,7892.39776418374,1095.8284286955,1
1048876,48335377,3,243,05:33:20,-79.281105,43.692811,2416,29,26.7214195883636,30.9639742139771,7923.36173839772,1100,1
1048876,48335377,3,244,05:33:20,-79.281105,43.692811,2416,29,1e-12,0,7923.36173839772,1100,1
1048876,48335377,3,245,05:33:21,-79.281176,43.692809,,,24.4354208539383,5.71912412648192,7929.0808625242,1100.84258204425,1
1048876,48335377,3,246,05:33:32,-79.282101,43.692604,,,24.4354208539383,77.8721936007299,8006.95305612493,1112.31526748063,1
1048876,48335377,3,247,05:33:35,-79.282293,43.692554,,,24.4354208539383,16.4259067530689,8023.378962878,1114.73524889468,1
1048876,48335377,3,248,05:33:48,-79.283365,43.692323,2245,30,24.4354208539383,90.0360488281286,8113.41501170613,1128,1
1048876,48335377,3,249,05:33:48,-79.283365,43.692323,2245,30,1e-12,0,8113.41501170613,1128,1
1048876,48335377,3,250,05:33:55,-79.283864,43.692211,,,21.2665156009307,42.0554644573292,8155.47047616346,1135.11915740629,1
1048876,48335377,3,251,05:34:03,-79.284449,43.692082,,,21.2665156009307,49.2282094076476,8204.6986855711,1143.45251850752,1
1048876,48335377,3,252,05:34:04,-79.284456,43.692081,,,21.2665156009307,0.574328295091306,8205.2730138662,1143.5497409158,1
1048876,48335377,3,253,05:34:11,-79.284961,43.691973,,,21.2665156009307,42.3886582640145,8247.66167213021,1150.7253014361,1
1048876,48335377,3,254,05:34:18,-79.285498,43.691853,,,21.2665156009307,45.2409038370329,8292.90257596724,1158.38369065555,1
1048876,48335377,3,255,05:34:23,-79.285831,43.691769,,,21.2665156009307,28.3878802880037,8321.29045625525,1163.18919668928,1
1048876,48335377,3,256,05:34:29,-79.286245,43.691695,7491,31,21.2665156009307,34.3265386837028,8355.61699493895,1169,1
1048876,48335377,3,257,05:34:29,-79.286245,43.691695,7491,31,1e-12,0,8355.61699493895,1169,1
1048876,48335377,3,258,05:34:34,-79.286538,43.691631,,,19.5252887945053,24.6366311354051,8380.25362607435,1173.54241025682,1
1048876,48335377,3,259,05:34:42,-79.287103,43.691496,,,19.5252887945053,47.8964906975219,8428.15011677188,1182.37338675738,1
1048876,48335377,3,260,05:34:52,-79.287724001403,43.6913605016809,3960,32,19.5252887945053,52.2117787986334,8480.36189557051,1192,1
1048876,48335377,3,261,05:34:52,-79.287724001403,43.6913605016809,3960,32,1e-12,0,8480.36189557051,1192,1
1048876,48335377,3,262,05:34:57,-79.288345,43.691225,,,34.2181866878616,52.2117787987274,8532.57367436924,1197.49305564874,1
1048876,48335377,3,263,05:35:06,-79.289345,43.690978,,,34.2181866878616,85.0589920713581,8617.6326664406,1206.44187500759,1
1048876,48335377,3,264,05:35:15,-79.290264,43.690787,,,34.2181866878616,76.9677209140811,8694.60038735468,1214.53943429143,1
1048876,48335377,3,265,05:35:20,-79.2908690014425,43.6906440015954,,,34.2181866878616,51.233965858494,8745.83435321317,1219.92961696748,1
1048876,48335377,3,266,05:35:25,-79.291474,43.690501,,,34.2181866878616,51.2339658606779,8797.06831907385,1225.31979964375,1
1048876,48335377,3,267,05:35:31,-79.2920730014232,43.6903585015639,,,34.2181866878616,50.7579291172302,8847.82624819108,1230.65989982173,1
1048876,48335377,3,268,05:35:36,-79.292672,43.690216,1321,33,34.2181866878616,50.7579291199637,8898.58417731104,1236,1
1048876,48335377,3,269,05:35:36,-79.292672,43.690216,1321,33,1e-12,0,8898.58417731104,1236,1
1048876,48335377,3,270,05:35:42,-79.293266,43.690073,,,30.2504777683356,50.3934957212252,8948.97767303227,1241.99714774708,1
1048876,48335377,3,271,05:35:47,-79.293782,43.689958,,,30.2504777683356,43.4628749704037,8992.44054800267,1247.16950737365,1
1048876,48335377,3,272,05:35:58,-79.294907,43.689712,,,30.2504777683356,94.6057893105919,9087.04633731326,1258.4282003479,1
1048876,48335377,3,273,05:36:10,-79.29605,43.689445,,,30.2504777683356,96.6867997522714,9183.73313706553,1269.93454685171,1
1048876,48335377,3,274,05:36:17,-79.296759,43.689298,24312,34,30.2504777683356,59.3703703848845,9243.10350745042,1277,1
1048876,48335377,3,275,05:36:17,-79.296759,43.689298,24312,34,1e-12,0,9243.10350745042,1277,1
1048876,48335377,3,276,05:36:25,-79.297888,43.689033,,,43.293918398009,95.5466961717915,9338.65020362221,1284.94495206131,1
1048876,48335377,3,277,05:36:29,-79.298395,43.688914,,,43.293918398009,42.9071548003461,9381.55735842255,1288.51279167936,1
1048876,48335377,3,278,05:36:36,-79.2994645042259,43.6886770049857,7627,35,43.293918398009,90.0418294617984,9471.59918788435,1296,1
1048876,48335377,3,279,05:36:36,-79.2994645042259,43.6886770049857,7627,35,1e-12,0,9471.59918788435,1296,1
1048876,48335377,3,280,05:36:46,-79.300534,43.68844,,,34.0809304287469,90.0418294625072,9561.64101734686,1305.51120119043,1
1048876,48335377,3,281,05:36:50,-79.300996,43.688332,,,34.0809304287469,39.0841526520601,9600.72516999892,1309.63969615162,1
1048876,48335377,3,282,05:36:57,-79.301819,43.688138,426,36,34.0809304287469,69.6794453864558,9670.40461538538,1317,1
1048876,48335377,3,283,05:36:57,-79.301819,43.688138,426,36,1e-12,0,9670.40461538538,1317,1
1048876,48335377,3,284,05:37:10,-79.302969,43.68791,,,27.2794865949808,95.9872549821272,9766.3918703675,1329.66717820119,1
1048876,48335377,3,285,05:37:21,-79.3039760036599,43.68769200442,,,27.2794865949808,84.6149879009825,9851.00685826849,1340.83358910057,1
1048876,48335377,3,286,05:37:32,-79.304983,43.687474,4600,37,27.2794865949808,84.6149879014268,9935.62184616991,1352,1
1048876,48335377,3,287,05:37:32,-79.304983,43.687474,4600,37,1e-12,0,9935.62184616991,1352,1
1048876,48335377,3,288,05:37:35,-79.305231,43.687429,,,27.9053278685983,20.5822058418083,9956.20405201172,1354.65526143894,1
1048876,48335377,3,289,05:37:43,-79.306021002476,43.6872410027203,,,27.9053278685983,66.948133573032,10023.1521855848,1363.29208097383,1
1048876,48335377,3,290,05:37:52,-79.306811,43.687053,,,27.9053278685983,66.948133571913,10090.1003191567,1371.92890050857,1
1048876,48335377,3,291,05:37:58,-79.307323,43.68693,,,27.9053278685983,43.4297657723672,10133.530084929,1377.53167133129,1
1048876,48335377,3,292,05:38:04,-79.3079390015045,43.6867835016539,,,27.9053278685983,52.1997399082934,10185.7298248373,1384.26583566559,1
1048876,48335377,3,293,05:38:11,-79.308555,43.686637,3985,38,27.9053278685983,52.1997399090669,10237.9295647464,1391,1
1048876,48335377,3,294,05:38:11,-79.308555,43.686637,3985,38,1e-12,0,10237.9295647464,1391,1
1048876,48335377,3,295,05:38:23,-79.3096050042098,43.6863965048055,,,27.6553533941836,88.6621893771076,10326.5917541235,1402.54148627964,1
1048876,48335377,3,296,05:38:34,-79.310655,43.686156,,,27.6553533941836,88.6621893794281,10415.2539435029,1414.08297255958,1
1048876,48335377,3,297,05:38:37,-79.310925,43.686107,8519,39,27.6553533941836,22.4087290903468,10437.6626725933,1417,1
1048876,48335377,3,298,05:38:37,-79.310925,43.686107,8519,39,1e-12,0,10437.6626725933,1417,1
1048876,48335377,3,299,05:38:45,-79.311667,43.685943,,,28.0287992254769,62.4580482544335,10500.1207208477,1425.02206944033,1
1048876,48335377,3,300,05:38:57,-79.312766,43.685678,738,40,28.0287992254769,93.2575029982163,10593.3782238459,1437,1
1048876,48335377,3,301,05:38:57,-79.312766,43.685678,738,40,1e-12,0,10593.3782238459,1437,1
1048876,48335377,3,302,05:39:04,-79.3134200015263,43.6855380018643,,,27.9073542761818,54.9051252595484,10648.2833491055,1444.08266534256,1
1048876,48335377,3,303,05:39:11,-79.314074,43.685398,,,27.9073542761818,54.9051252608747,10703.1884743664,1451.16533068529,1
1048876,48335377,3,304,05:39:24,-79.315259,43.685144,10414,41,27.9073542761818,99.4949065509389,10802.6833809173,1464,1
1048876,48335377,3,305,05:39:24,-79.315259,43.685144,10414,41,1e-12,0,10802.6833809173,1464,1
1048876,48335377,3,306,05:39:34,-79.316214,43.684939,,,27.9226381008042,80.1934245146203,10882.8768054319,1474.33914944607,1
1048876,48335377,3,307,05:39:45,-79.317164,43.684731,,,27.9226381008042,79.9040318958753,10962.7808373278,1484.64098818303,1
1048876,48335377,3,308,05:39:50,-79.317657,43.68462,2494,42,27.9226381008042,41.5660409842013,11004.346878312,1490,1
1048876,48335377,3,309,05:39:50,-79.317657,43.68462,2494,42,1e-12,0,11004.346878312,1490,1
1048876,48335377,3,310,05:39:56,-79.318209,43.684516,,,28.6160928741742,45.9199477637113,11050.2668260757,1495.7768827029,1
1048876,48335377,3,311,05:40:07,-79.319228,43.68428,,,28.6160928741742,86.135000703058,11136.4018267788,1506.61295329767,1
1048876,48335377,3,312,05:40:17,-79.320191,43.684077,,,28.6160928741742,80.7494911566402,11217.1513179354,1516.77150881544,1
1048876,48335377,3,313,05:40:24,-79.320878,43.683937,8112,43,28.6160928741742,57.4586597437928,11274.6099776792,1524,1
1048876,48335377,3,314,05:40:24,-79.320878,43.683937,8112,43,1e-12,0,11274.6099776792,1524,1
1048876,48335377,3,315,05:40:27,-79.321177,43.683858,,,27.6543189525091,25.6263046912057,11300.2362823704,1527.3359959812,1
1048876,48335377,3,316,05:40:34,-79.3217892538195,43.6837332549016,,,27.6543189525091,51.2065883120154,11351.4428706824,1534.00199698595,1
1048876,48335377,3,317,05:40:41,-79.3224015050927,43.6836085065355,,,27.6543189525091,51.2065883102458,11402.6494589927,1540.66799799048,1
1048876,48335377,3,318,05:40:47,-79.3230137538195,43.6834837549016,,,27.6543189525091,51.206588311844,11453.8560473045,1547.33399899521,1
1048876,48335377,3,319,05:40:54,-79.323626,43.683359,8624,44,27.6543189525091,51.206588312265,11505.0626356168,1554,1
1048876,48335377,3,320,05:40:54,-79.323626,43.683359,8624,44,1e-12,0,11505.0626356168,1554,1
1048876,48335377,3,321,05:41:08,-79.324755,43.68311,,,24.320438987513,95.0204843728451,11600.0831199896,1568.06527834131,1
1048876,48335377,3,322,05:41:19,-79.325604,43.682931,,,24.320438987513,71.1925984917427,11671.2757184814,1578.60346618824,1
1048876,48335377,3,323,05:41:26,-79.326192,43.682805,,,24.320438987513,49.3703213524747,11720.6460398338,1585.91144105499,1
1048876,48335377,3,324,05:41:38,-79.327158,43.682581,1575,45,24.320438987513,81.6664056303171,11802.3124454641,1598,1
1048876,48335377,3,325,05:41:38,-79.327158,43.682581,1575,45,1e-12,0,11802.3124454641,1598,1
1048876,48335377,3,326,05:41:50,-79.328256,43.682352,,,27.0817950617727,91.9957399042902,11894.3081853684,1610.22905139412,1
1048876,48335377,3,327,05:42:02,-79.329319,43.68214,,,27.0817950617727,88.7704126470905,11983.0785980155,1622.0293580134,1
1048876,48335377,3,328,05:42:07,-79.329768,43.682054,2956,46,27.0817950617727,37.3927521129001,12020.4713501284,1627,1
1048876,48335377,3,329,05:42:07,-79.329768,43.682054,2956,46,1e-12,0,12020.4713501284,1627,1
1048876,48335377,3,330,05:42:09,-79.329927,43.682019,,,27.1988983568713,13.3800418902156,12033.8513920186,1628.77095962391,1
1048876,48335377,3,331,05:42:17,-79.3306315018612,43.6818605021633,,,27.1988983568713,59.39670760958,12093.2480996282,1636.63260698142,1
1048876,48335377,3,332,05:42:24,-79.331336,43.681702,,,27.1988983568713,59.3967076115847,12152.6448072398,1644.49425433919,1
1048876,48335377,3,333,05:42:36,-79.33237,43.681477,8300,47,27.1988983568713,86.9287796523044,12239.5735868921,1656,1
1048876,48335377,3,334,05:42:36,-79.33237,43.681477,8300,47,1e-12,0,12239.5735868921,1656,1
1048876,48335377,3,335,05:42:42,-79.3329895041509,43.6813430050184,,,28.8311178389894,52.0561849862376,12291.6297718783,1662.4999999999,1
1048876,48335377,3,336,05:42:49,-79.3336090055346,43.6812090066911,,,28.8311178389894,52.0561849879752,12343.6859568663,1669.00000000001,1
1048876,48335377,3,337,05:42:56,-79.334228504151,43.6810750050183,,,28.8311178389894,52.05618498713,12395.7421418535,1675.50000000002,1
1048876,48335377,3,338,05:43:02,-79.334848,43.680941,6484,48,28.8311178389894,52.0561849869151,12447.7983268404,1682,1
1048876,48335377,3,339,05:43:02,-79.334848,43.680941,6484,48,1e-12,0,12447.7983268404,1682,1
1048876,48335377,3,340,05:43:08,-79.335354,43.680837,,,26.4934690038786,42.3492161818252,12490.1475430222,1687.75451928293,1
1048876,48335377,3,341,05:43:19,-79.3363280034254,43.680626004135,,,26.4934690038786,81.855549146454,12572.0030921686,1698.87725964147,1
1048876,48335377,3,342,05:43:30,-79.337302,43.680415,5192,49,26.4934690038786,81.8555491463308,12653.858641315,1710,1
1048876,48335377,3,343,05:43:30,-79.337302,43.680415,5192,49,1e-12,0,12653.858641315,1710,1
1048876,48335377,3,344,05:43:36,-79.337806,43.680306,,,26.2129240445451,42.3508037211155,12696.2094450361,1715.81632530339,1
1048876,48335377,3,345,05:43:45,-79.3386140020133,43.6801565028456,,,26.2129240445451,67.1447622647739,12763.3542073009,1725.03777437723,1
1048876,48335377,3,346,05:43:54,-79.339422,43.680007,,,26.2129240445451,67.1447622654354,12830.4989695663,1734.25922345115,1
1048876,48335377,3,347,05:44:02,-79.340099,43.679878,2806,50,26.2129240445451,56.3634410335207,12886.8624105998,1742,1
1048876,48335377,3,348,05:44:02,-79.340099,43.679878,2806,50,1e-12,0,12886.8624105998,1742,1
1048876,48335377,3,349,05:44:08,-79.340596,43.679783,,,26.2834932296119,41.3861397552049,12928.248550355,1747.66858072544,1
1048876,48335377,3,350,05:44:21,-79.341765,43.67956,2636,51,26.2834932296119,97.3322967344138,13025.5808470894,1761,1
1048876,48335377,3,351,05:44:21,-79.341765,43.67956,2636,51,1e-12,0,13025.5808470894,1761,1
1048876,48335377,3,352,05:44:28,-79.3424180014366,43.6794280018586,,,27.1060308539011,54.5866374439272,13080.1674845334,1768.24974806741,1
1048876,48335377,3,353,05:44:35,-79.343071,43.679296,,,27.1060308539011,54.5866374439984,13134.7541219774,1775.49949613482,1
1048876,48335377,3,354,05:44:43,-79.3437115013664,43.6791680017881,,,27.1060308539011,53.4980195968852,13188.2521415743,1782.60466293652,1
1048876,48335377,3,355,05:44:50,-79.344352,43.67904,,,27.1060308539011,53.4980195980734,13241.7501611723,1789.70982973837,1
1048876,48335377,3,356,05:44:55,-79.344829,43.678945,2052,52,27.1060308539011,39.8320884261823,13281.5822495985,1795,1
1048876,48335377,3,357,05:44:55,-79.344829,43.678945,2052,52,1e-12,0,13281.5822495985,1795,1
1048876,48335377,3,358,05:45:03,-79.3454660013271,43.6788200017686,,,24.2512647708145,53.1383314714539,13334.72058107,1802.88816563198,1
1048876,48335377,3,359,05:45:11,-79.346103,43.678695,,,24.2512647708145,53.1383314699911,13387.85891254,1810.77633126375,1
1048876,48335377,3,360,05:45:13,-79.346253,43.678662,,,24.2512647708145,12.6227161977824,13400.4816287377,1812.65012130074,1
1048876,48335377,3,361,05:45:26,-79.347332,43.678453,1042,53,24.2512647708145,89.9309563872296,13490.412585125,1826,1
1048876,48335377,3,362,05:45:26,-79.347332,43.678453,1042,53,1e-12,0,13490.412585125,1826,1
1048876,48335377,3,363,05:45:37,-79.348297,43.678265,,,26.1713547422899,80.4609267651949,13570.8735118902,1837.06780062427,1
1048876,48335377,3,364,05:45:39,-79.34847,43.67823,,,26.1713547422899,14.4628333530812,13585.3363452432,1839.05723527845,1
1048876,48335377,3,365,05:45:39,-79.348496,43.678225,,,26.1713547422899,2.16598467632545,13587.5023299196,1839.35517724254,1
1048876,48335377,3,366,05:45:52,-79.34961,43.678005,,,26.1713547422899,92.9713812621476,13680.4737111817,1852.14385309977,1
1048876,48335377,3,367,05:45:53,-79.349718,43.677984,,,26.1713547422899,9.0038353378092,13689.4775465195,1853.38237542829,1
1048876,48335377,3,368,05:46:05,-79.350737,43.677787,,,26.1713547422899,84.9201693943856,13774.3977159139,1865.06356705288,1
1048876,48335377,3,369,05:46:12,-79.3513445011998,43.6776685016086,,,26.1713547422899,50.6576847928196,13825.0554007067,1872.03178352658,1
1048876,48335377,3,370,05:46:19,-79.351952,43.67755,4499,54,26.1713547422899,50.6576847908379,13875.7130854976,1879,1
1048876,48335377,3,371,05:46:19,-79.351952,43.67755,4499,54,1e-12,0,13875.7130854976,1879,1
1048876,48335377,3,372,05:46:28,-79.352776,43.677382,,,26.5749433671151,68.9263595017902,13944.6394449994,1888.33717490113,1
1048876,48335377,3,373,05:46:34,-79.353245,43.677297,,,26.5749433671151,38.9270503435221,13983.5664953429,1893.6104648307,1
1048876,48335377,3,374,05:46:43,-79.354044,43.677138,,,26.5749433671151,66.7188304106675,14050.2853257535,1902.64859470215,1
1048876,48335377,3,375,05:46:54,-79.355047,43.676937,3232,55,26.5749433671151,83.7952647020832,14134.0805904556,1914,1
1048876,48335377,3,376,05:46:54,-79.355047,43.676937,3232,55,1e-12,0,14134.0805904556,1914,1
1048876,48335377,3,377,05:47:02,-79.3557020014027,43.67680850187,,,23.9124838111042,54.6406537307399,14188.7212441864,1922.22609457824,1
1048876,48335377,3,378,05:47:10,-79.356357,43.67668,,,23.9124838111042,54.6406537289276,14243.3618979153,1930.4521891562,1
1048876,48335377,3,379,05:47:18,-79.3569825037917,43.676558755116,,,23.9124838111042,52.1376523706102,14295.4995502859,1938.30145943765,1
1048876,48335377,3,380,05:47:26,-79.3576080050556,43.6764375068213,,,23.9124838111042,52.1376523694627,14347.6372026554,1946.15072971893,1
1048876,48335377,3,381,05:47:34,-79.3582335037917,43.676316255116,5401,56,23.9124838111042,52.1376523680843,14399.7748550235,1954,1
1048876,48335377,3,382,05:47:34,-79.3582335037917,43.676316255116,5401,56,1e-12,0,14399.7748550235,1954,1
1048876,48335377,3,383,05:47:41,-79.358859,43.676195,,,28.2649555512669,52.1376523695158,14451.912507393,1960.64057469292,1
1048876,48335377,3,384,05:47:46,-79.359408,43.676092,,,28.2649555512669,45.6642115934901,14497.5767189865,1966.45665182909,1
1048876,48335377,3,385,05:47:57,-79.360434,43.675897,,,28.2649555512669,85.4104077379063,14582.9871267244,1977.33505095831,1
1048876,48335377,3,386,05:48:08,-79.361456,43.675687,,,28.2649555512669,85.5404130262329,14668.5275397506,1988.23000836718,1
1048876,48335377,3,387,05:48:08,-79.361476,43.675682,,,28.2649555512669,1.70374171138984,14670.231281462,1988.44700747584,1
1048876,48335377,3,388,05:48:10,-79.361613,43.67566,,,28.2649555512669,11.2988846187936,14681.5301660808,1989.88610348127,1
1048876,48335377,3,389,05:48:11,-79.361711,43.675647,,,28.2649555512669,8.02188810381054,14689.5520541846,1990.90782089107,1
1048876,48335377,3,390,05:48:12,-79.361808,43.675629,,,28.2649555512669,8.06271837609522,14697.6147725607,1991.93473869751,1
1048876,48335377,3,391,05:48:15,-79.362055,43.675589,,,28.2649555512669,20.3791359991261,14717.9939085598,1994.53035182217,1
1048876,48335377,3,392,05:48:22,-79.3627160015036,43.6754525019044,,,28.2649555512669,55.3460275482979,14773.3399361081,2001.57956507186,1
1048876,48335377,3,393,05:48:29,-79.363377,43.675316,,,28.2649555512669,55.346027546491,14828.6859636546,2008.62877832132,1
1048876,48335377,3,394,05:48:38,-79.364239,43.675155,,,28.2649555512669,71.6794811598466,14900.3654448145,2017.75832150094,1
1048876,48335377,3,395,05:48:39,-79.364309,43.675141,,,28.2649555512669,5.84746616309923,14906.2129109776,2018.50309104955,1
1048876,48335377,3,396,05:48:43,-79.364726,43.675061,,,28.2649555512669,34.7352577702659,14940.9481687478,2022.92718886021,1
1048876,48335377,3,397,05:48:51,-79.3655125019659,43.6749110026962,,,28.2649555512669,65.4888012127924,15006.4369699606,2031.26824865556,1
1048876,48335377,3,398,05:49:00,-79.366299,43.674761,,,28.2649555512669,65.4888012139728,15071.9257711746,2039.60930845107,1
1048876,48335377,3,399,05:49:04,-79.366722,43.674662,,,28.2649555512669,35.7962302152463,15107.7220013898,2044.16853829104,1
1048876,48335377,3,400,05:49:05,-79.366768,43.67464,,,28.2649555512669,4.44013976804731,15112.1621411579,2044.73406202363,1
1048876,48335377,3,401,05:49:06,-79.366864,43.674613,,,28.2649555512669,8.29319722970894,15120.4553383876,2045.79033504599,1
1048876,48335377,3,402,05:49:07,-79.366985,43.674568,,,28.2649555512669,10.9546896786033,15131.4100280662,2047.18559224961,1
1048876,48335377,3,403,05:49:08,-79.367078,43.674523,,,28.2649555512669,9.00898030468808,15140.4190083709,2048.33303184272,1
1048876,48335377,3,404,05:49:10,-79.367173,43.674474,,,28.2649555512669,9.39460867639418,15149.8136170473,2049.52958745639,1
1048876,48335377,3,405,05:49:11,-79.367259,43.674425,,,28.2649555512669,8.81468121686668,15158.6282982641,2050.65227991289,1
1048876,48335377,3,406,05:49:12,-79.367357,43.674362,,,28.2649555512669,10.5566573039462,15169.1849555681,2051.99684124522,1
1048876,48335377,3,407,05:49:24,-79.368191,43.673768,6060,57,28.2649555512669,94.2413190774183,15263.4262746455,2064,1
1048876,48335377,3,408,05:49:24,-79.368191,43.673768,6060,57,1e-12,0,15263.4262746455,2064,1
1048876,48335377,3,409,05:49:38,-79.36882,43.673324,,,17.8641295378651,70.765644267889,15334.1919189134,2078.2607742977,1
1048876,48335377,3,410,05:49:51,-79.369375,43.672941,,,17.8641295378651,61.7629845123912,15395.9549034258,2090.70732221224,1
1048876,48335377,3,411,05:49:58,-79.369575,43.673239,,,17.8641295378651,36.8751633957469,15432.8300668215,2098.13844769436,1
1048876,48335377,3,412,05:50:00,-79.369467,43.673267,24599,58,17.8641295378651,9.23750320262362,15442.0675700242,2100,1
1048876,48335377,3,413,05:50:00,-79.369467,43.673267,24599,58,1e-12,0,15442.0675700242,2100,1
1048876,48335377,3,414,,-79.369087,43.673507,,,,40.6189871354122,15482.6865571596,,1
1048876,48335400,3,1,05:20:00,-79.2631,43.73208,24683,1,1e-12,0,0,0,2
1048876,48335400,3,2,05:20:00,-79.2631,43.73208,24683,1,1e-12,0,0,0,2
1048876,48335400,3,3,05:20:14,-79.263729,43.731883,,,13.7556023773381,55.1433444446095,55.1433444446095,14.4316500691852,2
1048876,48335400,3,4,05:20:16,-79.263766,43.731847,,,13.7556023773381,4.99177047974927,60.1351149243588,15.7380540516602,2
1048876,48335400,3,5,05:20:17,-79.263781,43.731802,,,13.7556023773381,5.15263578929178,65.2877507136506,17.0865583434104,2
1048876,48335400,3,6,05:20:26,-79.263794,43.731502,,,13.7556023773381,33.4122145780142,98.6999652916648,25.8309207625376,2
1048876,48335400,3,7,05:20:28,-79.263831,43.731437,,,13.7556023773381,7.82394673440047,106.523912026065,27.8785379785052,2
1048876,48335400,3,8,05:20:30,-79.263906,43.731412,,,13.7556023773381,6.64382607181389,113.167738097879,29.6173039883408,2
1048876,48335400,3,9,05:20:32,-79.263998,43.731402,,,13.7556023773381,7.48356918906665,120.651307286946,31.5758404698128,2
1048876,48335400,3,10,05:20:38,-79.2643,43.731477,,,13.7556023773381,25.6869930110927,146.338300298039,38.2984231894385,2
1048876,48335400,3,11,05:20:39,-79.26428,43.731501,,,13.7556023773381,3.11864088507439,149.456941183113,39.1146075249761,2
1048876,48335400,3,12,05:20:48,-79.264143,43.731779,,,13.7556023773381,32.8503524283664,182.307293611479,47.7119241308232,2
1048876,48335400,3,13,05:20:49,-79.264125,43.731815,,,13.7556023773381,4.26103495916069,186.56832857064,48.8270861885933,2
1048876,48335400,3,14,05:20:50,-79.264128,43.731851,,,13.7556023773381,4.01476045133054,190.583089021971,49.8777953635401,2
1048876,48335400,3,15,05:20:52,-79.264153,43.731914,,,13.7556023773381,7.29574090925138,197.878829931222,51.7871750150322,2
1048876,48335400,3,16,05:20:54,-79.264185,43.731977,,,13.7556023773381,7.4705708925922,205.349400823814,53.7423096922048,2
1048876,48335400,3,17,05:20:54,-79.26419,43.731987,,,13.7556023773381,1.18362040156204,206.533021225376,54.0520768204436,2
1048876,48335400,3,18,05:21:01,-79.264296,43.732215,,,13.7556023773381,26.7747235901969,233.307744815573,61.0593311943783,2
1048876,48335400,3,19,05:21:03,-79.264332,43.732293,,,13.7556023773381,9.153052712472,242.460797528045,63.454790794111,2
1048876,48335400,3,20,05:21:18,-79.264542,43.732764,,,13.7556023773381,55.0852936656758,297.546091193721,77.8712483040443,2
1048876,48335400,3,21,05:21:27,-79.264971,43.732674,,,13.7556023773381,35.9322060824343,333.478297276155,87.275121602234,2
1048876,48335400,3,22,05:21:30,-79.265105,43.732648,,,13.7556023773381,11.1603236026683,344.638620878823,90.1959071750851,2
1048876,48335400,3,23,05:21:32,-79.265187,43.73263,24584,2,13.7556023773381,6.89343987537153,351.532060754195,92,2
1048876,48335400,3,24,05:21:32,-79.265187,43.73263,24584,2,1e-12,0,351.532060754195,92,2
1048876,48335400,3,25,05:21:37,-79.265525,43.73245,,,25.2259106269713,33.7737550866221,385.305815840817,96.8198663711209,2
1048876,48335400,3,26,05:21:38,-79.265595,43.732415,,,25.2259106269713,6.84716083801892,392.152976678836,97.7970274885678,2
1048876,48335400,3,27,05:21:39,-79.265661,43.732388,,,25.2259106269713,6.10061247429288,398.253589153129,98.667648384369,2
1048876,48335400,3,28,05:21:39,-79.265707,43.732379,,,25.2259106269713,3.83333524873245,402.086924401861,99.2147052220588,2
1048876,48335400,3,29,05:21:40,-79.26575,43.732379,,,25.2259106269713,3.45878493787811,405.54570933974,99.7083098320366,2
1048876,48335400,3,30,05:21:41,-79.265822,43.732406,,,25.2259106269713,6.52493001676908,412.070639356509,100.639485257484,2
1048876,48335400,3,31,05:21:41,-79.265878,43.732433,,,25.2259106269713,5.4151600716797,417.485799428188,101.412284961183,2
1048876,48335400,3,32,05:21:43,-79.265953,43.732478,,,25.2259106269713,7.84142923309981,425.327228661288,102.531338527042,2
1048876,48335400,3,33,05:21:44,-79.266017,43.732539,,,25.2259106269713,8.52127378946093,433.848502450749,103.747412986977,2
1048876,48335400,3,34,05:21:46,-79.266048,43.732668,,,25.2259106269713,14.5750973598034,448.423599810552,105.827431079136,2
1048876,48335400,3,35,05:21:53,-79.2654395014936,43.7328150016141,,,25.2259106269713,51.6085130821632,500.032112892716,113.192503041975,2
1048876,48335400,3,36,05:22:01,-79.264831,43.732962,,,25.2259106269713,51.6085130785539,551.64062597127,120.557575004299,2
1048876,48335400,3,37,05:22:03,-79.26465,43.733005,,,25.2259106269713,15.3256368590444,566.966262830314,122.744702894682,2
1048876,48335400,3,38,05:22:11,-79.26396400185,43.7331665020514,,,25.2259106269713,58.0338659249693,625.000128755283,131.026739583835,2
1048876,48335400,3,39,05:22:19,-79.263278,43.733328,,,25.2259106269713,58.0338659235436,683.033994678827,139.308776272786,2
1048876,48335400,3,40,05:22:21,-79.263113,43.733369,,,25.2259106269713,14.0347230619283,697.068717740755,141.311677328374,2
1048876,48335400,3,41,05:22:23,-79.262958,43.733405,,,25.2259106269713,13.0957515334865,710.164469274242,143.180577373955,2
1048876,48335400,3,42,05:22:30,-79.262363,43.733542,,,25.2259106269713,50.2302227454919,760.394692019733,150.348952960382,2
1048876,48335400,3,43,05:22:38,-79.261771,43.733685,,,25.2259106269713,50.2080087457821,810.602700765515,157.514158377845,2
1048876,48335400,3,44,05:22:48,-79.260931,43.73389,,,25.2259106269713,71.31517776199,881.917878527506,167.691576499221,2
1048876,48335400,3,45,05:22:57,-79.260176,43.73406,,,25.2259106269713,63.6085304414487,945.526408968954,176.769175836483,2
1048876,48335400,3,46,05:23:09,-79.259159,43.734301,,,25.2259106269713,86.0887913082598,1031.61520027721,189.054942376002,2
1048876,48335400,3,47,05:23:17,-79.258497,43.734447,8890,3,25.2259106269713,55.6725870969781,1087.28778737419,197,2
1048876,48335400,3,48,05:23:17,-79.258497,43.734447,8890,3,1e-12,0,1087.28778737419,197,2
1048876,48335400,3,49,05:23:20,-79.258397,43.734564,,,20.3482824000501,15.3078663913244,1102.59565376552,199.70825408874,2
1048876,48335400,3,50,05:23:25,-79.258147,43.734734,,,20.3482824000501,27.6130313762825,1130.2086851418,204.593527007616,2
1048876,48335400,3,51,05:23:28,-79.257947,43.734787,,,20.3482824000501,17.1345311662553,1147.34321630805,207.624953001506,2
1048876,48335400,3,52,05:23:37,-79.2573240013473,43.7349165016919,,,20.3482824000501,52.1424349287512,1199.48565123681,216.849946150954,2
1048876,48335400,3,53,05:23:46,-79.256701,43.735046,,,20.3482824000501,52.1424349284283,1251.62808616523,226.074939300346,2
1048876,48335400,3,54,05:23:49,-79.256514,43.735055,,,20.3482824000501,15.0743519473634,1266.7024381126,228.741880221628,2
1048876,48335400,3,55,05:23:51,-79.256327,43.735028,,,20.3482824000501,15.3383893995913,1282.04082751219,231.455534413807,2
1048876,48335400,3,56,05:23:54,-79.256152,43.735001,,,20.3482824000501,14.3931512720529,1296.43397878424,234.001957918292,2
1048876,48335400,3,57,05:23:56,-79.25604,43.734983,,,20.3482824000501,9.2286901947556,1305.662668979,235.63468956846,2
1048876,48335400,3,58,05:24:02,-79.255597,43.735067,,,20.3482824000501,36.8384895729888,1342.50115855199,242.152122335288,2
1048876,48335400,3,59,05:24:11,-79.2549760013844,43.735200501681,,,20.3482824000501,52.1128588215989,1394.61401737358,251.3718829062,2
1048876,48335400,3,60,05:24:21,-79.254355,43.735334,,,20.3482824000501,52.112858822756,1446.72687619634,260.591643477316,2
1048876,48335400,3,61,05:24:38,-79.253178,43.735575,8986,4,20.3482824000501,98.3972651789797,1545.12414137532,278,2
1048876,48335400,3,62,05:24:38,-79.253178,43.735575,8986,4,1e-12,0,1545.12414137532,278,2
1048876,48335400,3,63,05:24:56,-79.252039,43.735843,,,19.1920342815566,96.3477714469669,1641.47191282229,296.072705171353,2
1048876,48335400,3,64,05:25:10,-79.2511255028527,43.7360300036376,,,19.1920342815566,76.3665659616753,1717.83847878396,310.397379326726,2
1048876,48335400,3,65,05:25:25,-79.250212,43.736217,,,19.1920342815566,76.3665659597648,1794.20504474373,324.72205348174,2
1048876,48335400,3,66,05:25:42,-79.2491420042171,43.7364530049907,,,19.1920342815566,89.9821243871855,1884.18716913091,341.600704438776,2
1048876,48335400,3,67,05:25:58,-79.248072,43.736689,,,19.1920342815566,89.9821243898065,1974.16929352072,358.479355396304,2
1048876,48335400,3,68,05:26:00,-79.248044,43.736644,,,19.1920342815566,5.49232934906043,1979.66162286978,359.509594576088,2
1048876,48335400,3,69,05:26:02,-79.247993,43.736554,,,19.1920342815566,10.8259763089005,1990.48759917868,361.540307638616,2
1048876,48335400,3,70,05:26:05,-79.247905,43.736401,24340,5,19.1920342815566,18.4440373342584,2008.93163651294,365,2
1048876,48335400,3,71,05:26:05,-79.247905,43.736401,24340,5,1e-12,0,2008.93163651294,365,2
1048876,48335400,3,72,05:26:11,-79.2476384972519,43.7357835003096,,,43.202608660671,72.0043477669763,2080.93598427992,370.999999999933,2
1048876,48335400,3,73,05:26:17,-79.247372,43.735166,2250,6,43.202608660671,72.0043477685939,2152.94033204851,377,2
1048876,48335400,3,74,05:26:17,-79.247372,43.735166,2250,6,1e-12,0,2152.94033204851,377,2
1048876,48335400,3,75,05:26:25,-79.2477315031007,43.7346495005634,,,27.2888164359622,64.3582309212141,2217.29856296972,385.490277761224,2
1048876,48335400,3,76,05:26:34,-79.248091,43.734133,,,27.2888164359622,64.3582309222212,2281.65679389194,393.980555522581,2
1048876,48335400,3,77,05:26:40,-79.248325,43.733791,,,27.2888164359622,42.4697387270281,2324.12653261897,399.58325580004,2
1048876,48335400,3,78,05:26:47,-79.248645,43.733342,3040,7,27.2888164359622,56.2206030625551,2380.34713568153,407,2
1048876,48335400,3,79,05:26:47,-79.248645,43.733342,3040,7,1e-12,0,2380.34713568153,407,2
1048876,48335400,3,80,05:26:52,-79.248997002642,43.7328925005401,,,38.0572857845493,57.4932051006193,2437.84034078215,412.438526003509,2
1048876,48335400,3,81,05:26:58,-79.249349,43.732443,,,38.0572857845493,57.493205105676,2495.33354588782,417.877052007496,2
1048876,48335400,3,82,05:27:07,-79.249961,43.731698,2339,8,38.0572857845493,96.4429552634232,2591.77650115125,427,2
1048876,48335400,3,83,05:27:07,-79.249961,43.731698,2339,8,1e-12,0,2591.77650115125,427,2
1048876,48335400,3,84,05:27:17,-79.250545,43.731015,,,32.24487141573,89.372719583466,2681.14922073471,436.978076400191,2
1048876,48335400,3,85,05:27:20,-79.250743,43.730781,,,32.24487141573,30.5320131587799,2711.68123389349,440.386843206995,2
1048876,48335400,3,86,05:27:22,-79.250809,43.730691,,,32.24487141573,11.3384604787356,2723.01969437223,441.652733127819,2
1048876,48335400,3,87,05:27:24,-79.250936,43.730538,,,32.24487141573,19.8606951184989,2742.88038949073,443.870093572672,2
1048876,48335400,3,88,05:27:27,-79.251108,43.730323,,,32.24487141573,27.6449830623568,2770.52537255308,446.956535994518,2
1048876,48335400,3,89,05:27:30,-79.251251,43.730143,,,32.24487141573,23.1045029703982,2793.62987552348,449.536053512856,2
1048876,48335400,3,90,05:27:33,-79.251428,43.729855,,,32.24487141573,35.0793666096863,2828.70924213317,453.452512603875,2
1048876,48335400,3,91,05:27:37,-79.251591,43.729595,14800,9,32.24487141573,31.7745208158282,2860.483762949,457,2
1048876,48335400,3,92,05:27:37,-79.251591,43.729595,14800,9,1e-12,0,2860.483762949,457,2
1048876,48335400,3,93,05:27:41,-79.251759,43.729289,,,34.834192141883,36.6465511601126,2897.13031410911,460.787301385921,2
1048876,48335400,3,94,05:27:50,-79.2521100044009,43.728538000537,,,34.834192141883,88.2402422467677,2985.37055635588,469.906642256365,2
1048876,48335400,3,95,05:27:59,-79.252461,43.727787,,,34.834192141883,88.2402422479044,3073.61079860378,479.025983126926,2
1048876,48335400,3,96,05:28:03,-79.252593,43.727455,3627,10,34.834192141883,38.4532409254812,3112.06403952926,483,2
1048876,48335400,3,97,05:28:03,-79.252593,43.727455,3627,10,1e-12,0,3112.06403952926,483,2
1048876,48335400,3,98,05:28:04,-79.252618,43.727383,,,29.5271032031369,8.26345892449138,3120.32749845375,484.007496465993,2
1048876,48335400,3,99,05:28:15,-79.252995504714,43.7266350006212,,,29.5271032031369,88.631792753097,3208.95929120685,494.813651465893,2
1048876,48335400,3,100,05:28:26,-79.253373,43.725887,,,29.5271032031369,88.6317927553436,3297.59108396219,505.619806466067,2
1048876,48335400,3,101,05:28:31,-79.253587,43.725522,6779,11,29.5271032031369,44.1282027025773,3341.71928666477,511,2
1048876,48335400,3,102,05:28:31,-79.253587,43.725522,6779,11,1e-12,0,3341.71928666477,511,2
1048876,48335400,3,103,05:28:34,-79.253699,43.72527,,,37.5169578684496,29.4639292156653,3371.18321588044,513.827258690545,2
1048876,48335400,3,104,05:28:36,-79.25382,43.72509,,,37.5169578684496,22.2767384637742,3393.45995434421,515.964858939233,2
1048876,48335400,3,105,05:28:39,-79.253949,43.72482,,,37.5169578684496,31.7973953066929,3425.2573496509,519.016029119541,2
1048876,48335400,3,106,05:28:43,-79.254183,43.724497,,,37.5169578684496,40.5859026201742,3465.84325227108,522.910514646458,2
1048876,48335400,3,107,05:28:49,-79.254574,43.724038,,,37.5169578684496,60.0015548015933,3525.84480707267,528.668060288702,2
1048876,48335400,3,108,05:28:53,-79.25484,43.723661,,,37.5169578684496,47.1083289833553,3572.95313605603,533.188415721963,2
1048876,48335400,3,109,05:28:59,-79.2552280030861,43.7231845006562,,,37.5169578684496,61.5464874600144,3634.49962351604,539.094207860893,2
1048876,48335400,3,110,05:29:05,-79.255616,43.722708,8462,12,37.5169578684496,61.5464874618649,3696.04611097791,545,2
1048876,48335400,3,111,05:29:05,-79.255616,43.722708,8462,12,1e-12,0,3696.04611097791,545,2
1048876,48335400,3,112,05:29:12,-79.2559895029395,43.7222365006081,,,32.8238248711041,60.4797275341079,3756.52583851201,551.633200730804,2
1048876,48335400,3,113,05:29:18,-79.256363,43.721765,,,32.8238248711041,60.4797275317266,3817.00556604374,558.266401461347,2
1048876,48335400,3,114,05:29:25,-79.2567180026901,43.7213110005494,,,32.8238248711041,58.0507511674736,3875.05631721121,564.633200730584,2
1048876,48335400,3,115,05:29:31,-79.257073,43.720857,5218,13,32.8238248711041,58.0507511691106,3933.10706838032,571,2
1048876,48335400,3,116,05:29:31,-79.257073,43.720857,5218,13,1e-12,0,3933.10706838032,571,2
1048876,48335400,3,117,05:29:38,-79.257452,43.720386,,,32.0763163913706,60.6530705722517,3993.76013895258,577.807235949289,2
1048876,48335400,3,118,05:29:44,-79.2577752564904,43.7199850013664,,,32.0763163913706,51.6623915067234,4045.4225304593,583.60542696209,2
1048876,48335400,3,119,05:29:49,-79.2580985086537,43.7195840018219,,,32.0763163913706,51.6623915044982,4097.0849219638,589.403617974641,2
1048876,48335400,3,120,05:29:55,-79.2584217564903,43.7191830013664,,,32.0763163913706,51.662391507645,4148.74731347144,595.201808987545,2
1048876,48335400,3,121,05:30:01,-79.258745,43.718782,10348,14,32.0763163913706,51.6623915036372,4200.40970497508,601,2
1048876,48335400,3,122,05:30:01,-79.258745,43.718782,10348,14,1e-12,0,4200.40970497508,601,2
1048876,48335400,3,123,05:30:04,-79.258904,43.718539,,,33.9677066995227,29.9229370147647,4230.33264198984,604.171323110096,2
1048876,48335400,3,124,05:30:10,-79.259198,43.718134,,,33.9677066995227,50.9128016223246,4281.24544361217,609.567215375114,2
1048876,48335400,3,125,05:30:10,-79.259204,43.718126,,,33.9677066995227,1.01297772568094,4282.25842133785,609.674573809545,2
1048876,48335400,3,126,05:30:12,-79.25931,43.717973,,,33.9677066995227,19.047774344724,4301.30619568257,611.693314381217,2
1048876,48335400,3,127,05:30:19,-79.2596090028268,43.7174065003897,,,33.9677066995227,67.4951806852856,4368.80137636786,618.846657190505,2
1048876,48335400,3,128,05:30:26,-79.259908,43.71684,2533,15,33.9677066995227,67.4951806872388,4436.2965570551,626,2
1048876,48335400,3,129,05:30:26,-79.259908,43.71684,2533,15,1e-12,0,4436.2965570551,626,2
1048876,48335400,3,130,05:30:28,-79.259925,43.716725,,,29.3009671706808,12.8746034173284,4449.17116047243,627.581810321564,2
1048876,48335400,3,131,05:30:31,-79.260038,43.716498,,,29.3009671706808,26.8553332229157,4476.02649369534,630.881332792591,2
1048876,48335400,3,132,05:30:36,-79.260179,43.716131,,,29.3009671706808,42.400127697798,4518.42662139314,636.090732838089,2
1048876,48335400,3,133,05:30:44,-79.260413,43.715614,,,29.3009671706808,60.5534845076827,4578.98010590082,643.530505831172,2
1048876,48335400,3,134,05:30:48,-79.260538,43.715327,,,29.3009671706808,33.4943465624522,4612.47445246328,647.645716326527,2
1048876,48335400,3,135,05:30:51,-79.260689,43.715071,,,29.3009671706808,30.9795599526824,4643.45401241596,651.451953000559,2
1048876,48335400,3,136,05:30:55,-79.260859,43.714839,,,29.3009671706808,29.2246971387811,4672.67870955474,655.042582247941,2
1048876,48335400,3,137,05:31:01,-79.26108,43.71442,,,29.3009671706808,49.9174307990531,4722.59614035379,661.175579490994,2
1048876,48335400,3,138,05:31:06,-79.261263,43.714093,6150,16,29.3009671706808,39.2667185977597,4761.86285895155,666,2
1048876,48335400,3,139,05:31:06,-79.261263,43.714093,6150,16,1e-12,0,4761.86285895155,666,2
1048876,48335400,3,140,05:31:12,-79.261536,43.7136,,,34.6966348382003,59.1132633531648,4820.97612230472,672.133382936523,2
1048876,48335400,3,141,05:31:21,-79.261971,43.712932,,,34.6966348382003,82.1870102403044,4903.16313254502,680.66081616585,2
1048876,48335400,3,142,05:31:22,-79.262069,43.712818,,,34.6966348382003,14.9407499765726,4918.10388252159,682.21101549113,2
1048876,48335400,3,143,05:31:24,-79.262137,43.712681,,,34.6966348382003,16.2025705536181,4934.30645307521,683.892136852468,2
1048876,48335400,3,144,05:31:26,-79.262197,43.712548,,,34.6966348382003,15.5727419793962,4949.87919505461,685.507909430623,2
1048876,48335400,3,145,05:31:27,-79.262257,43.712433,,,34.6966348382003,13.6818263270743,4963.56102138168,686.927487294792,2
1048876,48335400,3,146,05:31:28,-79.262314,43.712342,,,34.6966348382003,11.1199704670084,4974.68099184869,688.081256064239,2
1048876,48335400,3,147,05:31:30,-79.262408,43.712194,,,34.6966348382003,18.1285161805113,4992.8095080292,689.962206725713,2
1048876,48335400,3,148,05:31:31,-79.262476,43.712085,,,34.6966348382003,13.3104322302298,5006.11994025943,691.343250053179,2
1048876,48335400,3,149,05:31:33,-79.262552,43.711946,,,34.6966348382003,16.6379997666314,5022.75794002606,693.06955000818,2
1048876,48335400,3,150,05:31:35,-79.262667,43.711801,2933,17,34.6966348382003,18.6055884554362,5041.3635284815,695,2
1048876,48335400,3,151,05:31:35,-79.262667,43.711801,2933,17,1e-12,0,5041.3635284815,695,2
1048876,48335400,3,152,05:31:38,-79.26281,43.711614,,,33.6287035565678,23.785185137856,5065.14871361935,697.546237512613,2
1048876,48335400,3,153,05:31:39,-79.262885,43.711524,,,33.6287035565678,11.6959383379873,5076.84465195734,698.798304156988,2
1048876,48335400,3,154,05:31:42,-79.263106,43.711305,,,33.6287035565678,30.1755020200742,5107.02015397742,702.028634077068,2
1048876,48335400,3,155,05:31:46,-79.263372,43.711068,,,33.6287035565678,33.9730692746389,5140.99322325206,705.665498911389,2
1048876,48335400,3,156,05:31:48,-79.263523,43.710933,,,33.6287035565678,19.3254892250658,5160.31871247712,707.734319705899,2
1048876,48335400,3,157,05:31:50,-79.263739,43.710775,,,33.6287035565678,24.7273136590683,5185.04602613619,710.381413401406,2
1048876,48335400,3,158,05:31:52,-79.263894,43.710675,,,33.6287035565678,16.7175526663197,5201.76357880251,712.171050920364,2
1048876,48335400,3,159,05:31:54,-79.26401,43.710584,,,33.6287035565678,13.7747281158818,5215.53830691839,713.645654933384,2
1048876,48335400,3,160,05:31:56,-79.264219,43.710462,,,33.6287035565678,21.6164095833508,5237.15471650174,715.959721973439,2
1048876,48335400,3,161,05:31:58,-79.264405,43.710356,14842,18,33.6287035565678,19.0588624800511,5256.21357898179,718,2
1048876,48335400,3,162,05:31:58,-79.264405,43.710356,14842,18,1e-12,0,5256.21357898179,718,2
1048876,48335400,3,163,05:32:01,-79.264604,43.710245,,,26.1381299866365,20.2260492779032,5276.4396282597,720.785730174182,2
1048876,48335400,3,164,05:32:03,-79.264776,43.710154,,,26.1381299866365,17.1514214563617,5293.59104971606,723.147992404665,2
1048876,48335400,3,165,05:32:05,-79.264937,43.710078,,,26.1381299866365,15.4729507702139,5309.06400048627,725.279079165702,2
1048876,48335400,3,166,05:32:09,-79.265201,43.709965,,,26.1381299866365,24.6882517128279,5333.7522521991,728.6793876886,2
1048876,48335400,3,167,05:32:12,-79.265466,43.709857,,,26.1381299866365,24.4794503490761,5358.23170254818,732.050938036759,2
1048876,48335400,3,168,05:32:15,-79.265656,43.709757,,,26.1381299866365,18.9120738921635,5377.14377644034,734.655694614471,2
1048876,48335400,3,169,05:32:16,-79.265746,43.709708,,,26.1381299866365,9.06645527586701,5386.21023171621,735.904415889092,2
1048876,48335400,3,170,05:32:18,-79.265878,43.709647,,,26.1381299866365,12.606784823036,5398.81701653924,737.640746123356,2
1048876,48335400,3,171,05:32:19,-79.265972,43.709592,,,26.1381299866365,9.73134314897276,5408.54835968821,738.981042286633,2
1048876,48335400,3,172,05:32:21,-79.266102,43.709497,,,26.1381299866365,14.875010405649,5423.42337009386,741.029774827473,2
1048876,48335400,3,173,05:32:23,-79.266239,43.709411,,,26.1381299866365,14.6007363710836,5438.02410646495,743.040731654253,2
1048876,48335400,3,174,05:32:25,-79.266353,43.709331,,,26.1381299866365,12.7851030299186,5450.80920949487,744.801621623476,2
1048876,48335400,3,175,05:32:27,-79.26647,43.70924,,,26.1381299866365,13.8295240423985,5464.63873353726,746.706359513221,2
1048876,48335400,3,176,05:32:28,-79.266549,43.709175,,,26.1381299866365,9.63158292358316,5474.27031646085,748.032915718376,2
1048876,48335400,3,177,05:32:30,-79.266645,43.709096,,,26.1381299866365,11.705266798684,5485.97558325953,749.645080035288,2
1048876,48335400,3,178,05:32:31,-79.266718,43.709037,,,26.1381299866365,8.81150361137464,5494.78708687091,750.858686862447,2
1048876,48335400,3,179,05:32:33,-79.266823,43.70894,,,26.1381299866365,13.7107637872752,5508.49785065818,752.74706792335,2
1048876,48335400,3,180,05:32:34,-79.2669,43.70887,,,26.1381299866365,9.9555093875888,5518.45336004577,754.118238462851,2
1048876,48335400,3,181,05:32:36,-79.266991,43.708778,,,26.1381299866365,12.5899595050932,5531.04331955086,755.852251349063,2
1048876,48335400,3,182,05:32:37,-79.267054,43.708711,,,26.1381299866365,9.01819642896886,5540.06151597983,757.094325941274,2
1048876,48335400,3,183,05:32:39,-79.267123,43.708607,,,26.1381299866365,12.8398082816999,5552.90132426153,758.862750455107,2
1048876,48335400,3,184,05:32:41,-79.267221,43.708491,,,26.1381299866365,15.1306087110937,5568.03193297263,760.946686505152,2
1048876,48335400,3,185,05:32:44,-79.267354,43.708291,,,26.1381299866365,24.7026766645582,5592.73460963718,764.34898177409,2
1048876,48335400,3,186,05:32:49,-79.26754,43.707984,,,26.1381299866365,37.3089362332287,5630.04354587041,769.487534934102,2
1048876,48335400,3,187,05:32:54,-79.267698,43.707688,,,26.1381299866365,35.3184325855736,5665.36197845599,774.351936380306,2
1048876,48335400,3,188,05:33:00,-79.267937,43.707331,,,26.1381299866365,44.1501591846657,5709.51213764065,780.432729962175,2
1048876,48335400,3,189,05:33:06,-79.268117,43.706992,6752,19,26.1381299866365,40.4216744220521,5749.9338120627,786,2
1048876,48335400,3,190,05:33:06,-79.268117,43.706992,6752,19,1e-12,0,5749.9338120627,786,2
1048876,48335400,3,191,05:33:16,-79.26855,43.706236,,,33.8491650752265,91.0857004072042,5841.01951246991,795.687344451102,2
1048876,48335400,3,192,05:33:22,-79.2688620026805,43.7057210004243,,,33.8491650752265,62.5864271189804,5903.60593958889,802.343672225439,2
1048876,48335400,3,193,05:33:29,-79.269174,43.705206,6853,20,33.8491650752265,62.5864271210953,5966.19236670998,809,2
1048876,48335400,3,194,05:33:29,-79.269174,43.705206,6853,20,1e-12,0,5966.19236670998,809,2
1048876,48335400,3,195,05:33:40,-79.26955,43.7046,,,23.7042123419675,73.9347933297938,6040.12716003978,820.228605791555,2
1048876,48335400,3,196,05:33:43,-79.269649,43.704441,,,23.7042123419675,19.4101832968414,6059.53734333662,823.176464124097,2
1048876,48335400,3,197,05:33:52,-79.269961,43.703938,,,23.7042123419675,61.3653977766986,6120.90274111332,832.496133928312,2
1048876,48335400,3,198,05:34:01,-79.2702760023566,43.7034895004325,4841,21,23.7042123419675,55.9937353030435,6176.89647641636,841,2
1048876,48335400,3,199,05:34:01,-79.2702760023566,43.7034895004325,4841,21,1e-12,0,6176.89647641636,841,2
1048876,48335400,3,200,05:34:09,-79.270591,43.703041,,,24.4087351469445,55.9937353049554,6232.89021172132,849.25841428834,2
1048876,48335400,3,201,05:34:14,-79.270768,43.702801,,,24.4087351469445,30.2767513386251,6263.16696305994,853.723877335191,2
1048876,48335400,3,202,05:34:14,-79.270774,43.702793,,,24.4087351469445,1.0130365919862,6264.17999965193,853.873288261615,2
1048876,48335400,3,203,05:34:22,-79.271095,43.702357,,,24.4087351469445,54.9820248643007,6319.16202451623,861.982487215182,2
1048876,48335400,3,204,05:34:23,-79.271142,43.702294,,,24.4087351469445,7.9681072016814,6327.13013171791,863.157688869564,2
1048876,48335400,3,205,05:34:26,-79.271266,43.702126,,,24.4087351469445,21.1975690217816,6348.32770073969,866.284079811946,2
1048876,48335400,3,206,05:34:36,-79.271649,43.701603,2272,22,24.4087351469445,65.8759229386303,6414.20362367832,876,2
1048876,48335400,3,207,05:34:36,-79.271649,43.701603,2272,22,1e-12,0,6414.20362367832,876,2
1048876,48335400,3,208,05:34:44,-79.272005,43.701111,,,28.2957631757622,61.8102475556898,6476.01387123401,883.863964997809,2
1048876,48335400,3,209,05:34:53,-79.272431,43.700529,,,28.2957631757622,73.2999374150941,6549.31380864911,893.189734833216,2
1048876,48335400,3,210,05:34:59,-79.272713,43.700173,7532,23,28.2957631757622,45.6683019854739,6594.98211063458,899,2
1048876,48335400,3,211,05:34:59,-79.272713,43.700173,7532,23,1e-12,0,6594.98211063458,899,2
1048876,48335400,3,212,05:35:11,-79.273196,43.699444,,,27.3559214716322,89.9815228346594,6684.96363346924,910.841439248928,2
1048876,48335400,3,213,05:35:19,-79.273549,43.698949,7242,24,27.3559214716322,61.9958186744087,6746.95945214365,919,2
1048876,48335400,3,214,05:35:19,-79.273549,43.698949,7242,24,1e-12,0,6746.95945214365,919,2
1048876,48335400,3,215,05:35:28,-79.273956,43.698445,,,25.6743435060879,64.9672440946365,6811.92669623829,928.109564132973,2
1048876,48335400,3,216,05:35:35,-79.274276,43.698067,,,25.6743435060879,49.334720892592,6861.26141713088,935.027170231498,2
1048876,48335400,3,217,05:35:38,-79.274412,43.697878,,,25.6743435060879,23.7163218290553,6884.97773895993,938.35262073676,2
1048876,48335400,3,218,05:35:46,-79.274712,43.697434,,,25.6743435060879,55.0081647953282,6939.98590375526,946.065744665955,2
1048876,48335400,3,219,05:35:50,-79.274823,43.69717,,,25.6743435060879,30.7162203321047,6970.70212408737,950.372705549662,2
1048876,48335400,3,220,05:35:56,-79.274671,43.696829,,,25.6743435060879,39.8825658444679,7010.58468993183,955.96495124841,2
1048876,48335400,3,221,05:36:05,-79.274439,43.696275,873,25,25.6743435060879,64.4358181229381,7075.02050805477,965,2
1048876,48335400,3,222,05:36:05,-79.274439,43.696275,873,25,1e-12,0,7075.02050805477,965,2
1048876,48335400,3,223,05:36:12,-79.274264,43.695841,,,25.8886084118119,50.3239486319092,7125.34445668668,971.997912448327,2
1048876,48335400,3,224,05:36:19,-79.2740824986864,43.6954070001436,,,25.8886084118119,50.4729178523089,7175.81737453899,979.016540154303,2
1048876,48335400,3,225,05:36:26,-79.273901,43.694973,,,25.8886084118119,50.4729178488156,7226.2902923878,986.035167859793,2
1048876,48335400,3,226,05:36:26,-79.273891,43.694948,,,25.8886084118119,2.89703908099591,7229.1873314688,986.438022293902,2
1048876,48335400,3,227,05:36:36,-79.273638,43.694358,7377,26,25.8886084118119,68.762860132129,7297.95019160093,996,2
1048876,48335400,3,228,05:36:36,-79.273638,43.694358,7377,26,1e-12,0,7297.95019160093,996,2
1048876,48335400,3,229,05:36:44,-79.274007,43.694286,,,13.6607582189056,30.7625354245033,7328.71272702543,1004.10680679312,2
1048876,48335400,3,230,05:37:00,-79.2747270018009,43.6941360022596,425,27,13.6607582189056,60.3091860348672,7389.0219130603,1020,2
1048876,48335400,3,231,05:37:00,-79.2747270018009,43.6941360022596,425,27,1e-12,0,7389.0219130603,1020,2
1048876,48335400,3,232,05:37:10,-79.275447,43.693986,,,21.8557333189458,60.3091860372656,7449.33109909757,1029.93391832549,2
1048876,48335400,3,233,05:37:19,-79.2760915013112,43.6938640018106,,,21.8557333189458,53.6231900951506,7502.95428919272,1038.76654276895,2
1048876,48335400,3,234,05:37:28,-79.276736,43.693742,,,21.8557333189458,53.6231900970979,7556.57747928981,1047.59916721272,2
1048876,48335400,3,235,05:37:35,-79.277277,43.693639,,,21.8557333189458,45.0287188141448,7601.60619810396,1055.01614038701,2
1048876,48335400,3,236,05:37:42,-79.277825,43.693546,,,21.8557333189458,45.306607738188,7646.91280584215,1062.47888645355,2
1048876,48335400,3,237,05:37:44,-79.277933,43.693518,1971,28,21.8557333189458,9.23473667193479,7656.14754251408,1064,2
1048876,48335400,3,238,05:37:44,-79.277933,43.693518,1971,28,1e-12,0,7656.14754251408,1064,2
1048876,48335400,3,239,05:37:55,-79.278948,43.693303,,,26.7214195883636,85.1301497939262,7741.27769230801,1075.46902163056,2
1048876,48335400,3,240,05:38:08,-79.280039,43.693049,,,26.7214195883636,92.2539396605387,7833.53163196855,1087.89778431959,2
1048876,48335400,3,241,05:38:09,-79.280171,43.693025,,,26.7214195883636,10.9553976408465,7844.48702960939,1089.37373253322,2
1048876,48335400,3,242,05:38:16,-79.280741,43.692901,,,26.7214195883636,47.910734574348,7892.39776418374,1095.8284286955,2
1048876,48335400,3,243,05:38:20,-79.281105,43.692811,2416,29,26.7214195883636,30.9639742139771,7923.36173839772,1100,2
1048876,48335400,3,244,05:38:20,-79.281105,43.692811,2416,29,1e-12,0,7923.36173839772,1100,2
1048876,48335400,3,245,05:38:21,-79.281176,43.692809,,,24.4354208539383,5.71912412648192,7929.0808625242,1100.84258204425,2
1048876,48335400,3,246,05:38:32,-79.282101,43.692604,,,24.4354208539383,77.8721936007299,8006.95305612493,1112.31526748063,2
1048876,48335400,3,247,05:38:35,-79.282293,43.692554,,,24.4354208539383,16.4259067530689,8023.378962878,1114.73524889468,2
1048876,48335400,3,248,05:38:48,-79.283365,43.692323,2245,30,24.4354208539383,90.0360488281286,8113.41501170613,1128,2
1048876,48335400,3,249,05:38:48,-79.283365,43.692323,2245,30,1e-12,0,8113.41501170613,1128,2
1048876,48335400,3,250,05:38:55,-79.283864,43.692211,,,21.2665156009307,42.0554644573292,8155.47047616346,1135.11915740629,2
1048876,48335400,3,251,05:39:03,-79.284449,43.692082,,,21.2665156009307,49.2282094076476,8204.6986855711,1143.45251850752,2
1048876,48335400,3,252,05:39:04,-79.284456,43.692081,,,21.2665156009307,0.574328295091306,8205.2730138662,1143.5497409158,2
1048876,48335400,3,253,05:39:11,-79.284961,43.691973,,,21.2665156009307,42.3886582640145,8247.66167213021,1150.7253014361,2
1048876,48335400,3,254,05:39:18,-79.285498,43.691853,,,21.2665156009307,45.2409038370329,8292.90257596724,1158.38369065555,2
1048876,48335400,3,255,05:39:23,-79.285831,43.691769,,,21.2665156009307,28.3878802880037,8321.29045625525,1163.18919668928,2
1048876,48335400,3,256,05:39:29,-79.286245,43.691695,7491,31,21.2665156009307,34.3265386837028,8355.61699493895,1169,2
1048876,48335400,3,257,05:39:29,-79.286245,43.691695,7491,31,1e-12,0,8355.61699493895,1169,2
1048876,48335400,3,258,05:39:34,-79.286538,43.691631,,,19.5252887945053,24.6366311354051,8380.25362607435,1173.54241025682,2
1048876,48335400,3,259,05:39:42,-79.287103,43.691496,,,19.5252887945053,47.8964906975219,8428.15011677188,1182.37338675738,2
1048876,48335400,3,260,05:39:52,-79.287724001403,43.6913605016809,3960,32,19.5252887945053,52.2117787986334,8480.36189557051,1192,2
1048876,48335400,3,261,05:39:52,-79.287724001403,43.6913605016809,3960,32,1e-12,0,8480.36189557051,1192,2
1048876,48335400,3,262,05:39:57,-79.288345,43.691225,,,34.2181866878616,52.2117787987274,8532.57367436924,1197.49305564874,2
1048876,48335400,3,263,05:40:06,-79.289345,43.690978,,,34.2181866878616,85.0589920713581,8617.6326664406,1206.44187500759,2
1048876,48335400,3,264,05:40:15,-79.290264,43.690787,,,34.2181866878616,76.9677209140811,8694.60038735468,1214.53943429143,2
1048876,48335400,3,265,05:40:20,-79.2908690014425,43.6906440015954,,,34.2181866878616,51.233965858494,8745.83435321317,1219.92961696748,2
1048876,48335400,3,266,05:40:25,-79.291474,43.690501,,,34.2181866878616,51.2339658606779,8797.06831907385,1225.31979964375,2
1048876,48335400,3,267,05:40:31,-79.2920730014232,43.6903585015639,,,34.2181866878616,50.7579291172302,8847.82624819108,1230.65989982173,2
1048876,48335400,3,268,05:40:36,-79.292672,43.690216,1321,33,34.2181866878616,50.7579291199637,8898.58417731104,1236,2
1048876,48335400,3,269,05:40:36,-79.292672,43.690216,1321,33,1e-12,0,8898.58417731104,1236,2
1048876,48335400,3,270,05:40:42,-79.293266,43.690073,,,30.2504777683356,50.3934957212252,8948.97767303227,1241.99714774708,2
1048876,48335400,3,271,05:40:47,-79.293782,43.689958,,,30.2504777683356,43.4628749704037,8992.44054800267,1247.16950737365,2
1048876,48335400,3,272,05:40:58,-79.294907,43.689712,,,30.2504777683356,94.6057893105919,9087.04633731326,1258.4282003479,2
1048876,48335400,3,273,05:41:10,-79.29605,43.689445,,,30.2504777683356,96.6867997522714,9183.73313706553,1269.93454685171,2
1048876,48335400,3,274,05:41:17,-79.296759,43.689298,24312,34,30.2504777683356,59.3703703848845,9243.10350745042,1277,2
1048876,48335400,3,275,05:41:17,-79.296759,43.689298,24312,34,1e-12,0,9243.10350745042,1277,2
1048876,48335400,3,276,05:41:25,-79.297888,43.689033,,,43.293918398009,95.5466961717915,9338.65020362221,1284.94495206131,2
1048876,48335400,3,277,05:41:29,-79.298395,43.688914,,,43.293918398009,42.9071548003461,9381.55735842255,1288.51279167936,2
1048876,48335400,3,278,05:41:36,-79.2994645042259,43.6886770049857,7627,35,43.293918398009,90.0418294617984,9471.59918788435,1296,2
1048876,48335400,3,279,05:41:36,-79.2994645042259,43.6886770049857,7627,35,1e-12,0,9471.59918788435,1296,2
1048876,48335400,3,280,05:41:46,-79.300534,43.68844,,,34.0809304287469,90.0418294625072,9561.64101734686,1305.51120119043,2
1048876,48335400,3,281,05:41:50,-79.300996,43.688332,,,34.0809304287469,39.0841526520601,9600.72516999892,1309.63969615162,2
1048876,48335400,3,282,05:41:57,-79.301819,43.688138,426,36,34.0809304287469,69.6794453864558,9670.40461538538,1317,2
1048876,48335400,3,283,05:41:57,-79.301819,43.688138,426,36,1e-12,0,9670.40461538538,1317,2
1048876,48335400,3,284,05:42:10,-79.302969,43.68791,,,27.2794865949808,95.9872549821272,9766.3918703675,1329.66717820119,2
1048876,48335400,3,285,05:42:21,-79.3039760036599,43.68769200442,,,27.2794865949808,84.6149879009825,9851.00685826849,1340.83358910057,2
1048876,48335400,3,286,05:42:32,-79.304983,43.687474,4600,37,27.2794865949808,84.6149879014268,9935.62184616991,1352,2
1048876,48335400,3,287,05:42:32,-79.304983,43.687474,4600,37,1e-12,0,9935.62184616991,1352,2
1048876,48335400,3,288,05:42:35,-79.305231,43.687429,,,27.9053278685983,20.5822058418083,9956.20405201172,1354.65526143894,2
1048876,48335400,3,289,05:42:43,-79.306021002476,43.6872410027203,,,27.9053278685983,66.948133573032,10023.1521855848,1363.29208097383,2
1048876,48335400,3,290,05:42:52,-79.306811,43.687053,,,27.9053278685983,66.948133571913,10090.1003191567,1371.92890050857,2
1048876,48335400,3,291,05:42:58,-79.307323,43.68693,,,27.9053278685983,43.4297657723672,10133.530084929,1377.53167133129,2
1048876,48335400,3,292,05:43:04,-79.3079390015045,43.6867835016539,,,27.9053278685983,52.1997399082934,10185.7298248373,1384.26583566559,2
1048876,48335400,3,293,05:43:11,-79.308555,43.686637,3985,38,27.9053278685983,52.1997399090669,10237.9295647464,1391,2
1048876,48335400,3,294,05:43:11,-79.308555,43.686637,3985,38,1e-12,0,10237.9295647464,1391,2
1048876,48335400,3,295,05:43:23,-79.3096050042098,43.6863965048055,,,27.6553533941836,88.6621893771076,10326.5917541235,1402.54148627964,2
1048876,48335400,3,296,05:43:34,-79.310655,43.686156,,,27.6553533941836,88.6621893794281,10415.2539435029,1414.08297255958,2
1048876,48335400,3,297,05:43:37,-79.310925,43.686107,8519,39,27.6553533941836,22.4087290903468,10437.6626725933,1417,2
1048876,48335400,3,298,05:43:37,-79.310925,43.686107,8519,39,1e-12,0,10437.6626725933,1417,2
1048876,48335400,3,299,05:43:45,-79.311667,43.685943,,,28.0287992254769,62.4580482544335,10500.1207208477,1425.02206944033,2
1048876,48335400,3,300,05:43:57,-79.312766,43.685678,738,40,28.0287992254769,93.2575029982163,10593.3782238459,1437,2
1048876,48335400,3,301,05:43:57,-79.312766,43.685678,738,40,1e-12,0,10593.3782238459,1437,2
1048876,48335400,3,302,05:44:04,-79.3134200015263,43.6855380018643,,,27.9073542761818,54.9051252595484,10648.2833491055,1444.08266534256,2
1048876,48335400,3,303,05:44:11,-79.314074,43.685398,,,27.9073542761818,54.9051252608747,10703.1884743664,1451.16533068529,2
1048876,48335400,3,304,05:44:24,-79.315259,43.685144,10414,41,27.9073542761818,99.4949065509389,10802.6833809173,1464,2
1048876,48335400,3,305,05:44:24,-79.315259,43.685144,10414,41,1e-12,0,10802.6833809173,1464,2
1048876,48335400,3,306,05:44:34,-79.316214,43.684939,,,27.9226381008042,80.1934245146203,10882.8768054319,1474.33914944607,2
1048876,48335400,3,307,05:44:45,-79.317164,43.684731,,,27.9226381008042,79.9040318958753,10962.7808373278,1484.64098818303,2
1048876,48335400,3,308,05:44:50,-79.317657,43.68462,2494,42,27.9226381008042,41.5660409842013,11004.346878312,1490,2
1048876,48335400,3,309,05:44:50,-79.317657,43.68462,2494,42,1e-12,0,11004.346878312,1490,2
1048876,48335400,3,310,05:44:56,-79.318209,43.684516,,,28.6160928741742,45.9199477637113,11050.2668260757,1495.7768827029,2
1048876,48335400,3,311,05:45:07,-79.319228,43.68428,,,28.6160928741742,86.135000703058,11136.4018267788,1506.61295329767,2
1048876,48335400,3,312,05:45:17,-79.320191,43.684077,,,28.6160928741742,80.7494911566402,11217.1513179354,1516.77150881544,2
1048876,48335400,3,313,05:45:24,-79.320878,43.683937,8112,43,28.6160928741742,57.4586597437928,11274.6099776792,1524,2
1048876,48335400,3,314,05:45:24,-79.320878,43.683937,8112,43,1e-12,0,11274.6099776792,1524,2
1048876,48335400,3,315,05:45:27,-79.321177,43.683858,,,27.6543189525091,25.6263046912057,11300.2362823704,1527.3359959812,2
1048876,48335400,3,316,05:45:34,-79.3217892538195,43.6837332549016,,,27.6543189525091,51.2065883120154,11351.4428706824,1534.00199698595,2
1048876,48335400,3,317,05:45:41,-79.3224015050927,43.6836085065355,,,27.6543189525091,51.2065883102458,11402.6494589927,1540.66799799048,2
1048876,48335400,3,318,05:45:47,-79.3230137538195,43.6834837549016,,,27.6543189525091,51.206588311844,11453.8560473045,1547.33399899521,2
1048876,48335400,3,319,05:45:54,-79.323626,43.683359,8624,44,27.6543189525091,51.206588312265,11505.0626356168,1554,2
1048876,48335400,3,320,05:45:54,-79.323626,43.683359,8624,44,1e-12,0,11505.0626356168,1554,2
1048876,48335400,3,321,05:46:08,-79.324755,43.68311,,,24.320438987513,95.0204843728451,11600.0831199896,1568.06527834131,2
1048876,48335400,3,322,05:46:19,-79.325604,43.682931,,,24.320438987513,71.1925984917427,11671.2757184814,1578.60346618824,2
1048876,48335400,3,323,05:46:26,-79.326192,43.682805,,,24.320438987513,49.3703213524747,11720.6460398338,1585.91144105499,2
1048876,48335400,3,324,05:46:38,-79.327158,43.682581,1575,45,24.320438987513,81.6664056303171,11802.3124454641,1598,2
1048876,48335400,3,325,05:46:38,-79.327158,43.682581,1575,45,1e-12,0,11802.3124454641,1598,2
1048876,48335400,3,326,05:46:50,-79.328256,43.682352,,,27.0817950617727,91.9957399042902,11894.3081853684,1610.22905139412,2
1048876,48335400,3,327,05:47:02,-79.329319,43.68214,,,27.0817950617727,88.7704126470905,11983.0785980155,1622.0293580134,2
1048876,48335400,3,328,05:47:07,-79.329768,43.682054,2956,46,27.0817950617727,37.3927521129001,12020.4713501284,1627,2
1048876,48335400,3,329,05:47:07,-79.329768,43.682054,2956,46,1e-12,0,12020.4713501284,1627,2
1048876,48335400,3,330,05:47:09,-79.329927,43.682019,,,27.1988983568713,13.3800418902156,12033.8513920186,1628.77095962391,2
1048876,48335400,3,331,05:47:17,-79.3306315018612,43.6818605021633,,,27.1988983568713,59.39670760958,12093.2480996282,1636.63260698142,2
1048876,48335400,3,332,05:47:24,-79.331336,43.681702,,,27.1988983568713,59.3967076115847,12152.6448072398,1644.49425433919,2
1048876,48335400,3,333,05:47:36,-79.33237,43.681477,8300,47,27.1988983568713,86.9287796523044,12239.5735868921,1656,2
1048876,48335400,3,334,05:47:36,-79.33237,43.681477,8300,47,1e-12,0,12239.5735868921,1656,2
1048876,48335400,3,335,05:47:42,-79.3329895041509,43.6813430050184,,,28.8311178389894,52.0561849862376,12291.6297718783,1662.4999999999,2
1048876,48335400,3,336,05:47:49,-79.3336090055346,43.6812090066911,,,28.8311178389894,52.0561849879752,12343.6859568663,1669.00000000001,2
1048876,48335400,3,337,05:47:56,-79.334228504151,43.6810750050183,,,28.8311178389894,52.05618498713,12395.7421418535,1675.50000000002,2
1048876,48335400,3,338,05:48:02,-79.334848,43.680941,6484,48,28.8311178389894,52.0561849869151,12447.7983268404,1682,2
1048876,48335400,3,339,05:48:02,-79.334848,43.680941,6484,48,1e-12,0,12447.7983268404,1682,2
1048876,48335400,3,340,05:48:08,-79.335354,43.680837,,,26.4934690038786,42.3492161818252,12490.1475430222,1687.75451928293,2
1048876,48335400,3,341,05:48:19,-79.3363280034254,43.680626004135,,,26.4934690038786,81.855549146454,12572.0030921686,1698.87725964147,2
1048876,48335400,3,342,05:48:30,-79.337302,43.680415,5192,49,26.4934690038786,81.8555491463308,12653.858641315,1710,2
1048876,48335400,3,343,05:48:30,-79.337302,43.680415,5192,49,1e-12,0,12653.858641315,1710,2
1048876,48335400,3,344,05:48:36,-79.337806,43.680306,,,26.2129240445451,42.3508037211155,12696.2094450361,1715.81632530339,2
1048876,48335400,3,345,05:48:45,-79.3386140020133,43.6801565028456,,,26.2129240445451,67.1447622647739,12763.3542073009,1725.03777437723,2
1048876,48335400,3,346,05:48:54,-79.339422,43.680007,,,26.2129240445451,67.1447622654354,12830.4989695663,1734.25922345115,2
1048876,48335400,3,347,05:49:02,-79.340099,43.679878,2806,50,26.2129240445451,56.3634410335207,12886.8624105998,1742,2
1048876,48335400,3,348,05:49:02,-79.340099,43.679878,2806,50,1e-12,0,12886.8624105998,1742,2
1048876,48335400,3,349,05:49:08,-79.340596,43.679783,,,26.2834932296119,41.3861397552049,12928.248550355,1747.66858072544,2
1048876,48335400,3,350,05:49:21,-79.341765,43.67956,2636,51,26.2834932296119,97.3322967344138,13025.5808470894,1761,2
1048876,48335400,3,351,05:49:21,-79.341765,43.67956,2636,51,1e-12,0,13025.5808470894,1761,2
1048876,48335400,3,352,05:49:28,-79.3424180014366,43.6794280018586,,,27.1060308539011,54.5866374439272,13080.1674845334,1768.24974806741,2
1048876,48335400,3,353,05:49:35,-79.343071,43.679296,,,27.1060308539011,54.5866374439984,13134.7541219774,1775.49949613482,2
1048876,48335400,3,354,05:49:43,-79.3437115013664,43.6791680017881,,,27.1060308539011,53.4980195968852,13188.2521415743,1782.60466293652,2
1048876,48335400,3,355,05:49:50,-79.344352,43.67904,,,27.1060308539011,53.4980195980734,13241.7501611723,1789.70982973837,2
1048876,48335400,3,356,05:49:55,-79.344829,43.678945,2052,52,27.1060308539011,39.8320884261823,13281.5822495985,1795,2
1048876,48335400,3,357,05:49:55,-79.344829,43.678945,2052,52,1e-12,0,13281.5822495985,1795,2
1048876,48335400,3,358,05:50:03,-79.3454660013271,43.6788200017686,,,24.2512647708145,53.1383314714539,13334.72058107,1802.88816563198,2
1048876,48335400,3,359,05:50:11,-79.346103,43.678695,,,24.2512647708145,53.1383314699911,13387.85891254,1810.77633126375,2
1048876,48335400,3,360,05:50:13,-79.346253,43.678662,,,24.2512647708145,12.6227161977824,13400.4816287377,1812.65012130074,2
1048876,48335400,3,361,05:50:26,-79.347332,43.678453,1042,53,24.2512647708145,89.9309563872296,13490.412585125,1826,2
1048876,48335400,3,362,05:50:26,-79.347332,43.678453,1042,53,1e-12,0,13490.412585125,1826,2
1048876,48335400,3,363,05:50:37,-79.348297,43.678265,,,26.1713547422899,80.4609267651949,13570.8735118902,1837.06780062427,2
1048876,48335400,3,364,05:50:39,-79.34847,43.67823,,,26.1713547422899,14.4628333530812,13585.3363452432,1839.05723527845,2
1048876,48335400,3,365,05:50:39,-79.348496,43.678225,,,26.1713547422899,2.16598467632545,13587.5023299196,1839.35517724254,2
1048876,48335400,3,366,05:50:52,-79.34961,43.678005,,,26.1713547422899,92.9713812621476,13680.4737111817,1852.14385309977,2
1048876,48335400,3,367,05:50:53,-79.349718,43.677984,,,26.1713547422899,9.0038353378092,13689.4775465195,1853.38237542829,2
1048876,48335400,3,368,05:51:05,-79.350737,43.677787,,,26.1713547422899,84.9201693943856,13774.3977159139,1865.06356705288,2
1048876,48335400,3,369,05:51:12,-79.3513445011998,43.6776685016086,,,26.1713547422899,50.6576847928196,13825.0554007067,1872.03178352658,2
1048876,48335400,3,370,05:51:19,-79.351952,43.67755,4499,54,26.1713547422899,50.6576847908379,13875.7130854976,1879,2
1048876,48335400,3,371,05:51:19,-79.351952,43.67755,4499,54,1e-12,0,13875.7130854976,1879,2
1048876,48335400,3,372,05:51:28,-79.352776,43.677382,,,26.5749433671151,68.9263595017902,13944.6394449994,1888.33717490113,2
1048876,48335400,3,373,05:51:34,-79.353245,43.677297,,,26.5749433671151,38.9270503435221,13983.5664953429,1893.6104648307,2
1048876,48335400,3,374,05:51:43,-79.354044,43.677138,,,26.5749433671151,66.7188304106675,14050.2853257535,1902.64859470215,2
1048876,48335400,3,375,05:51:54,-79.355047,43.676937,3232,55,26.5749433671151,83.7952647020832,14134.0805904556,1914,2
1048876,48335400,3,376,05:51:54,-79.355047,43.676937,3232,55,1e-12,0,14134.0805904556,1914,2
1048876,48335400,3,377,05:52:02,-79.3557020014027,43.67680850187,,,23.9124838111042,54.6406537307399,14188.7212441864,1922.22609457824,2
1048876,48335400,3,378,05:52:10,-79.356357,43.67668,,,23.9124838111042,54.6406537289276,14243.3618979153,1930.4521891562,2
1048876,48335400,3,379,05:52:18,-79.3569825037917,43.676558755116,,,23.9124838111042,52.1376523706102,14295.4995502859,1938.30145943765,2
1048876,48335400,3,380,05:52:26,-79.3576080050556,43.6764375068213,,,23.9124838111042,52.1376523694627,14347.6372026554,1946.15072971893,2
1048876,48335400,3,381,05:52:34,-79.3582335037917,43.676316255116,5401,56,23.9124838111042,52.1376523680843,14399.7748550235,1954,2
1048876,48335400,3,382,05:52:34,-79.3582335037917,43.676316255116,5401,56,1e-12,0,14399.7748550235,1954,2
1048876,48335400,3,383,05:52:41,-79.358859,43.676195,,,28.2649555512669,52.1376523695158,14451.912507393,1960.64057469292,2
1048876,48335400,3,384,05:52:46,-79.359408,43.676092,,,28.2649555512669,45.6642115934901,14497.5767189865,1966.45665182909,2
1048876,48335400,3,385,05:52:57,-79.360434,43.675897,,,28.2649555512669,85.4104077379063,14582.9871267244,1977.33505095831,2
1048876,48335400,3,386,05:53:08,-79.361456,43.675687,,,28.2649555512669,85.5404130262329,14668.5275397506,1988.23000836718,2
1048876,48335400,3,387,05:53:08,-79.361476,43.675682,,,28.2649555512669,1.70374171138984,14670.231281462,1988.44700747584,2
1048876,48335400,3,388,05:53:10,-79.361613,43.67566,,,28.2649555512669,11.2988846187936,14681.5301660808,1989.88610348127,2
1048876,48335400,3,389,05:53:11,-79.361711,43.675647,,,28.2649555512669,8.02188810381054,14689.5520541846,1990.90782089107,2
1048876,48335400,3,390,05:53:12,-79.361808,43.675629,,,28.2649555512669,8.06271837609522,14697.6147725607,1991.93473869751,2
1048876,48335400,3,391,05:53:15,-79.362055,43.675589,,,28.2649555512669,20.3791359991261,14717.9939085598,1994.53035182217,2
1048876,48335400,3,392,05:53:22,-79.3627160015036,43.6754525019044,,,28.2649555512669,55.3460275482979,14773.3399361081,2001.57956507186,2
1048876,48335400,3,393,05:53:29,-79.363377,43.675316,,,28.2649555512669,55.346027546491,14828.6859636546,2008.62877832132,2
1048876,48335400,3,394,05:53:38,-79.364239,43.675155,,,28.2649555512669,71.6794811598466,14900.3654448145,2017.75832150094,2
1048876,48335400,3,395,05:53:39,-79.364309,43.675141,,,28.2649555512669,5.84746616309923,14906.2129109776,2018.50309104955,2
1048876,48335400,3,396,05:53:43,-79.364726,43.675061,,,28.2649555512669,34.7352577702659,14940.9481687478,2022.92718886021,2
1048876,48335400,3,397,05:53:51,-79.3655125019659,43.6749110026962,,,28.2649555512669,65.4888012127924,15006.4369699606,2031.26824865556,2
1048876,48335400,3,398,05:54:00,-79.366299,43.674761,,,28.2649555512669,65.4888012139728,15071.9257711746,2039.60930845107,2
1048876,48335400,3,399,05:54:04,-79.366722,43.674662,,,28.2649555512669,35.7962302152463,15107.7220013898,2044.16853829104,2
1048876,48335400,3,400,05:54:05,-79.366768,43.67464,,,28.2649555512669,4.44013976804731,15112.1621411579,2044.73406202363,2
1048876,48335400,3,401,05:54:06,-79.366864,43.674613,,,28.2649555512669,8.29319722970894,15120.4553383876,2045.79033504599,2
1048876,48335400,3,402,05:54:07,-79.366985,43.674568,,,28.2649555512669,10.9546896786033,15131.4100280662,2047.18559224961,2
1048876,48335400,3,403,05:54:08,-79.367078,43.674523,,,28.2649555512669,9.00898030468808,15140.4190083709,2048.33303184272,2
1048876,48335400,3,404,05:54:10,-79.367173,43.674474,,,28.2649555512669,9.39460867639418,15149.8136170473,2049.52958745639,2
1048876,48335400,3,405,05:54:11,-79.367259,43.674425,,,28.2649555512669,8.81468121686668,15158.6282982641,2050.65227991289,2
1048876,48335400,3,406,05:54:12,-79.367357,43.674362,,,28.2649555512669,10.5566573039462,15169.1849555681,2051.99684124522,2
1048876,48335400,3,407,05:54:24,-79.368191,43.673768,6060,57,28.2649555512669,94.2413190774183,15263.4262746455,2064,2
1048876,48335400,3,408,05:54:24,-79.368191,43.673768,6060,57,1e-12,0,15263.4262746455,2064,2
1048876,48335400,3,409,05:54:38,-79.36882,43.673324,,,17.8641295378651,70.765644267889,15334.1919189134,2078.2607742977,2
1048876,48335400,3,410,05:54:51,-79.369375,43.672941,,,17.8641295378651,61.7629845123912,15395.9549034258,2090.70732221224,2
1048876,48335400,3,411,05:54:58,-79.369575,43.673239,,,17.8641295378651,36.8751633957469,15432.8300668215,2098.13844769436,2
1048876,48335400,3,412,05:55:00,-79.369467,43.673267,24599,58,17.8641295378651,9.23750320262362,15442.0675700242,2100,2
1048876,48335400,3,413,05:55:00,-79.369467,43.673267,24599,58,1e-12,0,15442.0675700242,2100,2
1048876,48335400,3,414,,-79.369087,43.673507,,,,40.6189871354122,15482.6865571596,,2
