shape_id,trip_id,route_type,id,timestamp,shape_pt_lon,shape_pt_lat,stop_id,stop_sequence,speed,dist,cumdist,cumtime,trip_number
1048727,48331753,3,1,,-79.546283,43.764646,,,1e-12,0,0,0,1
1048727,48331753,3,2,09:05:00,-79.545354,43.764867,2542,1,,78.6330257627598,78.6330257627598,,1
1048727,48331753,3,3,09:05:00,-79.545354,43.764867,2542,1,1e-12,0,78.6330257627598,0,1
1048727,48331753,3,4,09:05:26,-79.5451814931315,43.7640730003892,,,12.3880201314687,89.469034283668,168.102060046428,26.0000000002437,1
1048727,48331753,3,5,09:05:52,-79.5450089908422,43.7632790005189,2787,2,12.3880201314687,89.4690342819906,257.571094328418,52,1
1048727,48331753,3,6,09:05:52,-79.5450089908422,43.7632790005189,2787,2,1e-12,0,257.571094328418,52,1
1048727,48331753,3,7,09:06:06,-79.5448364931318,43.7624850003891,,,23.5495759740692,89.4690342828119,347.04012861123,65.6770413094818,1
1048727,48331753,3,8,09:06:19,-79.544664,43.761691,,,23.5495759740692,89.469034281235,436.509162892465,79.3540826187225,1
1048727,48331753,3,9,09:06:27,-79.544566494938,43.7612472502901,2055,3,23.5495759740692,50.0161422949587,486.525305187424,87,1
1048727,48331753,3,10,09:06:27,-79.544566494938,43.7612472502901,2055,3,1e-12,0,486.525305187424,87,1
1048727,48331753,3,11,09:06:36,-79.5444689913223,43.7608035004973,,,20.9369897992603,50.0161422976379,536.541447485062,95.5999999998977,1
1048727,48331753,3,12,09:06:44,-79.544371489153,43.7603597506216,,,20.9369897992603,50.0161422998256,586.557589784888,104.200000000172,1
1048727,48331753,3,13,09:06:53,-79.54427398843,43.7599160006631,,,20.9369897992603,50.0161422957666,636.573732080654,112.799999999747,1
1048727,48331753,3,14,09:07:01,-79.5441764891532,43.7594722506216,,,20.9369897992603,50.0161422985304,686.589874379185,121.399999999799,1
1048727,48331753,3,15,09:07:10,-79.5440789913226,43.7590285004973,1516,4,20.9369897992603,50.016142299404,736.606016678588,130,1
1048727,48331753,3,16,09:07:10,-79.5440789913226,43.7590285004973,1516,4,1e-12,0,736.606016678588,130,1
1048727,48331753,3,17,09:07:19,-79.5439814949383,43.7585847502901,,,19.3031872208573,50.0161422954297,786.622158974018,139.327895450809,1
1048727,48331753,3,18,09:07:29,-79.543884,43.758141,,,19.3031872208573,50.0161422999975,836.638301274016,148.65579090247,1
1048727,48331753,3,19,09:07:30,-79.543871,43.758074,,,19.3031872208573,7.5312896417385,844.169590915754,150.060359091135,1
1048727,48331753,3,20,09:07:42,-79.543759,43.757499,,,19.3031872208573,64.6390479167235,908.808638832478,162.115392792966,1
1048727,48331753,3,21,09:07:43,-79.543752,43.757459,,,19.3031872208573,4.48820844187005,913.296847274348,162.952433339994,1
1048727,48331753,3,22,09:07:57,-79.5435789942322,43.7567940003914,3181,5,19.3031872208573,75.3230025654334,988.619849839781,177,1
1048727,48331753,3,23,09:07:57,-79.5435789942322,43.7567940003914,3181,5,1e-12,0,988.619849839781,177,1
1048727,48331753,3,24,09:08:11,-79.5434059923097,43.7561290005219,,,19.8898895010014,75.3230025673184,1063.9428524071,190.633198375923,1
1048727,48331753,3,25,09:08:24,-79.5432329942324,43.7554640003914,,,19.8898895010014,75.3230025690516,1139.26585497615,204.26639675216,1
1048727,48331753,3,26,09:08:38,-79.54306,43.754799,,,19.8898895010014,75.323002567034,1214.58885754319,217.899595128032,1
1048727,48331753,3,27,09:08:53,-79.5428794977816,43.754063500142,,,19.8898895010014,83.1519065055798,1297.74076404877,232.94979756405,1
1048727,48331753,3,28,09:09:08,-79.542699,43.753328,7701,6,19.8898895010014,83.1519065052095,1380.89267055397,248,1
1048727,48331753,3,29,09:09:08,-79.542699,43.753328,7701,6,1e-12,0,1380.89267055397,248,1
1048727,48331753,3,30,,-79.5425344982876,43.752705000118,,,,70.6021897012922,1451.49486025527,,1
1048727,48331753,3,31,,-79.54237,43.752082,,,,70.6021897021939,1522.09704995746,,1
1048727,48331753,3,32,,-79.5422734945599,43.7516000002842,,,,54.2142145882465,1576.31126454571,,1
1048727,48331753,3,33,,-79.5421769906741,43.7511180004871,,,,54.2142145855331,1630.52547913124,,1
1048727,48331753,3,34,,-79.5420804883428,43.7506360006089,,,,54.2142145858857,1684.73969371713,,1
1048727,48331753,3,35,,-79.5419839875658,43.7501540006495,,,,54.2142145878188,1738.95390830494,,1
1048727,48331753,3,36,,-79.5418874883431,43.7496720006089,,,,54.2142145863954,1793.16812289134,,1
1048727,48331753,3,37,,-79.5417909906746,43.7491900004871,,,,54.2142145872221,1847.38233747856,,1
1048727,48331753,3,38,,-79.5416944945602,43.7487080002841,,,,54.2142145900374,1901.5965520686,,1
1048727,48331753,3,39,,-79.541598,43.748226,,,,54.2142145858455,1955.81076665445,,1
1048727,48331835,3,1,,-79.546283,43.764646,,,1e-12,0,0,0,2
1048727,48331835,3,2,09:23:00,-79.545354,43.764867,2542,1,,78.6330257627598,78.6330257627598,,2
1048727,48331835,3,3,09:23:00,-79.545354,43.764867,2542,1,1e-12,0,78.6330257627598,0,2
1048727,48331835,3,4,09:23:26,-79.5451814931315,43.7640730003892,,,12.3880201314687,89.469034283668,168.102060046428,26.0000000002437,2
1048727,48331835,3,5,09:23:52,-79.5450089908422,43.7632790005189,2787,2,12.3880201314687,89.4690342819906,257.571094328418,52,2
1048727,48331835,3,6,09:23:52,-79.5450089908422,43.7632790005189,2787,2,1e-12,0,257.571094328418,52,2
1048727,48331835,3,7,09:24:06,-79.5448364931318,43.7624850003891,,,23.5495759740692,89.4690342828119,347.04012861123,65.6770413094818,2
1048727,48331835,3,8,09:24:19,-79.544664,43.761691,,,23.5495759740692,89.469034281235,436.509162892465,79.3540826187225,2
1048727,48331835,3,9,09:24:27,-79.544566494938,43.7612472502901,2055,3,23.5495759740692,50.0161422949587,486.525305187424,87,2
1048727,48331835,3,10,09:24:27,-79.544566494938,43.7612472502901,2055,3,1e-12,0,486.525305187424,87,2
1048727,48331835,3,11,09:24:36,-79.5444689913223,43.7608035004973,,,20.9369897992603,50.0161422976379,536.541447485062,95.5999999998977,2
1048727,48331835,3,12,09:24:44,-79.544371489153,43.7603597506216,,,20.9369897992603,50.0161422998256,586.557589784888,104.200000000172,2
1048727,48331835,3,13,09:24:53,-79.54427398843,43.7599160006631,,,20.9369897992603,50.0161422957666,636.573732080654,112.799999999747,2
1048727,48331835,3,14,09:25:01,-79.5441764891532,43.7594722506216,,,20.9369897992603,50.0161422985304,686.589874379185,121.399999999799,2
1048727,48331835,3,15,09:25:10,-79.5440789913226,43.7590285004973,1516,4,20.9369897992603,50.016142299404,736.606016678588,130,2
1048727,48331835,3,16,09:25:10,-79.5440789913226,43.7590285004973,1516,4,1e-12,0,736.606016678588,130,2
1048727,48331835,3,17,09:25:19,-79.5439814949383,43.7585847502901,,,19.3031872208573,50.0161422954297,786.622158974018,139.327895450809,2
1048727,48331835,3,18,09:25:29,-79.543884,43.758141,,,19.3031872208573,50.0161422999975,836.638301274016,148.65579090247,2
1048727,48331835,3,19,09:25:30,-79.543871,43.758074,,,19.3031872208573,7.5312896417385,844.169590915754,150.060359091135,2
1048727,48331835,3,20,09:25:42,-79.543759,43.757499,,,19.3031872208573,64.6390479167235,908.808638832478,162.115392792966,2
1048727,48331835,3,21,09:25:43,-79.543752,43.757459,,,19.3031872208573,4.48820844187005,913.296847274348,162.952433339994,2
1048727,48331835,3,22,09:25:57,-79.5435789942322,43.7567940003914,3181,5,19.3031872208573,75.3230025654334,988.619849839781,177,2
1048727,48331835,3,23,09:25:57,-79.5435789942322,43.7567940003914,3181,5,1e-12,0,988.619849839781,177,2
1048727,48331835,3,24,09:26:11,-79.5434059923097,43.7561290005219,,,19.8898895010014,75.3230025673184,1063.9428524071,190.633198375923,2
1048727,48331835,3,25,09:26:24,-79.5432329942324,43.7554640003914,,,19.8898895010014,75.3230025690516,1139.26585497615,204.26639675216,2
1048727,48331835,3,26,09:26:38,-79.54306,43.754799,,,19.8898895010014,75.323002567034,1214.58885754319,217.899595128032,2
1048727,48331835,3,27,09:26:53,-79.5428794977816,43.754063500142,,,19.8898895010014,83.1519065055798,1297.74076404877,232.94979756405,2
1048727,48331835,3,28,09:27:08,-79.542699,43.753328,7701,6,19.8898895010014,83.1519065052095,1380.89267055397,248,2
1048727,48331835,3,29,09:27:08,-79.542699,43.753328,7701,6,1e-12,0,1380.89267055397,248,2
1048727,48331835,3,30,,-79.5425344982876,43.752705000118,,,,70.6021897012922,1451.49486025527,,2
1048727,48331835,3,31,,-79.54237,43.752082,,,,70.6021897021939,1522.09704995746,,2
1048727,48331835,3,32,,-79.5422734945599,43.7516000002842,,,,54.2142145882465,1576.31126454571,,2
1048727,48331835,3,33,,-79.5421769906741,43.7511180004871,,,,54.2142145855331,1630.52547913124,,2
1048727,48331835,3,34,,-79.5420804883428,43.7506360006089,,,,54.2142145858857,1684.73969371713,,2
1048727,48331835,3,35,,-79.5419839875658,43.7501540006495,,,,54.2142145878188,1738.95390830494,,2
1048727,48331835,3,36,,-79.5418874883431,43.7496720006089,,,,54.2142145863954,1793.16812289134,,2
1048727,48331835,3,37,,-79.5417909906746,43.7491900004871,,,,54.2142145872221,1847.38233747856,,2
1048727,48331835,3,38,,-79.5416944945602,43.7487080002841,,,,54.2142145900374,1901.5965520686,,2
1048727,48331835,3,39,,-79.541598,43.748226,,,,54.2142145858455,1955.81076665445,,2
1048727,48331836,3,1,,-79.546283,43.764646,,,1e-12,0,0,0,3
1048727,48331836,3,2,09:43:00,-79.545354,43.764867,2542,1,,78.6330257627598,78.6330257627598,,3
1048727,48331836,3,3,09:43:00,-79.545354,43.764867,2542,1,1e-12,0,78.6330257627598,0,3
1048727,48331836,3,4,09:43:26,-79.5451814931315,43.7640730003892,,,12.3880201314687,89.469034283668,168.102060046428,26.0000000002437,3
1048727,48331836,3,5,09:43:52,-79.5450089908422,43.7632790005189,2787,2,12.3880201314687,89.4690342819906,257.571094328418,52,3
1048727,48331836,3,6,09:43:52,-79.5450089908422,43.7632790005189,2787,2,1e-12,0,257.571094328418,52,3
1048727,48331836,3,7,09:44:06,-79.5448364931318,43.7624850003891,,,23.5495759740692,89.4690342828119,347.04012861123,65.6770413094818,3
1048727,48331836,3,8,09:44:19,-79.544664,43.761691,,,23.5495759740692,89.469034281235,436.509162892465,79.3540826187225,3
1048727,48331836,3,9,09:44:27,-79.544566494938,43.7612472502901,2055,3,23.5495759740692,50.0161422949587,486.525305187424,87,3
1048727,48331836,3,10,09:44:27,-79.544566494938,43.7612472502901,2055,3,1e-12,0,486.525305187424,87,3
1048727,48331836,3,11,09:44:36,-79.5444689913223,43.7608035004973,,,20.9369897992603,50.0161422976379,536.541447485062,95.5999999998977,3
1048727,48331836,3,12,09:44:44,-79.544371489153,43.7603597506216,,,20.9369897992603,50.0161422998256,586.557589784888,104.200000000172,3
1048727,48331836,3,13,09:44:53,-79.54427398843,43.7599160006631,,,20.9369897992603,50.0161422957666,636.573732080654,112.799999999747,3
1048727,48331836,3,14,09:45:01,-79.5441764891532,43.7594722506216,,,20.9369897992603,50.0161422985304,686.589874379185,121.399999999799,3
1048727,48331836,3,15,09:45:10,-79.5440789913226,43.7590285004973,1516,4,20.9369897992603,50.016142299404,736.606016678588,130,3
1048727,48331836,3,16,09:45:10,-79.5440789913226,43.7590285004973,1516,4,1e-12,0,736.606016678588,130,3
1048727,48331836,3,17,09:45:19,-79.5439814949383,43.7585847502901,,,19.3031872208573,50.0161422954297,786.622158974018,139.327895450809,3
1048727,48331836,3,18,09:45:29,-79.543884,43.758141,,,19.3031872208573,50.0161422999975,836.638301274016,148.65579090247,3
1048727,48331836,3,19,09:45:30,-79.543871,43.758074,,,19.3031872208573,7.5312896417385,844.169590915754,150.060359091135,3
1048727,48331836,3,20,09:45:42,-79.543759,43.757499,,,19.3031872208573,64.6390479167235,908.808638832478,162.115392792966,3
1048727,48331836,3,21,09:45:43,-79.543752,43.757459,,,19.3031872208573,4.48820844187005,913.296847274348,162.952433339994,3
1048727,48331836,3,22,09:45:57,-79.5435789942322,43.7567940003914,3181,5,19.3031872208573,75.3230025654334,988.619849839781,177,3
1048727,48331836,3,23,09:45:57,-79.5435789942322,43.7567940003914,3181,5,1e-12,0,988.619849839781,177,3
1048727,48331836,3,24,09:46:11,-79.5434059923097,43.7561290005219,,,19.8898895010014,75.3230025673184,1063.9428524071,190.633198375923,3
1048727,48331836,3,25,09:46:24,-79.5432329942324,43.7554640003914,,,19.8898895010014,75.3230025690516,1139.26585497615,204.26639675216,3
1048727,48331836,3,26,09:46:38,-79.54306,43.754799,,,19.8898895010014,75.323002567034,1214.58885754319,217.899595128032,3
1048727,48331836,3,27,09:46:53,-79.5428794977816,43.754063500142,,,19.8898895010014,83.1519065055798,1297.74076404877,232.94979756405,3
1048727,48331836,3,28,09:47:08,-79.542699,43.753328,7701,6,19.8898895010014,83.1519065052095,1380.89267055397,248,3
1048727,48331836,3,29,09:47:08,-79.542699,43.753328,7701,6,1e-12,0,1380.89267055397,248,3
1048727,48331836,3,30,,-79.5425344982876,43.752705000118,,,,70.6021897012922,1451.49486025527,,3
1048727,48331836,3,31,,-79.54237,43.752082,,,,70.6021897021939,1522.09704995746,,3
1048727,48331836,3,32,,-79.5422734945599,43.7516000002842,,,,54.2142145882465,1576.31126454571,,3
1048727,48331836,3,33,,-79.5421769906741,43.7511180004871,,,,54.2142145855331,1630.52547913124,,3
1048727,48331836,3,34,,-79.5420804883428,43.7506360006089,,,,54.2142145858857,1684.73969371713,,3
1048727,48331836,3,35,,-79.5419839875658,43.7501540006495,,,,54.2142145878188,1738.95390830494,,3
1048727,48331836,3,36,,-79.5418874883431,43.7496720006089,,,,54.2142145863954,1793.16812289134,,3
1048727,48331836,3,37,,-79.5417909906746,43.7491900004871,,,,54.2142145872221,1847.38233747856,,3
1048727,48331836,3,38,,-79.5416944945602,43.7487080002841,,,,54.2142145900374,1901.5965520686,,3
1048727,48331836,3,39,,-79.541598,43.748226,,,,54.2142145858455,1955.81076665445,,3
1048727,48331757,3,1,,-79.546283,43.764646,,,1e-12,0,0,0,4
1048727,48331757,3,2,10:06:00,-79.545354,43.764867,2542,1,,78.6330257627598,78.6330257627598,,4
1048727,48331757,3,3,10:06:00,-79.545354,43.764867,2542,1,1e-12,0,78.6330257627598,0,4
1048727,48331757,3,4,10:06:26,-79.5451814931315,43.7640730003892,,,12.3880201314687,89.469034283668,168.102060046428,26.0000000002437,4
1048727,48331757,3,5,10:06:52,-79.5450089908422,43.7632790005189,2787,2,12.3880201314687,89.4690342819906,257.571094328418,52,4
1048727,48331757,3,6,10:06:52,-79.5450089908422,43.7632790005189,2787,2,1e-12,0,257.571094328418,52,4
1048727,48331757,3,7,10:07:06,-79.5448364931318,43.7624850003891,,,23.5495759740692,89.4690342828119,347.04012861123,65.6770413094818,4
1048727,48331757,3,8,10:07:19,-79.544664,43.761691,,,23.5495759740692,89.469034281235,436.509162892465,79.3540826187225,4
1048727,48331757,3,9,10:07:27,-79.544566494938,43.7612472502901,2055,3,23.5495759740692,50.0161422949587,486.525305187424,87,4
1048727,48331757,3,10,10:07:27,-79.544566494938,43.7612472502901,2055,3,1e-12,0,486.525305187424,87,4
1048727,48331757,3,11,10:07:36,-79.5444689913223,43.7608035004973,,,20.9369897992603,50.0161422976379,536.541447485062,95.5999999998977,4
1048727,48331757,3,12,10:07:44,-79.544371489153,43.7603597506216,,,20.9369897992603,50.0161422998256,586.557589784888,104.200000000172,4
1048727,48331757,3,13,10:07:53,-79.54427398843,43.7599160006631,,,20.9369897992603,50.0161422957666,636.573732080654,112.799999999747,4
1048727,48331757,3,14,10:08:01,-79.5441764891532,43.7594722506216,,,20.9369897992603,50.0161422985304,686.589874379185,121.399999999799,4
1048727,48331757,3,15,10:08:10,-79.5440789913226,43.7590285004973,1516,4,20.9369897992603,50.016142299404,736.606016678588,130,4
1048727,48331757,3,16,10:08:10,-79.5440789913226,43.7590285004973,1516,4,1e-12,0,736.606016678588,130,4
1048727,48331757,3,17,10:08:19,-79.5439814949383,43.7585847502901,,,19.3031872208573,50.0161422954297,786.622158974018,139.327895450809,4
1048727,48331757,3,18,10:08:29,-79.543884,43.758141,,,19.3031872208573,50.0161422999975,836.638301274016,148.65579090247,4
1048727,48331757,3,19,10:08:30,-79.543871,43.758074,,,19.3031872208573,7.5312896417385,844.169590915754,150.060359091135,4
1048727,48331757,3,20,10:08:42,-79.543759,43.757499,,,19.3031872208573,64.6390479167235,908.808638832478,162.115392792966,4
1048727,48331757,3,21,10:08:43,-79.543752,43.757459,,,19.3031872208573,4.48820844187005,913.296847274348,162.952433339994,4
1048727,48331757,3,22,10:08:57,-79.5435789942322,43.7567940003914,3181,5,19.3031872208573,75.3230025654334,988.619849839781,177,4
1048727,48331757,3,23,10:08:57,-79.5435789942322,43.7567940003914,3181,5,1e-12,0,988.619849839781,177,4
1048727,48331757,3,24,10:09:11,-79.5434059923097,43.7561290005219,,,19.8898895010014,75.3230025673184,1063.9428524071,190.633198375923,4
1048727,48331757,3,25,10:09:24,-79.5432329942324,43.7554640003914,,,19.8898895010014,75.3230025690516,1139.26585497615,204.26639675216,4
1048727,48331757,3,26,10:09:38,-79.54306,43.754799,,,19.8898895010014,75.323002567034,1214.58885754319,217.899595128032,4
1048727,48331757,3,27,10:09:53,-79.5428794977816,43.754063500142,,,19.8898895010014,83.1519065055798,1297.74076404877,232.94979756405,4
1048727,48331757,3,28,10:10:08,-79.542699,43.753328,7701,6,19.8898895010014,83.1519065052095,1380.89267055397,248,4
1048727,48331757,3,29,10:10:08,-79.542699,43.753328,7701,6,1e-12,0,1380.89267055397,248,4
1048727,48331757,3,30,,-79.5425344982876,43.752705000118,,,,70.6021897012922,1451.49486025527,,4
1048727,48331757,3,31,,-79.54237,43.752082,,,,70.6021897021939,1522.09704995746,,4
1048727,48331757,3,32,,-79.5422734945599,43.7516000002842,,,,54.2142145882465,1576.31126454571,,4
1048727,48331757,3,33,,-79.5421769906741,43.7511180004871,,,,54.2142145855331,1630.52547913124,,4
1048727,48331757,3,34,,-79.5420804883428,43.7506360006089,,,,54.2142145858857,1684.73969371713,,4
1048727,48331757,3,35,,-79.5419839875658,43.7501540006495,,,,54.2142145878188,1738.95390830494,,4
1048727,48331757,3,36,,-79.5418874883431,43.7496720006089,,,,54.2142145863954,1793.16812289134,,4
1048727,48331757,3,37,,-79.5417909906746,43.7491900004871,,,,54.2142145872221,1847.38233747856,,4
1048727,48331757,3,38,,-79.5416944945602,43.7487080002841,,,,54.2142145900374,1901.5965520686,,4
1048727,48331757,3,39,,-79.541598,43.748226,,,,54.2142145858455,1955.81076665445,,4
1048727,48331895,3,1,,-79.546283,43.764646,,,1e-12,0,0,0,5
1048727,48331895,3,2,16:29:00,-79.545354,43.764867,2542,1,,78.6330257627598,78.6330257627598,,5
1048727,48331895,3,3,16:29:00,-79.545354,43.764867,2542,1,1e-12,0,78.6330257627598,0,5
1048727,48331895,3,4,16:29:22,-79.5451814931315,43.7640730003892,,,14.9808615543342,89.469034283668,168.102060046428,21.5000000002016,5
1048727,48331895,3,5,16:29:43,-79.5450089908422,43.7632790005189,2787,2,14.9808615543342,89.4690342819906,257.571094328418,43,5
1048727,48331895,3,6,16:29:43,-79.5450089908422,43.7632790005189,2787,2,1e-12,0,257.571094328418,43,5
1048727,48331895,3,7,16:29:54,-79.5448364931318,43.7624850003891,,,28.4219020376697,89.4690342828119,347.04012861123,54.3324056564277,5
1048727,48331895,3,8,16:30:06,-79.544664,43.761691,,,28.4219020376697,89.469034281235,436.509162892465,65.6648113126558,5
1048727,48331895,3,9,16:30:12,-79.544566494938,43.7612472502901,2055,3,28.4219020376697,50.0161422949587,486.525305187424,72,5
1048727,48331895,3,10,16:30:12,-79.544566494938,43.7612472502901,2055,3,1e-12,0,486.525305187424,72,5
1048727,48331895,3,11,16:30:19,-79.5444689913223,43.7608035004973,,,25.0080711491164,50.0161422976379,536.541447485062,79.1999999999144,5
1048727,48331895,3,12,16:30:26,-79.544371489153,43.7603597506216,,,25.0080711491164,50.0161422998256,586.557589784888,86.4000000001436,5
1048727,48331895,3,13,16:30:34,-79.54427398843,43.7599160006631,,,25.0080711491164,50.0161422957666,636.573732080654,93.5999999997886,5
1048727,48331895,3,14,16:30:41,-79.5441764891532,43.7594722506216,,,25.0080711491164,50.0161422985304,686.589874379185,100.799999999831,5
1048727,48331895,3,15,16:30:48,-79.5440789913226,43.7590285004973,1516,4,25.0080711491164,50.016142299404,736.606016678588,108,5
1048727,48331895,3,16,16:30:48,-79.5440789913226,43.7590285004973,1516,4,1e-12,0,736.606016678588,108,5
1048727,48331895,3,17,16:30:56,-79.5439814949383,43.7585847502901,,,23.2628153687255,50.0161422954297,786.622158974018,115.740168565565,5
1048727,48331895,3,18,16:31:03,-79.543884,43.758141,,,23.2628153687255,50.0161422999975,836.638301274016,123.480337131837,5
1048727,48331895,3,19,16:31:05,-79.543871,43.758074,,,23.2628153687255,7.5312896417385,844.169590915754,124.645829884133,5
1048727,48331895,3,20,16:31:15,-79.543759,43.757499,,,23.2628153687255,64.6390479167235,908.808638832478,134.648942955866,5
1048727,48331895,3,21,16:31:15,-79.543752,43.757459,,,23.2628153687255,4.48820844187005,913.296847274348,135.343508516166,5
1048727,48331895,3,22,16:31:27,-79.5435789942322,43.7567940003914,3181,5,23.2628153687255,75.3230025654334,988.619849839781,147,5
1048727,48331895,3,23,16:31:27,-79.5435789942322,43.7567940003914,3181,5,1e-12,0,988.619849839781,147,5
1048727,48331895,3,24,16:31:38,-79.5434059923097,43.7561290005219,,,23.9352907554423,75.3230025673184,1063.9428524071,158.328995833514,5
1048727,48331895,3,25,16:31:50,-79.5432329942324,43.7554640003914,,,23.9352907554423,75.3230025690516,1139.26585497615,169.657991667288,5
1048727,48331895,3,26,16:32:01,-79.54306,43.754799,,,23.9352907554423,75.323002567034,1214.58885754319,180.986987500759,5
1048727,48331895,3,27,16:32:13,-79.5428794977816,43.754063500142,,,23.9352907554423,83.1519065055798,1297.74076404877,193.493493750407,5
1048727,48331895,3,28,16:32:26,-79.542699,43.753328,7701,6,23.9352907554423,83.1519065052095,1380.89267055397,206,5
1048727,48331895,3,29,16:32:26,-79.542699,43.753328,7701,6,1e-12,0,1380.89267055397,206,5
1048727,48331895,3,30,,-79.5425344982876,43.752705000118,,,,70.6021897012922,1451.49486025527,,5
1048727,48331895,3,31,,-79.54237,43.752082,,,,70.6021897021939,1522.09704995746,,5
1048727,48331895,3,32,,-79.5422734945599,43.7516000002842,,,,54.2142145882465,1576.31126454571,,5
1048727,48331895,3,33,,-79.5421769906741,43.7511180004871,,,,54.2142145855331,1630.52547913124,,5
1048727,48331895,3,34,,-79.5420804883428,43.7506360006089,,,,54.2142145858857,1684.73969371713,,5
1048727,48331895,3,35,,-79.5419839875658,43.7501540006495,,,,54.2142145878188,1738.95390830494,,5
1048727,48331895,3,36,,-79.5418874883431,43.7496720006089,,,,54.2142145863954,1793.16812289134,,5
1048727,48331895,3,37,,-79.5417909906746,43.7491900004871,,,,54.2142145872221,1847.38233747856,,5
1048727,48331895,3,38,,-79.5416944945602,43.7487080002841,,,,54.2142145900374,1901.5965520686,,5
1048727,48331895,3,39,,-79.541598,43.748226,,,,54.2142145858455,1955.81076665445,,5
1048727,48331894,3,1,,-79.546283,43.764646,,,1e-12,0,0,0,6
1048727,48331894,3,2,16:52:00,-79.545354,43.764867,2542,1,,78.6330257627598,78.6330257627598,,6
1048727,48331894,3,3,16:52:00,-79.545354,43.764867,2542,1,1e-12,0,78.6330257627598,0,6
1048727,48331894,3,4,16:52:22,-79.5451814931315,43.7640730003892,,,14.9808615543342,89.469034283668,168.102060046428,21.5000000002016,6
1048727,48331894,3,5,16:52:43,-79.5450089908422,43.7632790005189,2787,2,14.9808615543342,89.4690342819906,257.571094328418,43,6
1048727,48331894,3,6,16:52:43,-79.5450089908422,43.7632790005189,2787,2,1e-12,0,257.571094328418,43,6
1048727,48331894,3,7,16:52:54,-79.5448364931318,43.7624850003891,,,28.4219020376697,89.4690342828119,347.04012861123,54.3324056564277,6
1048727,48331894,3,8,16:53:06,-79.544664,43.761691,,,28.4219020376697,89.469034281235,436.509162892465,65.6648113126558,6
1048727,48331894,3,9,16:53:12,-79.544566494938,43.7612472502901,2055,3,28.4219020376697,50.0161422949587,486.525305187424,72,6
1048727,48331894,3,10,16:53:12,-79.544566494938,43.7612472502901,2055,3,1e-12,0,486.525305187424,72,6
1048727,48331894,3,11,16:53:19,-79.5444689913223,43.7608035004973,,,25.0080711491164,50.0161422976379,536.541447485062,79.1999999999144,6
1048727,48331894,3,12,16:53:26,-79.544371489153,43.7603597506216,,,25.0080711491164,50.0161422998256,586.557589784888,86.4000000001436,6
1048727,48331894,3,13,16:53:34,-79.54427398843,43.7599160006631,,,25.0080711491164,50.0161422957666,636.573732080654,93.5999999997886,6
1048727,48331894,3,14,16:53:41,-79.5441764891532,43.7594722506216,,,25.0080711491164,50.0161422985304,686.589874379185,100.799999999831,6
1048727,48331894,3,15,16:53:48,-79.5440789913226,43.7590285004973,1516,4,25.0080711491164,50.016142299404,736.606016678588,108,6
1048727,48331894,3,16,16:53:48,-79.5440789913226,43.7590285004973,1516,4,1e-12,0,736.606016678588,108,6
1048727,48331894,3,17,16:53:56,-79.5439814949383,43.7585847502901,,,23.2628153687255,50.0161422954297,786.622158974018,115.740168565565,6
1048727,48331894,3,18,16:54:03,-79.543884,43.758141,,,23.2628153687255,50.0161422999975,836.638301274016,123.480337131837,6
1048727,48331894,3,19,16:54:05,-79.543871,43.758074,,,23.2628153687255,7.5312896417385,844.169590915754,124.645829884133,6
1048727,48331894,3,20,16:54:15,-79.543759,43.757499,,,23.2628153687255,64.6390479167235,908.808638832478,134.648942955866,6
1048727,48331894,3,21,16:54:15,-79.543752,43.757459,,,23.2628153687255,4.48820844187005,913.296847274348,135.343508516166,6
1048727,48331894,3,22,16:54:27,-79.5435789942322,43.7567940003914,3181,5,23.2628153687255,75.3230025654334,988.619849839781,147,6
1048727,48331894,3,23,16:54:27,-79.5435789942322,43.7567940003914,3181,5,1e-12,0,988.619849839781,147,6
1048727,48331894,3,24,16:54:38,-79.5434059923097,43.7561290005219,,,23.9352907554423,75.3230025673184,1063.9428524071,158.328995833514,6
1048727,48331894,3,25,16:54:50,-79.5432329942324,43.7554640003914,,,23.9352907554423,75.3230025690516,1139.26585497615,169.657991667288,6
1048727,48331894,3,26,16:55:01,-79.54306,43.754799,,,23.9352907554423,75.323002567034,1214.58885754319,180.986987500759,6
1048727,48331894,3,27,16:55:13,-79.5428794977816,43.754063500142,,,23.9352907554423,83.1519065055798,1297.74076404877,193.493493750407,6
1048727,48331894,3,28,16:55:26,-79.542699,43.753328,7701,6,23.9352907554423,83.1519065052095,1380.89267055397,206,6
1048727,48331894,3,29,16:55:26,-79.542699,43.753328,7701,6,1e-12,0,1380.89267055397,206,6
1048727,48331894,3,30,,-79.5425344982876,43.752705000118,,,,70.6021897012922,1451.49486025527,,6
1048727,48331894,3,31,,-79.54237,43.752082,,,,70.6021897021939,1522.09704995746,,6
1048727,48331894,3,32,,-79.5422734945599,43.7516000002842,,,,54.2142145882465,1576.31126454571,,6
1048727,48331894,3,33,,-79.5421769906741,43.7511180004871,,,,54.2142145855331,1630.52547913124,,6
1048727,48331894,3,34,,-79.5420804883428,43.7506360006089,,,,54.2142145858857,1684.73969371713,,6
1048727,48331894,3,35,,-79.5419839875658,43.7501540006495,,,,54.2142145878188,1738.95390830494,,6
1048727,48331894,3,36,,-79.5418874883431,43.7496720006089,,,,54.2142145863954,1793.16812289134,,6
1048727,48331894,3,37,,-79.5417909906746,43.7491900004871,,,,54.2142145872221,1847.38233747856,,6
1048727,48331894,3,38,,-79.5416944945602,43.7487080002841,,,,54.2142145900374,1901.5965520686,,6
1048727,48331894,3,39,,-79.541598,43.748226,,,,54.2142145858455,1955.81076665445,,6
1048727,48331849,3,1,,-79.546283,43.764646,,,1e-12,0,0,0,7
1048727,48331849,3,2,19:15:00,-79.545354,43.764867,2542,1,,78.6330257627598,78.6330257627598,,7
1048727,48331849,3,3,19:15:00,-79.545354,43.764867,2542,1,1e-12,0,78.6330257627598,0,7
1048727,48331849,3,4,19:15:22,-79.5451814931315,43.7640730003892,,,14.9808615543342,89.469034283668,168.102060046428,21.5000000002016,7
1048727,48331849,3,5,19:15:43,-79.5450089908422,43.7632790005189,2787,2,14.9808615543342,89.4690342819906,257.571094328418,43,7
1048727,48331849,3,6,19:15:43,-79.5450089908422,43.7632790005189,2787,2,1e-12,0,257.571094328418,43,7
1048727,48331849,3,7,19:15:54,-79.5448364931318,43.7624850003891,,,28.4219020376697,89.4690342828119,347.04012861123,54.3324056564277,7
1048727,48331849,3,8,19:16:06,-79.544664,43.761691,,,28.4219020376697,89.469034281235,436.509162892465,65.6648113126558,7
1048727,48331849,3,9,19:16:12,-79.544566494938,43.7612472502901,2055,3,28.4219020376697,50.0161422949587,486.525305187424,72,7
1048727,48331849,3,10,19:16:12,-79.544566494938,43.7612472502901,2055,3,1e-12,0,486.525305187424,72,7
1048727,48331849,3,11,19:16:19,-79.5444689913223,43.7608035004973,,,25.0080711491164,50.0161422976379,536.541447485062,79.1999999999144,7
1048727,48331849,3,12,19:16:26,-79.544371489153,43.7603597506216,,,25.0080711491164,50.0161422998256,586.557589784888,86.4000000001436,7
1048727,48331849,3,13,19:16:34,-79.54427398843,43.7599160006631,,,25.0080711491164,50.0161422957666,636.573732080654,93.5999999997886,7
1048727,48331849,3,14,19:16:41,-79.5441764891532,43.7594722506216,,,25.0080711491164,50.0161422985304,686.589874379185,100.799999999831,7
1048727,48331849,3,15,19:16:48,-79.5440789913226,43.7590285004973,1516,4,25.0080711491164,50.016142299404,736.606016678588,108,7
1048727,48331849,3,16,19:16:48,-79.5440789913226,43.7590285004973,1516,4,1e-12,0,736.606016678588,108,7
1048727,48331849,3,17,19:16:56,-79.5439814949383,43.7585847502901,,,23.2628153687255,50.0161422954297,786.622158974018,115.740168565565,7
1048727,48331849,3,18,19:17:03,-79.543884,43.758141,,,23.2628153687255,50.0161422999975,836.638301274016,123.480337131837,7
1048727,48331849,3,19,19:17:05,-79.543871,43.758074,,,23.2628153687255,7.5312896417385,844.169590915754,124.645829884133,7
1048727,48331849,3,20,19:17:15,-79.543759,43.757499,,,23.2628153687255,64.6390479167235,908.808638832478,134.648942955866,7
1048727,48331849,3,21,19:17:15,-79.543752,43.757459,,,23.2628153687255,4.48820844187005,913.296847274348,135.343508516166,7
1048727,48331849,3,22,19:17:27,-79.5435789942322,43.7567940003914,3181,5,23.2628153687255,75.3230025654334,988.619849839781,147,7
1048727,48331849,3,23,19:17:27,-79.5435789942322,43.7567940003914,3181,5,1e-12,0,988.619849839781,147,7
1048727,48331849,3,24,19:17:38,-79.5434059923097,43.7561290005219,,,23.9352907554423,75.3230025673184,1063.9428524071,158.328995833514,7
1048727,48331849,3,25,19:17:50,-79.5432329942324,43.7554640003914,,,23.9352907554423,75.3230025690516,1139.26585497615,169.657991667288,7
1048727,48331849,3,26,19:18:01,-79.54306,43.754799,,,23.9352907554423,75.323002567034,1214.58885754319,180.986987500759,7
1048727,48331849,3,27,19:18:13,-79.5428794977816,43.754063500142,,,23.9352907554423,83.1519065055798,1297.74076404877,193.493493750407,7
1048727,48331849,3,28,19:18:26,-79.542699,43.753328,7701,6,23.9352907554423,83.1519065052095,1380.89267055397,206,7
1048727,48331849,3,29,19:18:26,-79.542699,43.753328,7701,6,1e-12,0,1380.89267055397,206,7
1048727,48331849,3,30,,-79.5425344982876,43.752705000118,,,,70.6021897012922,1451.49486025527,,7
1048727,48331849,3,31,,-79.54237,43.752082,,,,70.6021897021939,1522.09704995746,,7
1048727,48331849,3,32,,-79.5422734945599,43.7516000002842,,,,54.2142145882465,1576.31126454571,,7
1048727,48331849,3,33,,-79.5421769906741,43.7511180004871,,,,54.2142145855331,1630.52547913124,,7
1048727,48331849,3,34,,-79.5420804883428,43.7506360006089,,,,54.2142145858857,1684.73969371713,,7
1048727,48331849,3,35,,-79.5419839875658,43.7501540006495,,,,54.2142145878188,1738.95390830494,,7
1048727,48331849,3,36,,-79.5418874883431,43.7496720006089,,,,54.2142145863954,1793.16812289134,,7
1048727,48331849,3,37,,-79.5417909906746,43.7491900004871,,,,54.2142145872221,1847.38233747856,,7
1048727,48331849,3,38,,-79.5416944945602,43.7487080002841,,,,54.2142145900374,1901.5965520686,,7
1048727,48331849,3,39,,-79.541598,43.748226,,,,54.2142145858455,1955.81076665445,,7
1048727,48331848,3,1,,-79.546283,43.764646,,,1e-12,0,0,0,8
1048727,48331848,3,2,19:35:00,-79.545354,43.764867,2542,1,,78.6330257627598,78.6330257627598,,8
1048727,48331848,3,3,19:35:00,-79.545354,43.764867,2542,1,1e-12,0,78.6330257627598,0,8
1048727,48331848,3,4,19:35:22,-79.5451814931315,43.7640730003892,,,14.9808615543342,89.469034283668,168.102060046428,21.5000000002016,8
1048727,48331848,3,5,19:35:43,-79.5450089908422,43.7632790005189,2787,2,14.9808615543342,89.4690342819906,257.571094328418,43,8
1048727,48331848,3,6,19:35:43,-79.5450089908422,43.7632790005189,2787,2,1e-12,0,257.571094328418,43,8
1048727,48331848,3,7,19:35:54,-79.5448364931318,43.7624850003891,,,28.4219020376697,89.4690342828119,347.04012861123,54.3324056564277,8
1048727,48331848,3,8,19:36:06,-79.544664,43.761691,,,28.4219020376697,89.469034281235,436.509162892465,65.6648113126558,8
1048727,48331848,3,9,19:36:12,-79.544566494938,43.7612472502901,2055,3,28.4219020376697,50.0161422949587,486.525305187424,72,8
1048727,48331848,3,10,19:36:12,-79.544566494938,43.7612472502901,2055,3,1e-12,0,486.525305187424,72,8
1048727,48331848,3,11,19:36:19,-79.5444689913223,43.7608035004973,,,25.0080711491164,50.0161422976379,536.541447485062,79.1999999999144,8
1048727,48331848,3,12,19:36:26,-79.544371489153,43.7603597506216,,,25.0080711491164,50.0161422998256,586.557589784888,86.4000000001436,8
1048727,48331848,3,13,19:36:34,-79.54427398843,43.7599160006631,,,25.0080711491164,50.0161422957666,636.573732080654,93.5999999997886,8
1048727,48331848,3,14,19:36:41,-79.5441764891532,43.7594722506216,,,25.0080711491164,50.0161422985304,686.589874379185,100.799999999831,8
1048727,48331848,3,15,19:36:48,-79.5440789913226,43.7590285004973,1516,4,25.0080711491164,50.016142299404,736.606016678588,108,8
1048727,48331848,3,16,19:36:48,-79.5440789913226,43.7590285004973,1516,4,1e-12,0,736.606016678588,108,8
1048727,48331848,3,17,19:36:56,-79.5439814949383,43.7585847502901,,,23.2628153687255,50.0161422954297,786.622158974018,115.740168565565,8
1048727,48331848,3,18,19:37:03,-79.543884,43.758141,,,23.2628153687255,50.0161422999975,836.638301274016,123.480337131837,8
1048727,48331848,3,19,19:37:05,-79.543871,43.758074,,,23.2628153687255,7.5312896417385,844.169590915754,124.645829884133,8
1048727,48331848,3,20,19:37:15,-79.543759,43.757499,,,23.2628153687255,64.6390479167235,908.808638832478,134.648942955866,8
1048727,48331848,3,21,19:37:15,-79.543752,43.757459,,,23.2628153687255,4.48820844187005,913.296847274348,135.343508516166,8
1048727,48331848,3,22,19:37:27,-79.5435789942322,43.7567940003914,3181,5,23.2628153687255,75.3230025654334,988.619849839781,147,8
1048727,48331848,3,23,19:37:27,-79.5435789942322,43.7567940003914,3181,5,1e-12,0,988.619849839781,147,8
1048727,48331848,3,24,19:37:38,-79.5434059923097,43.7561290005219,,,23.9352907554423,75.3230025673184,1063.9428524071,158.328995833514,8
1048727,48331848,3,25,19:37:50,-79.5432329942324,43.7554640003914,,,23.9352907554423,75.3230025690516,1139.26585497615,169.657991667288,8
1048727,48331848,3,26,19:38:01,-79.54306,43.754799,,,23.9352907554423,75.323002567034,1214.58885754319,180.986987500759,8
1048727,48331848,3,27,19:38:13,-79.5428794977816,43.754063500142,,,23.9352907554423,83.1519065055798,1297.74076404877,193.493493750407,8
1048727,48331848,3,28,19:38:26,-79.542699,43.753328,7701,6,23.9352907554423,83.1519065052095,1380.89267055397,206,8
1048727,48331848,3,29,19:38:26,-79.542699,43.753328,7701,6,1e-12,0,1380.89267055397,206,8
1048727,48331848,3,30,,-79.5425344982876,43.752705000118,,,,70.6021897012922,1451.49486025527,,8
1048727,48331848,3,31,,-79.54237,43.752082,,,,70.6021897021939,1522.09704995746,,8
1048727,48331848,3,32,,-79.5422734945599,43.7516000002842,,,,54.2142145882465,1576.31126454571,,8
1048727,48331848,3,33,,-79.5421769906741,43.7511180004871,,,,54.2142145855331,1630.52547913124,,8
1048727,48331848,3,34,,-79.5420804883428,43.7506360006089,,,,54.2142145858857,1684.73969371713,,8
1048727,48331848,3,35,,-79.5419839875658,43.7501540006495,,,,54.2142145878188,1738.95390830494,,8
1048727,48331848,3,36,,-79.5418874883431,43.7496720006089,,,,54.2142145863954,1793.16812289134,,8
1048727,48331848,3,37,,-79.5417909906746,43.7491900004871,,,,54.2142145872221,1847.38233747856,,8
1048727,48331848,3,38,,-79.5416944945602,43.7487080002841,,,,54.2142145900374,1901.5965520686,,8
1048727,48331848,3,39,,-79.541598,43.748226,,,,54.2142145858455,1955.81076665445,,8
1048727,48331847,3,1,,-79.546283,43.764646,,,1e-12,0,0,0,9
1048727,48331847,3,2,19:45:00,-79.545354,43.764867,2542,1,,78.6330257627598,78.6330257627598,,9
1048727,48331847,3,3,19:45:00,-79.545354,43.764867,2542,1,1e-12,0,78.6330257627598,0,9
1048727,48331847,3,4,19:45:22,-79.5451814931315,43.7640730003892,,,14.9808615543342,89.469034283668,168.102060046428,21.5000000002016,9
1048727,48331847,3,5,19:45:43,-79.5450089908422,43.7632790005189,2787,2,14.9808615543342,89.4690342819906,257.571094328418,43,9
1048727,48331847,3,6,19:45:43,-79.5450089908422,43.7632790005189,2787,2,1e-12,0,257.571094328418,43,9
1048727,48331847,3,7,19:45:54,-79.5448364931318,43.7624850003891,,,28.4219020376697,89.4690342828119,347.04012861123,54.3324056564277,9
1048727,48331847,3,8,19:46:06,-79.544664,43.761691,,,28.4219020376697,89.469034281235,436.509162892465,65.6648113126558,9
1048727,48331847,3,9,19:46:12,-79.544566494938,43.7612472502901,2055,3,28.4219020376697,50.0161422949587,486.525305187424,72,9
1048727,48331847,3,10,19:46:12,-79.544566494938,43.7612472502901,2055,3,1e-12,0,486.525305187424,72,9
1048727,48331847,3,11,19:46:19,-79.5444689913223,43.7608035004973,,,25.0080711491164,50.0161422976379,536.541447485062,79.1999999999144,9
1048727,48331847,3,12,19:46:26,-79.544371489153,43.7603597506216,,,25.0080711491164,50.0161422998256,586.557589784888,86.4000000001436,9
1048727,48331847,3,13,19:46:34,-79.54427398843,43.7599160006631,,,25.0080711491164,50.0161422957666,636.573732080654,93.5999999997886,9
1048727,48331847,3,14,19:46:41,-79.5441764891532,43.7594722506216,,,25.0080711491164,50.0161422985304,686.589874379185,100.799999999831,9
1048727,48331847,3,15,19:46:48,-79.5440789913226,43.7590285004973,1516,4,25.0080711491164,50.016142299404,736.606016678588,108,9
1048727,48331847,3,16,19:46:48,-79.5440789913226,43.7590285004973,1516,4,1e-12,0,736.606016678588,108,9
1048727,48331847,3,17,19:46:56,-79.5439814949383,43.7585847502901,,,23.2628153687255,50.0161422954297,786.622158974018,115.740168565565,9
1048727,48331847,3,18,19:47:03,-79.543884,43.758141,,,23.2628153687255,50.0161422999975,836.638301274016,123.480337131837,9
1048727,48331847,3,19,19:47:05,-79.543871,43.758074,,,23.2628153687255,7.5312896417385,844.169590915754,124.645829884133,9
1048727,48331847,3,20,19:47:15,-79.543759,43.757499,,,23.2628153687255,64.6390479167235,908.808638832478,134.648942955866,9
1048727,48331847,3,21,19:47:15,-79.543752,43.757459,,,23.2628153687255,4.48820844187005,913.296847274348,135.343508516166,9
1048727,48331847,3,22,19:47:27,-79.5435789942322,43.7567940003914,3181,5,23.2628153687255,75.3230025654334,988.619849839781,147,9
1048727,48331847,3,23,19:47:27,-79.5435789942322,43.7567940003914,3181,5,1e-12,0,988.619849839781,147,9
1048727,48331847,3,24,19:47:38,-79.5434059923097,43.7561290005219,,,23.9352907554423,75.3230025673184,1063.9428524071,158.328995833514,9
1048727,48331847,3,25,19:47:50,-79.5432329942324,43.7554640003914,,,23.9352907554423,75.3230025690516,1139.26585497615,169.657991667288,9
1048727,48331847,3,26,19:48:01,-79.54306,43.754799,,,23.9352907554423,75.323002567034,1214.58885754319,180.986987500759,9
1048727,48331847,3,27,19:48:13,-79.5428794977816,43.754063500142,,,23.9352907554423,83.1519065055798,1297.74076404877,193.493493750407,9
1048727,48331847,3,28,19:48:26,-79.542699,43.753328,7701,6,23.9352907554423,83.1519065052095,1380.89267055397,206,9
1048727,48331847,3,29,19:48:26,-79.542699,43.753328,7701,6,1e-12,0,1380.89267055397,206,9
1048727,48331847,3,30,,-79.5425344982876,43.752705000118,,,,70.6021897012922,1451.49486025527,,9
1048727,48331847,3,31,,-79.54237,43.752082,,,,70.6021897021939,1522.09704995746,,9
1048727,48331847,3,32,,-79.5422734945599,43.7516000002842,,,,54.2142145882465,1576.31126454571,,9
1048727,48331847,3,33,,-79.5421769906741,43.7511180004871,,,,54.2142145855331,1630.52547913124,,9
1048727,48331847,3,34,,-79.5420804883428,43.7506360006089,,,,54.2142145858857,1684.73969371713,,9
1048727,48331847,3,35,,-79.5419839875658,43.7501540006495,,,,54.2142145878188,1738.95390830494,,9
1048727,48331847,3,36,,-79.5418874883431,43.7496720006089,,,,54.2142145863954,1793.16812289134,,9
1048727,48331847,3,37,,-79.5417909906746,43.7491900004871,,,,54.2142145872221,1847.38233747856,,9
1048727,48331847,3,38,,-79.5416944945602,43.7487080002841,,,,54.2142145900374,1901.5965520686,,9
1048727,48331847,3,39,,-79.541598,43.748226,,,,54.2142145858455,1955.81076665445,,9
1048727,48331846,3,1,,-79.546283,43.764646,,,1e-12,0,0,0,10
1048727,48331846,3,2,20:05:00,-79.545354,43.764867,2542,1,,78.6330257627598,78.6330257627598,,10
1048727,48331846,3,3,20:05:00,-79.545354,43.764867,2542,1,1e-12,0,78.6330257627598,0,10
1048727,48331846,3,4,20:05:22,-79.5451814931315,43.7640730003892,,,14.9808615543342,89.469034283668,168.102060046428,21.5000000002016,10
1048727,48331846,3,5,20:05:43,-79.5450089908422,43.7632790005189,2787,2,14.9808615543342,89.4690342819906,257.571094328418,43,10
1048727,48331846,3,6,20:05:43,-79.5450089908422,43.7632790005189,2787,2,1e-12,0,257.571094328418,43,10
1048727,48331846,3,7,20:05:54,-79.5448364931318,43.7624850003891,,,28.4219020376697,89.4690342828119,347.04012861123,54.3324056564277,10
1048727,48331846,3,8,20:06:06,-79.544664,43.761691,,,28.4219020376697,89.469034281235,436.509162892465,65.6648113126558,10
1048727,48331846,3,9,20:06:12,-79.544566494938,43.7612472502901,2055,3,28.4219020376697,50.0161422949587,486.525305187424,72,10
1048727,48331846,3,10,20:06:12,-79.544566494938,43.7612472502901,2055,3,1e-12,0,486.525305187424,72,10
1048727,48331846,3,11,20:06:19,-79.5444689913223,43.7608035004973,,,25.0080711491164,50.0161422976379,536.541447485062,79.1999999999144,10
1048727,48331846,3,12,20:06:26,-79.544371489153,43.7603597506216,,,25.0080711491164,50.0161422998256,586.557589784888,86.4000000001436,10
1048727,48331846,3,13,20:06:34,-79.54427398843,43.7599160006631,,,25.0080711491164,50.0161422957666,636.573732080654,93.5999999997886,10
1048727,48331846,3,14,20:06:41,-79.5441764891532,43.7594722506216,,,25.0080711491164,50.0161422985304,686.589874379185,100.799999999831,10
1048727,48331846,3,15,20:06:48,-79.5440789913226,43.7590285004973,1516,4,25.0080711491164,50.016142299404,736.606016678588,108,10
1048727,48331846,3,16,20:06:48,-79.5440789913226,43.7590285004973,1516,4,1e-12,0,736.606016678588,108,10
1048727,48331846,3,17,20:06:56,-79.5439814949383,43.7585847502901,,,23.2628153687255,50.0161422954297,786.622158974018,115.740168565565,10
1048727,48331846,3,18,20:07:03,-79.543884,43.758141,,,23.2628153687255,50.0161422999975,836.638301274016,123.480337131837,10
1048727,48331846,3,19,20:07:05,-79.543871,43.758074,,,23.2628153687255,7.5312896417385,844.169590915754,124.645829884133,10
1048727,48331846,3,20,20:07:15,-79.543759,43.757499,,,23.2628153687255,64.6390479167235,908.808638832478,134.648942955866,10
1048727,48331846,3,21,20:07:15,-79.543752,43.757459,,,23.2628153687255,4.48820844187005,913.296847274348,135.343508516166,10
1048727,48331846,3,22,20:07:27,-79.5435789942322,43.7567940003914,3181,5,23.2628153687255,75.3230025654334,988.619849839781,147,10
1048727,48331846,3,23,20:07:27,-79.5435789942322,43.7567940003914,3181,5,1e-12,0,988.619849839781,147,10
1048727,48331846,3,24,20:07:38,-79.5434059923097,43.7561290005219,,,23.9352907554423,75.3230025673184,1063.9428524071,158.328995833514,10
1048727,48331846,3,25,20:07:50,-79.5432329942324,43.7554640003914,,,23.9352907554423,75.3230025690516,1139.26585497615,169.657991667288,10
1048727,48331846,3,26,20:08:01,-79.54306,43.754799,,,23.9352907554423,75.323002567034,1214.58885754319,180.986987500759,10
1048727,48331846,3,27,20:08:13,-79.5428794977816,43.754063500142,,,23.9352907554423,83.1519065055798,1297.74076404877,193.493493750407,10
1048727,48331846,3,28,20:08:26,-79.542699,43.753328,7701,6,23.9352907554423,83.1519065052095,1380.89267055397,206,10
1048727,48331846,3,29,20:08:26,-79.542699,43.753328,7701,6,1e-12,0,1380.89267055397,206,10
1048727,48331846,3,30,,-79.5425344982876,43.752705000118,,,,70.6021897012922,1451.49486025527,,10
1048727,48331846,3,31,,-79.54237,43.752082,,,,70.6021897021939,1522.09704995746,,10
1048727,48331846,3,32,,-79.5422734945599,43.7516000002842,,,,54.2142145882465,1576.31126454571,,10
1048727,48331846,3,33,,-79.5421769906741,43.7511180004871,,,,54.2142145855331,1630.52547913124,,10
1048727,48331846,3,34,,-79.5420804883428,43.7506360006089,,,,54.2142145858857,1684.73969371713,,10
1048727,48331846,3,35,,-79.5419839875658,43.7501540006495,,,,54.2142145878188,1738.95390830494,,10
1048727,48331846,3,36,,-79.5418874883431,43.7496720006089,,,,54.2142145863954,1793.16812289134,,10
1048727,48331846,3,37,,-79.5417909906746,43.7491900004871,,,,54.2142145872221,1847.38233747856,,10
1048727,48331846,3,38,,-79.5416944945602,43.7487080002841,,,,54.2142145900374,1901.5965520686,,10
1048727,48331846,3,39,,-79.541598,43.748226,,,,54.2142145858455,1955.81076665445,,10
1048727,48331877,3,1,,-79.546283,43.764646,,,1e-12,0,0,0,11
1048727,48331877,3,2,21:47:00,-79.545354,43.764867,2542,1,,78.6330257627598,78.6330257627598,,11
1048727,48331877,3,3,21:47:00,-79.545354,43.764867,2542,1,1e-12,0,78.6330257627598,0,11
1048727,48331877,3,4,21:47:22,-79.5451814931315,43.7640730003892,,,14.9808615543342,89.469034283668,168.102060046428,21.5000000002016,11
1048727,48331877,3,5,21:47:43,-79.5450089908422,43.7632790005189,2787,2,14.9808615543342,89.4690342819906,257.571094328418,43,11
1048727,48331877,3,6,21:47:43,-79.5450089908422,43.7632790005189,2787,2,1e-12,0,257.571094328418,43,11
1048727,48331877,3,7,21:47:54,-79.5448364931318,43.7624850003891,,,28.4219020376697,89.4690342828119,347.04012861123,54.3324056564277,11
1048727,48331877,3,8,21:48:06,-79.544664,43.761691,,,28.4219020376697,89.469034281235,436.509162892465,65.6648113126558,11
1048727,48331877,3,9,21:48:12,-79.544566494938,43.7612472502901,2055,3,28.4219020376697,50.0161422949587,486.525305187424,72,11
1048727,48331877,3,10,21:48:12,-79.544566494938,43.7612472502901,2055,3,1e-12,0,486.525305187424,72,11
1048727,48331877,3,11,21:48:19,-79.5444689913223,43.7608035004973,,,25.0080711491164,50.0161422976379,536.541447485062,79.1999999999144,11
1048727,48331877,3,12,21:48:26,-79.544371489153,43.7603597506216,,,25.0080711491164,50.0161422998256,586.557589784888,86.4000000001436,11
1048727,48331877,3,13,21:48:34,-79.54427398843,43.7599160006631,,,25.0080711491164,50.0161422957666,636.573732080654,93.5999999997886,11
1048727,48331877,3,14,21:48:41,-79.5441764891532,43.7594722506216,,,25.0080711491164,50.0161422985304,686.589874379185,100.799999999831,11
1048727,48331877,3,15,21:48:48,-79.5440789913226,43.7590285004973,1516,4,25.0080711491164,50.016142299404,736.606016678588,108,11
1048727,48331877,3,16,21:48:48,-79.5440789913226,43.7590285004973,1516,4,1e-12,0,736.606016678588,108,11
1048727,48331877,3,17,21:48:56,-79.5439814949383,43.7585847502901,,,23.2628153687255,50.0161422954297,786.622158974018,115.740168565565,11
1048727,48331877,3,18,21:49:03,-79.543884,43.758141,,,23.2628153687255,50.0161422999975,836.638301274016,123.480337131837,11
1048727,48331877,3,19,21:49:05,-79.543871,43.758074,,,23.2628153687255,7.5312896417385,844.169590915754,124.645829884133,11
1048727,48331877,3,20,21:49:15,-79.543759,43.757499,,,23.2628153687255,64.6390479167235,908.808638832478,134.648942955866,11
1048727,48331877,3,21,21:49:15,-79.543752,43.757459,,,23.2628153687255,4.48820844187005,913.296847274348,135.343508516166,11
1048727,48331877,3,22,21:49:27,-79.5435789942322,43.7567940003914,3181,5,23.2628153687255,75.3230025654334,988.619849839781,147,11
1048727,48331877,3,23,21:49:27,-79.5435789942322,43.7567940003914,3181,5,1e-12,0,988.619849839781,147,11
1048727,48331877,3,24,21:49:38,-79.5434059923097,43.7561290005219,,,23.9352907554423,75.3230025673184,1063.9428524071,158.328995833514,11
1048727,48331877,3,25,21:49:50,-79.5432329942324,43.7554640003914,,,23.9352907554423,75.3230025690516,1139.26585497615,169.657991667288,11
1048727,48331877,3,26,21:50:01,-79.54306,43.754799,,,23.9352907554423,75.323002567034,1214.58885754319,180.986987500759,11
1048727,48331877,3,27,21:50:13,-79.5428794977816,43.754063500142,,,23.9352907554423,83.1519065055798,1297.74076404877,193.493493750407,11
1048727,48331877,3,28,21:50:26,-79.542699,43.753328,7701,6,23.9352907554423,83.1519065052095,1380.89267055397,206,11
1048727,48331877,3,29,21:50:26,-79.542699,43.753328,7701,6,1e-12,0,1380.89267055397,206,11
1048727,48331877,3,30,,-79.5425344982876,43.752705000118,,,,70.6021897012922,1451.49486025527,,11
1048727,48331877,3,31,,-79.54237,43.752082,,,,70.6021897021939,1522.09704995746,,11
1048727,48331877,3,32,,-79.5422734945599,43.7516000002842,,,,54.2142145882465,1576.31126454571,,11
1048727,48331877,3,33,,-79.5421769906741,43.7511180004871,,,,54.2142145855331,1630.52547913124,,11
1048727,48331877,3,34,,-79.5420804883428,43.7506360006089,,,,54.2142145858857,1684.73969371713,,11
1048727,48331877,3,35,,-79.5419839875658,43.7501540006495,,,,54.2142145878188,1738.95390830494,,11
1048727,48331877,3,36,,-79.5418874883431,43.7496720006089,,,,54.2142145863954,1793.16812289134,,11
1048727,48331877,3,37,,-79.5417909906746,43.7491900004871,,,,54.2142145872221,1847.38233747856,,11
1048727,48331877,3,38,,-79.5416944945602,43.7487080002841,,,,54.2142145900374,1901.5965520686,,11
1048727,48331877,3,39,,-79.541598,43.748226,,,,54.2142145858455,1955.81076665445,,11
1048727,48331851,3,1,,-79.546283,43.764646,,,1e-12,0,0,0,12
1048727,48331851,3,2,22:49:00,-79.545354,43.764867,2542,1,,78.6330257627598,78.6330257627598,,12
1048727,48331851,3,3,22:49:00,-79.545354,43.764867,2542,1,1e-12,0,78.6330257627598,0,12
1048727,48331851,3,4,22:49:17,-79.5451814931315,43.7640730003892,,,18.9463837304815,89.469034283668,168.102060046428,17.0000000001594,12
1048727,48331851,3,5,22:49:34,-79.5450089908422,43.7632790005189,2787,2,18.9463837304815,89.4690342819906,257.571094328418,34,12
1048727,48331851,3,6,22:49:34,-79.5450089908422,43.7632790005189,2787,2,1e-12,0,257.571094328418,34,12
1048727,48331851,3,7,22:49:43,-79.5448364931318,43.7624850003891,,,35.8363112648878,89.4690342828119,347.04012861123,42.9877700033737,12
1048727,48331851,3,8,22:49:52,-79.544664,43.761691,,,35.8363112648878,89.469034281235,436.509162892465,51.975540006589,12
1048727,48331851,3,9,22:49:57,-79.544566494938,43.7612472502901,2055,3,35.8363112648878,50.0161422949587,486.525305187424,57,12
1048727,48331851,3,10,22:49:57,-79.544566494938,43.7612472502901,2055,3,1e-12,0,486.525305187424,57,12
1048727,48331851,3,11,22:50:03,-79.5444689913223,43.7608035004973,,,32.1532343345783,50.0161422976379,536.541447485062,62.5999999999334,12
1048727,48331851,3,12,22:50:08,-79.544371489153,43.7603597506216,,,32.1532343345783,50.0161422998256,586.557589784888,68.2000000001117,12
1048727,48331851,3,13,22:50:14,-79.54427398843,43.7599160006631,,,32.1532343345783,50.0161422957666,636.573732080654,73.7999999998356,12
1048727,48331851,3,14,22:50:19,-79.5441764891532,43.7594722506216,,,32.1532343345783,50.0161422985304,686.589874379185,79.3999999998689,12
1048727,48331851,3,15,22:50:25,-79.5440789913226,43.7590285004973,1516,4,32.1532343345783,50.016142299404,736.606016678588,85,12
1048727,48331851,3,16,22:50:25,-79.5440789913226,43.7590285004973,1516,4,1e-12,0,736.606016678588,85,12
1048727,48331851,3,17,22:50:31,-79.5439814949383,43.7585847502901,,,29.2661225606546,50.0161422954297,786.622158974018,91.1524416803207,12
1048727,48331851,3,18,22:50:37,-79.543884,43.758141,,,29.2661225606546,50.0161422999975,836.638301274016,97.3048833612034,12
1048727,48331851,3,19,22:50:38,-79.543871,43.758074,,,29.2661225606546,7.5312896417385,844.169590915754,98.2313006771313,12
1048727,48331851,3,20,22:50:46,-79.543759,43.757499,,,29.2661225606546,64.6390479167235,908.808638832478,106.182493118765,12
1048727,48331851,3,21,22:50:47,-79.543752,43.757459,,,29.2661225606546,4.48820844187005,913.296847274348,106.734583692337,12
1048727,48331851,3,22,22:50:56,-79.5435789942322,43.7567940003914,3181,5,29.2661225606546,75.3230025654334,988.619849839781,116,12
1048727,48331851,3,23,22:50:56,-79.5435789942322,43.7567940003914,3181,5,1e-12,0,988.619849839781,116,12
1048727,48331851,3,24,22:51:05,-79.5434059923097,43.7561290005219,,,30.0464288206616,75.3230025673184,1063.9428524071,125.024793291104,12
1048727,48331851,3,25,22:51:14,-79.5432329942324,43.7554640003914,,,30.0464288206616,75.3230025690516,1139.26585497615,134.049586582416,12
1048727,48331851,3,26,22:51:23,-79.54306,43.754799,,,30.0464288206616,75.323002567034,1214.58885754319,143.074379873486,12
1048727,48331851,3,27,22:51:33,-79.5428794977816,43.754063500142,,,30.0464288206616,83.1519065055798,1297.74076404877,153.037189936765,12
1048727,48331851,3,28,22:51:43,-79.542699,43.753328,7701,6,30.0464288206616,83.1519065052095,1380.89267055397,163,12
1048727,48331851,3,29,22:51:43,-79.542699,43.753328,7701,6,1e-12,0,1380.89267055397,163,12
1048727,48331851,3,30,,-79.5425344982876,43.752705000118,,,,70.6021897012922,1451.49486025527,,12
1048727,48331851,3,31,,-79.54237,43.752082,,,,70.6021897021939,1522.09704995746,,12
1048727,48331851,3,32,,-79.5422734945599,43.7516000002842,,,,54.2142145882465,1576.31126454571,,12
1048727,48331851,3,33,,-79.5421769906741,43.7511180004871,,,,54.2142145855331,1630.52547913124,,12
1048727,48331851,3,34,,-79.5420804883428,43.7506360006089,,,,54.2142145858857,1684.73969371713,,12
1048727,48331851,3,35,,-79.5419839875658,43.7501540006495,,,,54.2142145878188,1738.95390830494,,12
1048727,48331851,3,36,,-79.5418874883431,43.7496720006089,,,,54.2142145863954,1793.16812289134,,12
1048727,48331851,3,37,,-79.5417909906746,43.7491900004871,,,,54.2142145872221,1847.38233747856,,12
1048727,48331851,3,38,,-79.5416944945602,43.7487080002841,,,,54.2142145900374,1901.5965520686,,12
1048727,48331851,3,39,,-79.541598,43.748226,,,,54.2142145858455,1955.81076665445,,12
1048727,48331853,3,1,,-79.546283,43.764646,,,1e-12,0,0,0,13
1048727,48331853,3,2,01:27:00,-79.545354,43.764867,2542,1,,78.6330257627598,78.6330257627598,,13
1048727,48331853,3,3,01:27:00,-79.545354,43.764867,2542,1,1e-12,0,78.6330257627598,0,13
1048727,48331853,3,4,01:27:17,-79.5451814931315,43.7640730003892,,,18.9463837304815,89.469034283668,168.102060046428,17.0000000001594,13
1048727,48331853,3,5,01:27:34,-79.5450089908422,43.7632790005189,2787,2,18.9463837304815,89.4690342819906,257.571094328418,34,13
1048727,48331853,3,6,01:27:34,-79.5450089908422,43.7632790005189,2787,2,1e-12,0,257.571094328418,34,13
1048727,48331853,3,7,01:27:43,-79.5448364931318,43.7624850003891,,,35.8363112648878,89.4690342828119,347.04012861123,42.9877700033737,13
1048727,48331853,3,8,01:27:52,-79.544664,43.761691,,,35.8363112648878,89.469034281235,436.509162892465,51.975540006589,13
1048727,48331853,3,9,01:27:57,-79.544566494938,43.7612472502901,2055,3,35.8363112648878,50.0161422949587,486.525305187424,57,13
1048727,48331853,3,10,01:27:57,-79.544566494938,43.7612472502901,2055,3,1e-12,0,486.525305187424,57,13
1048727,48331853,3,11,01:28:03,-79.5444689913223,43.7608035004973,,,32.1532343345783,50.0161422976379,536.541447485062,62.5999999999334,13
1048727,48331853,3,12,01:28:08,-79.544371489153,43.7603597506216,,,32.1532343345783,50.0161422998256,586.557589784888,68.2000000001117,13
1048727,48331853,3,13,01:28:14,-79.54427398843,43.7599160006631,,,32.1532343345783,50.0161422957666,636.573732080654,73.7999999998356,13
1048727,48331853,3,14,01:28:19,-79.5441764891532,43.7594722506216,,,32.1532343345783,50.0161422985304,686.589874379185,79.3999999998689,13
1048727,48331853,3,15,01:28:25,-79.5440789913226,43.7590285004973,1516,4,32.1532343345783,50.016142299404,736.606016678588,85,13
1048727,48331853,3,16,01:28:25,-79.5440789913226,43.7590285004973,1516,4,1e-12,0,736.606016678588,85,13
1048727,48331853,3,17,01:28:31,-79.5439814949383,43.7585847502901,,,29.2661225606546,50.0161422954297,786.622158974018,91.1524416803207,13
1048727,48331853,3,18,01:28:37,-79.543884,43.758141,,,29.2661225606546,50.0161422999975,836.638301274016,97.3048833612034,13
1048727,48331853,3,19,01:28:38,-79.543871,43.758074,,,29.2661225606546,7.5312896417385,844.169590915754,98.2313006771313,13
1048727,48331853,3,20,01:28:46,-79.543759,43.757499,,,29.2661225606546,64.6390479167235,908.808638832478,106.182493118765,13
1048727,48331853,3,21,01:28:47,-79.543752,43.757459,,,29.2661225606546,4.48820844187005,913.296847274348,106.734583692337,13
1048727,48331853,3,22,01:28:56,-79.5435789942322,43.7567940003914,3181,5,29.2661225606546,75.3230025654334,988.619849839781,116,13
1048727,48331853,3,23,01:28:56,-79.5435789942322,43.7567940003914,3181,5,1e-12,0,988.619849839781,116,13
1048727,48331853,3,24,01:29:05,-79.5434059923097,43.7561290005219,,,30.0464288206616,75.3230025673184,1063.9428524071,125.024793291104,13
1048727,48331853,3,25,01:29:14,-79.5432329942324,43.7554640003914,,,30.0464288206616,75.3230025690516,1139.26585497615,134.049586582416,13
1048727,48331853,3,26,01:29:23,-79.54306,43.754799,,,30.0464288206616,75.323002567034,1214.58885754319,143.074379873486,13
1048727,48331853,3,27,01:29:33,-79.5428794977816,43.754063500142,,,30.0464288206616,83.1519065055798,1297.74076404877,153.037189936765,13
1048727,48331853,3,28,01:29:43,-79.542699,43.753328,7701,6,30.0464288206616,83.1519065052095,1380.89267055397,163,13
1048727,48331853,3,29,01:29:43,-79.542699,43.753328,7701,6,1e-12,0,1380.89267055397,163,13
1048727,48331853,3,30,,-79.5425344982876,43.752705000118,,,,70.6021897012922,1451.49486025527,,13
1048727,48331853,3,31,,-79.54237,43.752082,,,,70.6021897021939,1522.09704995746,,13
1048727,48331853,3,32,,-79.5422734945599,43.7516000002842,,,,54.2142145882465,1576.31126454571,,13
1048727,48331853,3,33,,-79.5421769906741,43.7511180004871,,,,54.2142145855331,1630.52547913124,,13
1048727,48331853,3,34,,-79.5420804883428,43.7506360006089,,,,54.2142145858857,1684.73969371713,,13
1048727,48331853,3,35,,-79.5419839875658,43.7501540006495,,,,54.2142145878188,1738.95390830494,,13
1048727,48331853,3,36,,-79.5418874883431,43.7496720006089,,,,54.2142145863954,1793.16812289134,,13
1048727,48331853,3,37,,-79.5417909906746,43.7491900004871,,,,54.2142145872221,1847.38233747856,,13
1048727,48331853,3,38,,-79.5416944945602,43.7487080002841,,,,54.2142145900374,1901.5965520686,,13
1048727,48331853,3,39,,-79.541598,43.748226,,,,54.2142145858455,1955.81076665445,,13
1048727,48331920,3,1,,-79.546283,43.764646,,,1e-12,0,0,0,14
1048727,48331920,3,2,02:02:00,-79.545354,43.764867,2542,1,,78.6330257627598,78.6330257627598,,14
1048727,48331920,3,3,02:02:00,-79.545354,43.764867,2542,1,1e-12,0,78.6330257627598,0,14
1048727,48331920,3,4,02:02:17,-79.5451814931315,43.7640730003892,,,18.9463837304815,89.469034283668,168.102060046428,17.0000000001594,14
1048727,48331920,3,5,02:02:34,-79.5450089908422,43.7632790005189,2787,2,18.9463837304815,89.4690342819906,257.571094328418,34,14
1048727,48331920,3,6,02:02:34,-79.5450089908422,43.7632790005189,2787,2,1e-12,0,257.571094328418,34,14
1048727,48331920,3,7,02:02:43,-79.5448364931318,43.7624850003891,,,35.8363112648878,89.4690342828119,347.04012861123,42.9877700033737,14
1048727,48331920,3,8,02:02:52,-79.544664,43.761691,,,35.8363112648878,89.469034281235,436.509162892465,51.975540006589,14
1048727,48331920,3,9,02:02:57,-79.544566494938,43.7612472502901,2055,3,35.8363112648878,50.0161422949587,486.525305187424,57,14
1048727,48331920,3,10,02:02:57,-79.544566494938,43.7612472502901,2055,3,1e-12,0,486.525305187424,57,14
1048727,48331920,3,11,02:03:03,-79.5444689913223,43.7608035004973,,,32.1532343345783,50.0161422976379,536.541447485062,62.5999999999334,14
1048727,48331920,3,12,02:03:08,-79.544371489153,43.7603597506216,,,32.1532343345783,50.0161422998256,586.557589784888,68.2000000001117,14
1048727,48331920,3,13,02:03:14,-79.54427398843,43.7599160006631,,,32.1532343345783,50.0161422957666,636.573732080654,73.7999999998356,14
1048727,48331920,3,14,02:03:19,-79.5441764891532,43.7594722506216,,,32.1532343345783,50.0161422985304,686.589874379185,79.3999999998689,14
1048727,48331920,3,15,02:03:25,-79.5440789913226,43.7590285004973,1516,4,32.1532343345783,50.016142299404,736.606016678588,85,14
1048727,48331920,3,16,02:03:25,-79.5440789913226,43.7590285004973,1516,4,1e-12,0,736.606016678588,85,14
1048727,48331920,3,17,02:03:31,-79.5439814949383,43.7585847502901,,,29.2661225606546,50.0161422954297,786.622158974018,91.1524416803207,14
1048727,48331920,3,18,02:03:37,-79.543884,43.758141,,,29.2661225606546,50.0161422999975,836.638301274016,97.3048833612034,14
1048727,48331920,3,19,02:03:38,-79.543871,43.758074,,,29.2661225606546,7.5312896417385,844.169590915754,98.2313006771313,14
1048727,48331920,3,20,02:03:46,-79.543759,43.757499,,,29.2661225606546,64.6390479167235,908.808638832478,106.182493118765,14
1048727,48331920,3,21,02:03:47,-79.543752,43.757459,,,29.2661225606546,4.48820844187005,913.296847274348,106.734583692337,14
1048727,48331920,3,22,02:03:56,-79.5435789942322,43.7567940003914,3181,5,29.2661225606546,75.3230025654334,988.619849839781,116,14
1048727,48331920,3,23,02:03:56,-79.5435789942322,43.7567940003914,3181,5,1e-12,0,988.619849839781,116,14
1048727,48331920,3,24,02:04:05,-79.5434059923097,43.7561290005219,,,30.0464288206616,75.3230025673184,1063.9428524071,125.024793291104,14
1048727,48331920,3,25,02:04:14,-79.5432329942324,43.7554640003914,,,30.0464288206616,75.3230025690516,1139.26585497615,134.049586582416,14
1048727,48331920,3,26,02:04:23,-79.54306,43.754799,,,30.0464288206616,75.323002567034,1214.58885754319,143.074379873486,14
1048727,48331920,3,27,02:04:33,-79.5428794977816,43.754063500142,,,30.0464288206616,83.1519065055798,1297.74076404877,153.037189936765,14
1048727,48331920,3,28,02:04:43,-79.542699,43.753328,7701,6,30.0464288206616,83.1519065052095,1380.89267055397,163,14
1048727,48331920,3,29,02:04:43,-79.542699,43.753328,7701,6,1e-12,0,1380.89267055397,163,14
1048727,48331920,3,30,,-79.5425344982876,43.752705000118,,,,70.6021897012922,1451.49486025527,,14
1048727,48331920,3,31,,-79.54237,43.752082,,,,70.6021897021939,1522.09704995746,,14
1048727,48331920,3,32,,-79.5422734945599,43.7516000002842,,,,54.2142145882465,1576.31126454571,,14
1048727,48331920,3,33,,-79.5421769906741,43.7511180004871,,,,54.2142145855331,1630.52547913124,,14
1048727,48331920,3,34,,-79.5420804883428,43.7506360006089,,,,54.2142145858857,1684.73969371713,,14
1048727,48331920,3,35,,-79.5419839875658,43.7501540006495,,,,54.2142145878188,1738.95390830494,,14
1048727,48331920,3,36,,-79.5418874883431,43.7496720006089,,,,54.2142145863954,1793.16812289134,,14
1048727,48331920,3,37,,-79.5417909906746,43.7491900004871,,,,54.2142145872221,1847.38233747856,,14
1048727,48331920,3,38,,-79.5416944945602,43.7487080002841,,,,54.2142145900374,1901.5965520686,,14
1048727,48331920,3,39,,-79.541598,43.748226,,,,54.2142145858455,1955.81076665445,,14
1048727,48331896,3,1,,-79.546283,43.764646,,,1e-12,0,0,0,15
1048727,48331896,3,2,02:15:00,-79.545354,43.764867,2542,1,,78.6330257627598,78.6330257627598,,15
1048727,48331896,3,3,02:15:00,-79.545354,43.764867,2542,1,1e-12,0,78.6330257627598,0,15
1048727,48331896,3,4,02:15:17,-79.5451814931315,43.7640730003892,,,18.9463837304815,89.469034283668,168.102060046428,17.0000000001594,15
1048727,48331896,3,5,02:15:34,-79.5450089908422,43.7632790005189,2787,2,18.9463837304815,89.4690342819906,257.571094328418,34,15
1048727,48331896,3,6,02:15:34,-79.5450089908422,43.7632790005189,2787,2,1e-12,0,257.571094328418,34,15
1048727,48331896,3,7,02:15:43,-79.5448364931318,43.7624850003891,,,35.8363112648878,89.4690342828119,347.04012861123,42.9877700033737,15
1048727,48331896,3,8,02:15:52,-79.544664,43.761691,,,35.8363112648878,89.469034281235,436.509162892465,51.975540006589,15
1048727,48331896,3,9,02:15:57,-79.544566494938,43.7612472502901,2055,3,35.8363112648878,50.0161422949587,486.525305187424,57,15
1048727,48331896,3,10,02:15:57,-79.544566494938,43.7612472502901,2055,3,1e-12,0,486.525305187424,57,15
1048727,48331896,3,11,02:16:03,-79.5444689913223,43.7608035004973,,,32.1532343345783,50.0161422976379,536.541447485062,62.5999999999334,15
1048727,48331896,3,12,02:16:08,-79.544371489153,43.7603597506216,,,32.1532343345783,50.0161422998256,586.557589784888,68.2000000001117,15
1048727,48331896,3,13,02:16:14,-79.54427398843,43.7599160006631,,,32.1532343345783,50.0161422957666,636.573732080654,73.7999999998356,15
1048727,48331896,3,14,02:16:19,-79.5441764891532,43.7594722506216,,,32.1532343345783,50.0161422985304,686.589874379185,79.3999999998689,15
1048727,48331896,3,15,02:16:25,-79.5440789913226,43.7590285004973,1516,4,32.1532343345783,50.016142299404,736.606016678588,85,15
1048727,48331896,3,16,02:16:25,-79.5440789913226,43.7590285004973,1516,4,1e-12,0,736.606016678588,85,15
1048727,48331896,3,17,02:16:31,-79.5439814949383,43.7585847502901,,,29.2661225606546,50.0161422954297,786.622158974018,91.1524416803207,15
1048727,48331896,3,18,02:16:37,-79.543884,43.758141,,,29.2661225606546,50.0161422999975,836.638301274016,97.3048833612034,15
1048727,48331896,3,19,02:16:38,-79.543871,43.758074,,,29.2661225606546,7.5312896417385,844.169590915754,98.2313006771313,15
1048727,48331896,3,20,02:16:46,-79.543759,43.757499,,,29.2661225606546,64.6390479167235,908.808638832478,106.182493118765,15
1048727,48331896,3,21,02:16:47,-79.543752,43.757459,,,29.2661225606546,4.48820844187005,913.296847274348,106.734583692337,15
1048727,48331896,3,22,02:16:56,-79.5435789942322,43.7567940003914,3181,5,29.2661225606546,75.3230025654334,988.619849839781,116,15
1048727,48331896,3,23,02:16:56,-79.5435789942322,43.7567940003914,3181,5,1e-12,0,988.619849839781,116,15
1048727,48331896,3,24,02:17:05,-79.5434059923097,43.7561290005219,,,30.0464288206616,75.3230025673184,1063.9428524071,125.024793291104,15
1048727,48331896,3,25,02:17:14,-79.5432329942324,43.7554640003914,,,30.0464288206616,75.3230025690516,1139.26585497615,134.049586582416,15
1048727,48331896,3,26,02:17:23,-79.54306,43.754799,,,30.0464288206616,75.323002567034,1214.58885754319,143.074379873486,15
1048727,48331896,3,27,02:17:33,-79.5428794977816,43.754063500142,,,30.0464288206616,83.1519065055798,1297.74076404877,153.037189936765,15
1048727,48331896,3,28,02:17:43,-79.542699,43.753328,7701,6,30.0464288206616,83.1519065052095,1380.89267055397,163,15
1048727,48331896,3,29,02:17:43,-79.542699,43.753328,7701,6,1e-12,0,1380.89267055397,163,15
1048727,48331896,3,30,,-79.5425344982876,43.752705000118,,,,70.6021897012922,1451.49486025527,,15
1048727,48331896,3,31,,-79.54237,43.752082,,,,70.6021897021939,1522.09704995746,,15
1048727,48331896,3,32,,-79.5422734945599,43.7516000002842,,,,54.2142145882465,1576.31126454571,,15
1048727,48331896,3,33,,-79.5421769906741,43.7511180004871,,,,54.2142145855331,1630.52547913124,,15
1048727,48331896,3,34,,-79.5420804883428,43.7506360006089,,,,54.2142145858857,1684.73969371713,,15
1048727,48331896,3,35,,-79.5419839875658,43.7501540006495,,,,54.2142145878188,1738.95390830494,,15
1048727,48331896,3,36,,-79.5418874883431,43.7496720006089,,,,54.2142145863954,1793.16812289134,,15
1048727,48331896,3,37,,-79.5417909906746,43.7491900004871,,,,54.2142145872221,1847.38233747856,,15
1048727,48331896,3,38,,-79.5416944945602,43.7487080002841,,,,54.2142145900374,1901.5965520686,,15
1048727,48331896,3,39,,-79.541598,43.748226,,,,54.2142145858455,1955.81076665445,,15
1048727,48331921,3,1,,-79.546283,43.764646,,,1e-12,0,0,0,16
1048727,48331921,3,2,02:33:00,-79.545354,43.764867,2542,1,,78.6330257627598,78.6330257627598,,16
1048727,48331921,3,3,02:33:00,-79.545354,43.764867,2542,1,1e-12,0,78.6330257627598,0,16
1048727,48331921,3,4,02:33:17,-79.5451814931315,43.7640730003892,,,18.9463837304815,89.469034283668,168.102060046428,17.0000000001594,16
1048727,48331921,3,5,02:33:34,-79.5450089908422,43.7632790005189,2787,2,18.9463837304815,89.4690342819906,257.571094328418,34,16
1048727,48331921,3,6,02:33:34,-79.5450089908422,43.7632790005189,2787,2,1e-12,0,257.571094328418,34,16
1048727,48331921,3,7,02:33:43,-79.5448364931318,43.7624850003891,,,35.8363112648878,89.4690342828119,347.04012861123,42.9877700033737,16
1048727,48331921,3,8,02:33:52,-79.544664,43.761691,,,35.8363112648878,89.469034281235,436.509162892465,51.975540006589,16
1048727,48331921,3,9,02:33:57,-79.544566494938,43.7612472502901,2055,3,35.8363112648878,50.0161422949587,486.525305187424,57,16
1048727,48331921,3,10,02:33:57,-79.544566494938,43.7612472502901,2055,3,1e-12,0,486.525305187424,57,16
1048727,48331921,3,11,02:34:03,-79.5444689913223,43.7608035004973,,,32.1532343345783,50.0161422976379,536.541447485062,62.5999999999334,16
1048727,48331921,3,12,02:34:08,-79.544371489153,43.7603597506216,,,32.1532343345783,50.0161422998256,586.557589784888,68.2000000001117,16
1048727,48331921,3,13,02:34:14,-79.54427398843,43.7599160006631,,,32.1532343345783,50.0161422957666,636.573732080654,73.7999999998356,16
1048727,48331921,3,14,02:34:19,-79.5441764891532,43.7594722506216,,,32.1532343345783,50.0161422985304,686.589874379185,79.3999999998689,16
1048727,48331921,3,15,02:34:25,-79.5440789913226,43.7590285004973,1516,4,32.1532343345783,50.016142299404,736.606016678588,85,16
1048727,48331921,3,16,02:34:25,-79.5440789913226,43.7590285004973,1516,4,1e-12,0,736.606016678588,85,16
1048727,48331921,3,17,02:34:31,-79.5439814949383,43.7585847502901,,,29.2661225606546,50.0161422954297,786.622158974018,91.1524416803207,16
1048727,48331921,3,18,02:34:37,-79.543884,43.758141,,,29.2661225606546,50.0161422999975,836.638301274016,97.3048833612034,16
1048727,48331921,3,19,02:34:38,-79.543871,43.758074,,,29.2661225606546,7.5312896417385,844.169590915754,98.2313006771313,16
1048727,48331921,3,20,02:34:46,-79.543759,43.757499,,,29.2661225606546,64.6390479167235,908.808638832478,106.182493118765,16
1048727,48331921,3,21,02:34:47,-79.543752,43.757459,,,29.2661225606546,4.48820844187005,913.296847274348,106.734583692337,16
1048727,48331921,3,22,02:34:56,-79.5435789942322,43.7567940003914,3181,5,29.2661225606546,75.3230025654334,988.619849839781,116,16
1048727,48331921,3,23,02:34:56,-79.5435789942322,43.7567940003914,3181,5,1e-12,0,988.619849839781,116,16
1048727,48331921,3,24,02:35:05,-79.5434059923097,43.7561290005219,,,30.0464288206616,75.3230025673184,1063.9428524071,125.024793291104,16
1048727,48331921,3,25,02:35:14,-79.5432329942324,43.7554640003914,,,30.0464288206616,75.3230025690516,1139.26585497615,134.049586582416,16
1048727,48331921,3,26,02:35:23,-79.54306,43.754799,,,30.0464288206616,75.323002567034,1214.58885754319,143.074379873486,16
1048727,48331921,3,27,02:35:33,-79.5428794977816,43.754063500142,,,30.0464288206616,83.1519065055798,1297.74076404877,153.037189936765,16
1048727,48331921,3,28,02:35:43,-79.542699,43.753328,7701,6,30.0464288206616,83.1519065052095,1380.89267055397,163,16
1048727,48331921,3,29,02:35:43,-79.542699,43.753328,7701,6,1e-12,0,1380.89267055397,163,16
1048727,48331921,3,30,,-79.5425344982876,43.752705000118,,,,70.6021897012922,1451.49486025527,,16
1048727,48331921,3,31,,-79.54237,43.752082,,,,70.6021897021939,1522.09704995746,,16
1048727,48331921,3,32,,-79.5422734945599,43.7516000002842,,,,54.2142145882465,1576.31126454571,,16
1048727,48331921,3,33,,-79.5421769906741,43.7511180004871,,,,54.2142145855331,1630.52547913124,,16
1048727,48331921,3,34,,-79.5420804883428,43.7506360006089,,,,54.2142145858857,1684.73969371713,,16
1048727,48331921,3,35,,-79.5419839875658,43.7501540006495,,,,54.2142145878188,1738.95390830494,,16
1048727,48331921,3,36,,-79.5418874883431,43.7496720006089,,,,54.2142145863954,1793.16812289134,,16
1048727,48331921,3,37,,-79.5417909906746,43.7491900004871,,,,54.2142145872221,1847.38233747856,,16
1048727,48331921,3,38,,-79.5416944945602,43.7487080002841,,,,54.2142145900374,1901.5965520686,,16
1048727,48331921,3,39,,-79.541598,43.748226,,,,54.2142145858455,1955.81076665445,,16
1048727,48331878,3,1,,-79.546283,43.764646,,,1e-12,0,0,0,17
1048727,48331878,3,2,02:43:00,-79.545354,43.764867,2542,1,,78.6330257627598,78.6330257627598,,17
1048727,48331878,3,3,02:43:00,-79.545354,43.764867,2542,1,1e-12,0,78.6330257627598,0,17
1048727,48331878,3,4,02:43:17,-79.5451814931315,43.7640730003892,,,18.9463837304815,89.469034283668,168.102060046428,17.0000000001594,17
1048727,48331878,3,5,02:43:34,-79.5450089908422,43.7632790005189,2787,2,18.9463837304815,89.4690342819906,257.571094328418,34,17
1048727,48331878,3,6,02:43:34,-79.5450089908422,43.7632790005189,2787,2,1e-12,0,257.571094328418,34,17
1048727,48331878,3,7,02:43:43,-79.5448364931318,43.7624850003891,,,35.8363112648878,89.4690342828119,347.04012861123,42.9877700033737,17
1048727,48331878,3,8,02:43:52,-79.544664,43.761691,,,35.8363112648878,89.469034281235,436.509162892465,51.975540006589,17
1048727,48331878,3,9,02:43:57,-79.544566494938,43.7612472502901,2055,3,35.8363112648878,50.0161422949587,486.525305187424,57,17
1048727,48331878,3,10,02:43:57,-79.544566494938,43.7612472502901,2055,3,1e-12,0,486.525305187424,57,17
1048727,48331878,3,11,02:44:03,-79.5444689913223,43.7608035004973,,,32.1532343345783,50.0161422976379,536.541447485062,62.5999999999334,17
1048727,48331878,3,12,02:44:08,-79.544371489153,43.7603597506216,,,32.1532343345783,50.0161422998256,586.557589784888,68.2000000001117,17
1048727,48331878,3,13,02:44:14,-79.54427398843,43.7599160006631,,,32.1532343345783,50.0161422957666,636.573732080654,73.7999999998356,17
1048727,48331878,3,14,02:44:19,-79.5441764891532,43.7594722506216,,,32.1532343345783,50.0161422985304,686.589874379185,79.3999999998689,17
1048727,48331878,3,15,02:44:25,-79.5440789913226,43.7590285004973,1516,4,32.1532343345783,50.016142299404,736.606016678588,85,17
1048727,48331878,3,16,02:44:25,-79.5440789913226,43.7590285004973,1516,4,1e-12,0,736.606016678588,85,17
1048727,48331878,3,17,02:44:31,-79.5439814949383,43.7585847502901,,,29.2661225606546,50.0161422954297,786.622158974018,91.1524416803207,17
1048727,48331878,3,18,02:44:37,-79.543884,43.758141,,,29.2661225606546,50.0161422999975,836.638301274016,97.3048833612034,17
1048727,48331878,3,19,02:44:38,-79.543871,43.758074,,,29.2661225606546,7.5312896417385,844.169590915754,98.2313006771313,17
1048727,48331878,3,20,02:44:46,-79.543759,43.757499,,,29.2661225606546,64.6390479167235,908.808638832478,106.182493118765,17
1048727,48331878,3,21,02:44:47,-79.543752,43.757459,,,29.2661225606546,4.48820844187005,913.296847274348,106.734583692337,17
1048727,48331878,3,22,02:44:56,-79.5435789942322,43.7567940003914,3181,5,29.2661225606546,75.3230025654334,988.619849839781,116,17
1048727,48331878,3,23,02:44:56,-79.5435789942322,43.7567940003914,3181,5,1e-12,0,988.619849839781,116,17
1048727,48331878,3,24,02:45:05,-79.5434059923097,43.7561290005219,,,30.0464288206616,75.3230025673184,1063.9428524071,125.024793291104,17
1048727,48331878,3,25,02:45:14,-79.5432329942324,43.7554640003914,,,30.0464288206616,75.3230025690516,1139.26585497615,134.049586582416,17
1048727,48331878,3,26,02:45:23,-79.54306,43.754799,,,30.0464288206616,75.323002567034,1214.58885754319,143.074379873486,17
1048727,48331878,3,27,02:45:33,-79.5428794977816,43.754063500142,,,30.0464288206616,83.1519065055798,1297.74076404877,153.037189936765,17
1048727,48331878,3,28,02:45:43,-79.542699,43.753328,7701,6,30.0464288206616,83.1519065052095,1380.89267055397,163,17
1048727,48331878,3,29,02:45:43,-79.542699,43.753328,7701,6,1e-12,0,1380.89267055397,163,17
1048727,48331878,3,30,,-79.5425344982876,43.752705000118,,,,70.6021897012922,1451.49486025527,,17
1048727,48331878,3,31,,-79.54237,43.752082,,,,70.6021897021939,1522.09704995746,,17
1048727,48331878,3,32,,-79.5422734945599,43.7516000002842,,,,54.2142145882465,1576.31126454571,,17
1048727,48331878,3,33,,-79.5421769906741,43.7511180004871,,,,54.2142145855331,1630.52547913124,,17
1048727,48331878,3,34,,-79.5420804883428,43.7506360006089,,,,54.2142145858857,1684.73969371713,,17
1048727,48331878,3,35,,-79.5419839875658,43.7501540006495,,,,54.2142145878188,1738.95390830494,,17
1048727,48331878,3,36,,-79.5418874883431,43.7496720006089,,,,54.2142145863954,1793.16812289134,,17
1048727,48331878,3,37,,-79.5417909906746,43.7491900004871,,,,54.2142145872221,1847.38233747856,,17
1048727,48331878,3,38,,-79.5416944945602,43.7487080002841,,,,54.2142145900374,1901.5965520686,,17
1048727,48331878,3,39,,-79.541598,43.748226,,,,54.2142145858455,1955.81076665445,,17
