shape_id,trip_id,route_type,id,timestamp,shape_pt_lon,shape_pt_lat,stop_id,stop_sequence,speed,dist,cumdist,cumtime,trip_number
1048699,48331165,3,1,,-79.263141,43.732469,,,1e-12,0,0,0,1
1048699,48331165,3,2,05:15:00,-79.263918,43.732235,14230,1,,67.710570793147,67.710570793147,,1
1048699,48331165,3,3,05:15:00,-79.263918,43.732235,14230,1,1e-12,0,67.710570793147,0,1
1048699,48331165,3,4,05:15:01,-79.264002,43.732226,,,21.8419503867857,6.83058736503379,74.5411581581808,1.12582045461465,1
1048699,48331165,3,5,05:15:02,-79.26408,43.732221,,,21.8419503867857,6.29873180122149,80.8398899594023,2.16398023809789,1
1048699,48331165,3,6,05:15:03,-79.264118,43.732214,,,21.8419503867857,3.15437272718191,83.9942626865842,2.68388535722705,1
1048699,48331165,3,7,05:15:04,-79.264196,43.732197,,,21.8419503867857,6.55328479718585,90.5475474837701,3.76400067898613,1
1048699,48331165,3,8,05:15:04,-79.26423,43.732191,,,21.8419503867857,2.81524089865972,93.3627883824298,4.2280099389516,1
1048699,48331165,3,9,05:15:05,-79.264254,43.732195,,,21.8419503867857,1.98117805021048,95.3439664326402,4.55454858840631,1
1048699,48331165,3,10,05:15:05,-79.264272,43.732198,,,21.8419503867857,1.48588345679335,96.8298498894336,4.79945256216921,1
1048699,48331165,3,11,05:15:05,-79.264296,43.732215,,,21.8419503867857,2.70334768702612,99.5331975764597,5.24501953311069,1
1048699,48331165,3,12,05:15:07,-79.264332,43.732293,,,21.8419503867857,9.153052712472,108.686250288932,6.75362976165669,1
1048699,48331165,3,13,05:15:16,-79.264554,43.73277,,,21.8419503867857,56.0215688616983,164.70781915063,15.9871297161355,1
1048699,48331165,3,14,05:15:24,-79.2639455014073,43.732908501614,,,21.8419503867857,51.3162623874921,216.024081538122,24.4450989598866,1
1048699,48331165,3,15,05:15:33,-79.263337,43.733047,,,21.8419503867857,51.3162623884437,267.340343926566,32.9030682037945,1
1048699,48331165,3,16,05:15:34,-79.263254,43.733074,,,21.8419503867857,7.32155809668696,274.661902023253,34.1098106732774,1
1048699,48331165,3,17,05:15:35,-79.263207,43.733118,,,21.8419503867857,6.18732987616016,280.849231899413,35.1296091418085,1
1048699,48331165,3,18,05:15:35,-79.263197,43.733128,,,21.8419503867857,1.37338838505988,282.222620284473,35.3559716276975,1
1048699,48331165,3,19,05:15:36,-79.263195,43.733173,,,21.8419503867857,5.01195954141079,287.234579825883,36.1820450336693,1
1048699,48331165,3,20,05:15:37,-79.263221,43.733236,,,21.8419503867857,7.31830733809094,294.552887163974,37.3882517116712,1
1048699,48331165,3,21,05:15:39,-79.26329,43.733335,,,21.8419503867857,12.3392639254469,306.892151089421,39.4220146927685,1
1048699,48331165,3,22,05:15:40,-79.263293,43.733366,,,21.8419503867857,3.45933068327113,310.351481772693,39.992183118172,1
1048699,48331165,3,23,05:15:40,-79.263297,43.733376,,,21.8419503867857,1.15875833746023,311.510240110153,40.1831701839324,1
1048699,48331165,3,24,05:15:40,-79.263302,43.733386,,,21.8419503867857,1.18361720921154,312.693857319364,40.3782545000171,1
1048699,48331165,3,25,05:15:41,-79.263307,43.733396,,,21.8419503867857,1.18361718572669,313.877474505091,40.573338812231,1
1048699,48331165,3,26,05:15:41,-79.263313,43.733406,,,21.8419503867857,1.21330875328308,315.090783258374,40.7733169018462,1
1048699,48331165,3,27,05:15:41,-79.263316,43.733417,,,21.8419503867857,1.2480642207965,316.338847479171,40.9790234031111,1
1048699,48331165,3,28,05:15:41,-79.263328,43.733424,,,21.8419503867857,1.24051188308848,317.579359362259,41.1834851247081,1
1048699,48331165,3,29,05:15:42,-79.263345,43.733441,,,21.8419503867857,2.3347561140311,319.91411547629,41.5683006682686,1
1048699,48331165,3,30,05:15:42,-79.263353,43.73345,,,21.8419503867857,1.1907246762769,321.104840152567,41.7645564402435,1
1048699,48331165,3,31,05:15:42,-79.263363,43.733457,,,21.8419503867857,1.11990849187428,322.224748644441,41.949140257135,1
1048699,48331165,3,32,05:15:42,-79.263374,43.733464,,,21.8419503867857,1.17900883451354,323.403757478955,42.1434650188475,1
1048699,48331165,3,33,05:15:42,-79.263386,43.73347,,,21.8419503867857,1.17378529049523,324.57754276945,42.3369288337063,1
1048699,48331165,3,34,05:15:43,-79.263398,43.733476,,,21.8419503867857,1.17378520976386,325.751327979214,42.5303926352588,1
1048699,48331165,3,35,05:15:43,-79.26341,43.733482,,,21.8419503867857,1.17378513101156,326.925113110225,42.7238564238314,1
1048699,48331165,3,36,05:15:43,-79.263422,43.733488,,,21.8419503867857,1.17378505115729,328.098898161383,42.9173201992423,1
1048699,48331165,3,37,05:15:43,-79.263435,43.733493,,,21.8419503867857,1.1845695676262,329.283467729009,43.1125614834655,1
1048699,48331165,3,38,05:15:43,-79.263449,43.733497,,,21.8419503867857,1.21093455785495,330.494402286864,43.3121482571318,1
1048699,48331165,3,39,05:15:44,-79.263464,43.733497,,,21.8419503867857,1.20653036285364,331.700932649718,43.5110091294145,1
1048699,48331165,3,40,05:15:44,-79.263476,43.733504,,,21.8419503867857,1.24051087946908,332.941443529187,43.7154706855945,1
1048699,48331165,3,41,05:15:44,-79.26349,43.733506,,,21.8419503867857,1.14789273780246,334.089336266989,43.9046668783754,1
1048699,48331165,3,42,05:15:44,-79.263504,43.733508,,,21.8419503867857,1.14789269890118,335.23722896589,44.0938630647446,1
1048699,48331165,3,43,05:15:44,-79.263519,43.73351,,,21.8419503867857,1.22689977023241,336.464128736123,44.2960812318323,1
1048699,48331165,3,44,05:15:44,-79.263533,43.733511,,,21.8419503867857,1.1315835874378,337.59571232356,44.4825893431794,1
1048699,48331165,3,45,05:15:45,-79.263548,43.733511,,,21.8419503867857,1.20653007977286,338.802242403333,44.6814501688047,1
1048699,48331165,3,46,05:15:45,-79.263562,43.733511,,,21.8419503867857,1.12609473975691,339.92833714309,44.86705360583,1
1048699,48331165,3,47,05:15:45,-79.263577,43.73351,,,21.8419503867857,1.21165460700459,341.139991750095,45.0667590583182,1
1048699,48331165,3,48,05:15:46,-79.26362,43.733505,,,21.8419503867857,3.50321896628388,344.643210716379,45.6441611700935,1
1048699,48331165,3,49,05:15:46,-79.263662,43.733499,,,21.8419503867857,3.44367837696588,348.086889093345,46.2117497753939,1
1048699,48331165,3,50,05:15:47,-79.263704,43.733492,,,21.8419503867857,3.46698999423027,351.553879087575,46.7831806118443,1
1048699,48331165,3,51,05:15:47,-79.263745,43.733485,,,21.8419503867857,3.3886612184912,354.942540306066,47.3417012645581,1
1048699,48331165,3,52,05:15:48,-79.263787,43.733478,,,21.8419503867857,3.46699076258599,358.409531068652,47.9131322276492,1
1048699,48331165,3,53,05:15:48,-79.263828,43.733469,,,21.8419503867857,3.4466759682197,361.856207036872,48.4812148972764,1
1048699,48331165,3,54,05:15:49,-79.263869,43.733461,,,21.8419503867857,3.41597919049919,365.272186227371,49.044238110315,1
1048699,48331165,3,55,05:15:50,-79.26391,43.733451,,,21.8419503867857,3.48066518607787,368.752851413449,49.6179228979822,1
1048699,48331165,3,56,05:15:50,-79.263951,43.733441,,,21.8419503867857,3.48066570858081,372.23351712203,50.1916077717685,1
1048699,48331165,3,57,05:15:51,-79.263991,43.73343,,,21.8419503867857,3.4425588642693,375.676075986299,50.7590118584872,1
1048699,48331165,3,58,05:15:51,-79.264031,43.733419,,,21.8419503867857,3.44255941564015,379.118635401939,51.3264160360831,1
1048699,48331165,3,59,05:15:52,-79.264085,43.733405,,,21.8419503867857,4.614646712805,383.733282114744,52.0870041645201,1
1048699,48331165,3,60,05:15:53,-79.264183,43.733386,,,21.8419503867857,8.16150360348133,391.894785718225,53.4321868268847,1
1048699,48331165,3,61,05:15:55,-79.264282,43.733367,,,21.8419503867857,8.23921995122733,400.134005669453,54.7901787323312,1
1048699,48331165,3,62,05:15:56,-79.26438,43.733347,,,21.8419503867857,8.19106281753873,408.325068486991,56.1402333575344,1
1048699,48331165,3,63,05:15:57,-79.264478,43.733327,,,21.8419503867857,8.19106535055005,416.516133837542,57.4902884002297,1
1048699,48331165,3,64,05:15:59,-79.264575,43.733306,,,21.8419503867857,8.14493950788929,424.661073345431,58.8327409609745,1
1048699,48331165,3,65,05:16:00,-79.264672,43.733284,,,21.8419503867857,8.17758769806928,432.8386610435,60.1805746109795,1
1048699,48331165,3,66,05:16:01,-79.264707,43.733277,,,21.8419503867857,2.92110064333745,435.759761686838,60.6620317212555,1
1048699,48331165,3,67,05:16:01,-79.264748,43.733268,,,21.8419503867857,3.44668655801732,439.206448244855,61.2301161362979,1
1048699,48331165,3,68,05:16:02,-79.264789,43.733258,,,21.8419503867857,3.48067525602757,442.687123500882,61.8038025836987,1
1048699,48331165,3,69,05:16:02,-79.26483,43.733248,,,21.8419503867857,3.48067577852885,446.167799279411,62.3774891172184,1
1048699,48331165,3,70,05:16:03,-79.264871,43.733237,,,21.8419503867857,3.51786018640548,449.685659465817,62.9573044014213,1
1048699,48331165,3,71,05:16:04,-79.264911,43.733226,,,21.8419503867857,3.44256910766495,453.128228573482,63.524710176461,1
1048699,48331165,3,72,05:16:04,-79.264951,43.733214,,,21.8419503867857,3.48371966464151,456.611948238123,64.0988984046468,1
1048699,48331165,3,73,05:16:04,-79.264971,43.733208,,,21.8419503867857,1.74186005628191,458.353808294405,64.385992555653,1
1048699,48331165,3,74,05:16:05,-79.264991,43.733202,,,21.8419503867857,1.74186020283403,460.095668497239,64.6730867308141,1
1048699,48331165,3,75,05:16:05,-79.26503,43.733189,,,21.8419503867857,3.45470532121313,463.550373818452,65.2424928019812,1
1048699,48331165,3,76,05:16:06,-79.265069,43.733176,,,21.8419503867857,3.45470594048123,467.005079758934,65.8118989752164,1
1048699,48331165,3,77,05:16:06,-79.265108,43.733162,,,21.8419503867857,3.50279636247507,470.507876121409,66.3892314332435,1
1048699,48331165,3,78,05:16:07,-79.265146,43.733148,,,21.8419503867857,3.43094783774815,473.938823959157,66.9547217853948,1
1048699,48331165,3,79,05:16:08,-79.265184,43.733133,,,21.8419503867857,3.48292641665007,477.421750375807,67.5287792700929,1
1048699,48331165,3,80,05:16:08,-79.265214,43.733125,,,21.8419503867857,2.57216318938031,479.993913565187,67.9527243536497,1
1048699,48331165,3,81,05:16:08,-79.265243,43.733119,,,21.8419503867857,2.42638049105738,482.420294056244,68.3526414678783,1
1048699,48331165,3,82,05:16:09,-79.265273,43.733113,,,21.8419503867857,2.50380693817463,484.924100994419,68.7653200436378,1
1048699,48331165,3,83,05:16:09,-79.265302,43.733107,,,21.8419503867857,2.42638094040588,487.350481934825,69.1652372319282,1
1048699,48331165,3,84,05:16:10,-79.265332,43.733103,,,21.8419503867857,2.45381554800803,489.804297482833,69.569676204474,1
1048699,48331165,3,85,05:16:10,-79.265362,43.733098,,,21.8419503867857,2.47643693302525,492.280734415858,69.9778436437831,1
1048699,48331165,3,86,05:16:10,-79.265392,43.733095,,,21.8419503867857,2.43607639440084,494.716810810259,70.3793588411232,1
1048699,48331165,3,87,05:16:11,-79.265422,43.733092,,,21.8419503867857,2.43607651312679,497.152887323386,70.7808740580318,1
1048699,48331165,3,88,05:16:11,-79.265452,43.73309,,,21.8419503867857,2.42332604473933,499.576213368125,71.1802877370565,1
1048699,48331165,3,89,05:16:12,-79.265483,43.733088,,,21.8419503867857,2.50343275172076,502.079646119846,71.5929046392379,1
1048699,48331165,3,90,05:16:13,-79.265582,43.733087,,,21.8419503867857,7.96393288337989,510.043579003226,72.9055236074374,1
1048699,48331165,3,91,05:16:14,-79.265663,43.733097,,,21.8419503867857,6.60972324791823,516.653302251144,73.9949411398067,1
1048699,48331165,3,92,05:16:15,-79.265728,43.733097,,,21.8419503867857,5.22833315347916,521.881635404623,74.8566773409801,1
1048699,48331165,3,93,05:16:17,-79.265896,43.733097,,,21.8419503867857,13.5132303074764,535.3948657121,77.0839339845235,1
1048699,48331165,3,94,05:16:18,-79.265941,43.733088,,,21.8419503867857,3.7557117767305,539.15057748883,77.7029520738792,1
1048699,48331165,3,95,05:16:18,-79.265977,43.733079,,,21.8419503867857,3.06411349402652,542.214690982857,78.2079806259617,1
1048699,48331165,3,96,05:16:19,-79.266008,43.733061,,,21.8419503867857,3.19884803769243,545.413539020549,78.7352161855965,1
1048699,48331165,3,97,05:16:19,-79.266036,43.733034,,,21.8419503867857,3.75582549150118,549.16936451205,79.3542530174714,1
1048699,48331165,3,98,05:16:20,-79.266069,43.732989,,,21.8419503867857,5.66918301688763,554.838547528938,80.2886502896647,1
1048699,48331165,3,99,05:16:21,-79.266099,43.732944,,,21.8419503867857,5.56028991798327,560.398837446921,81.2050997527516,1
1048699,48331165,3,100,05:16:22,-79.266112,43.732899,,,21.8419503867857,5.11735125558793,565.516188702509,82.0485438680382,1
1048699,48331165,3,101,05:16:23,-79.266114,43.732854,,,21.8419503867857,5.01195956496988,570.528148267479,82.874617277893,1
1048699,48331165,3,102,05:16:24,-79.266116,43.732818,,,21.8419503867857,4.01072930467181,574.538877572151,83.5356674698921,1
1048699,48331165,3,103,05:16:26,-79.26606,43.732674,,,21.8419503867857,16.650857693212,591.189735265363,86.2800692579223,1
1048699,48331165,3,104,05:16:37,-79.266838,43.732478,,,21.8419503867857,66.2741830873245,657.463918352687,97.2034096597352,1
1048699,48331165,3,105,05:16:53,-79.267931,43.732201,,,21.8419503867857,93.168249410056,750.632167762743,112.559442062369,1
1048699,48331165,3,106,05:16:55,-79.26799,43.732327,8469,2,21.8419503867857,14.8073737193925,765.439541482136,115,1
1048699,48331165,3,107,05:16:55,-79.26799,43.732327,8469,2,1e-12,0,765.439541482136,115,1
1048699,48331165,3,108,05:16:57,-79.268076,43.732489,,,38.4303349151966,19.3149976990895,784.754539181225,116.809351697563,1
1048699,48331165,3,109,05:17:02,-79.268266,43.732967,,,38.4303349151966,55.3619709104925,840.116510091718,121.99543960748,1
1048699,48331165,3,110,05:17:07,-79.268453,43.733426,,,38.4303349151966,53.2636030122709,893.380113103989,126.984960809086,1
1048699,48331165,3,111,05:17:11,-79.268607,43.733814,,,38.4303349151966,44.9331043972431,938.313217501232,131.194114234031,1
1048699,48331165,3,112,05:17:19,-79.268917,43.734552,,,38.4303349151966,85.8544249163417,1024.16764241757,139.236613222938,1
1048699,48331165,3,113,05:17:27,-79.269239,43.735291,,,38.4303349151966,86.2457822318881,1110.41342464946,147.315772999191,1
1048699,48331165,3,114,05:17:32,-79.2694189986594,43.7357370001412,,,38.4303349151966,51.7163436079841,1162.12976825745,152.160353130995,1
1048699,48331165,3,115,05:17:37,-79.269599,43.736183,,,38.4303349151966,51.7163436069719,1213.84611186442,157.004933262704,1
1048699,48331165,3,116,05:17:44,-79.2698649971792,43.7368180003084,,,38.4303349151966,73.8546247889686,1287.70073665339,163.92333899159,1
1048699,48331165,3,117,05:17:51,-79.270131,43.737453,,,38.4303349151966,73.8546247888491,1361.55536144224,170.841744720464,1
1048699,48331165,3,118,05:17:57,-79.270333,43.737976,,,38.4303349151966,60.4445013756351,1421.99986281787,176.503943747157,1
1048699,48331165,3,119,05:18:00,-79.270464,43.738255,,,38.4303349151966,32.7966438063457,1454.79650662422,179.576202106689,1
1048699,48331165,3,120,05:18:07,-79.2707284970955,43.738912500305,,,38.4303349151966,76.2214000475131,1531.01790667173,186.716317871398,1
1048699,48331165,3,121,05:18:14,-79.270993,43.73957,,,38.4303349151966,76.2214000505063,1607.23930672224,193.856433636388,1
1048699,48331165,3,122,05:18:22,-79.2713114959012,43.7403405004422,,,38.4303349151966,89.5150533221626,1696.7543600444,202.241845646741,1
1048699,48331165,3,123,05:18:31,-79.27163,43.741111,,,38.4303349151966,89.5150533249655,1786.26941336936,210.627257657357,1
1048699,48331165,3,124,05:18:34,-79.271742,43.74139,,,38.4303349151966,32.3379757086327,1818.607389078,213.656549824807,1
1048699,48331165,3,125,05:18:42,-79.27206,43.742183,,,38.4303349151966,91.9064236571443,1910.51381273514,222.265975839329,1
1048699,48331165,3,126,05:18:47,-79.272249,43.742655,,,38.4303349151966,54.6972241032699,1965.21103683841,227.389792928259,1
1048699,48331165,3,127,05:18:49,-79.272295,43.742768,,,38.4303349151966,13.1118191422674,1978.32285598068,228.618055679971,1
1048699,48331165,3,128,05:18:56,-79.272566,43.743421,,,38.4303349151966,75.8885526010873,2054.21140858177,235.726991627752,1
1048699,48331165,3,129,05:19:01,-79.272783,43.743948,,,38.4303349151966,61.2060518646259,2115.41746044639,241.460529656991,1
1048699,48331165,3,130,05:19:08,-79.2730224977456,43.74451150025,,,38.4303349151966,65.6189330009251,2181.03639344732,247.607448733408,1
1048699,48331165,3,131,05:19:14,-79.273262,43.745075,,,38.4303349151966,65.6189329975437,2246.65532644486,253.754367809509,1
1048699,48331165,3,132,05:19:19,-79.2734569985032,43.7455345001658,,,38.4303349151966,53.5011506825118,2300.15647712737,258.766141526341,1
1048699,48331165,3,133,05:19:24,-79.273652,43.745994,,,38.4303349151966,53.5011506823687,2353.65762780974,263.77791524316,1
1048699,48331165,3,134,05:19:29,-79.2738544982798,43.7465025001787,,,38.4303349151966,58.9018144377703,2412.55944224751,269.295601530409,1
1048699,48331165,3,135,05:19:35,-79.274057,43.747011,,,38.4303349151966,58.9018144382819,2471.46125668579,274.813287817706,1
1048699,48331165,3,136,05:19:37,-79.274141,43.747216,,,38.4303349151966,23.7992751604128,2495.26053184621,277.042708684492,1
1048699,48331165,3,137,05:19:44,-79.274417,43.747885,,,38.4303349151966,77.7097460311503,2572.97027787736,284.322246745491,1
1048699,48331165,3,138,05:19:50,-79.274607,43.748408,,,38.4303349151966,60.1915816538116,2633.16185953117,289.960753264674,1
1048699,48331165,3,139,05:19:54,-79.274749,43.748768,,,38.4303349151966,41.6701235898293,2674.831983121,293.864243704048,1
1048699,48331165,3,140,05:19:58,-79.274862,43.7492,,,38.4303349151966,48.9409927050131,2723.77297582601,298.44884006853,1
1048699,48331165,3,141,05:20:02,-79.274934,43.749497,,,38.4303349151966,33.5650177605117,2757.33799358652,301.593076625523,1
1048699,48331165,3,142,05:20:10,-79.273858,43.749711,9129,3,38.4303349151966,89.744689135432,2847.08268272195,310,1
1048699,48331165,3,143,05:20:10,-79.273858,43.749711,9129,3,1e-12,0,2847.08268272195,310,1
1048699,48331165,3,144,05:20:24,-79.273023,43.74989,,,17.6597526121527,70.0395298178517,2917.12221253981,324.277793856,1
1048699,48331165,3,145,05:20:28,-79.272801,43.749936,,,17.6597526121527,18.5716624525134,2935.69387499232,328.063689745789,1
1048699,48331165,3,146,05:20:33,-79.272516,43.749997,,,17.6597526121527,23.902614745582,2959.5964897379,332.936318200668,1
1048699,48331165,3,147,05:20:41,-79.272039,43.750095,,,17.6597526121527,39.878279868262,2999.47476960616,341.065639753392,1
1048699,48331165,3,148,05:20:59,-79.27096,43.750319,,,17.6597526121527,90.2775701990746,3089.75233980524,359.469026247777,1
1048699,48331165,3,149,05:21:13,-79.270191,43.750475,,,17.6597526121527,64.22949487456,3153.9818346798,372.562424928192,1
1048699,48331165,3,150,05:21:15,-79.270056,43.750505,,,17.6597526121527,11.35776674237,3165.33960142217,374.877743900689,1
1048699,48331165,3,151,05:21:19,-79.269785,43.750559,,,17.6597526121527,22.6056817587598,3187.94528318093,379.485988201662,1
1048699,48331165,3,152,05:21:33,-79.2690070020864,43.7507195026386,,,17.6597526121527,65.0620013081148,3253.00728448904,392.749096120174,1
1048699,48331165,3,153,05:21:46,-79.268229,43.75088,,,17.6597526121527,65.0620013077423,3318.06928579678,406.012204038611,1
1048699,48331165,3,154,05:22:04,-79.267176,43.751092,,,17.6597526121527,87.9009757910812,3405.97026158786,423.931113765021,1
1048699,48331165,3,155,05:22:13,-79.26664,43.751191,8634,4,17.6597526121527,44.4873020493039,3450.45756363717,433,1
1048699,48331165,3,156,05:22:13,-79.26664,43.751191,8634,4,1e-12,0,3450.45756363717,433,1
1048699,48331165,3,157,05:22:21,-79.266104,43.751298,,,21.0137415205459,44.7161683655958,3495.17373200276,440.66061607633,1
1048699,48331165,3,158,05:22:36,-79.265052,43.751521,,,21.0137415205459,88.1598834983673,3583.33361550113,455.763856034042,1
1048699,48331165,3,159,05:22:52,-79.263918,43.751753,8843,5,21.0137415205459,94.7728146086173,3678.10643010975,472,1
1048699,48331165,3,160,05:22:52,-79.263918,43.751753,8843,5,1e-12,0,3678.10643010975,472,1
1048699,48331165,3,161,05:23:06,-79.2631885019015,43.7519090023198,,,15.2193364044144,61.1760999964946,3739.28253010624,486.470667717385,1
1048699,48331165,3,162,05:23:21,-79.262459,43.752065,,,15.2193364044144,61.1760999978021,3800.45863010405,500.941335435079,1
1048699,48331165,3,163,05:23:37,-79.261641,43.752216,4339,6,15.2193364044144,67.8895050608833,3868.34813516493,517,1
1048699,48331165,3,164,05:23:37,-79.261641,43.752216,4339,6,1e-12,0,3868.34813516493,517,1
1048699,48331165,3,165,05:23:48,-79.2608880020194,43.7523765024717,,,20.8572078644242,63.1297873694723,3931.4779225344,527.896340296716,1
1048699,48331165,3,166,05:23:59,-79.260135,43.752537,,,20.8572078644242,63.1297873693544,3994.60770990376,538.792680593411,1
1048699,48331165,3,167,05:24:10,-79.2593290021616,43.7526975028319,,,20.8572078644242,67.22776178299,4061.83547168675,550.396340296663,1
1048699,48331165,3,168,05:24:22,-79.258523,43.752858,9684,7,20.8572078644242,67.227761783486,4129.06323347023,562,1
1048699,48331165,3,169,05:24:22,-79.258523,43.752858,9684,7,1e-12,0,4129.06323347023,562,1
1048699,48331165,3,170,05:24:31,-79.258075,43.752974,,,16.0753007749644,38.2678601296476,4167.33109359988,570.569935853473,1
1048699,48331165,3,171,05:24:42,-79.2574585011486,43.7530855016568,,,16.0753007749644,51.1024591056735,4218.43355270555,582.014129362247,1
1048699,48331165,3,172,05:24:53,-79.256842,43.753197,,,16.0753007749644,51.1024591069385,4269.53601181249,593.458322871303,1
1048699,48331165,3,173,05:24:57,-79.256644,43.753242,,,16.0753007749644,16.6904362279211,4286.22644804041,597.196080021956,1
1048699,48331165,3,174,05:25:11,-79.255914,43.753411,6926,8,16.0753007749644,61.6394904223898,4347.8659384628,611,1
1048699,48331165,3,175,05:25:11,-79.255914,43.753411,6926,8,1e-12,0,4347.8659384628,611,1
1048699,48331165,3,176,05:25:19,-79.255367,43.753526,,,20.756079022141,45.8086211455686,4393.67455960837,618.945192150605,1
1048699,48331165,3,177,05:25:33,-79.2544155090272,43.7537152618398,,,20.756079022141,79.3556904363678,4473.03025004474,632.708894113109,1
1048699,48331165,3,178,05:25:46,-79.2534640120361,43.7539045157865,,,20.756079022141,79.3556904345904,4552.38594047933,646.472596075304,1
1048699,48331165,3,179,05:26:00,-79.252512509027,43.7540937618399,,,20.756079022141,79.3556904352547,4631.74163091458,660.236298037615,1
1048699,48331165,3,180,05:26:14,-79.251561,43.754283,2744,9,20.756079022141,79.3556904356859,4711.09732135027,674,1
1048699,48331165,3,181,05:26:14,-79.251561,43.754283,2744,9,1e-12,0,4711.09732135027,674,1
1048699,48331165,3,182,05:26:25,-79.250933,43.754415,,,17.7024967503582,52.5903586127542,4763.68767996302,684.694835518164,1
1048699,48331165,3,183,05:26:26,-79.250881,43.754426,,,17.7024967503582,4.35679655463032,4768.04447651765,685.580838651951,1
1048699,48331165,3,184,05:26:46,-79.2496845048986,43.7546710062407,,,17.7024967503582,99.9979676271231,4868.04244414478,705.916539798195,1
1048699,48331165,3,185,05:27:06,-79.248488,43.754916,,,17.7024967503582,99.9979676279531,4968.04041177273,726.252240944608,1
1048699,48331165,3,186,05:27:21,-79.2476230025079,43.7550895032617,,,17.7024967503582,72.1833645653148,5040.22377633805,740.931532577856,1
1048699,48331165,3,187,05:27:36,-79.246758,43.755263,,,17.7024967503582,72.1833645627334,5112.40714090078,755.610824210579,1
1048699,48331165,3,188,05:27:47,-79.2460900015907,43.7554055019452,2758,10,17.7024967503582,56.0046798337439,5168.41182073452,767,1
1048699,48331165,3,189,05:27:47,-79.2460900015907,43.7554055019452,2758,10,1e-12,0,5168.41182073452,767,1
1048699,48331165,3,190,05:28:00,-79.245422,43.755548,,,15.6224428140481,56.0046798353812,5224.4165005699,779.905590361712,1
1048699,48331165,3,191,05:28:21,-79.2443260041668,43.7557755052364,,,15.6224428140481,91.6911442515276,5316.10764482143,801.034687983287,1
1048699,48331165,3,192,05:28:42,-79.24323,43.756003,,,15.6224428140481,91.6911442490995,5407.79878907053,822.163785604303,1
1048699,48331165,3,193,05:28:44,-79.243121,43.756026,,,15.6224428140481,9.13048880877426,5416.92927787931,824.267794567743,1
1048699,48331165,3,194,05:29:02,-79.242208,43.756224,,,15.6224428140481,76.6472777093741,5493.57655558868,841.930217982449,1
1048699,48331165,3,195,05:29:19,-79.241319,43.756416,,,15.6224428140481,74.6068231087868,5568.18337869747,859.122443704672,1
1048699,48331165,3,196,05:29:41,-79.240188,43.756661,6421,11,15.6224428140481,94.9391311485785,5663.12250984605,881,1
1048699,48331165,3,197,05:29:41,-79.240188,43.756661,6421,11,1e-12,0,5663.12250984605,881,1
1048699,48331165,3,198,05:29:55,-79.2392170034726,43.75687500411,,,21.7668934583126,81.6258504690154,5744.74836031506,894.500000000057,1
1048699,48331165,3,199,05:30:08,-79.238246,43.757089,8222,12,21.7668934583126,81.6258504683294,5826.37421078339,908,1
1048699,48331165,3,200,05:30:08,-79.238246,43.757089,8222,12,1e-12,0,5826.37421078339,908,1
1048699,48331165,3,201,05:30:23,-79.2375012558997,43.7572470072535,,,14.6527794002788,62.4099863346978,5888.78419711809,923.333333333377,1
1048699,48331165,3,202,05:30:39,-79.2367565078661,43.7574050096714,,,14.6527794002788,62.409986335132,5951.19418345322,938.66666666686,1
1048699,48331165,3,203,05:30:54,-79.2360117558996,43.7575630072536,9794,13,14.6527794002788,62.4099863337327,6013.60416978695,954,1
1048699,48331165,3,204,05:30:54,-79.2360117558996,43.7575630072536,9794,13,1e-12,0,6013.60416978695,954,1
1048699,48331165,3,205,05:31:07,-79.235267,43.757721,,,17.0224444145262,62.4099863360553,6076.01415612301,967.198806548492,1
1048699,48331165,3,206,05:31:27,-79.2341720042365,43.7579525052268,,,17.0224444145262,91.7348831582445,6167.74903928125,986.599403274064,1
1048699,48331165,3,207,05:31:46,-79.233077,43.758184,9247,14,17.0224444145262,91.7348831599674,6259.48392244122,1006,1
1048699,48331165,3,208,05:31:46,-79.233077,43.758184,9247,14,1e-12,0,6259.48392244122,1006,1
1048699,48331165,3,209,05:32:04,-79.2320000040859,43.7584110050564,,,17.6706223617998,90.2045868099266,6349.68850925115,1024.3771972411,1
1048699,48331165,3,210,05:32:23,-79.230923,43.758638,,,17.6706223617998,90.204586811048,6439.89309606219,1042.75439448242,1
1048699,48331165,3,211,05:32:34,-79.230262,43.758772,2151,15,17.6706223617998,55.1991245363561,6495.09222059855,1054,1
1048699,48331165,3,212,05:32:34,-79.230262,43.758772,2151,15,1e-12,0,6495.09222059855,1054,1
1048699,48331165,3,213,05:32:52,-79.229224,43.758994,,,17.1321253423955,87.038590418881,6582.13081101743,1072.28955364531,1
1048699,48331165,3,214,05:33:12,-79.2281015044275,43.7592300054927,,,17.1321253423955,93.9958925146505,6676.12670353208,1092.04105594231,1
1048699,48331165,3,215,05:33:32,-79.226979,43.759466,,,17.1321253423955,93.9958925132314,6770.12259604531,1111.79255823901,1
1048699,48331165,3,216,05:33:52,-79.22583,43.759706,7724,16,17.1321253423955,96.1656736384738,6866.28826968379,1132,1
1048699,48331165,3,217,05:33:52,-79.22583,43.759706,7724,16,1e-12,0,6866.28826968379,1132,1
1048699,48331165,3,218,05:34:01,-79.225324,43.759822,,,17.5386245769942,42.6826387616339,6908.97090844542,1140.76109177589,1
1048699,48331165,3,219,05:34:13,-79.224585501907,43.7599765023774,,,17.5386245769942,61.8160170327899,6970.78692547821,1153.44952468812,1
1048699,48331165,3,220,05:34:26,-79.223847,43.760131,,,17.5386245769942,61.8160170334526,7032.60294251166,1166.13795760049,1
1048699,48331165,3,221,05:34:41,-79.222982,43.760312,5340,17,17.5386245769942,72.4054950256558,7105.00843753732,1181,1
1048699,48331165,3,222,05:34:41,-79.222982,43.760312,5340,17,1e-12,0,7105.00843753732,1181,1
1048699,48331165,3,223,05:34:56,-79.2221785069903,43.7604855084431,,,15.9169322831282,67.4258936979009,7172.43433123522,1196.24999999967,1
1048699,48331165,3,224,05:35:11,-79.2213750093203,43.7606590112575,,,15.9169322831282,67.4258937000052,7239.86022493522,1211.49999999981,1
1048699,48331165,3,225,05:35:27,-79.2205715069902,43.7608325084432,,,15.9169322831282,67.4258936991894,7307.28611863441,1226.74999999978,1
1048699,48331165,3,226,05:35:42,-79.219768,43.761006,958,18,15.9169322831282,67.4258937003538,7374.71201233477,1242,1
1048699,48331165,3,227,05:35:42,-79.219768,43.761006,958,18,1e-12,0,7374.71201233477,1242,1
1048699,48331165,3,228,05:35:59,-79.2187855104199,43.761217512624,,,17.1179664982887,82.4250010763321,7457.1370134111,1259.33441900967,1
1048699,48331165,3,229,05:36:17,-79.2178030138931,43.761429016832,,,17.1179664982887,82.4250010773375,7539.56201448844,1276.66883801955,1
1048699,48331165,3,230,05:36:34,-79.2168205104197,43.7616405126241,,,17.1179664982887,82.4250010759477,7621.98701556439,1294.00325702913,1
1048699,48331165,3,231,05:36:51,-79.215838,43.761852,,,17.1179664982887,82.4250010784343,7704.41201664282,1311.33767603924,1
1048699,48331165,3,232,05:36:54,-79.215828,43.76195,,,17.1179664982887,10.9388947171542,7715.35091135997,1313.63818416243,1
1048699,48331165,3,233,05:36:56,-79.215832,43.762053,,,17.1179664982887,11.4704165061421,7726.82132786612,1316.05047416348,1
1048699,48331165,3,234,05:37:00,-79.215848,43.762202,,,17.1179664982887,16.6364098658082,7743.45773773192,1319.54920022553,1
1048699,48331165,3,235,05:37:02,-79.215848,43.762315,,,17.1179664982887,12.5791024527285,7756.03684018465,1322.19465281678,1
1048699,48331165,3,236,05:37:04,-79.215853,43.762409,,,17.1179664982887,10.4717505031465,7766.5085906878,1324.39691801079,1
1048699,48331165,3,237,05:37:07,-79.215862,43.76252,3884,19,17.1179664982887,12.3776306343409,7778.88622132214,1327,1
1048699,48331165,3,238,05:37:07,-79.215862,43.76252,3884,19,1e-12,0,7778.88622132214,1327,1
1048699,48331165,3,239,05:37:08,-79.215872,43.762634,,,36.3277309378399,12.715862747174,7791.60208406931,1328.26011464818,1
1048699,48331165,3,240,05:37:10,-79.215887,43.762752,,,36.3277309378399,13.1909403823152,7804.79302445163,1329.56730846817,1
1048699,48331165,3,241,05:37:11,-79.215903,43.762866,,,36.3277309378399,12.7554485786434,7817.54847303027,1330.8313459871,1
1048699,48331165,3,242,05:37:12,-79.215932,43.762993,,,36.3277309378399,14.3285319768191,7831.87700500709,1332.25127268731,1
1048699,48331165,3,243,05:37:13,-79.215961,43.763097,,,36.3277309378399,11.8096552685165,7843.68666027561,1333.42158412348,1
1048699,48331165,3,244,05:37:15,-79.216003,43.763219,,,36.3277309378399,13.9944440380941,7857.6811043137,1334.80840342754,1
1048699,48331165,3,245,05:37:17,-79.216062,43.763396,,,36.3277309378399,20.266449894713,7877.94755420842,1336.81676502176,1
1048699,48331165,3,246,05:37:20,-79.216169,43.763684,,,36.3277309378399,33.1940266944939,7911.14158090291,1340.10622167141,1
1048699,48331165,3,247,05:37:23,-79.216285,43.763923,,,36.3277309378399,28.1924676194658,7939.33404852237,1342.90003457439,1
1048699,48331165,3,248,05:37:26,-79.216393,43.764196,,,36.3277309378399,31.6062145139352,7970.94026303631,1346.03214245211,1
1048699,48331165,3,249,05:37:27,-79.216436,43.764317,,,36.3277309378399,13.9061912226157,7984.84645425893,1347.41021609197,1
1048699,48331165,3,250,05:37:34,-79.216679,43.764888,7310,20,36.3277309378399,66.4977490970135,8051.34420335594,1354,1
1048699,48331165,3,251,05:37:34,-79.216679,43.764888,7310,20,1e-12,0,8051.34420335594,1354,1
1048699,48331165,3,252,05:37:42,-79.2169439911422,43.7655545009184,,,35.8571052962175,77.1923794579066,8128.53658281385,1361.75000000008,1
1048699,48331165,3,253,05:37:50,-79.2172089881893,43.7662210012245,,,35.8571052962175,77.1923794579124,8205.72896227176,1369.50000000016,1
1048699,48331165,3,254,05:37:57,-79.2174739911419,43.7668875009184,,,35.8571052962175,77.1923794575776,8282.92134172934,1377.2500000002,1
1048699,48331165,3,255,05:38:05,-79.217739,43.767554,9189,21,35.8571052962175,77.1923794551427,8360.11372118448,1385,1
1048699,48331165,3,256,05:38:05,-79.217739,43.767554,9189,21,1e-12,0,8360.11372118448,1385,1
1048699,48331165,3,257,05:38:13,-79.2180214968285,43.7682255003479,,,34.9975814756826,78.1245993577435,8438.23832054222,1393.03622838576,1
1048699,48331165,3,258,05:38:21,-79.218304,43.768897,,,34.9975814756826,78.1245993610602,8516.36291990328,1401.07245677186,1
1048699,48331165,3,259,05:38:27,-79.2184939985483,43.7693540001574,,,34.9975814756826,53.1163311732387,8569.47925107652,1406.53622838581,1
1048699,48331165,3,260,05:38:32,-79.218684,43.769811,1333,22,34.9975814756826,53.1163311755775,8622.5955822521,1412,1
1048699,48331165,3,261,05:38:32,-79.218684,43.769811,1333,22,1e-12,0,8622.5955822521,1412,1
1048699,48331165,3,262,05:38:41,-79.217614,43.770046,,,34.3464307285817,89.9036410805281,8712.49922333263,1421.4231948131,1
1048699,48331165,3,263,05:38:47,-79.2169585016275,43.7701945018731,,,34.3464307285817,55.2252690842608,8767.72449241689,1427.21159740649,1
1048699,48331165,3,264,05:38:53,-79.216303,43.770343,5151,23,34.3464307285817,55.2252690852705,8822.94976150216,1433,1
1048699,48331165,3,265,05:38:53,-79.216303,43.770343,5151,23,1e-12,0,8822.94976150216,1433,1
1048699,48331165,3,266,05:39:02,-79.2153045038231,43.7705720043462,,,35.6679038022015,84.2158839778621,8907.16564548002,1441.50000000004,1
1048699,48331165,3,267,05:39:10,-79.214306,43.770801,7879,24,35.6679038022015,84.2158839769793,8991.381529457,1450,1
1048699,48331165,3,268,05:39:10,-79.214306,43.770801,7879,24,1e-12,0,8991.381529457,1450,1
1048699,48331165,3,269,05:39:16,-79.2136420016709,43.770951501922,,,33.8867274686193,55.9432203923707,9047.32474984937,1455.94319984422,1
1048699,48331165,3,270,05:39:22,-79.212978,43.771102,,,33.8867274686193,55.9432203924271,9103.2679702418,1461.88639968844,1
1048699,48331165,3,271,05:39:24,-79.212776,43.771136,,,33.8867274686193,16.6730053114662,9119.94097555326,1463.65767781428,1
1048699,48331165,3,272,05:39:25,-79.2126,43.771153,,,33.8867274686193,14.2737271493187,9134.21470270258,1465.17406554411,1
1048699,48331165,3,273,05:39:27,-79.21238,43.771164,,,33.8867274686193,17.7269892819048,9151.94169198449,1467.05731501026,1
1048699,48331165,3,274,05:39:28,-79.212218,43.771179,,,33.8867274686193,13.1289459836315,9165.07063796812,1468.45208544316,1
1048699,48331165,3,275,05:39:30,-79.212037,43.771172,8900,25,33.8867274686193,14.5704885367653,9179.64112650488,1470,1
1048699,48331165,3,276,05:39:30,-79.212037,43.771172,8900,25,1e-12,0,9179.64112650488,1470,1
1048699,48331165,3,277,05:39:32,-79.211842,43.771167,,,31.6572202298486,15.6849033591261,9195.32602986401,1471.78365793594,1
1048699,48331165,3,278,05:39:42,-79.210719,43.771165,,,31.6572202298486,90.2723439294259,9285.59837379344,1482.04926040471,1
1048699,48331165,3,279,05:39:45,-79.210449,43.771162,,,31.6572202298486,21.7064514006411,9307.30482519408,1484.51767754541,1
1048699,48331165,3,280,05:39:46,-79.210307,43.771155,,,31.6572202298486,11.4412022447221,9318.7460274388,1485.818749711,1
1048699,48331165,3,281,05:39:47,-79.210131,43.771167,,,31.6572202298486,14.2106415077,9332.9566689465,1487.43475734074,1
1048699,48331165,3,282,05:39:49,-79.209914,43.771206,,,31.6572202298486,17.9756336280229,9350.93230257452,1489.47891284748,1
1048699,48331165,3,283,05:39:51,-79.209776,43.771236,,,31.6572202298486,11.5848760997419,9362.51717867426,1490.79632333571,1
1048699,48331165,3,284,05:39:52,-79.209669,43.771259,,,31.6572202298486,8.97414447241821,9371.49132314668,1491.81684629591,1
1048699,48331165,3,285,05:40:01,-79.208748,43.77145,,,31.6572202298486,77.0267755559328,9448.51809870261,1500.57618745057,1
1048699,48331165,3,286,05:40:02,-79.208796,43.771557,24828,26,31.6572202298486,12.5205409564795,9461.03863965909,1502,1
1048699,48331165,3,287,05:40:02,-79.208796,43.771557,24828,26,1e-12,0,9461.03863965909,1502,1
1048699,48331165,3,288,05:40:07,-79.208991,43.772045,,,40.0680987659939,56.5401499988902,9517.57878965798,1507.07996501618,1
1048699,48331165,3,289,05:40:09,-79.209056,43.772191,,,40.0680987659939,17.0718579795541,9534.65064763754,1508.61382089203,1
1048699,48331165,3,290,05:40:16,-79.209352,43.772864,,,40.0680987659939,78.605549956129,9613.25619759367,1515.67629674083,1
1048699,48331165,3,291,05:40:25,-79.2097082347466,43.7737175016598,,,40.0680987659939,99.2326231045264,9712.48882069819,1524.59205401852,1
1048699,48331165,3,292,05:40:34,-79.2100644796618,43.774571002213,,,40.0680987659939,99.2326231049997,9811.72144380319,1533.50781129626,1
1048699,48331165,3,293,05:40:42,-79.210420734746,43.7754245016598,,,40.0680987659939,99.2326231053071,9910.9540669085,1542.42356857402,1
1048699,48331165,3,294,05:40:51,-79.210777,43.776278,,,40.0680987659939,99.232623103885,10010.1866900124,1551.33932585166,1
1048699,48331165,3,295,05:40:56,-79.2109684985749,43.7767230001599,24830,27,40.0680987659939,51.8734311366172,10062.060121149,1556,1
1048699,48331165,3,296,05:40:56,-79.2109684985749,43.7767230001599,24830,27,1e-12,0,10062.060121149,1556,1
1048699,48331165,3,297,05:41:01,-79.21116,43.777168,,,37.4898913925304,51.8734311339835,10113.933552283,1560.98119213329,1
1048699,48331165,3,298,05:41:02,-79.211214,43.777288,,,37.4898913925304,14.0457729122061,10127.9793251952,1562.32994990787,1
1048699,48331165,3,299,05:41:03,-79.211237,43.777333,,,37.4898913925304,5.33960668700835,10133.3189318822,1562.84269036561,1
1048699,48331165,3,300,05:41:04,-79.211277,43.77741,,,37.4898913925304,9.15472153225323,10142.4736534145,1563.72178060279,1
1048699,48331165,3,301,05:41:05,-79.211367,43.77754,,,37.4898913925304,16.1788156931986,10158.6524691077,1565.27536569819,1
1048699,48331165,3,302,05:41:07,-79.211472,43.777659,,,37.4898913925304,15.706957682213,10174.3594267899,1566.78364021048,1
1048699,48331165,3,303,05:41:07,-79.211521,43.777707,,,37.4898913925304,6.63795247281482,10180.9973792627,1567.42105547136,1
1048699,48331165,3,304,05:41:08,-79.211607,43.777786,,,37.4898913925304,11.1856570605404,10192.1830363232,1568.49516809004,1
1048699,48331165,3,305,05:41:10,-79.211727,43.777871,,,37.4898913925304,13.5114863802997,10205.6945227035,1569.79262052755,1
1048699,48331165,3,306,05:41:11,-79.211822,43.777932,,,37.4898913925304,10.2183420070846,10215.9128647106,1570.77384586214,1
1048699,48331165,3,307,05:41:12,-79.211904,43.777975,,,37.4898913925304,8.14564422855307,10224.0585089392,1571.55603855819,1
1048699,48331165,3,308,05:41:12,-79.211962,43.778003,,,37.4898913925304,5.60781370540791,10229.6663226446,1572.09453383224,1
1048699,48331165,3,309,05:41:13,-79.212028,43.778041,,,37.4898913925304,6.7848974759361,10236.4512201205,1572.74605961709,1
1048699,48331165,3,310,05:41:13,-79.21209,43.778069,,,37.4898913925304,5.8777913854069,10242.3290115059,1573.31047973679,1
1048699,48331165,3,311,05:41:14,-79.21219,43.77811,,,37.4898913925304,9.24300349213975,10251.5720149981,1574.1980473273,1
1048699,48331165,3,312,05:41:15,-79.21226,43.77814,,,37.4898913925304,6.54276881777465,10258.1147838158,1574.82632249346,1
1048699,48331165,3,313,05:41:15,-79.21232,43.778162,,,37.4898913925304,5.40873874471686,10263.5235225605,1575.34570141822,1
1048699,48331165,3,314,05:41:16,-79.212393,43.778177,,,37.4898913925304,6.10037542357914,10269.6238979841,1575.93149536718,1
1048699,48331165,3,315,05:41:17,-79.212487,43.778201,,,37.4898913925304,8.01374104693592,10277.6376390311,1576.70102194348,1
1048699,48331165,3,316,05:41:17,-79.212559,43.778219,,,37.4898913925304,6.12410137904261,10283.7617404101,1577.28909419831,1
1048699,48331165,3,317,05:41:18,-79.212631,43.778229,,,37.4898913925304,5.89311356713777,10289.6548539772,1577.85498564407,1
1048699,48331165,3,318,05:41:19,-79.212714,43.778238,,,37.4898913925304,6.74595697278926,10296.40081095,1578.50277213264,1
1048699,48331165,3,319,05:41:19,-79.212791,43.778252,,,37.4898913925304,6.38210240723987,10302.7829133573,1579.11561916454,1
1048699,48331165,3,320,05:41:20,-79.212899,43.778261,,,37.4898913925304,8.7381484193938,10311.5210617767,1579.95470759989,1
1048699,48331165,3,321,05:41:21,-79.213005,43.778273,,,37.4898913925304,8.62385964361734,10320.1449214203,1580.78282135439,1
1048699,48331165,3,322,05:41:22,-79.213113,43.778274,,,37.4898913925304,8.68123451208336,10328.8261559324,1581.61644458142,1
1048699,48331165,3,323,05:41:22,-79.213201,43.778268,,,37.4898913925304,7.10448347626693,10335.9306394086,1582.29865889478,1
1048699,48331165,3,324,05:41:23,-79.213291,43.77827,,,37.4898913925304,7.23719319195748,10343.1678326006,1582.99361677605,1
1048699,48331165,3,325,05:41:23,-79.213337,43.778266,,,37.4898913925304,3.72397608854964,10346.8918086891,1583.35121487572,1
1048699,48331165,3,326,05:41:24,-79.213382,43.778265,,,37.4898913925304,3.61859680759445,10350.5104054967,1583.69869383667,1
1048699,48331165,3,327,05:41:24,-79.213449,43.778262,,,37.4898913925304,5.39548402929953,10355.905889526,1584.21679996566,1
1048699,48331165,3,328,05:41:25,-79.213552,43.778253,,,37.4898913925304,8.33904974796472,10364.244939274,1585.01756459787,1
1048699,48331165,3,329,05:41:26,-79.213661,43.778246,,,37.4898913925304,8.79548570783183,10373.0404249818,1585.86215889708,1
1048699,48331165,3,330,05:41:27,-79.213786,43.778249,,,37.4898913925304,10.0524522403393,10383.0928772222,1586.82745452001,1
1048699,48331165,3,331,05:41:28,-79.213893,43.778237,,,37.4898913925304,8.70327704757011,10391.7961542697,1587.66319440102,1
1048699,48331165,3,332,05:41:29,-79.214047,43.778231,,,37.4898913925304,12.3957953843131,10404.191949654,1588.85351162323,1
1048699,48331165,3,333,05:41:29,-79.214125,43.778228,,,37.4898913925304,6.27815813955379,10410.4701077936,1589.45637731483,1
1048699,48331165,3,334,05:41:30,-79.214229,43.778231,,,37.4898913925304,8.36569460743545,10418.835802401,1590.25970054326,1
1048699,48331165,3,335,05:41:31,-79.214332,43.778248,,,37.4898913925304,8.49219252972461,10427.3279949308,1591.07517084662,1
1048699,48331165,3,336,05:41:32,-79.214432,43.778251,,,37.4898913925304,8.04445742780397,10435.3724523586,1591.84764699058,1
1048699,48331165,3,337,05:41:33,-79.21452,43.778258,,,37.4898913925304,7.11581403971963,10442.4882663983,1592.53094933133,1
1048699,48331165,3,338,05:41:33,-79.214586,43.778267,,,37.4898913925304,5.39854349315905,10447.8868098914,1593.04934924804,1
1048699,48331165,3,339,05:41:34,-79.214664,43.778283,,,37.4898913925304,6.51736457353186,10454.404174465,1593.67518494916,1
1048699,48331165,3,340,05:41:34,-79.214713,43.77829,,,37.4898913925304,4.01473218288913,10458.4189066479,1594.06070316011,1
1048699,48331165,3,341,05:41:34,-79.214759,43.778297,,,37.4898913925304,3.77848160084435,10462.1973882487,1594.42353519984,1
1048699,48331165,3,342,05:41:35,-79.214859,43.778319,,,37.4898913925304,8.40234388120054,10470.5997321299,1595.23037770721,1
1048699,48331165,3,343,05:41:36,-79.214949,43.77835,24832,28,37.4898913925304,8.01473782498744,10478.6144699549,1596,1
1048699,48331165,3,344,05:41:36,-79.214949,43.77835,24832,28,1e-12,0,10478.6144699549,1596,1
1048699,48331165,3,345,05:41:37,-79.215055,43.778383,,,39.896780616681,9.27799444858067,10487.8924644035,1596.83717983002,1
1048699,48331165,3,346,05:41:37,-79.215131,43.778408,,,39.896780616681,6.71258642970006,10494.6050508332,1597.44287559728,1
1048699,48331165,3,347,05:41:38,-79.215231,43.778437,,,39.896780616681,8.66158701450345,10503.2666378477,1598.22443523117,1
1048699,48331165,3,348,05:41:39,-79.21534,43.778472,,,39.896780616681,9.58817337513216,10512.8548112228,1599.08960338802,1
1048699,48331165,3,349,05:41:40,-79.21543,43.778508,,,39.896780616681,8.26964811650598,10521.1244593393,1599.83579726029,1
1048699,48331165,3,350,05:41:41,-79.21552,43.778549,,,39.896780616681,8.5532417109373,10529.6777010503,1600.60758058926,1
1048699,48331165,3,351,05:41:41,-79.215609,43.778592,,,39.896780616681,8.60716979771793,10538.284870848,1601.38423000289,1
1048699,48331165,3,352,05:41:43,-79.215759,43.778653,,,39.896780616681,13.8370120447464,10552.1218828927,1602.63278295857,1
1048699,48331165,3,353,05:41:44,-79.215866,43.778705,,,39.896780616681,10.3667519990755,10562.4886348918,1603.5682044793,1
1048699,48331165,3,354,05:41:44,-79.215954,43.778758,,,39.896780616681,9.21064663067058,10571.6992815225,1604.39930732414,1
1048699,48331165,3,355,05:41:45,-79.216062,43.778821,,,39.896780616681,11.1594848979782,10582.8587664204,1605.40625938924,1
1048699,48331165,3,356,05:41:46,-79.216167,43.778877,,,39.896780616681,10.4920647616508,10593.3508311821,1606.35298823698,1
1048699,48331165,3,357,05:41:48,-79.216294,43.778951,,,39.896780616681,13.1168832069924,10606.4677143891,1607.53656191925,1
1048699,48331165,3,358,05:41:48,-79.21638,43.779003,,,39.896780616681,9.015894336664,10615.4836087258,1608.35009171063,1
1048699,48331165,3,359,05:41:49,-79.216447,43.779043,,,39.896780616681,6.98757678809656,10622.4711855138,1608.98060064014,1
1048699,48331165,3,360,05:41:49,-79.216493,43.779069,,,39.896780616681,4.69535693544743,10627.1665424493,1609.40427605219,1
1048699,48331165,3,361,05:41:50,-79.216519,43.779083,,,39.896780616681,2.60687483736766,10629.7734172867,1609.63950178393,1
1048699,48331165,3,362,05:41:50,-79.216595,43.779131,,,39.896780616681,8.11567281525235,10637.8890901019,1610.37180202679,1
1048699,48331165,3,363,05:41:51,-79.216664,43.779196,,,39.896780616681,9.116593858925,10647.0056839608,1611.19441822251,1
1048699,48331165,3,364,05:41:52,-79.21674,43.779252,,,39.896780616681,8.72778135212058,10655.733465313,1611.98195075977,1
1048699,48331165,3,365,05:41:53,-79.216803,43.779314,,,39.896780616681,8.56005341822968,10664.2935187312,1612.75434872846,1
1048699,48331165,3,366,05:41:54,-79.216864,43.779376,,,39.896780616681,8.46595512898289,10672.7594738602,1613.51825594085,1
1048699,48331165,3,367,05:41:54,-79.216872,43.779385,,,39.896780616681,1.19045790057213,10673.9499317607,1613.62567434343,1
1048699,48331165,3,368,05:41:54,-79.21692,43.779437,,,39.896780616681,6.9564154088655,10680.9063471696,1614.25337149305,1
1048699,48331165,3,369,05:41:55,-79.216976,43.7795,,,39.896780616681,8.33320174024776,10689.2395489099,1615.00529998956,1
1048699,48331165,3,370,05:41:56,-79.217044,43.779586,24834,29,39.896780616681,11.023702248819,10700.2632511587,1616,1
1048699,48331165,3,371,05:41:56,-79.217044,43.779586,24834,29,1e-12,0,10700.2632511587,1616,1
1048699,48331165,3,372,05:41:57,-79.217095,43.77966,,,36.6349505176526,9.20113572165584,10709.4643868803,1616.9041663256,1
1048699,48331165,3,373,05:41:58,-79.217142,43.779752,,,36.6349505176526,10.9158585863225,10720.3802454667,1617.97683301016,1
1048699,48331165,3,374,05:42:03,-79.2165467542711,43.7798950046339,,,36.6349505176526,50.4207698372665,10770.8010153039,1622.93152160259,1
1048699,48331165,3,375,05:42:08,-79.2159515056947,43.7800380061785,,,36.6349505176526,50.4207698375065,10821.2217851414,1627.88621019505,1
1048699,48331165,3,376,05:42:13,-79.215356254271,43.7801810046339,,,36.6349505176526,50.4207698371236,10871.6425549786,1632.84089878746,1
1048699,48331165,3,377,05:42:18,-79.214761,43.780324,,,36.6349505176526,50.4207698366411,10922.0633248152,1637.79558737984,1
1048699,48331165,3,378,05:42:25,-79.2139090028857,43.7805265031645,,,36.6349505176526,72.0920355279082,10994.1553603431,1644.87984228487,1
1048699,48331165,3,379,05:42:32,-79.213057,43.780729,,,36.6349505176526,72.0920355283532,11066.2473958715,1651.96409718995,1
1048699,48331165,3,380,05:42:36,-79.212629,43.780831,,,36.6349505176526,36.2246810016309,11102.4720768731,1655.52378131026,1
1048699,48331165,3,381,05:42:41,-79.211919,43.781001,,,36.6349505176526,60.1199988143765,11162.5920756875,1661.43158226737,1
1048699,48331165,3,382,05:42:46,-79.21139,43.781129,,,36.6349505176526,44.8406407251445,11207.4327164126,1665.8379293302,1
1048699,48331165,3,383,05:42:48,-79.21117,43.78118,,,36.6349505176526,18.5707791419452,11226.0034955546,1667.66282069668,1
1048699,48331165,3,384,05:42:54,-79.210365,43.781364,,,36.6349505176526,67.863667058089,11293.8671626126,1674.33156728858,1
1048699,48331165,3,385,05:43:00,-79.2096530019412,43.7815270022099,,,36.6349505176526,60.0319299237832,11353.8990925364,1680.23071399608,1
1048699,48331165,3,386,05:43:06,-79.208941,43.78169,,,36.6349505176526,60.0319299237789,11413.9310224602,1686.12986070358,1
1048699,48331165,3,387,05:43:14,-79.2079815036191,43.7819155040134,,,36.6349505176526,81.0981329403797,11495.0291554006,1694.09911614026,1
1048699,48331165,3,388,05:43:22,-79.207022,43.782141,,,36.6349505176526,81.0981329408534,11576.1272883414,1702.06837157699,1
1048699,48331165,3,389,05:43:22,-79.206972,43.782153,,,36.6349505176526,4.23471232364445,11580.3620006651,1702.48450328045,1
1048699,48331165,3,390,05:43:31,-79.2059735037412,43.7823770043463,,,36.6349505176526,84.0339451520671,11664.3959458171,1710.74225164022,1
1048699,48331165,3,391,05:43:39,-79.204975,43.782601,2876,30,36.6349505176526,84.0339451521469,11748.4298909693,1719,1
1048699,48331165,3,392,05:43:39,-79.204975,43.782601,2876,30,1e-12,0,11748.4298909693,1719,1
1048699,48331165,3,393,05:43:39,-79.204958,43.782605,,,37.2709331002764,1.43700788470279,11749.866898854,1719.13880061363,1
1048699,48331165,3,394,05:43:48,-79.2039085043888,43.7828550048016,,,37.2709331002764,88.8198677957037,11838.6867666497,1727.71791300677,1
1048699,48331165,3,395,05:43:56,-79.202859,43.783105,,,37.2709331002764,88.8198677963248,11927.506634446,1736.29702539997,1
1048699,48331165,3,396,05:44:02,-79.2021617556421,43.7832662563581,,,37.2709331002764,58.8415832451105,11986.3482176911,1741.98053482842,1
1048699,48331165,3,397,05:44:08,-79.2014645075228,43.7834275084774,,,37.2709331002764,58.8415832449596,12045.1898009361,1747.66404425685,1
1048699,48331165,3,398,05:44:13,-79.200767255642,43.7835887563581,,,37.2709331002764,58.8415832453815,12104.0313841815,1753.34755368532,1
1048699,48331165,3,399,05:44:19,-79.20007,43.78375,,,37.2709331002764,58.8415832434555,12162.8729674249,1759.03106311361,1
1048699,48331165,3,400,05:44:24,-79.1994090051333,43.7839047557141,,,37.2709331002764,55.8461925167064,12218.7191599416,1764.42524770564,1
1048699,48331165,3,401,05:44:30,-79.1987480068443,43.7840595076189,,,37.2709331002764,55.8461925177528,12274.5653524594,1769.81943229777,1
1048699,48331165,3,402,05:44:35,-79.1980870051332,43.7842142557142,,,37.2709331002764,55.8461925169064,12330.4115449763,1775.21361688982,1
1048699,48331165,3,403,05:44:41,-79.197426,43.784369,,,37.2709331002764,55.8461925150618,12386.2577374914,1780.6078014817,1
1048699,48331165,3,404,05:44:46,-79.196823,43.784509,,,37.2709331002764,50.9055581077057,12437.1632955991,1785.52477012036,1
1048699,48331165,3,405,05:44:51,-79.196128001866,43.7846695021057,,,37.2709331002764,58.6428045976389,12495.8061001967,1791.1890795162,1
1048699,48331165,3,406,05:44:57,-79.195433,43.78483,,,37.2709331002764,58.6428045968225,12554.4489047935,1796.85338891195,1
1048699,48331165,3,407,05:45:05,-79.1943875044948,43.7850870047651,,,37.2709331002764,88.7597492717953,12643.2086540653,1805.42669445595,1
1048699,48331165,3,408,05:45:14,-79.193342,43.785344,4924,31,37.2709331002764,88.759749272378,12731.9684033377,1814,1
1048699,48331165,3,409,05:45:14,-79.193342,43.785344,4924,31,1e-12,0,12731.9684033377,1814,1
1048699,48331165,3,410,05:45:19,-79.1927015049101,43.7854967553652,,,35.7577040840584,54.2098358954385,12786.1782392331,1819.45771643405,1
1048699,48331165,3,411,05:45:25,-79.1920610065467,43.7856495071536,,,35.7577040840584,54.2098358984057,12840.3880751315,1824.91543286841,1
1048699,48331165,3,412,05:45:30,-79.19142050491,43.7858022553652,,,35.7577040840584,54.2098358968177,12894.5979110284,1830.3731493026,1
1048699,48331165,3,413,05:45:36,-79.19078,43.785955,,,35.7577040840584,54.2098358966645,12948.807746925,1835.83086573677,1
1048699,48331165,3,414,05:45:41,-79.1901625048268,43.7861107549868,,,35.7577040840584,52.5666415766595,13001.3743885017,1841.12314930261,1
1048699,48331165,3,415,05:45:46,-79.1895450064357,43.7862665066491,,,35.7577040840584,52.5666415763926,13053.9410300781,1846.41543286841,1
1048699,48331165,3,416,05:45:52,-79.1889275048268,43.7864222549868,,,35.7577040840584,52.5666415761756,13106.5076716543,1851.7077164342,1
1048699,48331165,3,417,05:45:57,-79.18831,43.786578,8000,32,35.7577040840584,52.566641576366,13159.0743132306,1857,1
1048699,48331165,3,418,05:45:57,-79.18831,43.786578,8000,32,1e-12,0,13159.0743132306,1857,1
1048699,48331165,3,419,05:46:11,-79.1874579826399,43.7861720094936,,,20.9284564240591,82.0423158006062,13241.1166290312,1871.11247589873,1
1048699,48331165,3,420,05:46:25,-79.1866059768532,43.785766012658,,,20.9284564240591,82.0423158010097,13323.1589448322,1885.22495179753,1
1048699,48331165,3,421,05:46:39,-79.18575398264,43.7853600094935,,,20.9284564240591,82.04231579964,13405.2012606319,1899.3374276961,1
1048699,48331165,3,422,05:46:53,-79.184902,43.784954,,,20.9284564240591,82.0423157999341,13487.2435764318,1913.44990359471,1
1048699,48331165,3,423,05:46:56,-79.185019,43.784826,,,20.9284564240591,17.0717520974374,13504.3153285292,1916.38649415378,1
1048699,48331165,3,424,05:46:57,-79.185075,43.784794,,,20.9284564240591,5.73969565184484,13510.0550241811,1917.37380558889,1
1048699,48331165,3,425,05:46:58,-79.185131,43.784779,,,20.9284564240591,4.80030112600525,13514.8553253071,1918.19952745311,1
1048699,48331165,3,426,05:46:58,-79.185149,43.784771,,,20.9284564240591,1.69874372581848,13516.5540690329,1918.4917361707,1
1048699,48331165,3,427,05:46:59,-79.185183,43.784754,,,20.9284564240591,3.32379809025668,13519.8778671232,1919.06347796008,1
1048699,48331165,3,428,05:47:00,-79.185233,43.784721,14923,33,20.9284564240591,5.44443352848234,13525.3223006517,1920,1
1048699,48331165,3,429,05:47:00,-79.185233,43.784721,14923,33,1e-12,0,13525.3223006517,1920,1
1048699,48331165,3,430,,-79.185569,43.784345,,,,49.8107449842343,13575.1330456359,,1
