shape_id,trip_id,route_type,id,timestamp,shape_pt_lon,shape_pt_lat,stop_id,stop_sequence,speed,dist,cumdist,cumtime,trip_number
1048570,48328070,3,1,,-79.285352,43.681404,,,1e-12,0,0,0,1
1048570,48328070,3,2,,-79.285217,43.681445,,,,11.7876632290654,11.7876632290654,,1
1048570,48328070,3,3,,-79.285083,43.681479,,,,11.4323938190089,23.2200570480743,,1
1048570,48328070,3,4,05:31:34,-79.284531,43.681605,3243,1,,46.5998334539141,69.8198905019884,,1
1048570,48328070,3,5,05:31:34,-79.284531,43.681605,3243,1,1e-12,0,69.8198905019884,0,1
1048570,48328070,3,6,05:31:37,-79.284471,43.681612,,,5.57773321918583,4.89275154127445,74.7126420432628,3.15789673984427,1
1048570,48328070,3,7,05:31:39,-79.284428,43.681608,,,5.57773321918583,3.49023606716527,78.2028781104281,5.4105770578228,1
1048570,48328070,3,8,05:31:43,-79.284367,43.681589,,,5.57773321918583,5.34691936814829,83.5497974785764,8.86160437822655,1
1048570,48328070,3,9,05:32:15,-79.284191,43.681158,,,5.57773321918583,50.0271378584615,133.576935337038,41.150293925259,1
1048570,48328070,3,10,05:32:42,-79.284047,43.680804,,,5.57773321918583,41.0769221698006,174.653857506839,67.6623040914368,1
1048570,48328070,3,11,05:32:51,-79.283874,43.680824,,,5.57773321918583,14.1043797839141,188.758237290753,76.765602013151,1
1048570,48328070,3,12,05:32:59,-79.283712,43.680849,,,5.57773321918583,13.3356018745231,202.093839165276,85.3727126191492,1
1048570,48328070,3,13,05:33:07,-79.283566,43.68086,2966,2,5.57773321918583,11.8174928323468,213.911331997622,93,1
1048570,48328070,3,14,05:33:07,-79.283566,43.68086,2966,2,1e-12,0,213.911331997622,93,1
1048570,48328070,3,15,05:33:09,-79.283417,43.680874,,,20.2535024914334,12.0962126056114,226.007544603234,95.1500659156914,1
1048570,48328070,3,16,05:33:12,-79.283241,43.6809,,,20.2535024914334,14.4616419465556,240.469186549789,97.7205798813435,1
1048570,48328070,3,17,05:33:14,-79.283059,43.680932,,,20.2535024914334,15.0788909885015,255.548077538291,100.400808033564,1
1048570,48328070,3,18,05:33:17,-79.282906,43.680971,,,20.2535024914334,13.060117990087,268.608195528378,102.722205272595,1
1048570,48328070,3,19,05:33:19,-79.282735,43.681023,,,20.2535024914334,14.934005555282,283.54220108366,105.376680468761,1
1048570,48328070,3,20,05:33:24,-79.282459,43.681104,,,20.2535024914334,23.9794523252936,307.521653408953,109.638957001305,1
1048570,48328070,3,21,05:33:36,-79.281655,43.681356,,,20.2535024914334,70.5439987203606,378.065652129314,122.177943554407,1
1048570,48328070,3,22,05:33:40,-79.281405,43.681424,8892,3,20.2535024914334,21.5027860397812,399.568438169095,126,1
1048570,48328070,3,23,05:33:40,-79.281405,43.681424,8892,3,1e-12,0,399.568438169095,126,1
1048570,48328070,3,24,05:33:41,-79.281332,43.681451,,,18.5077204193882,6.60087443188389,406.169312600979,127.283958662456,1
1048570,48328070,3,25,05:33:49,-79.280892,43.681615,,,18.5077204193882,39.8501187940708,446.01943139505,135.035341566877,1
1048570,48328070,3,26,05:34:00,-79.280281,43.681849,,,18.5077204193882,55.6600662308951,501.679497625945,145.861971421374,1
1048570,48328070,3,27,05:34:05,-79.280009,43.681954,,,18.5077204193882,24.8216038870235,526.501101512969,150.690106489789,1
1048570,48328070,3,28,05:34:15,-79.279431,43.682182,2600,4,18.5077204193882,53.0035074001791,579.504608913148,161,1
1048570,48328070,3,29,05:34:15,-79.279431,43.682182,2600,4,1e-12,0,579.504608913148,161,1
1048570,48328070,3,30,05:34:18,-79.279228,43.68225,,,20.1427349949147,18.0103649552745,597.514973868422,164.218893256321,1
1048570,48328070,3,31,05:34:22,-79.279028,43.682332,,,20.1427349949147,18.5083877854688,616.023361653891,167.526795388008,1
1048570,48328070,3,32,05:34:26,-79.278781,43.682434,,,20.1427349949147,22.8980199734368,638.921381627328,171.619232285241,1
1048570,48328070,3,33,05:34:29,-79.278554,43.682539,,,20.1427349949147,21.6927355225324,660.61411714986,175.496255336025,1
1048570,48328070,3,34,05:34:33,-79.278342,43.682657,,,20.1427349949147,21.5365193851518,682.150636535012,179.345358737629,1
1048570,48328070,3,35,05:34:37,-79.278164,43.682752,,,20.1427349949147,17.8094468132326,699.960083348245,182.528343001873,1
1048570,48328070,3,36,05:34:40,-79.277966,43.682878,,,20.1427349949147,21.2322637742565,721.192347122501,186.323068475182,1
1048570,48328070,3,37,05:34:46,-79.277681,43.683078,,,20.1427349949147,31.970002350319,753.16234947282,192.03689077837,1
1048570,48328070,3,38,05:34:54,-79.277265,43.683369,,,20.1427349949147,46.5928639464529,799.755213419273,200.364176534231,1
1048570,48328070,3,39,05:35:00,-79.277002,43.68355,,,20.1427349949147,29.2273141181507,828.982527537424,205.587813287229,1
1048570,48328070,3,40,05:35:09,-79.2765445024671,43.6838735009123,,,20.1427349949147,51.5099718939887,880.492499431412,214.793906643726,1
1048570,48328070,3,41,05:35:18,-79.276087,43.684197,2801,5,20.1427349949147,51.5099718927423,932.002471324155,224,1
1048570,48328070,3,42,05:35:18,-79.276087,43.684197,2801,5,1e-12,0,932.002471324155,224,1
1048570,48328070,3,43,05:35:35,-79.275268,43.684774,,,19.1594857621248,92.0461282731507,1024.04859959731,241.29514382053,1
1048570,48328070,3,44,05:35:40,-79.27502,43.684939,,,19.1594857621248,27.1282290479316,1051.17682864524,246.392442661693,1
1048570,48328070,3,45,05:35:54,-79.274377,43.685394,15031,6,19.1594857621248,72.4205003001655,1123.5973289454,260,1
1048570,48328070,3,46,05:35:54,-79.274377,43.685394,15031,6,1e-12,0,1123.5973289454,260,1
1048570,48328070,3,47,05:36:10,-79.273599,43.685935,,,20.0063338597186,86.8864870897436,1210.48381603515,275.634616302833,1
1048570,48328070,3,48,05:36:26,-79.272787,43.686498,,,20.0063338597186,90.5564973834052,1301.04031341855,291.929625316786,1
1048570,48328070,3,49,05:36:32,-79.272492,43.686687,,,20.0063338597186,31.7265821887781,1332.76689560733,297.638602117856,1
1048570,48328070,3,50,05:36:48,-79.271683,43.687231,,,20.0063338597186,88.9281740331991,1421.69506964053,313.64060572153,1
1048570,48328070,3,51,05:37:03,-79.270905,43.687752,4720,7,20.0063338597186,85.3569916161478,1507.05206125668,329,1
1048570,48328070,3,52,05:37:03,-79.270905,43.687752,4720,7,1e-12,0,1507.05206125668,329,1
1048570,48328070,3,53,05:37:12,-79.2704390024084,43.6880620009465,,,20.412276883573,50.970303149065,1558.02236440574,337.989349516629,1
1048570,48328070,3,54,05:37:21,-79.269973,43.688372,,,20.412276883573,50.9703031481806,1608.99266755392,346.978699033101,1
1048570,48328070,3,55,05:37:36,-79.269202,43.688896,8516,8,20.412276883573,85.1719318021733,1694.1645993561,362,1
1048570,48328070,3,56,05:37:36,-79.269202,43.688896,8516,8,1e-12,0,1694.1645993561,362,1
1048570,48328070,3,57,05:37:51,-79.268555,43.689314,,,17.0244394349575,69.8393586652148,1764.00395802131,376.768280163076,1
1048570,48328070,3,58,05:37:55,-79.268378,43.689421,,,17.0244394349575,18.5706457208963,1782.57460374221,380.695242037542,1
1048570,48328070,3,59,05:37:57,-79.26829,43.689497,,,17.0244394349575,11.0341531919529,1793.60875693416,383.02853187318,1
1048570,48328070,3,60,05:38:05,-79.267943,43.689709,,,17.0244394349575,36.5666114013603,1830.17536833552,390.760933374436,1
1048570,48328070,3,61,05:38:12,-79.267628,43.689884,,,17.0244394349575,31.9751984914867,1862.15056682701,397.522431455423,1
1048570,48328070,3,62,05:38:17,-79.267372,43.690025,9456,9,17.0244394349575,25.9034816494384,1888.05404847644,403,1
1048570,48328070,3,63,05:38:17,-79.267372,43.690025,9456,9,1e-12,0,1888.05404847644,403,1
1048570,48328070,3,64,05:38:20,-79.2672,43.690115,,,20.2682250534091,17.0896742611967,1905.14372273764,406.035432415921,1
1048570,48328070,3,65,05:38:29,-79.266712,43.690386,,,20.2682250534091,49.5284099524796,1954.67213269012,414.832565631044,1
1048570,48328070,3,66,05:38:36,-79.266333,43.69059,,,20.2682250534091,38.0312600348715,1992.70339272499,421.587598978303,1
1048570,48328070,3,67,05:38:50,-79.2655480057656,43.691030502686,,,20.2682250534091,79.9817969742365,2072.68518969923,435.793799489128,1
1048570,48328070,3,68,05:39:04,-79.264763,43.691471,1190,10,20.2682250534091,79.9817969745014,2152.66698667373,450,1
1048570,48328070,3,69,05:39:04,-79.264763,43.691471,1190,10,1e-12,0,2152.66698667373,450,1
1048570,48328070,3,70,05:39:05,-79.264722,43.691492,,,10.5023682583364,4.04424990066579,2156.7112365744,451.386287291044,1
1048570,48328070,3,71,05:39:19,-79.26434,43.691704,,,10.5023682583364,38.7604733206199,2195.47170989502,464.672595723761,1
1048570,48328070,3,72,05:39:33,-79.263939,43.691932,,,10.5023682583364,41.0608465772941,2236.53255647231,478.747425708981,1
1048570,48328070,3,73,05:39:41,-79.263713,43.69207,,,10.5023682583364,23.8097800775738,2260.34233654988,486.908938062276,1
1048570,48328070,3,74,05:39:52,-79.263418,43.692253,,,10.5023682583364,31.2859760756607,2291.62831262554,497.633139604436,1
1048570,48328070,3,75,05:40:04,-79.263085,43.692484,,,10.5023682583364,37.1439267458404,2328.77223937138,510.365328478015,1
1048570,48328070,3,76,05:40:23,-79.262595,43.692838,,,10.5023682583364,55.7534586345549,2384.52569800594,529.47648951782,1
1048570,48328070,3,77,05:40:34,-79.262333,43.693046,,,10.5023682583364,31.3184672706617,2415.8441652766,540.211828386259,1
1048570,48328070,3,78,05:40:57,-79.262561,43.69362,8107,11,10.5023682583364,66.4804917282442,2482.32465700485,563,1
1048570,48328070,3,79,05:40:57,-79.262561,43.69362,8107,11,1e-12,0,2482.32465700485,563,1
1048570,48328070,3,80,05:41:24,-79.262748498604,43.6940665001532,,,6.80364371048797,51.9447576692512,2534.2694146741,590.485438033893,1
1048570,48328070,3,81,05:41:52,-79.262936,43.694513,,,6.80364371048797,51.944757669326,2586.21417234342,617.970876067826,1
1048570,48328070,3,82,05:42:14,-79.263096,43.694868,,,6.80364371048797,41.5637844845914,2627.77795682801,639.96344806478,1
1048570,48328070,3,83,05:42:25,-79.263163,43.695049,4872,12,6.80364371048797,20.8579908776483,2648.63594770566,651,1
1048570,48328070,3,84,05:42:25,-79.263163,43.695049,4872,12,1e-12,0,2648.63594770566,651,1
1048570,48328070,3,85,05:43:16,-79.263461,43.695753,,,5.78622490272867,81.9571051391434,2730.59305284481,701.991031883634,1
1048570,48328070,3,86,05:44:06,-79.263756,43.696443,,,5.78622490272867,80.3964342388149,2810.98948708362,752.011065346773,1
1048570,48328070,3,87,05:44:46,-79.263999,43.696993,7686,13,5.78622490272867,64.273602645581,2875.2630897292,792,1
1048570,48328070,3,88,05:44:46,-79.263999,43.696993,7686,13,1e-12,0,2875.2630897292,792,1
1048570,48328070,3,89,05:44:57,-79.26311,43.697321,,,26.055066712504,80.3283586681161,2955.59144839732,803.098881242413,1
1048570,48328070,3,90,05:45:05,-79.2624595027013,43.6975700018444,,,26.055066712504,59.2395152963372,3014.83096369365,811.283940118676,1
1048570,48328070,3,91,05:45:13,-79.261809,43.697819,,,26.055066712504,59.2395152937531,3074.07047898741,819.468998994582,1
1048570,48328070,3,92,05:45:25,-79.2609010051714,43.6981605035937,,,26.055066712504,82.3749765799705,3156.44545556738,830.850659189894,1
1048570,48328070,3,93,05:45:36,-79.259993,43.698502,,,26.055066712504,82.3749765784736,3238.82043214585,842.232319384998,1
1048570,48328070,3,94,05:45:42,-79.259551,43.698658,,,26.055066712504,39.5856216712505,3278.4060538171,847.701821328285,1
1048570,48328070,3,95,05:45:44,-79.259351,43.698719,,,26.055066712504,17.4701300581862,3295.87618387529,850.115650043576,1
1048570,48328070,3,96,05:45:47,-79.259081,43.698804,,,26.055066712504,23.7008725250488,3319.57705640034,853.390373613915,1
1048570,48328070,3,97,05:45:51,-79.258795,43.698915,14779,14,26.055066712504,26.1247378601871,3345.70179426052,857,1
1048570,48328070,3,98,05:45:51,-79.258795,43.698915,14779,14,1e-12,0,3345.70179426052,857,1
1048570,48328070,3,99,05:45:53,-79.258579,43.699002,,,33.2029127352772,19.8997640450368,3365.60155830556,859.157616445681,1
1048570,48328070,3,100,05:45:56,-79.258286,43.699136,,,33.2029127352772,27.9030418956053,3393.50460020117,862.182982070229,1
1048570,48328070,3,101,05:45:59,-79.258065,43.699251,,,33.2029127352772,21.914387192528,3415.4189873937,864.559032464424,1
1048570,48328070,3,102,05:46:01,-79.257825,43.699382,,,33.2029127352772,24.2022347881053,3439.6212221818,867.183140955503,1
1048570,48328070,3,103,05:46:03,-79.257632,43.69948,,,33.2029127352772,18.9811100042906,3458.60233218609,869.241153051016,1
1048570,48328070,3,104,05:46:05,-79.257502,43.699562,,,33.2029127352772,13.884828983855,3472.48716116995,870.746604838948,1
1048570,48328070,3,105,05:46:08,-79.257232,43.699719,,,33.2029127352772,27.886129654987,3500.37329082493,873.770136766955,1
1048570,48328070,3,106,05:46:10,-79.256987,43.699857,,,33.2029127352772,24.9956702631314,3525.36896108806,876.480272882564,1
1048570,48328070,3,107,05:46:13,-79.256745,43.699995,,,33.2029127352772,24.805618289079,3550.17457937714,879.16980276064,1
1048570,48328070,3,108,05:46:21,-79.2560235050181,43.7004120022691,,,33.2029127352772,74.3405457559812,3624.51512513312,887.230118638806,1
1048570,48328070,3,109,05:46:29,-79.255302,43.700829,,,33.2029127352772,74.3405457558299,3698.85567088895,895.290434516956,1
1048570,48328070,3,110,05:46:32,-79.255071,43.700962,,,33.2029127352772,23.765857220058,3722.62152810901,897.867229109477,1
1048570,48328070,3,111,05:46:33,-79.254967,43.701028,,,33.2029127352772,11.1370326575718,3733.75856076658,899.074753216983,1
1048570,48328070,3,112,05:46:34,-79.254857,43.701107,,,33.2029127352772,12.4783244737523,3746.23688524034,900.427705846883,1
1048570,48328070,3,113,05:46:36,-79.254752,43.701183,,,33.2029127352772,11.9575702372774,3758.19445547761,901.724196103548,1
1048570,48328070,3,114,05:46:37,-79.254659,43.701267,,,33.2029127352772,11.9773189481867,3770.1717744258,903.02282759884,1
1048570,48328070,3,115,05:46:38,-79.254555,43.701356,,,33.2029127352772,12.9695929089894,3783.14136733479,904.429045626897,1
1048570,48328070,3,116,05:46:40,-79.254448,43.701449,,,33.2029127352772,13.4659320944498,3796.60729942924,905.889078845264,1
1048570,48328070,3,117,05:46:41,-79.254354,43.701558,,,33.2029127352772,14.2988930630029,3810.90619249224,907.439425209067,1
1048570,48328070,3,118,05:46:43,-79.254287,43.70165,,,33.2029127352772,11.5741180683848,3822.48031056063,908.694339962432,1
1048570,48328070,3,119,05:46:45,-79.254139,43.701813,,,33.2029127352772,21.7050611123824,3844.18537167301,911.047694339126,1
1048570,48328070,3,120,05:46:47,-79.254007,43.701945,,,33.2029127352772,18.1319705410224,3862.31734221403,913.01363914849,1
1048570,48328070,3,121,05:46:48,-79.253923,43.702042,,,33.2029127352772,12.7395395663715,3875.0568817804,914.394913821727,1
1048570,48328070,3,122,05:46:49,-79.253869,43.702103,,,33.2029127352772,8.06204762281607,3883.11892940322,915.269035067461,1
1048570,48328070,3,123,05:46:53,-79.253671,43.702398,,,33.2029127352772,36.5010256495022,3919.61995505272,919.226630396096,1
1048570,48328070,3,124,05:47:02,-79.253235,43.70303,,,33.2029127352772,78.61825573639,3998.23821078911,927.750753653219,1
1048570,48328070,3,125,05:47:03,-79.253159,43.703147,,,33.2029127352772,14.3889634599811,4012.62717424909,929.31086582979,1
1048570,48328070,3,126,05:47:03,-79.253155,43.703153,,,33.2029127352772,0.741441501507085,4013.3686157506,929.391256048163,1
1048570,48328070,3,127,05:47:05,-79.253055,43.703282,,,33.2029127352772,16.4614594027788,4029.83007515338,931.176076986088,1
1048570,48328070,3,128,05:47:07,-79.252995,43.703404,,,33.2029127352772,14.4138080654958,4044.24388321887,932.738882919697,1
1048570,48328070,3,129,05:47:08,-79.252941,43.703541,,,33.2029127352772,15.85783662645,4060.10171984533,934.458256527379,1
1048570,48328070,3,130,05:47:10,-79.252879,43.703672,,,33.2029127352772,15.4128039767302,4075.51452382206,936.129377816003,1
1048570,48328070,3,131,05:47:12,-79.25282,43.703821,2802,15,33.2029127352772,17.2528069822055,4092.76733080426,938,1
1048570,48328070,3,132,05:47:12,-79.25282,43.703821,2802,15,1e-12,0,4092.76733080426,938,1
1048570,48328070,3,133,05:47:13,-79.252784,43.703907,,,35.5941580257595,10.0022330425925,4102.76956384685,939.011627776875,1
1048570,48328070,3,134,05:47:14,-79.252772,43.703953,,,35.5941580257595,5.2109606847441,4107.9805245316,939.53866534443,1
1048570,48328070,3,135,05:47:22,-79.2523495048032,43.7046345007781,,,35.5941580257595,83.134848973509,4191.11537350511,947.94693998568,1
1048570,48328070,3,136,05:47:30,-79.251927,43.705316,,,35.5941580257595,83.1348489794673,4274.25022248457,956.355214627533,1
1048570,48328070,3,137,05:47:37,-79.2516095027145,43.7058285004394,,,35.5941580257595,62.5111789907665,4336.76140147534,962.677607313543,1
1048570,48328070,3,138,05:47:43,-79.251292,43.706341,9445,16,35.5941580257595,62.5111789951826,4399.27258047052,969,1
1048570,48328070,3,139,05:47:43,-79.251292,43.706341,9445,16,1e-12,0,4399.27258047052,969,1
1048570,48328070,3,140,05:47:51,-79.2509112616004,43.7069497518957,,,33.4666464627714,74.3703254721935,4473.64290594272,976.999999999932,1
1048570,48328070,3,141,05:47:59,-79.2505305154674,43.7075585025276,,,33.4666464627714,74.370325471824,4548.01323141454,984.999999999824,1
1048570,48328070,3,142,05:48:07,-79.2501497616007,43.7081672518958,,,33.4666464627714,74.3703254737761,4622.38355688832,992.999999999927,1
1048570,48328070,3,143,05:48:15,-79.249769,43.708776,7720,17,33.4666464627714,74.3703254735077,4696.75388236182,1001,1
1048570,48328070,3,144,05:48:15,-79.249769,43.708776,7720,17,1e-12,0,4696.75388236182,1001,1
1048570,48328070,3,145,05:48:26,-79.2492840059759,43.7095145010253,,,29.3251786790238,91.0026442156891,4787.75652657751,1012.171612039,1
1048570,48328070,3,146,05:48:37,-79.248799,43.710253,,,29.3251786790238,91.002644214592,4878.75917079211,1023.34322407787,1
1048570,48328070,3,147,05:48:44,-79.2484930022158,43.7106870004082,3922,18,29.3251786790238,54.225317595188,4932.98448838729,1030,1
1048570,48328070,3,148,05:48:44,-79.2484930022158,43.7106870004082,3922,18,1e-12,0,4932.98448838729,1030,1
1048570,48328070,3,149,05:48:49,-79.248187,43.711121,,,36.1152341420416,54.225317595207,4987.2098059825,1035.40522989758,1
1048570,48328070,3,150,05:48:58,-79.247634,43.711754,,,36.1152341420416,83.3387344277682,5070.54854041027,1043.71251215858,1
1048570,48328070,3,151,05:49:07,-79.246974,43.712399,,,36.1152341420416,89.3066356704869,5159.85517608076,1052.61468034471,1
1048570,48328070,3,152,05:49:16,-79.246261,43.713041,,,36.1152341420416,91.6455123747376,5251.50068845549,1061.74998992768,1
1048570,48328070,3,153,05:49:24,-79.245594,43.71365,,,36.1152341420416,86.465419869151,5337.96610832464,1070.36894309034,1
1048570,48328070,3,154,05:49:31,-79.245073,43.714114,7014,19,36.1152341420416,66.5228258059715,5404.48893413061,1077,1
1048570,48328070,3,155,05:49:31,-79.245073,43.714114,7014,19,1e-12,0,5404.48893413061,1077,1
1048570,48328070,3,156,05:49:35,-79.244911,43.714246,,,18.1107852296032,19.642375300409,5424.13130943102,1080.90444424055,1
1048570,48328070,3,157,05:49:51,-79.244295,43.714804,,,18.1107852296032,79.4670331527727,5503.5983425838,1096.70062953694,1
1048570,48328070,3,158,05:49:59,-79.24395,43.715088,,,18.1107852296032,42.0718680637662,5545.67021064756,1105.06353170321,1
1048570,48328070,3,159,05:50:14,-79.243378,43.715595,,,18.1107852296032,72.8249440672105,5618.49515471477,1119.53942522844,1
1048570,48328070,3,160,05:50:27,-79.2428420041951,43.7160640012523,4158,20,18.1107852296032,67.7171052096686,5686.21225992444,1133,1
1048570,48328070,3,161,05:50:27,-79.2428420041951,43.7160640012523,4158,20,1e-12,0,5686.21225992444,1133,1
1048570,48328070,3,162,05:50:56,-79.242306,43.716533,,,8.54474931543296,67.7171052104549,5753.9293651349,1161.52998604855,1
1048570,48328070,3,163,05:51:21,-79.2418240034428,43.7169610010127,,,8.54474931543296,61.4325010314726,5815.36186616637,1187.41219693025,1
1048570,48328070,3,164,05:51:47,-79.241342,43.717389,,,8.54474931543296,61.4325010292181,5876.79436719559,1213.294407811,1
1048570,48328070,3,165,05:52:24,-79.240656,43.717985,,,8.54474931543296,86.3025986807326,5963.09696587632,1249.65467348778,1
1048570,48328070,3,166,05:52:39,-79.240363,43.718226,,,8.54474931543296,35.713538175407,5998.81050405173,1264.70119301519,1
1048570,48328070,3,167,05:53:11,-79.2406327410791,43.7188865009515,4586,21,8.54474931543296,76.6625580202168,6075.47306207194,1297,1
1048570,48328070,3,168,05:53:11,-79.2406327410791,43.7188865009515,4586,21,1e-12,0,6075.47306207194,1297,1
1048570,48328070,3,169,05:53:17,-79.2409024881053,43.7195470012687,,,45.9975348130622,76.6625580217823,6152.13562009373,1303,1
1048570,48328070,3,170,05:53:23,-79.2411722410788,43.7202075009516,,,45.9975348130622,76.6625580237901,6228.79817811752,1309.00000000016,1
1048570,48328070,3,171,05:53:29,-79.241442,43.720868,10330,22,45.9975348130622,76.6625580197381,6305.46073613725,1315,1
1048570,48328070,3,172,05:53:29,-79.241442,43.720868,10330,22,1e-12,0,6305.46073613725,1315,1
1048570,48328070,3,173,05:53:39,-79.2417939949531,43.7217270005401,,,35.9023033938901,99.7286205372511,6405.18935667451,1324.99999999987,1
1048570,48328070,3,174,05:53:49,-79.242146,43.722586,10066,23,35.9023033938901,99.7286205399162,6504.91797721442,1335,1
1048570,48328070,3,175,05:53:49,-79.242146,43.722586,10066,23,1e-12,0,6504.91797721442,1335,1
1048570,48328070,3,176,05:53:54,-79.2423427453422,43.7230587505062,,,35.9705993690019,54.9550823666472,6559.87305958107,1340.49999999973,1
1048570,48328070,3,177,05:54:00,-79.2425394937895,43.723531500675,,,35.9705993690019,54.9550823727934,6614.82814195386,1346.00000000008,1
1048570,48328070,3,178,05:54:05,-79.2427362453421,43.7240042505062,,,35.9705993690019,54.9550823684532,6669.78322432232,1351.5,1
1048570,48328070,3,179,05:54:11,-79.242933,43.724477,4819,24,35.9705993690019,54.9550823693406,6724.73830669166,1357,1
1048570,48328070,3,180,05:54:11,-79.242933,43.724477,4819,24,1e-12,0,6724.73830669166,1357,1
1048570,48328070,3,181,05:54:20,-79.2432699955613,43.7252660004951,,,38.9307956447579,91.9199341614919,6816.65824085315,1365.50000000002,1
1048570,48328070,3,182,05:54:28,-79.243607,43.726055,5249,25,38.9307956447579,91.9199341609756,6908.57817501412,1374,1
1048570,48328070,3,183,05:54:28,-79.243607,43.726055,5249,25,1e-12,0,6908.57817501412,1374,1
1048570,48328070,3,184,05:54:35,-79.2438457430468,43.7266365007454,,,34.7252831341234,67.5213838711118,6976.09955888524,1380.99999999992,1
1048570,48328070,3,185,05:54:42,-79.244084490729,43.7272180009939,,,34.7252831341234,67.5213838738089,7043.62094275904,1388.00000000012,1
1048570,48328070,3,186,05:54:49,-79.2443232430466,43.7277995007454,,,34.7252831341234,67.5213838694486,7111.14232662849,1394.99999999986,1
1048570,48328070,3,187,05:54:56,-79.244562,43.728381,4616,26,34.7252831341234,67.5213838732568,7178.66371050175,1402,1
1048570,48328070,3,188,05:54:56,-79.244562,43.728381,4616,26,1e-12,0,7178.66371050175,1402,1
1048570,48328070,3,189,05:55:03,-79.244786,43.728923,,,31.2680289450304,62.968369585698,7241.63208008745,1409.24977359165,1
1048570,48328070,3,190,05:55:14,-79.2451234954076,43.7297380004965,,,31.2680289450304,94.7002849365204,7336.33236502397,1420.15295608424,1
1048570,48328070,3,191,05:55:25,-79.245461,43.730553,,,31.2680289450304,94.7002849345469,7431.03264995852,1431.05613857661,1
1048570,48328070,3,192,05:55:26,-79.245479,43.730597,,,31.2680289450304,5.10758289969776,7436.14023285821,1431.64419286271,1
1048570,48328070,3,193,05:55:34,-79.2457424973206,43.7312060003027,,,31.2680289450304,71.0297015296432,7507.16993438786,1439.82209643176,1
1048570,48328070,3,194,05:55:42,-79.246006,43.731815,6917,27,31.2680289450304,71.0297015226157,7578.19963591047,1448,1
1048570,48328070,3,195,05:55:42,-79.246006,43.731815,6917,27,1e-12,0,7578.19963591047,1448,1
1048570,48328070,3,196,05:55:50,-79.24635,43.732644,,,41.1762819111591,96.3429219197678,7674.54255783024,1456.42316262696,1
1048570,48328070,3,197,05:55:57,-79.2466159971395,43.7332880003085,,,41.1762819111591,74.8144652900338,7749.35702312027,1462.96411442113,1
1048570,48328070,3,198,05:56:04,-79.246882,43.733932,,,41.1762819111591,74.8144652862695,7824.17148840654,1469.50506621497,1
1048570,48328070,3,199,05:56:10,-79.247133,43.734545,,,41.1762819111591,71.1627505862268,7895.33423899277,1475.7267523464,1
1048570,48328070,3,200,05:56:16,-79.247372,43.735166,9536,28,41.1762819111591,71.7525038564274,7967.0867428492,1482,1
1048570,48328070,3,201,05:56:16,-79.247372,43.735166,9536,28,1e-12,0,7967.0867428492,1482,1
1048570,48328070,3,202,05:56:22,-79.2476384972519,43.7357835003096,,,40.3129744376393,72.0043477685939,8039.09109061779,1488.43008003212,1
1048570,48328070,3,203,05:56:29,-79.247905,43.736401,,,40.3129744376393,72.0043477669763,8111.09543838477,1494.8601600641,1
1048570,48328070,3,204,05:56:31,-79.247993,43.736554,,,40.3129744376393,18.4440373342584,8129.53947571902,1496.50723610673,1
1048570,48328070,3,205,05:56:31,-79.248044,43.736644,,,40.3129744376393,10.8259763089005,8140.36545202793,1497.47400958985,1
1048570,48328070,3,206,05:56:32,-79.248072,43.736689,,,40.3129744376393,5.49232934906043,8145.85778137699,1497.96448160122,1
1048570,48328070,3,207,05:56:40,-79.2491420042171,43.7364530049907,317,29,40.3129744376393,89.9821243898065,8235.83990576679,1506,1
1048570,48328070,3,208,05:56:40,-79.2491420042171,43.7364530049907,317,29,1e-12,0,8235.83990576679,1506,1
1048570,48328070,3,209,05:56:50,-79.250212,43.736217,,,33.9063027755594,89.9821243871855,8325.82203015398,1515.55384755271,1
1048570,48328070,3,210,05:56:58,-79.2511255028527,43.7360300036376,,,33.9063027755594,76.3665659597648,8402.18859611374,1523.66206387093,1
1048570,48328070,3,211,05:57:06,-79.252039,43.735843,,,33.9063027755594,76.3665659616753,8478.55516207542,1531.77028018935,1
1048570,48328070,3,212,05:57:16,-79.253178,43.735575,4194,30,33.9063027755594,96.3477714469669,8574.90293352239,1542,1
1048570,48328070,3,213,05:57:16,-79.253178,43.735575,4194,30,1e-12,0,8574.90293352239,1542,1
1048570,48328070,3,214,05:57:26,-79.254355,43.735334,,,35.2272005101813,98.3972651789797,8673.30019870137,1552.05558629452,1
1048570,48328070,3,215,05:57:31,-79.2549760013844,43.735200501681,,,35.2272005101813,52.112858822756,8725.41305752412,1557.38119517189,1
1048570,48328070,3,216,05:57:37,-79.255597,43.735067,,,35.2272005101813,52.1128588215989,8777.52591634572,1562.70680404914,1
1048570,48328070,3,217,05:57:40,-79.25594,43.734992,,,35.2272005101813,28.8242468030541,8806.35016314878,1565.65246214823,1
1048570,48328070,3,218,05:57:41,-79.256053,43.735001,,,35.2272005101813,9.14401935929293,8815.49418250807,1566.58692384875,1
1048570,48328070,3,219,05:57:43,-79.256364,43.735046,,,35.2272005101813,25.5114092572818,8841.00559176535,1569.19403062976,1
1048570,48328070,3,220,05:57:46,-79.256701,43.735037,,,35.2272005101813,27.1245253731027,8868.13011713845,1571.96598780856,1
1048570,48328070,3,221,05:57:53,-79.257586,43.734877,,,35.2272005101813,73.378025086795,8941.50814222525,1579.46476393856,1
1048570,48328070,3,222,05:57:57,-79.257985,43.734761,15211,31,35.2272005101813,34.5934637742044,8976.10160599945,1583,1
1048570,48328070,3,223,05:57:57,-79.257985,43.734761,15211,31,1e-12,0,8976.10160599945,1583,1
1048570,48328070,3,224,05:58:01,-79.258334,43.734617,,,29.3238134750784,32.3258958731057,9008.42750187256,1586.96855699693,1
1048570,48328070,3,225,05:58:03,-79.258397,43.734501,,,29.3238134750784,13.8717357739362,9022.29923764649,1588.67154998686,1
1048570,48328070,3,226,05:58:04,-79.258497,43.734447,,,29.3238134750784,10.0414895745911,9032.34072722108,1589.9043146987,1
1048570,48328070,3,227,05:58:11,-79.259159,43.734301,,,29.3238134750784,55.6725870969781,9088.01331431806,1596.739077637,1
1048570,48328070,3,228,05:58:21,-79.260176,43.73406,,,29.3238134750784,86.0887913082598,9174.10210562632,1607.30795023514,1
1048570,48328070,3,229,05:58:29,-79.260931,43.73389,,,29.3238134750784,63.6085304414487,9237.71063606777,1615.11698604775,1
1048570,48328070,3,230,05:58:38,-79.261771,43.733685,,,29.3238134750784,71.31517776199,9309.02581382976,1623.87214472319,1
1048570,48328070,3,231,05:58:44,-79.262363,43.733542,,,29.3238134750784,50.2080087457821,9359.23382257554,1630.0360371391,1
1048570,48328070,3,232,05:58:50,-79.262958,43.733405,,,29.3238134750784,50.2302227454919,9409.46404532103,1636.20265670369,1
1048570,48328070,3,233,05:58:52,-79.263113,43.733369,,,29.3238134750784,13.0957515334865,9422.55979685452,1637.81038434664,1
1048570,48328070,3,234,05:58:54,-79.263278,43.733328,,,29.3238134750784,14.0347230619283,9436.59451991645,1639.53338681581,1
1048570,48328070,3,235,05:59:01,-79.26396400185,43.7331665020514,,,29.3238134750784,58.0338659235436,9494.62838583999,1646.65803714488,1
1048570,48328070,3,236,05:59:08,-79.26465,43.733005,,,29.3238134750784,58.0338659249693,9552.66225176496,1653.78268747412,1
1048570,48328070,3,237,05:59:10,-79.264831,43.732962,,,29.3238134750784,15.3256368590444,9567.98788862401,1655.6641717067,1
1048570,48328070,3,238,05:59:16,-79.2654395014936,43.7328150016141,9949,32,29.3238134750784,51.6085130785539,9619.59640170256,1662,1
1048570,48328070,3,239,05:59:16,-79.2654395014936,43.7328150016141,9949,32,1e-12,0,9619.59640170256,1662,1
1048570,48328070,3,240,05:59:21,-79.266048,43.732668,,,35.692432304007,51.6085130821632,9671.20491478472,1667.20532323248,1
1048570,48328070,3,241,05:59:23,-79.266104,43.732812,,,35.692432304007,16.6508578152951,9687.85577260002,1668.88475733841,1
1048570,48328070,3,242,05:59:23,-79.266102,43.732848,,,35.692432304007,4.01072930531829,9691.86650190534,1669.28928638189,1
1048570,48328070,3,243,05:59:24,-79.2661,43.732893,,,35.692432304007,5.01195956555291,9696.87846147089,1669.79480122835,1
1048570,48328070,3,244,05:59:24,-79.266087,43.732938,,,35.692432304007,5.11735127657681,9701.99581274747,1670.31094606372,1
1048570,48328070,3,245,05:59:25,-79.266057,43.732983,,,35.692432304007,5.56029002290398,9707.55610277037,1670.8717664615,1
1048570,48328070,3,246,05:59:25,-79.266024,43.733028,,,35.692432304007,5.6691831418823,9713.22528591225,1671.44357000621,1
1048570,48328070,3,247,05:59:26,-79.265996,43.733055,,,35.692432304007,3.75582562964361,9716.9811115419,1671.82238902733,1
1048570,48328070,3,248,05:59:26,-79.265965,43.733072,,,35.692432304007,3.13032092516919,9720.11143246707,1672.13811857007,1
1048570,48328070,3,249,05:59:26,-79.265929,43.733081,,,35.692432304007,3.06411381292181,9723.17554627999,1672.4471703498,1
1048570,48328070,3,250,05:59:27,-79.265884,43.73309,,,35.692432304007,3.75571218523777,9726.93125846522,1672.82597792872,1
1048570,48328070,3,251,05:59:29,-79.265651,43.73309,,,35.692432304007,18.7415656515818,9745.67282411681,1674.71628441641,1
1048570,48328070,3,252,05:59:29,-79.26557,43.733081,,,35.692432304007,6.59188911345589,9752.26471323026,1675.38115366954,1
1048570,48328070,3,253,05:59:30,-79.265471,43.733081,,,35.692432304007,7.96315570029168,9760.22786893055,1676.18433122486,1
1048570,48328070,3,254,05:59:30,-79.26544,43.733083,,,35.692432304007,2.50343304106675,9762.73130197162,1676.43683177935,1
1048570,48328070,3,255,05:59:31,-79.26541,43.733085,,,35.692432304007,2.42332632586199,9765.15462829748,1676.68125263301,1
1048570,48328070,3,256,05:59:31,-79.26538,43.733088,,,35.692432304007,2.43607679353284,9767.59070509102,1676.92695952073,1
1048570,48328070,3,257,05:59:31,-79.26535,43.733092,,,35.692432304007,2.4538161423779,9770.04452123339,1677.17445562964,1
1048570,48328070,3,258,05:59:31,-79.26532,43.733096,,,35.692432304007,2.45381598400778,9772.4983372174,1677.42195172257,1
1048570,48328070,3,259,05:59:32,-79.26529,43.733101,,,35.692432304007,2.4764370125478,9774.97477422995,1677.67172941127,1
1048570,48328070,3,260,05:59:32,-79.265261,43.733106,,,35.692432304007,2.39812704539647,9777.37290127535,1677.91360862225,1
1048570,48328070,3,261,05:59:32,-79.265231,43.733112,,,35.692432304007,2.50380721095368,9779.8767084863,1678.16614691615,1
1048570,48328070,3,262,05:59:32,-79.265202,43.733119,,,35.692432304007,2.45935354015871,9782.33606202646,1678.41420153651,1
1048570,48328070,3,263,05:59:33,-79.265172,43.733126,,,35.692432304007,2.53577291996371,9784.87183494642,1678.6699639467,1
1048570,48328070,3,264,05:59:33,-79.265134,43.733141,,,35.692432304007,3.48292673108305,9788.35476167751,1679.02125791639,1
1048570,48328070,3,265,05:59:33,-79.265096,43.733155,,,35.692432304007,3.43094815731973,9791.78570983482,1679.36730923789,1
1048570,48328070,3,266,05:59:34,-79.265057,43.733169,,,35.692432304007,3.50279668959536,9795.28850652442,1679.72060732571,1
1048570,48328070,3,267,05:59:34,-79.265018,43.733182,,,35.692432304007,3.45470627250367,9798.74321279692,1680.06905493149,1
1048570,48328070,3,268,05:59:34,-79.264979,43.733195,,,35.692432304007,3.45470565416485,9802.19791845109,1680.41750247491,1
1048570,48328070,3,269,05:59:35,-79.264939,43.733207,,,35.692432304007,3.48372060766052,9805.68163905875,1680.76887651636,1
1048570,48328070,3,270,05:59:35,-79.264899,43.733219,,,35.692432304007,3.48372001196956,9809.16535907072,1681.12025049772,1
1048570,48328070,3,271,05:59:35,-79.264859,43.73323,,,35.692432304007,3.4425694579365,9812.60792852865,1681.46747396355,1
1048570,48328070,3,272,05:59:36,-79.264818,43.733241,,,35.692432304007,3.5178605477756,9816.12578907643,1681.82229141796,1
1048570,48328070,3,273,05:59:36,-79.264777,43.733251,,,35.692432304007,3.48067614495557,9819.60646522139,1682.17335838967,1
1048570,48328070,3,274,05:59:37,-79.264736,43.733261,,,35.692432304007,3.48067562103184,9823.08714084242,1682.52442530853,1
1048570,48328070,3,275,05:59:37,-79.264695,43.73327,,,35.692432304007,3.44668692787887,9826.5338277703,1682.87206406945,1
1048570,48328070,3,276,05:59:37,-79.26466,43.733277,,,35.692432304007,2.92110095873684,9829.45492872903,1683.16669132718,1
1048570,48328070,3,277,05:59:38,-79.264563,43.733299,,,35.692432304007,8.17758856895805,9837.63251729799,1683.99149694977,1
1048570,48328070,3,278,05:59:39,-79.264466,43.73332,,,35.692432304007,8.14494038150161,9845.77745767949,1684.81300962012,1
1048570,48328070,3,279,05:59:40,-79.264368,43.733341,,,35.692432304007,8.22202154225559,9853.99947922175,1685.64229682869,1
1048570,48328070,3,280,05:59:40,-79.26427,43.73336,,,35.692432304007,8.16150932431738,9862.16098854607,1686.46548067106,1
1048570,48328070,3,281,05:59:41,-79.264172,43.73338,,,35.692432304007,8.19106117040874,9870.35204971647,1687.29164516336,1
1048570,48328070,3,282,05:59:42,-79.264073,43.733398,,,35.692432304007,8.2113466535829,9878.56339637006,1688.11985568432,1
1048570,48328070,3,283,05:59:43,-79.264019,43.733412,,,35.692432304007,4.61464719067775,9883.17804356074,1688.58529692253,1
1048570,48328070,3,284,05:59:43,-79.263979,43.733424,,,35.692432304007,3.48370984128965,9886.66175340203,1688.93666987806,1
1048570,48328070,3,285,05:59:43,-79.263939,43.733434,,,35.692432304007,3.4045530062711,9890.0663064083,1689.28005893931,1
1048570,48328070,3,286,05:59:44,-79.263898,43.733444,,,35.692432304007,3.48066607306955,9893.54697248137,1689.63112489515,1
1048570,48328070,3,287,05:59:44,-79.263857,43.733454,,,35.692432304007,3.48066555108329,9897.02763803245,1689.98219079834,1
1048570,48328070,3,288,05:59:44,-79.263816,43.733463,,,35.692432304007,3.44667675862745,9900.47431479108,1690.32982853357,1
1048570,48328070,3,289,05:59:45,-79.263775,43.733471,,,35.692432304007,3.41597908417117,9903.89029387525,1690.67437004866,1
1048570,48328070,3,290,05:59:45,-79.263734,43.733479,,,35.692432304007,3.41597865713269,9907.30627253238,1691.01891152067,1
1048570,48328070,3,291,05:59:45,-79.263692,43.733486,,,35.692432304007,3.46699070861498,9910.773263241,1691.36859815577,1
1048570,48328070,3,292,05:59:46,-79.26365,43.733492,,,35.692432304007,3.44367909739315,9914.21694233839,1691.71593354174,1
1048570,48328070,3,293,05:59:46,-79.263608,43.733498,,,35.692432304007,3.44367876265713,9917.66062110105,1692.06326889395,1
1048570,48328070,3,294,05:59:46,-79.263565,43.733503,,,35.692432304007,3.50321936554342,9921.16384046659,1692.41660961359,1
1048570,48328070,3,295,05:59:47,-79.26355,43.733504,,,35.692432304007,1.2116547476971,9922.37549521429,1692.53881919165,1
1048570,48328070,3,296,05:59:47,-79.263536,43.733504,,,35.692432304007,1.12609487240706,9923.50159008669,1692.65239905379,1
1048570,48328070,3,297,05:59:47,-79.263521,43.733504,,,35.692432304007,1.2065302208016,9924.7081203075,1692.77409176327,1
1048570,48328070,3,298,05:59:47,-79.263507,43.733503,,,35.692432304007,1.13158371768645,9925.83970402518,1692.88822523977,1
1048570,48328070,3,299,05:59:47,-79.263493,43.733502,,,35.692432304007,1.13158373815714,9926.97128776334,1693.00235871834,1
1048570,48328070,3,300,05:59:47,-79.263478,43.7335,,,35.692432304007,1.22689992785435,9928.19818769119,1693.12610595144,1
1048570,48328070,3,301,05:59:47,-79.263464,43.733497,,,35.692432304007,1.17457147731532,9929.37275916851,1693.24457524718,1
1048570,48328070,3,302,05:59:47,-79.263451,43.733494,,,35.692432304007,1.09769413451455,9930.47045330302,1693.35529056214,1
1048570,48328070,3,303,05:59:47,-79.263437,43.73349,,,35.692432304007,1.21093461152618,9931.68138791455,1693.47742750603,1
1048570,48328070,3,304,05:59:48,-79.263424,43.733486,,,35.692432304007,1.13651963927946,9932.81790755383,1693.59205882806,1
1048570,48328070,3,305,05:59:48,-79.263411,43.733481,,,35.692432304007,1.18456967551824,9934.00247722935,1693.71153655923,1
1048570,48328070,3,306,05:59:48,-79.263398,43.733476,,,35.692432304007,1.18456975182367,9935.18704698117,1693.83101429811,1
1048570,48328070,3,307,05:59:48,-79.263386,43.73347,,,35.692432304007,1.17378520976386,9936.36083219093,1693.94940428955,1
1048570,48328070,3,308,05:59:48,-79.263374,43.733464,,,35.692432304007,1.17378529049523,9937.53461748143,1694.06779428914,1
1048570,48328070,3,309,05:59:48,-79.263363,43.733457,,,35.692432304007,1.17900883451354,9938.71362631594,1694.18671114435,1
1048570,48328070,3,310,05:59:48,-79.263353,43.73345,,,35.692432304007,1.11990849187428,9939.83353480782,1694.29966703753,1
1048570,48328070,3,311,05:59:48,-79.263343,43.733442,,,35.692432304007,1.2000315133094,9941.03356632113,1694.42070427621,1
1048570,48328070,3,312,05:59:49,-79.263333,43.733434,,,35.692432304007,1.20003158601687,9942.23359790714,1694.54174152222,1
1048570,48328070,3,313,05:59:49,-79.263324,43.733426,,,35.692432304007,1.14767095046077,9943.3812688576,1694.65749758464,1
1048570,48328070,3,314,05:59:49,-79.263316,43.733417,,,35.692432304007,1.19072481504331,9944.57199367265,1694.77759613376,1
1048570,48328070,3,315,05:59:49,-79.263308,43.733408,,,35.692432304007,1.19072486789994,9945.76271854055,1694.89769468821,1
1048570,48328070,3,316,05:59:49,-79.263302,43.733399,,,35.692432304007,1.11205645559412,9946.87477499614,1695.00985861153,1
1048570,48328070,3,317,05:59:49,-79.263296,43.733389,,,35.692432304007,1.2133087763713,9948.08808377251,1695.13223501776,1
1048570,48328070,3,318,05:59:49,-79.26329,43.73338,,,35.692432304007,1.11205651949221,9949.200140292,1695.24439894753,1
1048570,48328070,3,319,05:59:49,-79.263285,43.73337,,,35.692432304007,1.18361722223687,9950.38375751424,1695.36378061263,1
1048570,48328070,3,320,05:59:49,-79.263282,43.73336,,,35.692432304007,1.13904862871155,9951.52280614295,1695.47866701287,1
1048570,48328070,3,321,05:59:50,-79.263278,43.733328,,,35.692432304007,3.57672417071655,9955.09953031367,1695.83942155336,1
1048570,48328070,3,322,05:59:53,-79.26319,43.73308,,,35.692432304007,28.5002164192257,9983.5997467329,1698.71400231141,1
1048570,48328070,3,323,05:59:56,-79.263163,43.73281,,,35.692432304007,30.1346232845547,10013.7343700174,1701.7534321519,1
1048570,48328070,3,324,05:59:58,-79.26301,43.73264,,,35.692432304007,22.5740157114215,10036.3083857289,1704.03028613229,1
1048570,48328070,3,325,05:59:59,-79.263009,43.732542,,,35.692432304007,10.9096066256448,10047.2179923545,1705.13064778648,1
1048570,48328070,3,326,06:00:00,-79.263083,43.732486,14229,33,35.692432304007,8.61924861924007,10055.8372409738,1706,1
1048570,48328070,3,327,06:00:00,-79.263083,43.732486,14229,33,1e-12,0,10055.8372409738,1706,1
1048570,48328070,3,328,,-79.263918,43.732235,,,,72.7448989014315,10128.5821398752,,1
