shape_id,trip_id,route_type,id,timestamp,shape_pt_lon,shape_pt_lat,stop_id,stop_sequence,speed,dist,cumdist,cumtime,trip_number
1048618,48329255,3,1,,-79.443417,43.781359,,,1e-12,0,0,0,1
1048618,48329255,3,2,,-79.4441200019284,43.7811950021545,,,,59.3772593476748,59.3772593476748,,1
1048618,48329255,3,3,,-79.444823,43.781031,,,,59.3772593476563,118.754518695331,,1
1048618,48329255,3,4,,-79.44502,43.781027,,,,15.8394432086129,134.593961903944,,1
1048618,48329255,3,5,,-79.445343,43.781094,,,,27.0101503612865,161.60411226523,,1
1048618,48329255,3,6,,-79.445363,43.781097,,,,1.64175301270991,163.24586527794,,1
1048618,48329255,3,7,,-79.445383,43.781101,,,,1.66796188633095,164.913827164271,,1
1048618,48329255,3,8,,-79.445402,43.781105,,,,1.59065196071587,166.504479124987,,1
1048618,48329255,3,9,,-79.445422,43.78111,,,,1.70106565941505,168.205544784402,,1
1048618,48329255,3,10,,-79.44544,43.781115,,,,1.5500637204309,169.755608504833,,1
1048618,48329255,3,11,,-79.445459,43.781121,,,,1.66673725257604,171.422345757409,,1
1048618,48329255,3,12,,-79.445477,43.781128,,,,1.64319974167803,173.065545499087,,1
1048618,48329255,3,13,,-79.445495,43.781135,,,,1.64319959255343,174.708745091641,,1
1048618,48329255,3,14,,-79.445511,43.781142,,,,1.503613927652,176.212359019293,,1
1048618,48329255,3,15,,-79.445534,43.781154,,,,2.28069163576656,178.493050655059,,1
1048618,48329255,3,16,,-79.445558,43.781165,,,,2.28476149611991,180.777812151179,,1
1048618,48329255,3,17,,-79.44558,43.781177,,,,2.21604877324525,182.993860924424,,1
1048618,48329255,3,18,,-79.445602,43.78119,,,,2.28487889607956,185.278739820504,,1
1048618,48329255,3,19,,-79.445623,43.781204,,,,2.29727985567555,187.57601967618,,1
1048618,48329255,3,20,,-79.445643,43.781218,,,,2.23889535093677,189.814915027116,,1
1048618,48329255,3,21,,-79.445652,43.781224,,,,0.984548297547228,190.799463324663,,1
1048618,48329255,3,22,,-79.445662,43.78123,,,,1.04501979518585,191.844483119849,,1
1048618,48329255,3,23,,-79.445672,43.781235,,,,0.977626687722159,192.822109807572,,1
1048618,48329255,3,24,,-79.445682,43.78124,,,,0.977626630448578,193.79973643802,,1
1048618,48329255,3,25,,-79.445693,43.781245,,,,1.044702758,194.84443919602,,1
1048618,48329255,3,26,,-79.445705,43.781249,,,,1.0622827478979,195.906721943918,,1
1048618,48329255,3,27,,-79.445716,43.781252,,,,0.9450561774431,196.851778121361,,1
1048618,48329255,3,28,,-79.445728,43.781254,,,,0.989818216551959,197.841596337913,,1
1048618,48329255,3,29,,-79.44574,43.781256,,,,0.989818186271067,198.831414524184,,1
1048618,48329255,3,30,,-79.445753,43.781258,,,,1.06828280444276,199.899697328627,,1
1048618,48329255,3,31,,-79.445765,43.781259,,,,0.970857272765072,200.870554601392,,1
1048618,48329255,3,32,,-79.445778,43.781259,,,,1.04482532617811,201.91537992757,,1
1048618,48329255,3,33,,-79.44579,43.781258,,,,0.970857273780828,202.886237201351,,1
1048618,48329255,3,34,,-79.445803,43.781257,,,,1.0507388088701,203.936976010221,,1
1048618,48329255,3,35,,-79.445815,43.781255,,,,0.989818170552833,204.926794180774,,1
1048618,48329255,3,36,,-79.445827,43.781253,,,,0.989818200993002,205.916612381767,,1
1048618,48329255,3,37,,-79.446356,43.781208,,,,42.8104649388376,248.727077320604,,1
1048618,48329255,3,38,,-79.446392,43.781341,,,,15.0855607511437,263.812638071748,,1
1048618,48329255,3,39,,-79.446408,43.78138,,,,4.52790340984693,268.340541481595,,1
1048618,48329255,3,40,,-79.446434,43.781435,,,,6.46935127266258,274.809892754258,,1
1048618,48329255,3,41,,-79.446445,43.781474,,,,4.43056133382667,279.240454088084,,1
1048618,48329255,3,42,,-79.44647,43.781515,,,,4.98679987323887,284.227253961323,,1
1048618,48329255,3,43,05:39:53,-79.446567,43.78174,2137,1,,26.2321063508403,310.459360312164,,1
1048618,48329255,3,44,05:39:53,-79.446567,43.78174,2137,1,1e-12,0,310.459360312164,0,1
1048618,48329255,3,45,05:40:00,-79.446732,43.782129,,,22.740946251046,45.2883081470724,355.747668459236,7.16935467546613,1
1048618,48329255,3,46,05:40:02,-79.446816,43.782193,,,22.740946251046,9.81502897755872,365.562697436795,8.7231204655588,1
1048618,48329255,3,47,05:40:02,-79.446856,43.782221,,,22.740946251046,4.4777522502783,370.040449687073,9.43196995330869,1
1048618,48329255,3,48,05:40:03,-79.446901,43.782255,,,22.740946251046,5.23500698279919,375.275456669872,10.260696468469,1
1048618,48329255,3,49,05:40:03,-79.446911,43.782262,,,22.740946251046,1.11943756637972,376.394894236252,10.4379087618573,1
1048618,48329255,3,50,05:40:04,-79.446948,43.78228,,,22.740946251046,3.58577881044914,379.980673046701,11.0055546097965,1
1048618,48329255,3,51,05:40:05,-79.446991,43.7823,,,22.740946251046,4.11096873817806,384.091641784879,11.6563405223115,1
1048618,48329255,3,52,05:40:05,-79.447046,43.782326,,,22.740946251046,5.2835963140836,389.375238098963,12.4927589598172,1
1048618,48329255,3,53,05:40:06,-79.44708,43.78234,,,22.740946251046,3.14575617593778,392.5209942749,12.9907471309495,1
1048618,48329255,3,54,05:40:07,-79.447121,43.782359,,,22.740946251046,3.91555745990077,396.436551734801,13.6105985082859,1
1048618,48329255,3,55,05:40:07,-79.447172,43.782377,,,22.740946251046,4.56241408253037,400.998965817332,14.3328503669285,1
1048618,48329255,3,56,05:40:08,-79.447218,43.782389,,,22.740946251046,3.93094086769507,404.929906685027,14.9551370109177,1
1048618,48329255,3,57,05:40:08,-79.447235,43.782394,,,22.740946251046,1.4753078094237,406.40521449445,15.1886852571205,1
1048618,48329255,3,58,05:40:09,-79.447269,43.782403,,,22.740946251046,2.91044364514251,409.315658139593,15.6494223349381,1
1048618,48329255,3,59,05:40:09,-79.447311,43.782415,,,22.740946251046,3.63023668597853,412.945894825571,16.224106076118,1
1048618,48329255,3,60,05:40:10,-79.447373,43.782427,,,22.740946251046,5.15886677824598,418.104761603817,17.0407792345989,1
1048618,48329255,3,61,05:40:11,-79.447427,43.782426,,,22.740946251046,4.34138633970655,422.446147943524,17.7280413498341,1
1048618,48329255,3,62,05:40:11,-79.447478,43.782426,,,22.740946251046,4.0988501138372,426.544998057361,18.3769088264517,1
1048618,48329255,3,63,05:40:12,-79.44755,43.782425,,,22.740946251046,5.78768262513756,432.332680682499,19.2931265255959,1
1048618,48329255,3,64,05:40:13,-79.4476,43.782425,,,22.740946251046,4.01848056959506,436.351161252094,19.9292711209369,1
1048618,48329255,3,65,05:40:14,-79.447663,43.782416,,,22.740946251046,5.16145507181471,441.512616323908,20.7463540186056,1
1048618,48329255,3,66,05:40:14,-79.44772,43.78241,,,22.740946251046,4.62950365874743,446.142119982656,21.4792264763963,1
1048618,48329255,3,67,05:40:28,-79.448765,43.782194,,,22.740946251046,87.3606358703628,533.502755853019,35.3088308236138,1
1048618,48329255,3,68,05:40:30,-79.448905,43.782159,,,22.740946251046,11.9072695031147,545.410025356133,37.1938082444299,1
1048618,48329255,3,69,05:40:43,-79.449883,43.781916,,,22.740946251046,83.1264678897015,628.536493245835,50.3531236528272,1
1048618,48329255,3,70,05:40:44,-79.44993,43.781902,7025,2,22.740946251046,4.08627228948037,632.622765535315,51,1
1048618,48329255,3,71,05:40:44,-79.44993,43.781902,7025,2,1e-12,0,632.622765535315,51,1
1048618,48329255,3,72,05:40:45,-79.450004,43.781891,,,20.5882748892383,6.07215346679244,638.694919002108,52.0617573642306,1
1048618,48329255,3,73,05:40:46,-79.450085,43.781887,,,20.5882748892383,6.52520742731698,645.220126429425,53.2027342972042,1
1048618,48329255,3,74,05:40:48,-79.450178,43.78189,,,20.5882748892383,7.48189785783604,652.702024287261,54.5109950637383,1
1048618,48329255,3,75,05:40:49,-79.450258,43.781899,,,20.5882748892383,6.5072147989041,659.209239086165,55.6488258631658,1
1048618,48329255,3,76,05:40:50,-79.450334,43.78191,,,20.5882748892383,6.22967529679376,665.438914382959,56.7381269915562,1
1048618,48329255,3,77,05:40:50,-79.450383,43.781926,,,20.5882748892383,4.32219161995898,669.761106002918,57.4938916156231,1
1048618,48329255,3,78,05:40:51,-79.450415,43.781936,,,20.5882748892383,2.80242916738375,672.563535170301,57.9839154304817,1
1048618,48329255,3,79,05:40:52,-79.450447,43.781899,,,20.5882748892383,4.85583124005084,677.419366410352,58.8329905743793,1
1048618,48329255,3,80,05:40:53,-79.450487,43.781848,,,20.5882748892383,6.52431584628635,683.943682256639,59.9738116083411,1
1048618,48329255,3,81,05:40:55,-79.450578,43.78177,,,20.5882748892383,11.3526850769042,695.296367333543,61.9589058669289,1
1048618,48329255,3,82,05:40:57,-79.450661,43.781687,,,20.5882748892383,11.3959495571822,706.692316890725,63.9515652143762,1
1048618,48329255,3,83,05:40:59,-79.450773,43.781597,,,20.5882748892383,13.4685818104486,720.160898701174,66.306638418832,1
1048618,48329255,3,84,05:41:02,-79.450886,43.781495,,,20.5882748892383,14.5398614346525,734.700760135826,68.8490321573239,1
1048618,48329255,3,85,05:41:04,-79.450989,43.781397,,,20.5882748892383,13.6945877467524,748.395347882578,71.2436240380686,1
1048618,48329255,3,86,05:41:06,-79.451056,43.78135,,,20.5882748892383,7.50804202202876,755.903389904607,72.556456289664,1
1048618,48329255,3,87,05:41:08,-79.451143,43.781263,,,20.5882748892383,11.9451808379414,767.848570742549,74.6451524649354,1
1048618,48329255,3,88,05:41:10,-79.451244,43.781173,,,20.5882748892383,12.8945397037189,780.743110446267,76.8998504997694,1
1048618,48329255,3,89,05:41:12,-79.45132,43.781109,,,20.5882748892383,9.38446176150945,790.127572207777,78.5407875148028,1
1048618,48329255,3,90,05:41:13,-79.451393,43.781037,,,20.5882748892383,9.93294059137061,800.060512799147,80.2776297864992,1
1048618,48329255,3,91,05:41:15,-79.451455,43.780978,,,20.5882748892383,8.24422715400251,808.30473995315,81.7191890193188,1
1048618,48329255,3,92,05:41:16,-79.451512,43.780914,,,20.5882748892383,8.47024036699006,816.77498032014,83.2002682008049,1
1048618,48329255,3,93,05:41:17,-79.451572,43.780865,,,20.5882748892383,7.28064860607455,824.055628926215,84.4733391658506,1
1048618,48329255,3,94,05:41:19,-79.451653,43.780788,,,20.5882748892383,10.763545229151,834.819174155366,86.3554183120348,1
1048618,48329255,3,95,05:41:21,-79.451731,43.780716,,,20.5882748892383,10.1754952494024,844.994669404768,88.1346729166543,1
1048618,48329255,3,96,05:41:23,-79.451794,43.780638,,,20.5882748892383,10.0514408871912,855.046110291959,89.8922357716559,1
1048618,48329255,3,97,05:41:24,-79.451842,43.780573,,,20.5882748892383,8.19996321748044,863.24607350944,91.3260551538889,1
1048618,48329255,3,98,05:41:26,-79.451896,43.780497,,,20.5882748892383,9.50856428595255,872.754637795392,92.9886923400342,1
1048618,48329255,3,99,05:41:27,-79.451937,43.780435,,,20.5882748892383,7.64811816320592,880.402755958598,94.326017858353,1
1048618,48329255,3,100,05:41:30,-79.451991,43.78032,,,20.5882748892383,13.5174375578355,893.920193516434,96.6896338227797,1
1048618,48329255,3,101,05:41:32,-79.452066,43.78019,,,20.5882748892383,15.6767773073358,909.596970823769,99.4308250401122,1
1048618,48329255,3,102,05:41:45,-79.45241,43.779589,,,20.5882748892383,72.3909027961624,981.987873619932,112.088867128058,1
1048618,48329255,3,103,05:42:00,-79.45141,43.779333,1842,3,20.5882748892383,85.2762506881915,1067.26412430812,127,1
1048618,48329255,3,104,05:42:00,-79.45141,43.779333,1842,3,1e-12,0,1067.26412430812,127,1
1048618,48329255,3,105,,-79.451333,43.779332,,,,6.18978127239709,1073.45390558052,,1
1048618,48329255,3,106,,-79.451229,43.77931,,,,8.71025309621934,1082.16415867674,,1
1048618,48329327,3,1,,-79.443417,43.781359,,,1e-12,0,0,0,2
1048618,48329327,3,2,,-79.4441200019284,43.7811950021545,,,,59.3772593476748,59.3772593476748,,2
1048618,48329327,3,3,,-79.444823,43.781031,,,,59.3772593476563,118.754518695331,,2
1048618,48329327,3,4,,-79.44502,43.781027,,,,15.8394432086129,134.593961903944,,2
1048618,48329327,3,5,,-79.445343,43.781094,,,,27.0101503612865,161.60411226523,,2
1048618,48329327,3,6,,-79.445363,43.781097,,,,1.64175301270991,163.24586527794,,2
1048618,48329327,3,7,,-79.445383,43.781101,,,,1.66796188633095,164.913827164271,,2
1048618,48329327,3,8,,-79.445402,43.781105,,,,1.59065196071587,166.504479124987,,2
1048618,48329327,3,9,,-79.445422,43.78111,,,,1.70106565941505,168.205544784402,,2
1048618,48329327,3,10,,-79.44544,43.781115,,,,1.5500637204309,169.755608504833,,2
1048618,48329327,3,11,,-79.445459,43.781121,,,,1.66673725257604,171.422345757409,,2
1048618,48329327,3,12,,-79.445477,43.781128,,,,1.64319974167803,173.065545499087,,2
1048618,48329327,3,13,,-79.445495,43.781135,,,,1.64319959255343,174.708745091641,,2
1048618,48329327,3,14,,-79.445511,43.781142,,,,1.503613927652,176.212359019293,,2
1048618,48329327,3,15,,-79.445534,43.781154,,,,2.28069163576656,178.493050655059,,2
1048618,48329327,3,16,,-79.445558,43.781165,,,,2.28476149611991,180.777812151179,,2
1048618,48329327,3,17,,-79.44558,43.781177,,,,2.21604877324525,182.993860924424,,2
1048618,48329327,3,18,,-79.445602,43.78119,,,,2.28487889607956,185.278739820504,,2
1048618,48329327,3,19,,-79.445623,43.781204,,,,2.29727985567555,187.57601967618,,2
1048618,48329327,3,20,,-79.445643,43.781218,,,,2.23889535093677,189.814915027116,,2
1048618,48329327,3,21,,-79.445652,43.781224,,,,0.984548297547228,190.799463324663,,2
1048618,48329327,3,22,,-79.445662,43.78123,,,,1.04501979518585,191.844483119849,,2
1048618,48329327,3,23,,-79.445672,43.781235,,,,0.977626687722159,192.822109807572,,2
1048618,48329327,3,24,,-79.445682,43.78124,,,,0.977626630448578,193.79973643802,,2
1048618,48329327,3,25,,-79.445693,43.781245,,,,1.044702758,194.84443919602,,2
1048618,48329327,3,26,,-79.445705,43.781249,,,,1.0622827478979,195.906721943918,,2
1048618,48329327,3,27,,-79.445716,43.781252,,,,0.9450561774431,196.851778121361,,2
1048618,48329327,3,28,,-79.445728,43.781254,,,,0.989818216551959,197.841596337913,,2
1048618,48329327,3,29,,-79.44574,43.781256,,,,0.989818186271067,198.831414524184,,2
1048618,48329327,3,30,,-79.445753,43.781258,,,,1.06828280444276,199.899697328627,,2
1048618,48329327,3,31,,-79.445765,43.781259,,,,0.970857272765072,200.870554601392,,2
1048618,48329327,3,32,,-79.445778,43.781259,,,,1.04482532617811,201.91537992757,,2
1048618,48329327,3,33,,-79.44579,43.781258,,,,0.970857273780828,202.886237201351,,2
1048618,48329327,3,34,,-79.445803,43.781257,,,,1.0507388088701,203.936976010221,,2
1048618,48329327,3,35,,-79.445815,43.781255,,,,0.989818170552833,204.926794180774,,2
1048618,48329327,3,36,,-79.445827,43.781253,,,,0.989818200993002,205.916612381767,,2
1048618,48329327,3,37,,-79.446356,43.781208,,,,42.8104649388376,248.727077320604,,2
1048618,48329327,3,38,,-79.446392,43.781341,,,,15.0855607511437,263.812638071748,,2
1048618,48329327,3,39,,-79.446408,43.78138,,,,4.52790340984693,268.340541481595,,2
1048618,48329327,3,40,,-79.446434,43.781435,,,,6.46935127266258,274.809892754258,,2
1048618,48329327,3,41,,-79.446445,43.781474,,,,4.43056133382667,279.240454088084,,2
1048618,48329327,3,42,,-79.44647,43.781515,,,,4.98679987323887,284.227253961323,,2
1048618,48329327,3,43,05:57:53,-79.446567,43.78174,2137,1,,26.2321063508403,310.459360312164,,2
1048618,48329327,3,44,05:57:53,-79.446567,43.78174,2137,1,1e-12,0,310.459360312164,0,2
1048618,48329327,3,45,05:58:00,-79.446732,43.782129,,,22.740946251046,45.2883081470724,355.747668459236,7.16935467546613,2
1048618,48329327,3,46,05:58:02,-79.446816,43.782193,,,22.740946251046,9.81502897755872,365.562697436795,8.7231204655588,2
1048618,48329327,3,47,05:58:02,-79.446856,43.782221,,,22.740946251046,4.4777522502783,370.040449687073,9.43196995330869,2
1048618,48329327,3,48,05:58:03,-79.446901,43.782255,,,22.740946251046,5.23500698279919,375.275456669872,10.260696468469,2
1048618,48329327,3,49,05:58:03,-79.446911,43.782262,,,22.740946251046,1.11943756637972,376.394894236252,10.4379087618573,2
1048618,48329327,3,50,05:58:04,-79.446948,43.78228,,,22.740946251046,3.58577881044914,379.980673046701,11.0055546097965,2
1048618,48329327,3,51,05:58:05,-79.446991,43.7823,,,22.740946251046,4.11096873817806,384.091641784879,11.6563405223115,2
1048618,48329327,3,52,05:58:05,-79.447046,43.782326,,,22.740946251046,5.2835963140836,389.375238098963,12.4927589598172,2
1048618,48329327,3,53,05:58:06,-79.44708,43.78234,,,22.740946251046,3.14575617593778,392.5209942749,12.9907471309495,2
1048618,48329327,3,54,05:58:07,-79.447121,43.782359,,,22.740946251046,3.91555745990077,396.436551734801,13.6105985082859,2
1048618,48329327,3,55,05:58:07,-79.447172,43.782377,,,22.740946251046,4.56241408253037,400.998965817332,14.3328503669285,2
1048618,48329327,3,56,05:58:08,-79.447218,43.782389,,,22.740946251046,3.93094086769507,404.929906685027,14.9551370109177,2
1048618,48329327,3,57,05:58:08,-79.447235,43.782394,,,22.740946251046,1.4753078094237,406.40521449445,15.1886852571205,2
1048618,48329327,3,58,05:58:09,-79.447269,43.782403,,,22.740946251046,2.91044364514251,409.315658139593,15.6494223349381,2
1048618,48329327,3,59,05:58:09,-79.447311,43.782415,,,22.740946251046,3.63023668597853,412.945894825571,16.224106076118,2
1048618,48329327,3,60,05:58:10,-79.447373,43.782427,,,22.740946251046,5.15886677824598,418.104761603817,17.0407792345989,2
1048618,48329327,3,61,05:58:11,-79.447427,43.782426,,,22.740946251046,4.34138633970655,422.446147943524,17.7280413498341,2
1048618,48329327,3,62,05:58:11,-79.447478,43.782426,,,22.740946251046,4.0988501138372,426.544998057361,18.3769088264517,2
1048618,48329327,3,63,05:58:12,-79.44755,43.782425,,,22.740946251046,5.78768262513756,432.332680682499,19.2931265255959,2
1048618,48329327,3,64,05:58:13,-79.4476,43.782425,,,22.740946251046,4.01848056959506,436.351161252094,19.9292711209369,2
1048618,48329327,3,65,05:58:14,-79.447663,43.782416,,,22.740946251046,5.16145507181471,441.512616323908,20.7463540186056,2
1048618,48329327,3,66,05:58:14,-79.44772,43.78241,,,22.740946251046,4.62950365874743,446.142119982656,21.4792264763963,2
1048618,48329327,3,67,05:58:28,-79.448765,43.782194,,,22.740946251046,87.3606358703628,533.502755853019,35.3088308236138,2
1048618,48329327,3,68,05:58:30,-79.448905,43.782159,,,22.740946251046,11.9072695031147,545.410025356133,37.1938082444299,2
1048618,48329327,3,69,05:58:43,-79.449883,43.781916,,,22.740946251046,83.1264678897015,628.536493245835,50.3531236528272,2
1048618,48329327,3,70,05:58:44,-79.44993,43.781902,7025,2,22.740946251046,4.08627228948037,632.622765535315,51,2
1048618,48329327,3,71,05:58:44,-79.44993,43.781902,7025,2,1e-12,0,632.622765535315,51,2
1048618,48329327,3,72,05:58:45,-79.450004,43.781891,,,20.5882748892383,6.07215346679244,638.694919002108,52.0617573642306,2
1048618,48329327,3,73,05:58:46,-79.450085,43.781887,,,20.5882748892383,6.52520742731698,645.220126429425,53.2027342972042,2
1048618,48329327,3,74,05:58:48,-79.450178,43.78189,,,20.5882748892383,7.48189785783604,652.702024287261,54.5109950637383,2
1048618,48329327,3,75,05:58:49,-79.450258,43.781899,,,20.5882748892383,6.5072147989041,659.209239086165,55.6488258631658,2
1048618,48329327,3,76,05:58:50,-79.450334,43.78191,,,20.5882748892383,6.22967529679376,665.438914382959,56.7381269915562,2
1048618,48329327,3,77,05:58:50,-79.450383,43.781926,,,20.5882748892383,4.32219161995898,669.761106002918,57.4938916156231,2
1048618,48329327,3,78,05:58:51,-79.450415,43.781936,,,20.5882748892383,2.80242916738375,672.563535170301,57.9839154304817,2
1048618,48329327,3,79,05:58:52,-79.450447,43.781899,,,20.5882748892383,4.85583124005084,677.419366410352,58.8329905743793,2
1048618,48329327,3,80,05:58:53,-79.450487,43.781848,,,20.5882748892383,6.52431584628635,683.943682256639,59.9738116083411,2
1048618,48329327,3,81,05:58:55,-79.450578,43.78177,,,20.5882748892383,11.3526850769042,695.296367333543,61.9589058669289,2
1048618,48329327,3,82,05:58:57,-79.450661,43.781687,,,20.5882748892383,11.3959495571822,706.692316890725,63.9515652143762,2
1048618,48329327,3,83,05:58:59,-79.450773,43.781597,,,20.5882748892383,13.4685818104486,720.160898701174,66.306638418832,2
1048618,48329327,3,84,05:59:02,-79.450886,43.781495,,,20.5882748892383,14.5398614346525,734.700760135826,68.8490321573239,2
1048618,48329327,3,85,05:59:04,-79.450989,43.781397,,,20.5882748892383,13.6945877467524,748.395347882578,71.2436240380686,2
1048618,48329327,3,86,05:59:06,-79.451056,43.78135,,,20.5882748892383,7.50804202202876,755.903389904607,72.556456289664,2
1048618,48329327,3,87,05:59:08,-79.451143,43.781263,,,20.5882748892383,11.9451808379414,767.848570742549,74.6451524649354,2
1048618,48329327,3,88,05:59:10,-79.451244,43.781173,,,20.5882748892383,12.8945397037189,780.743110446267,76.8998504997694,2
1048618,48329327,3,89,05:59:12,-79.45132,43.781109,,,20.5882748892383,9.38446176150945,790.127572207777,78.5407875148028,2
1048618,48329327,3,90,05:59:13,-79.451393,43.781037,,,20.5882748892383,9.93294059137061,800.060512799147,80.2776297864992,2
1048618,48329327,3,91,05:59:15,-79.451455,43.780978,,,20.5882748892383,8.24422715400251,808.30473995315,81.7191890193188,2
1048618,48329327,3,92,05:59:16,-79.451512,43.780914,,,20.5882748892383,8.47024036699006,816.77498032014,83.2002682008049,2
1048618,48329327,3,93,05:59:17,-79.451572,43.780865,,,20.5882748892383,7.28064860607455,824.055628926215,84.4733391658506,2
1048618,48329327,3,94,05:59:19,-79.451653,43.780788,,,20.5882748892383,10.763545229151,834.819174155366,86.3554183120348,2
1048618,48329327,3,95,05:59:21,-79.451731,43.780716,,,20.5882748892383,10.1754952494024,844.994669404768,88.1346729166543,2
1048618,48329327,3,96,05:59:23,-79.451794,43.780638,,,20.5882748892383,10.0514408871912,855.046110291959,89.8922357716559,2
1048618,48329327,3,97,05:59:24,-79.451842,43.780573,,,20.5882748892383,8.19996321748044,863.24607350944,91.3260551538889,2
1048618,48329327,3,98,05:59:26,-79.451896,43.780497,,,20.5882748892383,9.50856428595255,872.754637795392,92.9886923400342,2
1048618,48329327,3,99,05:59:27,-79.451937,43.780435,,,20.5882748892383,7.64811816320592,880.402755958598,94.326017858353,2
1048618,48329327,3,100,05:59:30,-79.451991,43.78032,,,20.5882748892383,13.5174375578355,893.920193516434,96.6896338227797,2
1048618,48329327,3,101,05:59:32,-79.452066,43.78019,,,20.5882748892383,15.6767773073358,909.596970823769,99.4308250401122,2
1048618,48329327,3,102,05:59:45,-79.45241,43.779589,,,20.5882748892383,72.3909027961624,981.987873619932,112.088867128058,2
1048618,48329327,3,103,06:00:00,-79.45141,43.779333,1842,3,20.5882748892383,85.2762506881915,1067.26412430812,127,2
1048618,48329327,3,104,06:00:00,-79.45141,43.779333,1842,3,1e-12,0,1067.26412430812,127,2
1048618,48329327,3,105,,-79.451333,43.779332,,,,6.18978127239709,1073.45390558052,,2
1048618,48329327,3,106,,-79.451229,43.77931,,,,8.71025309621934,1082.16415867674,,2
1048618,48329305,3,1,,-79.443417,43.781359,,,1e-12,0,0,0,3
1048618,48329305,3,2,,-79.4441200019284,43.7811950021545,,,,59.3772593476748,59.3772593476748,,3
1048618,48329305,3,3,,-79.444823,43.781031,,,,59.3772593476563,118.754518695331,,3
1048618,48329305,3,4,,-79.44502,43.781027,,,,15.8394432086129,134.593961903944,,3
1048618,48329305,3,5,,-79.445343,43.781094,,,,27.0101503612865,161.60411226523,,3
1048618,48329305,3,6,,-79.445363,43.781097,,,,1.64175301270991,163.24586527794,,3
1048618,48329305,3,7,,-79.445383,43.781101,,,,1.66796188633095,164.913827164271,,3
1048618,48329305,3,8,,-79.445402,43.781105,,,,1.59065196071587,166.504479124987,,3
1048618,48329305,3,9,,-79.445422,43.78111,,,,1.70106565941505,168.205544784402,,3
1048618,48329305,3,10,,-79.44544,43.781115,,,,1.5500637204309,169.755608504833,,3
1048618,48329305,3,11,,-79.445459,43.781121,,,,1.66673725257604,171.422345757409,,3
1048618,48329305,3,12,,-79.445477,43.781128,,,,1.64319974167803,173.065545499087,,3
1048618,48329305,3,13,,-79.445495,43.781135,,,,1.64319959255343,174.708745091641,,3
1048618,48329305,3,14,,-79.445511,43.781142,,,,1.503613927652,176.212359019293,,3
1048618,48329305,3,15,,-79.445534,43.781154,,,,2.28069163576656,178.493050655059,,3
1048618,48329305,3,16,,-79.445558,43.781165,,,,2.28476149611991,180.777812151179,,3
1048618,48329305,3,17,,-79.44558,43.781177,,,,2.21604877324525,182.993860924424,,3
1048618,48329305,3,18,,-79.445602,43.78119,,,,2.28487889607956,185.278739820504,,3
1048618,48329305,3,19,,-79.445623,43.781204,,,,2.29727985567555,187.57601967618,,3
1048618,48329305,3,20,,-79.445643,43.781218,,,,2.23889535093677,189.814915027116,,3
1048618,48329305,3,21,,-79.445652,43.781224,,,,0.984548297547228,190.799463324663,,3
1048618,48329305,3,22,,-79.445662,43.78123,,,,1.04501979518585,191.844483119849,,3
1048618,48329305,3,23,,-79.445672,43.781235,,,,0.977626687722159,192.822109807572,,3
1048618,48329305,3,24,,-79.445682,43.78124,,,,0.977626630448578,193.79973643802,,3
1048618,48329305,3,25,,-79.445693,43.781245,,,,1.044702758,194.84443919602,,3
1048618,48329305,3,26,,-79.445705,43.781249,,,,1.0622827478979,195.906721943918,,3
1048618,48329305,3,27,,-79.445716,43.781252,,,,0.9450561774431,196.851778121361,,3
1048618,48329305,3,28,,-79.445728,43.781254,,,,0.989818216551959,197.841596337913,,3
1048618,48329305,3,29,,-79.44574,43.781256,,,,0.989818186271067,198.831414524184,,3
1048618,48329305,3,30,,-79.445753,43.781258,,,,1.06828280444276,199.899697328627,,3
1048618,48329305,3,31,,-79.445765,43.781259,,,,0.970857272765072,200.870554601392,,3
1048618,48329305,3,32,,-79.445778,43.781259,,,,1.04482532617811,201.91537992757,,3
1048618,48329305,3,33,,-79.44579,43.781258,,,,0.970857273780828,202.886237201351,,3
1048618,48329305,3,34,,-79.445803,43.781257,,,,1.0507388088701,203.936976010221,,3
1048618,48329305,3,35,,-79.445815,43.781255,,,,0.989818170552833,204.926794180774,,3
1048618,48329305,3,36,,-79.445827,43.781253,,,,0.989818200993002,205.916612381767,,3
1048618,48329305,3,37,,-79.446356,43.781208,,,,42.8104649388376,248.727077320604,,3
1048618,48329305,3,38,,-79.446392,43.781341,,,,15.0855607511437,263.812638071748,,3
1048618,48329305,3,39,,-79.446408,43.78138,,,,4.52790340984693,268.340541481595,,3
1048618,48329305,3,40,,-79.446434,43.781435,,,,6.46935127266258,274.809892754258,,3
1048618,48329305,3,41,,-79.446445,43.781474,,,,4.43056133382667,279.240454088084,,3
1048618,48329305,3,42,,-79.44647,43.781515,,,,4.98679987323887,284.227253961323,,3
1048618,48329305,3,43,06:37:53,-79.446567,43.78174,2137,1,,26.2321063508403,310.459360312164,,3
1048618,48329305,3,44,06:37:53,-79.446567,43.78174,2137,1,1e-12,0,310.459360312164,0,3
1048618,48329305,3,45,06:38:00,-79.446732,43.782129,,,22.740946251046,45.2883081470724,355.747668459236,7.16935467546613,3
1048618,48329305,3,46,06:38:02,-79.446816,43.782193,,,22.740946251046,9.81502897755872,365.562697436795,8.7231204655588,3
1048618,48329305,3,47,06:38:02,-79.446856,43.782221,,,22.740946251046,4.4777522502783,370.040449687073,9.43196995330869,3
1048618,48329305,3,48,06:38:03,-79.446901,43.782255,,,22.740946251046,5.23500698279919,375.275456669872,10.260696468469,3
1048618,48329305,3,49,06:38:03,-79.446911,43.782262,,,22.740946251046,1.11943756637972,376.394894236252,10.4379087618573,3
1048618,48329305,3,50,06:38:04,-79.446948,43.78228,,,22.740946251046,3.58577881044914,379.980673046701,11.0055546097965,3
1048618,48329305,3,51,06:38:05,-79.446991,43.7823,,,22.740946251046,4.11096873817806,384.091641784879,11.6563405223115,3
1048618,48329305,3,52,06:38:05,-79.447046,43.782326,,,22.740946251046,5.2835963140836,389.375238098963,12.4927589598172,3
1048618,48329305,3,53,06:38:06,-79.44708,43.78234,,,22.740946251046,3.14575617593778,392.5209942749,12.9907471309495,3
1048618,48329305,3,54,06:38:07,-79.447121,43.782359,,,22.740946251046,3.91555745990077,396.436551734801,13.6105985082859,3
1048618,48329305,3,55,06:38:07,-79.447172,43.782377,,,22.740946251046,4.56241408253037,400.998965817332,14.3328503669285,3
1048618,48329305,3,56,06:38:08,-79.447218,43.782389,,,22.740946251046,3.93094086769507,404.929906685027,14.9551370109177,3
1048618,48329305,3,57,06:38:08,-79.447235,43.782394,,,22.740946251046,1.4753078094237,406.40521449445,15.1886852571205,3
1048618,48329305,3,58,06:38:09,-79.447269,43.782403,,,22.740946251046,2.91044364514251,409.315658139593,15.6494223349381,3
1048618,48329305,3,59,06:38:09,-79.447311,43.782415,,,22.740946251046,3.63023668597853,412.945894825571,16.224106076118,3
1048618,48329305,3,60,06:38:10,-79.447373,43.782427,,,22.740946251046,5.15886677824598,418.104761603817,17.0407792345989,3
1048618,48329305,3,61,06:38:11,-79.447427,43.782426,,,22.740946251046,4.34138633970655,422.446147943524,17.7280413498341,3
1048618,48329305,3,62,06:38:11,-79.447478,43.782426,,,22.740946251046,4.0988501138372,426.544998057361,18.3769088264517,3
1048618,48329305,3,63,06:38:12,-79.44755,43.782425,,,22.740946251046,5.78768262513756,432.332680682499,19.2931265255959,3
1048618,48329305,3,64,06:38:13,-79.4476,43.782425,,,22.740946251046,4.01848056959506,436.351161252094,19.9292711209369,3
1048618,48329305,3,65,06:38:14,-79.447663,43.782416,,,22.740946251046,5.16145507181471,441.512616323908,20.7463540186056,3
1048618,48329305,3,66,06:38:14,-79.44772,43.78241,,,22.740946251046,4.62950365874743,446.142119982656,21.4792264763963,3
1048618,48329305,3,67,06:38:28,-79.448765,43.782194,,,22.740946251046,87.3606358703628,533.502755853019,35.3088308236138,3
1048618,48329305,3,68,06:38:30,-79.448905,43.782159,,,22.740946251046,11.9072695031147,545.410025356133,37.1938082444299,3
1048618,48329305,3,69,06:38:43,-79.449883,43.781916,,,22.740946251046,83.1264678897015,628.536493245835,50.3531236528272,3
1048618,48329305,3,70,06:38:44,-79.44993,43.781902,7025,2,22.740946251046,4.08627228948037,632.622765535315,51,3
1048618,48329305,3,71,06:38:44,-79.44993,43.781902,7025,2,1e-12,0,632.622765535315,51,3
1048618,48329305,3,72,06:38:45,-79.450004,43.781891,,,20.5882748892383,6.07215346679244,638.694919002108,52.0617573642306,3
1048618,48329305,3,73,06:38:46,-79.450085,43.781887,,,20.5882748892383,6.52520742731698,645.220126429425,53.2027342972042,3
1048618,48329305,3,74,06:38:48,-79.450178,43.78189,,,20.5882748892383,7.48189785783604,652.702024287261,54.5109950637383,3
1048618,48329305,3,75,06:38:49,-79.450258,43.781899,,,20.5882748892383,6.5072147989041,659.209239086165,55.6488258631658,3
1048618,48329305,3,76,06:38:50,-79.450334,43.78191,,,20.5882748892383,6.22967529679376,665.438914382959,56.7381269915562,3
1048618,48329305,3,77,06:38:50,-79.450383,43.781926,,,20.5882748892383,4.32219161995898,669.761106002918,57.4938916156231,3
1048618,48329305,3,78,06:38:51,-79.450415,43.781936,,,20.5882748892383,2.80242916738375,672.563535170301,57.9839154304817,3
1048618,48329305,3,79,06:38:52,-79.450447,43.781899,,,20.5882748892383,4.85583124005084,677.419366410352,58.8329905743793,3
1048618,48329305,3,80,06:38:53,-79.450487,43.781848,,,20.5882748892383,6.52431584628635,683.943682256639,59.9738116083411,3
1048618,48329305,3,81,06:38:55,-79.450578,43.78177,,,20.5882748892383,11.3526850769042,695.296367333543,61.9589058669289,3
1048618,48329305,3,82,06:38:57,-79.450661,43.781687,,,20.5882748892383,11.3959495571822,706.692316890725,63.9515652143762,3
1048618,48329305,3,83,06:38:59,-79.450773,43.781597,,,20.5882748892383,13.4685818104486,720.160898701174,66.306638418832,3
1048618,48329305,3,84,06:39:02,-79.450886,43.781495,,,20.5882748892383,14.5398614346525,734.700760135826,68.8490321573239,3
1048618,48329305,3,85,06:39:04,-79.450989,43.781397,,,20.5882748892383,13.6945877467524,748.395347882578,71.2436240380686,3
1048618,48329305,3,86,06:39:06,-79.451056,43.78135,,,20.5882748892383,7.50804202202876,755.903389904607,72.556456289664,3
1048618,48329305,3,87,06:39:08,-79.451143,43.781263,,,20.5882748892383,11.9451808379414,767.848570742549,74.6451524649354,3
1048618,48329305,3,88,06:39:10,-79.451244,43.781173,,,20.5882748892383,12.8945397037189,780.743110446267,76.8998504997694,3
1048618,48329305,3,89,06:39:12,-79.45132,43.781109,,,20.5882748892383,9.38446176150945,790.127572207777,78.5407875148028,3
1048618,48329305,3,90,06:39:13,-79.451393,43.781037,,,20.5882748892383,9.93294059137061,800.060512799147,80.2776297864992,3
1048618,48329305,3,91,06:39:15,-79.451455,43.780978,,,20.5882748892383,8.24422715400251,808.30473995315,81.7191890193188,3
1048618,48329305,3,92,06:39:16,-79.451512,43.780914,,,20.5882748892383,8.47024036699006,816.77498032014,83.2002682008049,3
1048618,48329305,3,93,06:39:17,-79.451572,43.780865,,,20.5882748892383,7.28064860607455,824.055628926215,84.4733391658506,3
1048618,48329305,3,94,06:39:19,-79.451653,43.780788,,,20.5882748892383,10.763545229151,834.819174155366,86.3554183120348,3
1048618,48329305,3,95,06:39:21,-79.451731,43.780716,,,20.5882748892383,10.1754952494024,844.994669404768,88.1346729166543,3
1048618,48329305,3,96,06:39:23,-79.451794,43.780638,,,20.5882748892383,10.0514408871912,855.046110291959,89.8922357716559,3
1048618,48329305,3,97,06:39:24,-79.451842,43.780573,,,20.5882748892383,8.19996321748044,863.24607350944,91.3260551538889,3
1048618,48329305,3,98,06:39:26,-79.451896,43.780497,,,20.5882748892383,9.50856428595255,872.754637795392,92.9886923400342,3
1048618,48329305,3,99,06:39:27,-79.451937,43.780435,,,20.5882748892383,7.64811816320592,880.402755958598,94.326017858353,3
1048618,48329305,3,100,06:39:30,-79.451991,43.78032,,,20.5882748892383,13.5174375578355,893.920193516434,96.6896338227797,3
1048618,48329305,3,101,06:39:32,-79.452066,43.78019,,,20.5882748892383,15.6767773073358,909.596970823769,99.4308250401122,3
1048618,48329305,3,102,06:39:45,-79.45241,43.779589,,,20.5882748892383,72.3909027961624,981.987873619932,112.088867128058,3
1048618,48329305,3,103,06:40:00,-79.45141,43.779333,1842,3,20.5882748892383,85.2762506881915,1067.26412430812,127,3
1048618,48329305,3,104,06:40:00,-79.45141,43.779333,1842,3,1e-12,0,1067.26412430812,127,3
1048618,48329305,3,105,,-79.451333,43.779332,,,,6.18978127239709,1073.45390558052,,3
1048618,48329305,3,106,,-79.451229,43.77931,,,,8.71025309621934,1082.16415867674,,3
1048618,48329277,3,1,,-79.443417,43.781359,,,1e-12,0,0,0,4
1048618,48329277,3,2,,-79.4441200019284,43.7811950021545,,,,59.3772593476748,59.3772593476748,,4
1048618,48329277,3,3,,-79.444823,43.781031,,,,59.3772593476563,118.754518695331,,4
1048618,48329277,3,4,,-79.44502,43.781027,,,,15.8394432086129,134.593961903944,,4
1048618,48329277,3,5,,-79.445343,43.781094,,,,27.0101503612865,161.60411226523,,4
1048618,48329277,3,6,,-79.445363,43.781097,,,,1.64175301270991,163.24586527794,,4
1048618,48329277,3,7,,-79.445383,43.781101,,,,1.66796188633095,164.913827164271,,4
1048618,48329277,3,8,,-79.445402,43.781105,,,,1.59065196071587,166.504479124987,,4
1048618,48329277,3,9,,-79.445422,43.78111,,,,1.70106565941505,168.205544784402,,4
1048618,48329277,3,10,,-79.44544,43.781115,,,,1.5500637204309,169.755608504833,,4
1048618,48329277,3,11,,-79.445459,43.781121,,,,1.66673725257604,171.422345757409,,4
1048618,48329277,3,12,,-79.445477,43.781128,,,,1.64319974167803,173.065545499087,,4
1048618,48329277,3,13,,-79.445495,43.781135,,,,1.64319959255343,174.708745091641,,4
1048618,48329277,3,14,,-79.445511,43.781142,,,,1.503613927652,176.212359019293,,4
1048618,48329277,3,15,,-79.445534,43.781154,,,,2.28069163576656,178.493050655059,,4
1048618,48329277,3,16,,-79.445558,43.781165,,,,2.28476149611991,180.777812151179,,4
1048618,48329277,3,17,,-79.44558,43.781177,,,,2.21604877324525,182.993860924424,,4
1048618,48329277,3,18,,-79.445602,43.78119,,,,2.28487889607956,185.278739820504,,4
1048618,48329277,3,19,,-79.445623,43.781204,,,,2.29727985567555,187.57601967618,,4
1048618,48329277,3,20,,-79.445643,43.781218,,,,2.23889535093677,189.814915027116,,4
1048618,48329277,3,21,,-79.445652,43.781224,,,,0.984548297547228,190.799463324663,,4
1048618,48329277,3,22,,-79.445662,43.78123,,,,1.04501979518585,191.844483119849,,4
1048618,48329277,3,23,,-79.445672,43.781235,,,,0.977626687722159,192.822109807572,,4
1048618,48329277,3,24,,-79.445682,43.78124,,,,0.977626630448578,193.79973643802,,4
1048618,48329277,3,25,,-79.445693,43.781245,,,,1.044702758,194.84443919602,,4
1048618,48329277,3,26,,-79.445705,43.781249,,,,1.0622827478979,195.906721943918,,4
1048618,48329277,3,27,,-79.445716,43.781252,,,,0.9450561774431,196.851778121361,,4
1048618,48329277,3,28,,-79.445728,43.781254,,,,0.989818216551959,197.841596337913,,4
1048618,48329277,3,29,,-79.44574,43.781256,,,,0.989818186271067,198.831414524184,,4
1048618,48329277,3,30,,-79.445753,43.781258,,,,1.06828280444276,199.899697328627,,4
1048618,48329277,3,31,,-79.445765,43.781259,,,,0.970857272765072,200.870554601392,,4
1048618,48329277,3,32,,-79.445778,43.781259,,,,1.04482532617811,201.91537992757,,4
1048618,48329277,3,33,,-79.44579,43.781258,,,,0.970857273780828,202.886237201351,,4
1048618,48329277,3,34,,-79.445803,43.781257,,,,1.0507388088701,203.936976010221,,4
1048618,48329277,3,35,,-79.445815,43.781255,,,,0.989818170552833,204.926794180774,,4
1048618,48329277,3,36,,-79.445827,43.781253,,,,0.989818200993002,205.916612381767,,4
1048618,48329277,3,37,,-79.446356,43.781208,,,,42.8104649388376,248.727077320604,,4
1048618,48329277,3,38,,-79.446392,43.781341,,,,15.0855607511437,263.812638071748,,4
1048618,48329277,3,39,,-79.446408,43.78138,,,,4.52790340984693,268.340541481595,,4
1048618,48329277,3,40,,-79.446434,43.781435,,,,6.46935127266258,274.809892754258,,4
1048618,48329277,3,41,,-79.446445,43.781474,,,,4.43056133382667,279.240454088084,,4
1048618,48329277,3,42,,-79.44647,43.781515,,,,4.98679987323887,284.227253961323,,4
1048618,48329277,3,43,15:07:53,-79.446567,43.78174,2137,1,,26.2321063508403,310.459360312164,,4
1048618,48329277,3,44,15:07:53,-79.446567,43.78174,2137,1,1e-12,0,310.459360312164,0,4
1048618,48329277,3,45,15:08:00,-79.446732,43.782129,,,22.740946251046,45.2883081470724,355.747668459236,7.16935467546613,4
1048618,48329277,3,46,15:08:02,-79.446816,43.782193,,,22.740946251046,9.81502897755872,365.562697436795,8.7231204655588,4
1048618,48329277,3,47,15:08:02,-79.446856,43.782221,,,22.740946251046,4.4777522502783,370.040449687073,9.43196995330869,4
1048618,48329277,3,48,15:08:03,-79.446901,43.782255,,,22.740946251046,5.23500698279919,375.275456669872,10.260696468469,4
1048618,48329277,3,49,15:08:03,-79.446911,43.782262,,,22.740946251046,1.11943756637972,376.394894236252,10.4379087618573,4
1048618,48329277,3,50,15:08:04,-79.446948,43.78228,,,22.740946251046,3.58577881044914,379.980673046701,11.0055546097965,4
1048618,48329277,3,51,15:08:05,-79.446991,43.7823,,,22.740946251046,4.11096873817806,384.091641784879,11.6563405223115,4
1048618,48329277,3,52,15:08:05,-79.447046,43.782326,,,22.740946251046,5.2835963140836,389.375238098963,12.4927589598172,4
1048618,48329277,3,53,15:08:06,-79.44708,43.78234,,,22.740946251046,3.14575617593778,392.5209942749,12.9907471309495,4
1048618,48329277,3,54,15:08:07,-79.447121,43.782359,,,22.740946251046,3.91555745990077,396.436551734801,13.6105985082859,4
1048618,48329277,3,55,15:08:07,-79.447172,43.782377,,,22.740946251046,4.56241408253037,400.998965817332,14.3328503669285,4
1048618,48329277,3,56,15:08:08,-79.447218,43.782389,,,22.740946251046,3.93094086769507,404.929906685027,14.9551370109177,4
1048618,48329277,3,57,15:08:08,-79.447235,43.782394,,,22.740946251046,1.4753078094237,406.40521449445,15.1886852571205,4
1048618,48329277,3,58,15:08:09,-79.447269,43.782403,,,22.740946251046,2.91044364514251,409.315658139593,15.6494223349381,4
1048618,48329277,3,59,15:08:09,-79.447311,43.782415,,,22.740946251046,3.63023668597853,412.945894825571,16.224106076118,4
1048618,48329277,3,60,15:08:10,-79.447373,43.782427,,,22.740946251046,5.15886677824598,418.104761603817,17.0407792345989,4
1048618,48329277,3,61,15:08:11,-79.447427,43.782426,,,22.740946251046,4.34138633970655,422.446147943524,17.7280413498341,4
1048618,48329277,3,62,15:08:11,-79.447478,43.782426,,,22.740946251046,4.0988501138372,426.544998057361,18.3769088264517,4
1048618,48329277,3,63,15:08:12,-79.44755,43.782425,,,22.740946251046,5.78768262513756,432.332680682499,19.2931265255959,4
1048618,48329277,3,64,15:08:13,-79.4476,43.782425,,,22.740946251046,4.01848056959506,436.351161252094,19.9292711209369,4
1048618,48329277,3,65,15:08:14,-79.447663,43.782416,,,22.740946251046,5.16145507181471,441.512616323908,20.7463540186056,4
1048618,48329277,3,66,15:08:14,-79.44772,43.78241,,,22.740946251046,4.62950365874743,446.142119982656,21.4792264763963,4
1048618,48329277,3,67,15:08:28,-79.448765,43.782194,,,22.740946251046,87.3606358703628,533.502755853019,35.3088308236138,4
1048618,48329277,3,68,15:08:30,-79.448905,43.782159,,,22.740946251046,11.9072695031147,545.410025356133,37.1938082444299,4
1048618,48329277,3,69,15:08:43,-79.449883,43.781916,,,22.740946251046,83.1264678897015,628.536493245835,50.3531236528272,4
1048618,48329277,3,70,15:08:44,-79.44993,43.781902,7025,2,22.740946251046,4.08627228948037,632.622765535315,51,4
1048618,48329277,3,71,15:08:44,-79.44993,43.781902,7025,2,1e-12,0,632.622765535315,51,4
1048618,48329277,3,72,15:08:45,-79.450004,43.781891,,,20.5882748892383,6.07215346679244,638.694919002108,52.0617573642306,4
1048618,48329277,3,73,15:08:46,-79.450085,43.781887,,,20.5882748892383,6.52520742731698,645.220126429425,53.2027342972042,4
1048618,48329277,3,74,15:08:48,-79.450178,43.78189,,,20.5882748892383,7.48189785783604,652.702024287261,54.5109950637383,4
1048618,48329277,3,75,15:08:49,-79.450258,43.781899,,,20.5882748892383,6.5072147989041,659.209239086165,55.6488258631658,4
1048618,48329277,3,76,15:08:50,-79.450334,43.78191,,,20.5882748892383,6.22967529679376,665.438914382959,56.7381269915562,4
1048618,48329277,3,77,15:08:50,-79.450383,43.781926,,,20.5882748892383,4.32219161995898,669.761106002918,57.4938916156231,4
1048618,48329277,3,78,15:08:51,-79.450415,43.781936,,,20.5882748892383,2.80242916738375,672.563535170301,57.9839154304817,4
1048618,48329277,3,79,15:08:52,-79.450447,43.781899,,,20.5882748892383,4.85583124005084,677.419366410352,58.8329905743793,4
1048618,48329277,3,80,15:08:53,-79.450487,43.781848,,,20.5882748892383,6.52431584628635,683.943682256639,59.9738116083411,4
1048618,48329277,3,81,15:08:55,-79.450578,43.78177,,,20.5882748892383,11.3526850769042,695.296367333543,61.9589058669289,4
1048618,48329277,3,82,15:08:57,-79.450661,43.781687,,,20.5882748892383,11.3959495571822,706.692316890725,63.9515652143762,4
1048618,48329277,3,83,15:08:59,-79.450773,43.781597,,,20.5882748892383,13.4685818104486,720.160898701174,66.306638418832,4
1048618,48329277,3,84,15:09:02,-79.450886,43.781495,,,20.5882748892383,14.5398614346525,734.700760135826,68.8490321573239,4
1048618,48329277,3,85,15:09:04,-79.450989,43.781397,,,20.5882748892383,13.6945877467524,748.395347882578,71.2436240380686,4
1048618,48329277,3,86,15:09:06,-79.451056,43.78135,,,20.5882748892383,7.50804202202876,755.903389904607,72.556456289664,4
1048618,48329277,3,87,15:09:08,-79.451143,43.781263,,,20.5882748892383,11.9451808379414,767.848570742549,74.6451524649354,4
1048618,48329277,3,88,15:09:10,-79.451244,43.781173,,,20.5882748892383,12.8945397037189,780.743110446267,76.8998504997694,4
1048618,48329277,3,89,15:09:12,-79.45132,43.781109,,,20.5882748892383,9.38446176150945,790.127572207777,78.5407875148028,4
1048618,48329277,3,90,15:09:13,-79.451393,43.781037,,,20.5882748892383,9.93294059137061,800.060512799147,80.2776297864992,4
1048618,48329277,3,91,15:09:15,-79.451455,43.780978,,,20.5882748892383,8.24422715400251,808.30473995315,81.7191890193188,4
1048618,48329277,3,92,15:09:16,-79.451512,43.780914,,,20.5882748892383,8.47024036699006,816.77498032014,83.2002682008049,4
1048618,48329277,3,93,15:09:17,-79.451572,43.780865,,,20.5882748892383,7.28064860607455,824.055628926215,84.4733391658506,4
1048618,48329277,3,94,15:09:19,-79.451653,43.780788,,,20.5882748892383,10.763545229151,834.819174155366,86.3554183120348,4
1048618,48329277,3,95,15:09:21,-79.451731,43.780716,,,20.5882748892383,10.1754952494024,844.994669404768,88.1346729166543,4
1048618,48329277,3,96,15:09:23,-79.451794,43.780638,,,20.5882748892383,10.0514408871912,855.046110291959,89.8922357716559,4
1048618,48329277,3,97,15:09:24,-79.451842,43.780573,,,20.5882748892383,8.19996321748044,863.24607350944,91.3260551538889,4
1048618,48329277,3,98,15:09:26,-79.451896,43.780497,,,20.5882748892383,9.50856428595255,872.754637795392,92.9886923400342,4
1048618,48329277,3,99,15:09:27,-79.451937,43.780435,,,20.5882748892383,7.64811816320592,880.402755958598,94.326017858353,4
1048618,48329277,3,100,15:09:30,-79.451991,43.78032,,,20.5882748892383,13.5174375578355,893.920193516434,96.6896338227797,4
1048618,48329277,3,101,15:09:32,-79.452066,43.78019,,,20.5882748892383,15.6767773073358,909.596970823769,99.4308250401122,4
1048618,48329277,3,102,15:09:45,-79.45241,43.779589,,,20.5882748892383,72.3909027961624,981.987873619932,112.088867128058,4
1048618,48329277,3,103,15:10:00,-79.45141,43.779333,1842,3,20.5882748892383,85.2762506881915,1067.26412430812,127,4
1048618,48329277,3,104,15:10:00,-79.45141,43.779333,1842,3,1e-12,0,1067.26412430812,127,4
1048618,48329277,3,105,,-79.451333,43.779332,,,,6.18978127239709,1073.45390558052,,4
1048618,48329277,3,106,,-79.451229,43.77931,,,,8.71025309621934,1082.16415867674,,4
