shape_id,trip_id,route_type,id,timestamp,shape_pt_lon,shape_pt_lat,stop_id,stop_sequence,speed,dist,cumdist,cumtime,trip_number
1048757,48332553,3,1,,-79.314527,43.816197,,,1e-12,0,0,0,1
1048757,48332553,3,2,05:02:12,-79.315354,43.816009,6329,1,,69.6469070543617,69.6469070543617,,1
1048757,48332553,3,3,05:02:12,-79.315354,43.816009,6329,1,1e-12,0,69.6469070543617,0,1
1048757,48332553,3,4,05:02:27,-79.316303,43.815795,,,19.3144219766222,79.863754859984,149.510661914346,14.8857427803917,1
1048757,48332553,3,5,05:02:28,-79.316378,43.815786,,,19.3144219766222,6.10709560884593,155.617757523192,16.0240395525372,1
1048757,48332553,3,6,05:02:29,-79.316425,43.815768,,,19.3144219766222,4.27406529879114,159.891822821983,16.8206792394132,1
1048757,48332553,3,7,05:02:29,-79.316459,43.815759,,,19.3144219766222,2.90901144172631,162.800834263709,17.3628876059328,1
1048757,48332553,3,8,05:02:30,-79.31649,43.815741,,,19.3144219766222,3.19616328449578,165.996997548205,17.9586179797494,1
1048757,48332553,3,9,05:02:31,-79.316506,43.815714,,,19.3144219766222,3.26887153681454,169.265869085019,18.5679003878265,1
1048757,48332553,3,10,05:02:36,-79.316867,43.815719,,,19.3144219766222,29.0026097712567,198.268478856276,23.9736741305198,1
1048757,48332553,3,11,05:02:36,-79.316899,43.815718,,,19.3144219766222,2.57280429521951,200.841283151496,24.4532171100613,1
1048757,48332553,3,12,05:02:37,-79.31693,43.815718,,,19.3144219766222,2.49007007330811,203.331353224804,24.9173393227146,1
1048757,48332553,3,13,05:02:37,-79.316962,43.815718,,,19.3144219766222,2.57039491580005,205.901748140604,25.3964332199112,1
1048757,48332553,3,14,05:02:38,-79.316994,43.815719,,,19.3144219766222,2.57280429419856,208.474552434802,25.8759761992624,1
1048757,48332553,3,15,05:02:38,-79.317025,43.815721,,,19.3144219766222,2.5000033361394,210.974555770942,26.3419498650027,1
1048757,48332553,3,16,05:02:39,-79.317056,43.815723,,,19.3144219766222,2.50000325103615,213.474559021978,26.8079235148806,1
1048757,48332553,3,17,05:02:39,-79.317088,43.815726,,,19.3144219766222,2.59199861990066,216.066557641879,27.2910441095812,1
1048757,48332553,3,18,05:02:40,-79.317119,43.815729,,,19.3144219766222,2.51236447792422,218.578922119803,27.759321758867,1
1048757,48332553,3,19,05:02:40,-79.31715,43.815733,,,19.3144219766222,2.52956888287078,221.108491002674,28.2308061237295,1
1048757,48332553,3,20,05:02:41,-79.317181,43.815737,,,19.3144219766222,2.52956872131261,223.638059723986,28.7022904584794,1
1048757,48332553,3,21,05:02:41,-79.317212,43.815743,,,19.3144219766222,2.5780918223005,226.216151546287,29.1828189760563,1
1048757,48332553,3,22,05:02:42,-79.317242,43.815748,,,19.3144219766222,2.47318973440666,228.689341280693,29.6437948755495,1
1048757,48332553,3,23,05:02:42,-79.317278,43.815756,,,19.3144219766222,3.02571911285129,231.715060393545,30.2077562935743,1
1048757,48332553,3,24,05:02:43,-79.317303,43.815761,,,19.3144219766222,2.08382948310765,233.798889876652,30.5961596404757,1
1048757,48332553,3,25,05:02:43,-79.317333,43.815769,,,19.3144219766222,2.56903733024398,236.367927206896,31.0750004983628,1
1048757,48332553,3,26,05:02:44,-79.317362,43.815777,,,19.3144219766222,2.49384827664722,238.861775483543,31.5398269273803,1
1048757,48332553,3,27,05:02:44,-79.317392,43.815785,,,19.3144219766222,2.56903672487806,241.430812208422,32.0186676724336,1
1048757,48332553,3,28,05:02:44,-79.31742,43.815794,,,19.3144219766222,2.4621480517941,243.892960260216,32.477585521344,1
1048757,48332553,3,29,05:02:45,-79.317449,43.815804,,,19.3144219766222,2.58174118639697,246.474701446613,32.9587942410395,1
1048757,48332553,3,30,05:02:45,-79.317477,43.815814,,,19.3144219766222,2.50950558388522,248.984207030498,33.4265390233023,1
1048757,48332553,3,31,05:02:46,-79.317505,43.815825,,,19.3144219766222,2.56082977017357,251.545036800671,33.9038500804897,1
1048757,48332553,3,32,05:02:46,-79.317533,43.815836,,,19.3144219766222,2.56082940630316,254.105866206975,34.3811610698555,1
1048757,48332553,3,33,05:02:47,-79.31756,43.815848,,,19.3144219766222,2.5471550881121,256.653021295087,34.855923313753,1
1048757,48332553,3,34,05:02:47,-79.317586,43.81586,,,19.3144219766222,2.4791205002837,259.13214179537,35.3180046440576,1
1048757,48332553,3,35,05:02:48,-79.317613,43.815873,,,19.3144219766222,2.60725831139628,261.739400106767,35.8039694807163,1
1048757,48332553,3,36,05:02:48,-79.317638,43.815886,,,19.3144219766222,2.47523355571498,264.214633662482,36.265326326464,1
1048757,48332553,3,37,05:02:49,-79.317664,43.8159,,,19.3144219766222,2.60584310045811,266.82047676294,36.7510273830632,1
1048757,48332553,3,38,05:02:49,-79.317688,43.815914,,,19.3144219766222,2.47895387184609,269.299430634786,37.2130776556237,1
1048757,48332553,3,39,05:02:50,-79.317713,43.815928,,,19.3144219766222,2.54192059846539,271.841351233251,37.6868642470915,1
1048757,48332553,3,40,05:02:50,-79.317736,43.815944,,,19.3144219766222,2.56621995990611,274.407571193157,38.1651799775257,1
1048757,48332553,3,41,05:02:51,-79.317757,43.815959,,,19.3144219766222,2.37351039569101,276.781081588848,38.6075767230679,1
1048757,48332553,3,42,05:02:51,-79.317778,43.815975,,,19.3144219766222,2.45310069707306,279.234182285921,39.0648082426108,1
1048757,48332553,3,43,05:02:52,-79.317798,43.815991,,,19.3144219766222,2.39857635993202,281.632758645853,39.5118770136155,1
1048757,48332553,3,44,05:02:52,-79.317817,43.816007,,,19.3144219766222,2.34553585159595,283.978294497449,39.9490596057721,1
1048757,48332553,3,45,05:02:52,-79.317836,43.816024,,,19.3144219766222,2.4311466609896,286.409441158439,40.4021991297069,1
1048757,48332553,3,46,05:02:53,-79.317854,43.816042,,,19.3144219766222,2.47092478735172,288.880365945791,40.8627528674907,1
1048757,48332553,3,47,05:02:53,-79.317872,43.816059,,,19.3144219766222,2.38154299787373,291.261908943664,41.3066468034688,1
1048757,48332553,3,48,05:02:54,-79.317888,43.816077,,,19.3144219766222,2.38048956069932,293.642398504364,41.7503443901162,1
1048757,48332553,3,49,05:02:54,-79.317904,43.816096,,,19.3144219766222,2.47492112961562,296.117319633979,42.2116430030077,1
1048757,48332553,3,50,05:02:55,-79.31792,43.816114,,,19.3144219766222,2.38048912838856,298.497808762368,42.6553405090771,1
1048757,48332553,3,51,05:02:55,-79.317935,43.816133,,,19.3144219766222,2.43417764066992,300.931986403038,43.109044974943,1
1048757,48332553,3,52,05:02:56,-79.317949,43.816152,,,19.3144219766222,2.39543569817055,303.327422101208,43.5555283604593,1
1048757,48332553,3,53,05:02:56,-79.317962,43.816172,,,19.3144219766222,2.45910490447989,305.786527005688,44.0138789995229,1
1048757,48332553,3,54,05:02:56,-79.317974,43.816191,,,19.3144219766222,2.32435100468474,308.110878010373,44.4471129646394,1
1048757,48332553,3,55,05:02:57,-79.317986,43.816211,,,19.3144219766222,2.42608658402864,310.536964594402,44.8993093447886,1
1048757,48332553,3,56,05:02:57,-79.317997,43.816232,,,19.3144219766222,2.49911450766151,313.036079102063,45.3651173424843,1
1048757,48332553,3,57,05:02:58,-79.318008,43.816252,,,19.3144219766222,2.395307827811,315.431386929874,45.8115768943444,1
1048757,48332553,3,58,05:02:58,-79.318017,43.816272,,,19.3144219766222,2.34081621917827,317.772203149052,46.2478797979075,1
1048757,48332553,3,59,05:02:59,-79.318026,43.816293,,,19.3144219766222,2.44693551338739,320.21913866244,46.703962193687,1
1048757,48332553,3,60,05:02:59,-79.318034,43.816314,,,19.3144219766222,2.42441948264678,322.643558145087,47.155847844114,1
1048757,48332553,3,61,05:03:00,-79.318041,43.816335,,,19.3144219766222,2.40437732025766,325.047935465344,47.603997851575,1
1048757,48332553,3,62,05:03:00,-79.318048,43.816356,,,19.3144219766222,2.40437727218971,327.452312737534,48.0521478500766,1
1048757,48332553,3,63,05:03:01,-79.318054,43.816378,,,19.3144219766222,2.49599917417512,329.948311911709,48.5173751832014,1
1048757,48332553,3,64,05:03:01,-79.318058,43.816399,,,19.3144219766222,2.35968552189007,332.307997433599,48.9571951213329,1
1048757,48332553,3,65,05:03:01,-79.318063,43.81642,,,19.3144219766222,2.37195764418663,334.679955077786,49.3993024507372,1
1048757,48332553,3,66,05:03:02,-79.318066,43.816442,,,19.3144219766222,2.46085541578638,337.140810493572,49.8579793662335,1
1048757,48332553,3,67,05:03:02,-79.318068,43.816464,,,19.3144219766222,2.45429210380516,339.595102597377,50.315432951145,1
1048757,48332553,3,68,05:03:03,-79.31807,43.816485,,,19.3144219766222,2.34322266605487,341.938325263432,50.7521843904585,1
1048757,48332553,3,69,05:03:03,-79.318071,43.816507,,,19.3144219766222,2.45034568136565,344.388670944798,51.2089024047792,1
1048757,48332553,3,70,05:03:04,-79.318071,43.816529,,,19.3144219766222,2.44902879580564,346.837699740603,51.6653749658308,1
1048757,48332553,3,71,05:03:04,-79.31807,43.81655,,,19.3144219766222,2.33908886148825,349.176788602092,52.1013559085456,1
1048757,48332553,3,72,05:03:05,-79.318069,43.816572,,,19.3144219766222,2.45034567849946,351.627134280591,52.5580739223321,1
1048757,48332553,3,73,05:03:05,-79.318066,43.816594,,,19.3144219766222,2.46085535552158,354.087989636113,53.0167508265957,1
1048757,48332553,3,74,05:03:05,-79.318063,43.816615,,,19.3144219766222,2.3500961249679,356.438085761081,53.454783404538,1
1048757,48332553,3,75,05:03:06,-79.318059,43.816637,,,19.3144219766222,2.47001461218929,358.90810037327,53.9151674954853,1
1048757,48332553,3,76,05:03:06,-79.318054,43.816658,,,19.3144219766222,2.3719573703577,361.280057743628,54.3572747738509,1
1048757,48332553,3,77,05:03:07,-79.318049,43.81668,,,19.3144219766222,2.48174110399638,363.761798847624,54.819844556431,1
1048757,48332553,3,78,05:03:22,-79.31782,43.817369,,,19.3144219766222,78.8739192211821,442.635718068806,69.5210926465855,1
1048757,48332553,3,79,05:03:23,-79.317792,43.817451,,,19.3144219766222,9.4011779733765,452.036896042183,71.2733708532603,1
1048757,48332553,3,80,05:03:24,-79.317777,43.817498,,,19.3144219766222,5.36895005649474,457.405846098677,72.2740852534518,1
1048757,48332553,3,81,05:03:25,-79.31776,43.817535,,,19.3144219766222,4.33926566853624,461.745111767214,73.0828775862297,1
1048757,48332553,3,82,05:03:26,-79.317743,43.817573,,,19.3144219766222,4.445067649334,466.190179416548,73.9113902674258,1
1048757,48332553,3,83,05:03:27,-79.317728,43.817612,,,19.3144219766222,4.50554136578892,470.695720782337,74.7511745973152,1
1048757,48332553,3,84,05:03:28,-79.317713,43.81765,,,19.3144219766222,4.39837639670996,475.094097179046,75.5709845324674,1
1048757,48332553,3,85,05:03:28,-79.317699,43.817688,,,19.3144219766222,4.37705551168534,479.471152690732,76.3868204845419,1
1048757,48332553,3,86,05:03:29,-79.317686,43.817727,,,19.3144219766222,4.46526651015608,483.936419200888,77.2190980156023,1
1048757,48332553,3,87,05:03:30,-79.317674,43.817766,,,19.3144219766222,4.44716904945795,488.383588250346,78.0480023751232,1
1048757,48332553,3,88,05:03:31,-79.317662,43.817805,,,19.3144219766222,4.44716891046749,492.830757160813,78.8769067087378,1
1048757,48332553,3,89,05:03:32,-79.317652,43.817844,,,19.3144219766222,4.41513744300179,497.245894603815,79.6998407221939,1
1048757,48332553,3,90,05:03:33,-79.317642,43.817883,,,19.3144219766222,4.41513734370631,501.661031947521,80.5227747171424,1
1048757,48332553,3,91,05:03:33,-79.317633,43.817922,,,19.3144219766222,4.40123350928393,506.062265456805,81.3431171872717,1
1048757,48332553,3,92,05:03:34,-79.317624,43.817961,,,19.3144219766222,4.4012334280712,510.463498884877,82.1634596422639,1
1048757,48332553,3,93,05:03:35,-79.317617,43.818001,6606,2,19.3144219766222,4.48813707494179,514.951635959818,83,1
1048757,48332553,3,94,05:03:35,-79.317617,43.818001,6606,2,1e-12,0,514.951635959818,83,1
1048757,48332553,3,95,05:03:36,-79.31761,43.81804,,,20.6906112249993,4.37771671805816,519.329352677877,83.7616875119652,1
1048757,48332553,3,96,05:03:37,-79.317605,43.81808,,,20.6906112249993,4.47085403316835,523.800206711045,84.5395801679327,1
1048757,48332553,3,97,05:03:37,-79.3176,43.818119,,,20.6906112249993,4.35999601633889,528.160202727384,85.2981844202738,1
1048757,48332553,3,98,05:03:38,-79.317596,43.818159,,,20.6906112249993,4.46435564739174,532.624558374776,86.0749464093634,1
1048757,48332553,3,99,05:03:39,-79.317592,43.818199,,,20.6906112249993,4.46435562900345,537.088914003779,86.8517083952536,1
1048757,48332553,3,100,05:03:40,-79.31759,43.818239,,,20.6906112249993,4.45567644700362,541.544590450783,87.6269602732567,1
1048757,48332553,3,101,05:03:40,-79.317588,43.818272,,,20.6906112249993,3.67705394686519,545.221644397648,88.2667380963846,1
1048757,48332553,3,102,05:03:41,-79.317586,43.818305,,,20.6906112249993,3.67705394294178,548.89869834059,88.9065159188298,1
1048757,48332553,3,103,05:03:42,-79.317586,43.818339,,,20.6906112249993,3.78486268423378,552.683561024823,89.5650515954742,1
1048757,48332553,3,104,05:03:42,-79.317586,43.818372,,,20.6906112249993,3.67354319441657,556.35710421924,90.2042185759025,1
1048757,48332553,3,105,05:03:43,-79.317587,43.818406,,,20.6906112249993,3.78571486600121,560.142819085241,90.8629025253229,1
1048757,48332553,3,106,05:03:44,-79.317589,43.818439,,,20.6906112249993,3.67705392723626,563.819873012477,91.5026803450355,1
1048757,48332553,3,107,05:03:44,-79.317591,43.818472,,,20.6906112249993,3.67705391982029,567.496926932298,92.1424581634577,1
1048757,48332553,3,108,05:03:45,-79.317595,43.818506,,,20.6906112249993,3.79847459729195,571.29540152959,92.8033622035341,1
1048757,48332553,3,109,05:03:45,-79.317599,43.818539,,,20.6906112249993,3.68756602185931,574.982967551449,93.4449690431935,1
1048757,48332553,3,110,05:03:46,-79.317604,43.818572,,,20.6906112249993,3.69543046138544,578.678398012834,94.0879442321001,1
1048757,48332553,3,111,05:03:47,-79.31761,43.818605,,,20.6906112249993,3.70501985525711,582.383417868091,94.7325878984414,1
1048757,48332553,3,112,05:03:47,-79.317617,43.818639,,,20.6906112249993,3.8263960482845,586.209813916376,95.3983500465011,1
1048757,48332553,3,113,05:03:48,-79.317625,43.818672,,,20.6906112249993,3.72931791382403,589.9391318302,96.0472213796759,1
1048757,48332553,3,114,05:03:49,-79.317633,43.818704,,,20.6906112249993,3.61971404472498,593.558845874925,96.677022520846,1
1048757,48332553,3,115,05:03:49,-79.317642,43.818737,,,20.6906112249993,3.7439932606235,597.302839135548,97.3284472463736,1
1048757,48332553,3,116,05:03:50,-79.317652,43.81877,,,20.6906112249993,3.76032738032022,601.063166515869,97.9827139774017,1
1048757,48332553,3,117,05:03:51,-79.317663,43.818803,,,20.6906112249993,3.77829869895942,604.841465214828,98.640107573383,1
1048757,48332553,3,118,05:03:51,-79.317674,43.818835,,,20.6906112249993,3.67015780667257,608.511623021501,99.2786855235625,1
1048757,48332553,3,119,05:03:52,-79.317686,43.818867,,,20.6906112249993,3.69031702656666,612.201940048067,99.9207710159228,1
1048757,48332553,3,120,05:03:53,-79.317699,43.818899,,,20.6906112249993,3.71210501564048,615.914045063708,100.566647443206,1
1048757,48332553,3,121,05:03:53,-79.317713,43.818931,,,20.6906112249993,3.73549327487558,619.649538338583,101.216593239554,1
1048757,48332553,3,122,05:03:54,-79.317728,43.818963,,,20.6906112249993,3.76045193287088,623.409990271454,101.870881641724,1
1048757,48332553,3,123,05:03:55,-79.317743,43.818994,,,20.6906112249993,3.65517432944559,627.0651646009,102.506852587334,1
1048757,48332553,3,124,05:04:06,-79.317991,43.819536,,,20.6906112249993,63.538284550877,690.603449151777,113.562003249427,1
1048757,48332553,3,125,05:04:06,-79.317999,43.819557,,,20.6906112249993,2.4244102317308,693.027859383508,113.983831137415,1
1048757,48332553,3,126,05:04:06,-79.318008,43.819578,,,20.6906112249993,2.44692376420263,695.47478314771,114.409576199044,1
1048757,48332553,3,127,05:04:07,-79.318017,43.819598,,,20.6906112249993,2.34080378104649,697.815586928757,114.816857236812,1
1048757,48332553,3,128,05:04:07,-79.318028,43.819619,,,20.6906112249993,2.49909678945787,700.314683718215,115.251679985362,1
1048757,48332553,3,129,05:04:08,-79.318039,43.819639,,,20.6906112249993,2.39528934330285,702.709973061518,115.668441072897,1
1048757,48332553,3,130,05:04:08,-79.318051,43.819659,,,20.6906112249993,2.42606447089956,705.136037532417,116.090556785201,1
1048757,48332553,3,131,05:04:09,-79.318064,43.819678,,,20.6906112249993,2.3587665724451,707.494804104862,116.500963204251,1
1048757,48332553,3,132,05:04:09,-79.318077,43.819698,,,20.6906112249993,2.45907872179082,709.953882826653,116.928823130774,1
1048757,48332553,3,133,05:04:09,-79.318091,43.819717,,,20.6906112249993,2.39540418003385,712.349287006687,117.345604198976,1
1048757,48332553,3,134,05:04:10,-79.318106,43.819736,,,20.6906112249993,2.43414165598523,714.783428662672,117.769125276544,1
1048757,48332553,3,135,05:04:10,-79.318122,43.819754,,,20.6906112249993,2.38044683297069,717.163875495643,118.183303886615,1
1048757,48332553,3,136,05:04:11,-79.318138,43.819773,,,20.6906112249993,2.47488003404361,719.638755529686,118.613913114428,1
1048757,48332553,3,137,05:04:11,-79.318155,43.81979,,,20.6906112249993,2.33360102963484,721.972356559321,119.01994093136,1
1048757,48332553,3,138,05:04:11,-79.318173,43.819808,,,20.6906112249993,2.47087142759599,724.443227986917,119.44985269388,1
1048757,48332553,3,139,05:04:12,-79.318191,43.819825,,,20.6906112249993,2.38148764065353,726.824715627571,119.864212396119,1
1048757,48332553,3,140,05:04:12,-79.31821,43.819842,,,20.6906112249993,2.43108540375064,729.255801031321,120.287201710371,1
1048757,48332553,3,141,05:04:13,-79.31823,43.819858,,,20.6906112249993,2.39850668291956,731.654307714241,120.704522589131,1
1048757,48332553,3,142,05:04:13,-79.31825,43.819874,,,20.6906112249993,2.39850639250583,734.052814106747,121.121843417362,1
1048757,48332553,3,143,05:04:14,-79.318271,43.81989,,,20.6906112249993,2.45302464738294,736.50583875413,121.548649983613,1
1048757,48332553,3,144,05:04:14,-79.318292,43.819905,,,20.6906112249993,2.37343117824529,738.879269932375,121.961607926168,1
1048757,48332553,3,145,05:04:14,-79.318314,43.81992,,,20.6906112249993,2.43116732965874,741.310437262034,122.384611494869,1
1048757,48332553,3,146,05:04:15,-79.318338,43.819935,,,20.6906112249993,2.55030992133222,743.860747183366,122.828344916611,1
1048757,48332553,3,147,05:04:15,-79.318363,43.819949,,,20.6906112249993,2.5418137739632,746.402560957329,123.27060007702,1
1048757,48332553,3,148,05:04:16,-79.318387,43.819963,,,20.6906112249993,2.47885221559297,748.881413172922,123.701900432485,1
1048757,48332553,3,149,05:04:16,-79.318413,43.819976,,,20.6906112249993,2.54071603821157,751.422129211134,124.143964595699,1
1048757,48332553,3,150,05:04:17,-79.318439,43.819988,,,20.6906112249993,2.47899887606193,753.901128087196,124.575290468906,1
1048757,48332553,3,151,05:04:17,-79.318465,43.820001,,,20.6906112249993,2.54071531866464,756.44184340586,125.017354506925,1
1048757,48332553,3,152,05:04:17,-79.318492,43.820013,,,20.6906112249993,2.54702628744711,758.988869693307,125.460516602771,1
1048757,48332553,3,153,05:04:18,-79.318519,43.820024,,,20.6906112249993,2.49044662943999,761.479316322747,125.893834293026,1
1048757,48332553,3,154,05:04:18,-79.318547,43.820035,,,20.6906112249993,2.56069050284742,764.040006825595,126.339373852491,1
1048757,48332553,3,155,05:04:19,-79.318575,43.820045,,,20.6906112249993,2.50936276077583,766.549369586371,126.775982797512,1
1048757,48332553,3,156,05:04:19,-79.318603,43.820055,,,20.6906112249993,2.50936242288384,769.058732009254,127.212591683743,1
1048757,48332553,3,157,05:04:20,-79.318632,43.820064,,,20.6906112249993,2.53557975610686,771.594311765361,127.653762175167,1
1048757,48332553,3,158,05:04:20,-79.318661,43.820073,,,20.6906112249993,2.5355794338474,774.129891199209,128.09493261052,1
1048757,48332553,3,159,05:04:21,-79.31869,43.820081,,,20.6906112249993,2.49369144591644,776.623582645125,128.528814872753,1
1048757,48332553,3,160,05:04:21,-79.31872,43.820088,,,20.6906112249993,2.5324360356328,779.156018680758,128.96943838209,1
1048757,48332553,3,161,05:04:21,-79.318749,43.820095,,,20.6906112249993,2.45613801572167,781.61215669648,129.3967866494,1
1048757,48332553,3,162,05:04:22,-79.31878,43.820102,,,20.6906112249993,2.60897464553668,784.221131342016,129.850727261487,1
1048757,48332553,3,163,05:04:22,-79.31881,43.820108,,,20.6906112249993,2.50042634681064,786.721557688827,130.285781342328,1
1048757,48332553,3,164,05:04:23,-79.31884,43.820113,,,20.6906112249993,2.47301809999185,789.194575788819,130.716066608585,1
1048757,48332553,3,165,05:04:23,-79.318871,43.820118,,,20.6906112249993,2.55134013305243,791.745915921871,131.159979278883,1
1048757,48332553,3,166,05:04:24,-79.318902,43.820122,,,20.6906112249993,2.52938871589886,794.27530463777,131.600072579086,1
1048757,48332553,3,167,05:04:24,-79.318933,43.820126,,,20.6906112249993,2.52938855219144,796.804693189962,132.040165850806,1
1048757,48332553,3,168,05:04:24,-79.318964,43.820129,,,20.6906112249993,2.51218261981874,799.31687580978,132.477265428629,1
1048757,48332553,3,169,05:04:25,-79.318995,43.820132,,,20.6906112249993,2.51218249591483,801.829058305695,132.914364984894,1
1048757,48332553,3,170,05:04:25,-79.319026,43.820133,,,20.6906112249993,2.49237321556653,804.321431521262,133.348017885645,1
1048757,48332553,3,171,05:04:26,-79.319057,43.820135,,,20.6906112249993,2.49981999773587,806.821251518998,133.782966466622,1
1048757,48332553,3,172,05:04:26,-79.319089,43.820136,,,20.6906112249993,2.5726143376134,809.393865856611,134.230580677468,1
1048757,48332553,3,173,05:04:27,-79.31912,43.820136,,,20.6906112249993,2.48988583871951,811.88375169533,134.663800794647,1
1048757,48332553,3,174,05:04:27,-79.319151,43.820136,,,20.6906112249993,2.48988583871951,814.37363753405,135.097020911825,1
1048757,48332553,3,175,05:04:28,-79.319183,43.820135,,,20.6906112249993,2.57261433659253,816.946251870643,135.544635122494,1
1048757,48332553,3,176,05:04:28,-79.319214,43.820133,,,20.6906112249993,2.49981999773587,819.446071868378,135.97958370347,1
1048757,48332553,3,177,05:04:28,-79.319245,43.820131,,,20.6906112249993,2.49982008081004,821.945891949188,136.414532298901,1
1048757,48332553,3,178,05:04:29,-79.319276,43.820128,,,20.6906112249993,2.51218253724751,824.458074486436,136.851631862357,1
1048757,48332553,3,179,05:04:29,-79.319307,43.820125,,,20.6906112249993,2.51218266162208,826.970257148058,137.288731447454,1
1048757,48332553,3,180,05:04:30,-79.319338,43.820121,,,20.6906112249993,2.52938859261966,829.499645740678,137.728824726208,1
1048757,48332553,3,181,05:04:30,-79.319369,43.820117,,,20.6906112249993,2.52938875695037,832.029034497628,138.168918033554,1
1048757,48332553,3,182,05:04:42,-79.320154,43.81994,,,20.6906112249993,66.0574668702643,898.086501367892,149.662386164917,1
1048757,48332553,3,183,05:04:53,-79.32042,43.820493,1103,3,20.6906112249993,65.1617111335783,963.24821250147,161,1
1048757,48332553,3,184,05:04:53,-79.32042,43.820493,1103,3,1e-12,0,963.24821250147,161,1
1048757,48332553,3,185,05:04:54,-79.32044,43.820562,,,21.2215778991349,7.84722030092182,971.095432802392,162.331191922561,1
1048757,48332553,3,186,05:05:02,-79.319904,43.820686,,,21.2215778991349,45.2094244404948,1016.30485724289,170.000458023288,1
1048757,48332553,3,187,05:05:12,-79.3192280017267,43.8208385019922,,,21.2215778991349,56.8870127799091,1073.1918700228,179.650694541093,1
1048757,48332553,3,188,05:05:21,-79.318552,43.820991,,,21.2215778991349,56.8870127797814,1130.07888280258,189.300931058876,1
1048757,48332553,3,189,05:05:36,-79.317538,43.821237,,,21.2215778991349,85.9227562124602,1216.00163901504,203.876752132834,1
1048757,48332553,3,190,05:05:45,-79.316912,43.821385,,,21.2215778991349,52.9091363495316,1268.91077536457,212.852187030448,1
1048757,48332553,3,191,05:06:00,-79.3165604955198,43.8206240005386,401,4,21.2215778991349,89.2945813708003,1358.20535673537,228,1
1048757,48332553,3,192,05:06:00,-79.3165604955198,43.8206240005386,401,4,1e-12,0,1358.20535673537,228,1
1048757,48332553,3,193,,-79.316209,43.819863,,,,89.2945813692448,1447.49993810461,,1
1048757,48332552,3,1,,-79.314527,43.816197,,,1e-12,0,0,0,2
1048757,48332552,3,2,05:24:12,-79.315354,43.816009,6329,1,,69.6469070543617,69.6469070543617,,2
1048757,48332552,3,3,05:24:12,-79.315354,43.816009,6329,1,1e-12,0,69.6469070543617,0,2
1048757,48332552,3,4,05:24:27,-79.316303,43.815795,,,19.3144219766222,79.863754859984,149.510661914346,14.8857427803917,2
1048757,48332552,3,5,05:24:28,-79.316378,43.815786,,,19.3144219766222,6.10709560884593,155.617757523192,16.0240395525372,2
1048757,48332552,3,6,05:24:29,-79.316425,43.815768,,,19.3144219766222,4.27406529879114,159.891822821983,16.8206792394132,2
1048757,48332552,3,7,05:24:29,-79.316459,43.815759,,,19.3144219766222,2.90901144172631,162.800834263709,17.3628876059328,2
1048757,48332552,3,8,05:24:30,-79.31649,43.815741,,,19.3144219766222,3.19616328449578,165.996997548205,17.9586179797494,2
1048757,48332552,3,9,05:24:31,-79.316506,43.815714,,,19.3144219766222,3.26887153681454,169.265869085019,18.5679003878265,2
1048757,48332552,3,10,05:24:36,-79.316867,43.815719,,,19.3144219766222,29.0026097712567,198.268478856276,23.9736741305198,2
1048757,48332552,3,11,05:24:36,-79.316899,43.815718,,,19.3144219766222,2.57280429521951,200.841283151496,24.4532171100613,2
1048757,48332552,3,12,05:24:37,-79.31693,43.815718,,,19.3144219766222,2.49007007330811,203.331353224804,24.9173393227146,2
1048757,48332552,3,13,05:24:37,-79.316962,43.815718,,,19.3144219766222,2.57039491580005,205.901748140604,25.3964332199112,2
1048757,48332552,3,14,05:24:38,-79.316994,43.815719,,,19.3144219766222,2.57280429419856,208.474552434802,25.8759761992624,2
1048757,48332552,3,15,05:24:38,-79.317025,43.815721,,,19.3144219766222,2.5000033361394,210.974555770942,26.3419498650027,2
1048757,48332552,3,16,05:24:39,-79.317056,43.815723,,,19.3144219766222,2.50000325103615,213.474559021978,26.8079235148806,2
1048757,48332552,3,17,05:24:39,-79.317088,43.815726,,,19.3144219766222,2.59199861990066,216.066557641879,27.2910441095812,2
1048757,48332552,3,18,05:24:40,-79.317119,43.815729,,,19.3144219766222,2.51236447792422,218.578922119803,27.759321758867,2
1048757,48332552,3,19,05:24:40,-79.31715,43.815733,,,19.3144219766222,2.52956888287078,221.108491002674,28.2308061237295,2
1048757,48332552,3,20,05:24:41,-79.317181,43.815737,,,19.3144219766222,2.52956872131261,223.638059723986,28.7022904584794,2
1048757,48332552,3,21,05:24:41,-79.317212,43.815743,,,19.3144219766222,2.5780918223005,226.216151546287,29.1828189760563,2
1048757,48332552,3,22,05:24:42,-79.317242,43.815748,,,19.3144219766222,2.47318973440666,228.689341280693,29.6437948755495,2
1048757,48332552,3,23,05:24:42,-79.317278,43.815756,,,19.3144219766222,3.02571911285129,231.715060393545,30.2077562935743,2
1048757,48332552,3,24,05:24:43,-79.317303,43.815761,,,19.3144219766222,2.08382948310765,233.798889876652,30.5961596404757,2
1048757,48332552,3,25,05:24:43,-79.317333,43.815769,,,19.3144219766222,2.56903733024398,236.367927206896,31.0750004983628,2
1048757,48332552,3,26,05:24:44,-79.317362,43.815777,,,19.3144219766222,2.49384827664722,238.861775483543,31.5398269273803,2
1048757,48332552,3,27,05:24:44,-79.317392,43.815785,,,19.3144219766222,2.56903672487806,241.430812208422,32.0186676724336,2
1048757,48332552,3,28,05:24:44,-79.31742,43.815794,,,19.3144219766222,2.4621480517941,243.892960260216,32.477585521344,2
1048757,48332552,3,29,05:24:45,-79.317449,43.815804,,,19.3144219766222,2.58174118639697,246.474701446613,32.9587942410395,2
1048757,48332552,3,30,05:24:45,-79.317477,43.815814,,,19.3144219766222,2.50950558388522,248.984207030498,33.4265390233023,2
1048757,48332552,3,31,05:24:46,-79.317505,43.815825,,,19.3144219766222,2.56082977017357,251.545036800671,33.9038500804897,2
1048757,48332552,3,32,05:24:46,-79.317533,43.815836,,,19.3144219766222,2.56082940630316,254.105866206975,34.3811610698555,2
1048757,48332552,3,33,05:24:47,-79.31756,43.815848,,,19.3144219766222,2.5471550881121,256.653021295087,34.855923313753,2
1048757,48332552,3,34,05:24:47,-79.317586,43.81586,,,19.3144219766222,2.4791205002837,259.13214179537,35.3180046440576,2
1048757,48332552,3,35,05:24:48,-79.317613,43.815873,,,19.3144219766222,2.60725831139628,261.739400106767,35.8039694807163,2
1048757,48332552,3,36,05:24:48,-79.317638,43.815886,,,19.3144219766222,2.47523355571498,264.214633662482,36.265326326464,2
1048757,48332552,3,37,05:24:49,-79.317664,43.8159,,,19.3144219766222,2.60584310045811,266.82047676294,36.7510273830632,2
1048757,48332552,3,38,05:24:49,-79.317688,43.815914,,,19.3144219766222,2.47895387184609,269.299430634786,37.2130776556237,2
1048757,48332552,3,39,05:24:50,-79.317713,43.815928,,,19.3144219766222,2.54192059846539,271.841351233251,37.6868642470915,2
1048757,48332552,3,40,05:24:50,-79.317736,43.815944,,,19.3144219766222,2.56621995990611,274.407571193157,38.1651799775257,2
1048757,48332552,3,41,05:24:51,-79.317757,43.815959,,,19.3144219766222,2.37351039569101,276.781081588848,38.6075767230679,2
1048757,48332552,3,42,05:24:51,-79.317778,43.815975,,,19.3144219766222,2.45310069707306,279.234182285921,39.0648082426108,2
1048757,48332552,3,43,05:24:52,-79.317798,43.815991,,,19.3144219766222,2.39857635993202,281.632758645853,39.5118770136155,2
1048757,48332552,3,44,05:24:52,-79.317817,43.816007,,,19.3144219766222,2.34553585159595,283.978294497449,39.9490596057721,2
1048757,48332552,3,45,05:24:52,-79.317836,43.816024,,,19.3144219766222,2.4311466609896,286.409441158439,40.4021991297069,2
1048757,48332552,3,46,05:24:53,-79.317854,43.816042,,,19.3144219766222,2.47092478735172,288.880365945791,40.8627528674907,2
1048757,48332552,3,47,05:24:53,-79.317872,43.816059,,,19.3144219766222,2.38154299787373,291.261908943664,41.3066468034688,2
1048757,48332552,3,48,05:24:54,-79.317888,43.816077,,,19.3144219766222,2.38048956069932,293.642398504364,41.7503443901162,2
1048757,48332552,3,49,05:24:54,-79.317904,43.816096,,,19.3144219766222,2.47492112961562,296.117319633979,42.2116430030077,2
1048757,48332552,3,50,05:24:55,-79.31792,43.816114,,,19.3144219766222,2.38048912838856,298.497808762368,42.6553405090771,2
1048757,48332552,3,51,05:24:55,-79.317935,43.816133,,,19.3144219766222,2.43417764066992,300.931986403038,43.109044974943,2
1048757,48332552,3,52,05:24:56,-79.317949,43.816152,,,19.3144219766222,2.39543569817055,303.327422101208,43.5555283604593,2
1048757,48332552,3,53,05:24:56,-79.317962,43.816172,,,19.3144219766222,2.45910490447989,305.786527005688,44.0138789995229,2
1048757,48332552,3,54,05:24:56,-79.317974,43.816191,,,19.3144219766222,2.32435100468474,308.110878010373,44.4471129646394,2
1048757,48332552,3,55,05:24:57,-79.317986,43.816211,,,19.3144219766222,2.42608658402864,310.536964594402,44.8993093447886,2
1048757,48332552,3,56,05:24:57,-79.317997,43.816232,,,19.3144219766222,2.49911450766151,313.036079102063,45.3651173424843,2
1048757,48332552,3,57,05:24:58,-79.318008,43.816252,,,19.3144219766222,2.395307827811,315.431386929874,45.8115768943444,2
1048757,48332552,3,58,05:24:58,-79.318017,43.816272,,,19.3144219766222,2.34081621917827,317.772203149052,46.2478797979075,2
1048757,48332552,3,59,05:24:59,-79.318026,43.816293,,,19.3144219766222,2.44693551338739,320.21913866244,46.703962193687,2
1048757,48332552,3,60,05:24:59,-79.318034,43.816314,,,19.3144219766222,2.42441948264678,322.643558145087,47.155847844114,2
1048757,48332552,3,61,05:25:00,-79.318041,43.816335,,,19.3144219766222,2.40437732025766,325.047935465344,47.603997851575,2
1048757,48332552,3,62,05:25:00,-79.318048,43.816356,,,19.3144219766222,2.40437727218971,327.452312737534,48.0521478500766,2
1048757,48332552,3,63,05:25:01,-79.318054,43.816378,,,19.3144219766222,2.49599917417512,329.948311911709,48.5173751832014,2
1048757,48332552,3,64,05:25:01,-79.318058,43.816399,,,19.3144219766222,2.35968552189007,332.307997433599,48.9571951213329,2
1048757,48332552,3,65,05:25:01,-79.318063,43.81642,,,19.3144219766222,2.37195764418663,334.679955077786,49.3993024507372,2
1048757,48332552,3,66,05:25:02,-79.318066,43.816442,,,19.3144219766222,2.46085541578638,337.140810493572,49.8579793662335,2
1048757,48332552,3,67,05:25:02,-79.318068,43.816464,,,19.3144219766222,2.45429210380516,339.595102597377,50.315432951145,2
1048757,48332552,3,68,05:25:03,-79.31807,43.816485,,,19.3144219766222,2.34322266605487,341.938325263432,50.7521843904585,2
1048757,48332552,3,69,05:25:03,-79.318071,43.816507,,,19.3144219766222,2.45034568136565,344.388670944798,51.2089024047792,2
1048757,48332552,3,70,05:25:04,-79.318071,43.816529,,,19.3144219766222,2.44902879580564,346.837699740603,51.6653749658308,2
1048757,48332552,3,71,05:25:04,-79.31807,43.81655,,,19.3144219766222,2.33908886148825,349.176788602092,52.1013559085456,2
1048757,48332552,3,72,05:25:05,-79.318069,43.816572,,,19.3144219766222,2.45034567849946,351.627134280591,52.5580739223321,2
1048757,48332552,3,73,05:25:05,-79.318066,43.816594,,,19.3144219766222,2.46085535552158,354.087989636113,53.0167508265957,2
1048757,48332552,3,74,05:25:05,-79.318063,43.816615,,,19.3144219766222,2.3500961249679,356.438085761081,53.454783404538,2
1048757,48332552,3,75,05:25:06,-79.318059,43.816637,,,19.3144219766222,2.47001461218929,358.90810037327,53.9151674954853,2
1048757,48332552,3,76,05:25:06,-79.318054,43.816658,,,19.3144219766222,2.3719573703577,361.280057743628,54.3572747738509,2
1048757,48332552,3,77,05:25:07,-79.318049,43.81668,,,19.3144219766222,2.48174110399638,363.761798847624,54.819844556431,2
1048757,48332552,3,78,05:25:22,-79.31782,43.817369,,,19.3144219766222,78.8739192211821,442.635718068806,69.5210926465855,2
1048757,48332552,3,79,05:25:23,-79.317792,43.817451,,,19.3144219766222,9.4011779733765,452.036896042183,71.2733708532603,2
1048757,48332552,3,80,05:25:24,-79.317777,43.817498,,,19.3144219766222,5.36895005649474,457.405846098677,72.2740852534518,2
1048757,48332552,3,81,05:25:25,-79.31776,43.817535,,,19.3144219766222,4.33926566853624,461.745111767214,73.0828775862297,2
1048757,48332552,3,82,05:25:26,-79.317743,43.817573,,,19.3144219766222,4.445067649334,466.190179416548,73.9113902674258,2
1048757,48332552,3,83,05:25:27,-79.317728,43.817612,,,19.3144219766222,4.50554136578892,470.695720782337,74.7511745973152,2
1048757,48332552,3,84,05:25:28,-79.317713,43.81765,,,19.3144219766222,4.39837639670996,475.094097179046,75.5709845324674,2
1048757,48332552,3,85,05:25:28,-79.317699,43.817688,,,19.3144219766222,4.37705551168534,479.471152690732,76.3868204845419,2
1048757,48332552,3,86,05:25:29,-79.317686,43.817727,,,19.3144219766222,4.46526651015608,483.936419200888,77.2190980156023,2
1048757,48332552,3,87,05:25:30,-79.317674,43.817766,,,19.3144219766222,4.44716904945795,488.383588250346,78.0480023751232,2
1048757,48332552,3,88,05:25:31,-79.317662,43.817805,,,19.3144219766222,4.44716891046749,492.830757160813,78.8769067087378,2
1048757,48332552,3,89,05:25:32,-79.317652,43.817844,,,19.3144219766222,4.41513744300179,497.245894603815,79.6998407221939,2
1048757,48332552,3,90,05:25:33,-79.317642,43.817883,,,19.3144219766222,4.41513734370631,501.661031947521,80.5227747171424,2
1048757,48332552,3,91,05:25:33,-79.317633,43.817922,,,19.3144219766222,4.40123350928393,506.062265456805,81.3431171872717,2
1048757,48332552,3,92,05:25:34,-79.317624,43.817961,,,19.3144219766222,4.4012334280712,510.463498884877,82.1634596422639,2
1048757,48332552,3,93,05:25:35,-79.317617,43.818001,6606,2,19.3144219766222,4.48813707494179,514.951635959818,83,2
1048757,48332552,3,94,05:25:35,-79.317617,43.818001,6606,2,1e-12,0,514.951635959818,83,2
1048757,48332552,3,95,05:25:36,-79.31761,43.81804,,,20.6906112249993,4.37771671805816,519.329352677877,83.7616875119652,2
1048757,48332552,3,96,05:25:37,-79.317605,43.81808,,,20.6906112249993,4.47085403316835,523.800206711045,84.5395801679327,2
1048757,48332552,3,97,05:25:37,-79.3176,43.818119,,,20.6906112249993,4.35999601633889,528.160202727384,85.2981844202738,2
1048757,48332552,3,98,05:25:38,-79.317596,43.818159,,,20.6906112249993,4.46435564739174,532.624558374776,86.0749464093634,2
1048757,48332552,3,99,05:25:39,-79.317592,43.818199,,,20.6906112249993,4.46435562900345,537.088914003779,86.8517083952536,2
1048757,48332552,3,100,05:25:40,-79.31759,43.818239,,,20.6906112249993,4.45567644700362,541.544590450783,87.6269602732567,2
1048757,48332552,3,101,05:25:40,-79.317588,43.818272,,,20.6906112249993,3.67705394686519,545.221644397648,88.2667380963846,2
1048757,48332552,3,102,05:25:41,-79.317586,43.818305,,,20.6906112249993,3.67705394294178,548.89869834059,88.9065159188298,2
1048757,48332552,3,103,05:25:42,-79.317586,43.818339,,,20.6906112249993,3.78486268423378,552.683561024823,89.5650515954742,2
1048757,48332552,3,104,05:25:42,-79.317586,43.818372,,,20.6906112249993,3.67354319441657,556.35710421924,90.2042185759025,2
1048757,48332552,3,105,05:25:43,-79.317587,43.818406,,,20.6906112249993,3.78571486600121,560.142819085241,90.8629025253229,2
1048757,48332552,3,106,05:25:44,-79.317589,43.818439,,,20.6906112249993,3.67705392723626,563.819873012477,91.5026803450355,2
1048757,48332552,3,107,05:25:44,-79.317591,43.818472,,,20.6906112249993,3.67705391982029,567.496926932298,92.1424581634577,2
1048757,48332552,3,108,05:25:45,-79.317595,43.818506,,,20.6906112249993,3.79847459729195,571.29540152959,92.8033622035341,2
1048757,48332552,3,109,05:25:45,-79.317599,43.818539,,,20.6906112249993,3.68756602185931,574.982967551449,93.4449690431935,2
1048757,48332552,3,110,05:25:46,-79.317604,43.818572,,,20.6906112249993,3.69543046138544,578.678398012834,94.0879442321001,2
1048757,48332552,3,111,05:25:47,-79.31761,43.818605,,,20.6906112249993,3.70501985525711,582.383417868091,94.7325878984414,2
1048757,48332552,3,112,05:25:47,-79.317617,43.818639,,,20.6906112249993,3.8263960482845,586.209813916376,95.3983500465011,2
1048757,48332552,3,113,05:25:48,-79.317625,43.818672,,,20.6906112249993,3.72931791382403,589.9391318302,96.0472213796759,2
1048757,48332552,3,114,05:25:49,-79.317633,43.818704,,,20.6906112249993,3.61971404472498,593.558845874925,96.677022520846,2
1048757,48332552,3,115,05:25:49,-79.317642,43.818737,,,20.6906112249993,3.7439932606235,597.302839135548,97.3284472463736,2
1048757,48332552,3,116,05:25:50,-79.317652,43.81877,,,20.6906112249993,3.76032738032022,601.063166515869,97.9827139774017,2
1048757,48332552,3,117,05:25:51,-79.317663,43.818803,,,20.6906112249993,3.77829869895942,604.841465214828,98.640107573383,2
1048757,48332552,3,118,05:25:51,-79.317674,43.818835,,,20.6906112249993,3.67015780667257,608.511623021501,99.2786855235625,2
1048757,48332552,3,119,05:25:52,-79.317686,43.818867,,,20.6906112249993,3.69031702656666,612.201940048067,99.9207710159228,2
1048757,48332552,3,120,05:25:53,-79.317699,43.818899,,,20.6906112249993,3.71210501564048,615.914045063708,100.566647443206,2
1048757,48332552,3,121,05:25:53,-79.317713,43.818931,,,20.6906112249993,3.73549327487558,619.649538338583,101.216593239554,2
1048757,48332552,3,122,05:25:54,-79.317728,43.818963,,,20.6906112249993,3.76045193287088,623.409990271454,101.870881641724,2
1048757,48332552,3,123,05:25:55,-79.317743,43.818994,,,20.6906112249993,3.65517432944559,627.0651646009,102.506852587334,2
1048757,48332552,3,124,05:26:06,-79.317991,43.819536,,,20.6906112249993,63.538284550877,690.603449151777,113.562003249427,2
1048757,48332552,3,125,05:26:06,-79.317999,43.819557,,,20.6906112249993,2.4244102317308,693.027859383508,113.983831137415,2
1048757,48332552,3,126,05:26:06,-79.318008,43.819578,,,20.6906112249993,2.44692376420263,695.47478314771,114.409576199044,2
1048757,48332552,3,127,05:26:07,-79.318017,43.819598,,,20.6906112249993,2.34080378104649,697.815586928757,114.816857236812,2
1048757,48332552,3,128,05:26:07,-79.318028,43.819619,,,20.6906112249993,2.49909678945787,700.314683718215,115.251679985362,2
1048757,48332552,3,129,05:26:08,-79.318039,43.819639,,,20.6906112249993,2.39528934330285,702.709973061518,115.668441072897,2
1048757,48332552,3,130,05:26:08,-79.318051,43.819659,,,20.6906112249993,2.42606447089956,705.136037532417,116.090556785201,2
1048757,48332552,3,131,05:26:09,-79.318064,43.819678,,,20.6906112249993,2.3587665724451,707.494804104862,116.500963204251,2
1048757,48332552,3,132,05:26:09,-79.318077,43.819698,,,20.6906112249993,2.45907872179082,709.953882826653,116.928823130774,2
1048757,48332552,3,133,05:26:09,-79.318091,43.819717,,,20.6906112249993,2.39540418003385,712.349287006687,117.345604198976,2
1048757,48332552,3,134,05:26:10,-79.318106,43.819736,,,20.6906112249993,2.43414165598523,714.783428662672,117.769125276544,2
1048757,48332552,3,135,05:26:10,-79.318122,43.819754,,,20.6906112249993,2.38044683297069,717.163875495643,118.183303886615,2
1048757,48332552,3,136,05:26:11,-79.318138,43.819773,,,20.6906112249993,2.47488003404361,719.638755529686,118.613913114428,2
1048757,48332552,3,137,05:26:11,-79.318155,43.81979,,,20.6906112249993,2.33360102963484,721.972356559321,119.01994093136,2
1048757,48332552,3,138,05:26:11,-79.318173,43.819808,,,20.6906112249993,2.47087142759599,724.443227986917,119.44985269388,2
1048757,48332552,3,139,05:26:12,-79.318191,43.819825,,,20.6906112249993,2.38148764065353,726.824715627571,119.864212396119,2
1048757,48332552,3,140,05:26:12,-79.31821,43.819842,,,20.6906112249993,2.43108540375064,729.255801031321,120.287201710371,2
1048757,48332552,3,141,05:26:13,-79.31823,43.819858,,,20.6906112249993,2.39850668291956,731.654307714241,120.704522589131,2
1048757,48332552,3,142,05:26:13,-79.31825,43.819874,,,20.6906112249993,2.39850639250583,734.052814106747,121.121843417362,2
1048757,48332552,3,143,05:26:14,-79.318271,43.81989,,,20.6906112249993,2.45302464738294,736.50583875413,121.548649983613,2
1048757,48332552,3,144,05:26:14,-79.318292,43.819905,,,20.6906112249993,2.37343117824529,738.879269932375,121.961607926168,2
1048757,48332552,3,145,05:26:14,-79.318314,43.81992,,,20.6906112249993,2.43116732965874,741.310437262034,122.384611494869,2
1048757,48332552,3,146,05:26:15,-79.318338,43.819935,,,20.6906112249993,2.55030992133222,743.860747183366,122.828344916611,2
1048757,48332552,3,147,05:26:15,-79.318363,43.819949,,,20.6906112249993,2.5418137739632,746.402560957329,123.27060007702,2
1048757,48332552,3,148,05:26:16,-79.318387,43.819963,,,20.6906112249993,2.47885221559297,748.881413172922,123.701900432485,2
1048757,48332552,3,149,05:26:16,-79.318413,43.819976,,,20.6906112249993,2.54071603821157,751.422129211134,124.143964595699,2
1048757,48332552,3,150,05:26:17,-79.318439,43.819988,,,20.6906112249993,2.47899887606193,753.901128087196,124.575290468906,2
1048757,48332552,3,151,05:26:17,-79.318465,43.820001,,,20.6906112249993,2.54071531866464,756.44184340586,125.017354506925,2
1048757,48332552,3,152,05:26:17,-79.318492,43.820013,,,20.6906112249993,2.54702628744711,758.988869693307,125.460516602771,2
1048757,48332552,3,153,05:26:18,-79.318519,43.820024,,,20.6906112249993,2.49044662943999,761.479316322747,125.893834293026,2
1048757,48332552,3,154,05:26:18,-79.318547,43.820035,,,20.6906112249993,2.56069050284742,764.040006825595,126.339373852491,2
1048757,48332552,3,155,05:26:19,-79.318575,43.820045,,,20.6906112249993,2.50936276077583,766.549369586371,126.775982797512,2
1048757,48332552,3,156,05:26:19,-79.318603,43.820055,,,20.6906112249993,2.50936242288384,769.058732009254,127.212591683743,2
1048757,48332552,3,157,05:26:20,-79.318632,43.820064,,,20.6906112249993,2.53557975610686,771.594311765361,127.653762175167,2
1048757,48332552,3,158,05:26:20,-79.318661,43.820073,,,20.6906112249993,2.5355794338474,774.129891199209,128.09493261052,2
1048757,48332552,3,159,05:26:21,-79.31869,43.820081,,,20.6906112249993,2.49369144591644,776.623582645125,128.528814872753,2
1048757,48332552,3,160,05:26:21,-79.31872,43.820088,,,20.6906112249993,2.5324360356328,779.156018680758,128.96943838209,2
1048757,48332552,3,161,05:26:21,-79.318749,43.820095,,,20.6906112249993,2.45613801572167,781.61215669648,129.3967866494,2
1048757,48332552,3,162,05:26:22,-79.31878,43.820102,,,20.6906112249993,2.60897464553668,784.221131342016,129.850727261487,2
1048757,48332552,3,163,05:26:22,-79.31881,43.820108,,,20.6906112249993,2.50042634681064,786.721557688827,130.285781342328,2
1048757,48332552,3,164,05:26:23,-79.31884,43.820113,,,20.6906112249993,2.47301809999185,789.194575788819,130.716066608585,2
1048757,48332552,3,165,05:26:23,-79.318871,43.820118,,,20.6906112249993,2.55134013305243,791.745915921871,131.159979278883,2
1048757,48332552,3,166,05:26:24,-79.318902,43.820122,,,20.6906112249993,2.52938871589886,794.27530463777,131.600072579086,2
1048757,48332552,3,167,05:26:24,-79.318933,43.820126,,,20.6906112249993,2.52938855219144,796.804693189962,132.040165850806,2
1048757,48332552,3,168,05:26:24,-79.318964,43.820129,,,20.6906112249993,2.51218261981874,799.31687580978,132.477265428629,2
1048757,48332552,3,169,05:26:25,-79.318995,43.820132,,,20.6906112249993,2.51218249591483,801.829058305695,132.914364984894,2
1048757,48332552,3,170,05:26:25,-79.319026,43.820133,,,20.6906112249993,2.49237321556653,804.321431521262,133.348017885645,2
1048757,48332552,3,171,05:26:26,-79.319057,43.820135,,,20.6906112249993,2.49981999773587,806.821251518998,133.782966466622,2
1048757,48332552,3,172,05:26:26,-79.319089,43.820136,,,20.6906112249993,2.5726143376134,809.393865856611,134.230580677468,2
1048757,48332552,3,173,05:26:27,-79.31912,43.820136,,,20.6906112249993,2.48988583871951,811.88375169533,134.663800794647,2
1048757,48332552,3,174,05:26:27,-79.319151,43.820136,,,20.6906112249993,2.48988583871951,814.37363753405,135.097020911825,2
1048757,48332552,3,175,05:26:28,-79.319183,43.820135,,,20.6906112249993,2.57261433659253,816.946251870643,135.544635122494,2
1048757,48332552,3,176,05:26:28,-79.319214,43.820133,,,20.6906112249993,2.49981999773587,819.446071868378,135.97958370347,2
1048757,48332552,3,177,05:26:28,-79.319245,43.820131,,,20.6906112249993,2.49982008081004,821.945891949188,136.414532298901,2
1048757,48332552,3,178,05:26:29,-79.319276,43.820128,,,20.6906112249993,2.51218253724751,824.458074486436,136.851631862357,2
1048757,48332552,3,179,05:26:29,-79.319307,43.820125,,,20.6906112249993,2.51218266162208,826.970257148058,137.288731447454,2
1048757,48332552,3,180,05:26:30,-79.319338,43.820121,,,20.6906112249993,2.52938859261966,829.499645740678,137.728824726208,2
1048757,48332552,3,181,05:26:30,-79.319369,43.820117,,,20.6906112249993,2.52938875695037,832.029034497628,138.168918033554,2
1048757,48332552,3,182,05:26:42,-79.320154,43.81994,,,20.6906112249993,66.0574668702643,898.086501367892,149.662386164917,2
1048757,48332552,3,183,05:26:53,-79.32042,43.820493,1103,3,20.6906112249993,65.1617111335783,963.24821250147,161,2
1048757,48332552,3,184,05:26:53,-79.32042,43.820493,1103,3,1e-12,0,963.24821250147,161,2
1048757,48332552,3,185,05:26:54,-79.32044,43.820562,,,21.2215778991349,7.84722030092182,971.095432802392,162.331191922561,2
1048757,48332552,3,186,05:27:02,-79.319904,43.820686,,,21.2215778991349,45.2094244404948,1016.30485724289,170.000458023288,2
1048757,48332552,3,187,05:27:12,-79.3192280017267,43.8208385019922,,,21.2215778991349,56.8870127799091,1073.1918700228,179.650694541093,2
1048757,48332552,3,188,05:27:21,-79.318552,43.820991,,,21.2215778991349,56.8870127797814,1130.07888280258,189.300931058876,2
1048757,48332552,3,189,05:27:36,-79.317538,43.821237,,,21.2215778991349,85.9227562124602,1216.00163901504,203.876752132834,2
1048757,48332552,3,190,05:27:45,-79.316912,43.821385,,,21.2215778991349,52.9091363495316,1268.91077536457,212.852187030448,2
1048757,48332552,3,191,05:28:00,-79.3165604955198,43.8206240005386,401,4,21.2215778991349,89.2945813708003,1358.20535673537,228,2
1048757,48332552,3,192,05:28:00,-79.3165604955198,43.8206240005386,401,4,1e-12,0,1358.20535673537,228,2
1048757,48332552,3,193,,-79.316209,43.819863,,,,89.2945813692448,1447.49993810461,,2
1048757,48332551,3,1,,-79.314527,43.816197,,,1e-12,0,0,0,3
1048757,48332551,3,2,05:59:12,-79.315354,43.816009,6329,1,,69.6469070543617,69.6469070543617,,3
1048757,48332551,3,3,05:59:12,-79.315354,43.816009,6329,1,1e-12,0,69.6469070543617,0,3
1048757,48332551,3,4,05:59:27,-79.316303,43.815795,,,19.3144219766222,79.863754859984,149.510661914346,14.8857427803917,3
1048757,48332551,3,5,05:59:28,-79.316378,43.815786,,,19.3144219766222,6.10709560884593,155.617757523192,16.0240395525372,3
1048757,48332551,3,6,05:59:29,-79.316425,43.815768,,,19.3144219766222,4.27406529879114,159.891822821983,16.8206792394132,3
1048757,48332551,3,7,05:59:29,-79.316459,43.815759,,,19.3144219766222,2.90901144172631,162.800834263709,17.3628876059328,3
1048757,48332551,3,8,05:59:30,-79.31649,43.815741,,,19.3144219766222,3.19616328449578,165.996997548205,17.9586179797494,3
1048757,48332551,3,9,05:59:31,-79.316506,43.815714,,,19.3144219766222,3.26887153681454,169.265869085019,18.5679003878265,3
1048757,48332551,3,10,05:59:36,-79.316867,43.815719,,,19.3144219766222,29.0026097712567,198.268478856276,23.9736741305198,3
1048757,48332551,3,11,05:59:36,-79.316899,43.815718,,,19.3144219766222,2.57280429521951,200.841283151496,24.4532171100613,3
1048757,48332551,3,12,05:59:37,-79.31693,43.815718,,,19.3144219766222,2.49007007330811,203.331353224804,24.9173393227146,3
1048757,48332551,3,13,05:59:37,-79.316962,43.815718,,,19.3144219766222,2.57039491580005,205.901748140604,25.3964332199112,3
1048757,48332551,3,14,05:59:38,-79.316994,43.815719,,,19.3144219766222,2.57280429419856,208.474552434802,25.8759761992624,3
1048757,48332551,3,15,05:59:38,-79.317025,43.815721,,,19.3144219766222,2.5000033361394,210.974555770942,26.3419498650027,3
1048757,48332551,3,16,05:59:39,-79.317056,43.815723,,,19.3144219766222,2.50000325103615,213.474559021978,26.8079235148806,3
1048757,48332551,3,17,05:59:39,-79.317088,43.815726,,,19.3144219766222,2.59199861990066,216.066557641879,27.2910441095812,3
1048757,48332551,3,18,05:59:40,-79.317119,43.815729,,,19.3144219766222,2.51236447792422,218.578922119803,27.759321758867,3
1048757,48332551,3,19,05:59:40,-79.31715,43.815733,,,19.3144219766222,2.52956888287078,221.108491002674,28.2308061237295,3
1048757,48332551,3,20,05:59:41,-79.317181,43.815737,,,19.3144219766222,2.52956872131261,223.638059723986,28.7022904584794,3
1048757,48332551,3,21,05:59:41,-79.317212,43.815743,,,19.3144219766222,2.5780918223005,226.216151546287,29.1828189760563,3
1048757,48332551,3,22,05:59:42,-79.317242,43.815748,,,19.3144219766222,2.47318973440666,228.689341280693,29.6437948755495,3
1048757,48332551,3,23,05:59:42,-79.317278,43.815756,,,19.3144219766222,3.02571911285129,231.715060393545,30.2077562935743,3
1048757,48332551,3,24,05:59:43,-79.317303,43.815761,,,19.3144219766222,2.08382948310765,233.798889876652,30.5961596404757,3
1048757,48332551,3,25,05:59:43,-79.317333,43.815769,,,19.3144219766222,2.56903733024398,236.367927206896,31.0750004983628,3
1048757,48332551,3,26,05:59:44,-79.317362,43.815777,,,19.3144219766222,2.49384827664722,238.861775483543,31.5398269273803,3
1048757,48332551,3,27,05:59:44,-79.317392,43.815785,,,19.3144219766222,2.56903672487806,241.430812208422,32.0186676724336,3
1048757,48332551,3,28,05:59:44,-79.31742,43.815794,,,19.3144219766222,2.4621480517941,243.892960260216,32.477585521344,3
1048757,48332551,3,29,05:59:45,-79.317449,43.815804,,,19.3144219766222,2.58174118639697,246.474701446613,32.9587942410395,3
1048757,48332551,3,30,05:59:45,-79.317477,43.815814,,,19.3144219766222,2.50950558388522,248.984207030498,33.4265390233023,3
1048757,48332551,3,31,05:59:46,-79.317505,43.815825,,,19.3144219766222,2.56082977017357,251.545036800671,33.9038500804897,3
1048757,48332551,3,32,05:59:46,-79.317533,43.815836,,,19.3144219766222,2.56082940630316,254.105866206975,34.3811610698555,3
1048757,48332551,3,33,05:59:47,-79.31756,43.815848,,,19.3144219766222,2.5471550881121,256.653021295087,34.855923313753,3
1048757,48332551,3,34,05:59:47,-79.317586,43.81586,,,19.3144219766222,2.4791205002837,259.13214179537,35.3180046440576,3
1048757,48332551,3,35,05:59:48,-79.317613,43.815873,,,19.3144219766222,2.60725831139628,261.739400106767,35.8039694807163,3
1048757,48332551,3,36,05:59:48,-79.317638,43.815886,,,19.3144219766222,2.47523355571498,264.214633662482,36.265326326464,3
1048757,48332551,3,37,05:59:49,-79.317664,43.8159,,,19.3144219766222,2.60584310045811,266.82047676294,36.7510273830632,3
1048757,48332551,3,38,05:59:49,-79.317688,43.815914,,,19.3144219766222,2.47895387184609,269.299430634786,37.2130776556237,3
1048757,48332551,3,39,05:59:50,-79.317713,43.815928,,,19.3144219766222,2.54192059846539,271.841351233251,37.6868642470915,3
1048757,48332551,3,40,05:59:50,-79.317736,43.815944,,,19.3144219766222,2.56621995990611,274.407571193157,38.1651799775257,3
1048757,48332551,3,41,05:59:51,-79.317757,43.815959,,,19.3144219766222,2.37351039569101,276.781081588848,38.6075767230679,3
1048757,48332551,3,42,05:59:51,-79.317778,43.815975,,,19.3144219766222,2.45310069707306,279.234182285921,39.0648082426108,3
1048757,48332551,3,43,05:59:52,-79.317798,43.815991,,,19.3144219766222,2.39857635993202,281.632758645853,39.5118770136155,3
1048757,48332551,3,44,05:59:52,-79.317817,43.816007,,,19.3144219766222,2.34553585159595,283.978294497449,39.9490596057721,3
1048757,48332551,3,45,05:59:52,-79.317836,43.816024,,,19.3144219766222,2.4311466609896,286.409441158439,40.4021991297069,3
1048757,48332551,3,46,05:59:53,-79.317854,43.816042,,,19.3144219766222,2.47092478735172,288.880365945791,40.8627528674907,3
1048757,48332551,3,47,05:59:53,-79.317872,43.816059,,,19.3144219766222,2.38154299787373,291.261908943664,41.3066468034688,3
1048757,48332551,3,48,05:59:54,-79.317888,43.816077,,,19.3144219766222,2.38048956069932,293.642398504364,41.7503443901162,3
1048757,48332551,3,49,05:59:54,-79.317904,43.816096,,,19.3144219766222,2.47492112961562,296.117319633979,42.2116430030077,3
1048757,48332551,3,50,05:59:55,-79.31792,43.816114,,,19.3144219766222,2.38048912838856,298.497808762368,42.6553405090771,3
1048757,48332551,3,51,05:59:55,-79.317935,43.816133,,,19.3144219766222,2.43417764066992,300.931986403038,43.109044974943,3
1048757,48332551,3,52,05:59:56,-79.317949,43.816152,,,19.3144219766222,2.39543569817055,303.327422101208,43.5555283604593,3
1048757,48332551,3,53,05:59:56,-79.317962,43.816172,,,19.3144219766222,2.45910490447989,305.786527005688,44.0138789995229,3
1048757,48332551,3,54,05:59:56,-79.317974,43.816191,,,19.3144219766222,2.32435100468474,308.110878010373,44.4471129646394,3
1048757,48332551,3,55,05:59:57,-79.317986,43.816211,,,19.3144219766222,2.42608658402864,310.536964594402,44.8993093447886,3
1048757,48332551,3,56,05:59:57,-79.317997,43.816232,,,19.3144219766222,2.49911450766151,313.036079102063,45.3651173424843,3
1048757,48332551,3,57,05:59:58,-79.318008,43.816252,,,19.3144219766222,2.395307827811,315.431386929874,45.8115768943444,3
1048757,48332551,3,58,05:59:58,-79.318017,43.816272,,,19.3144219766222,2.34081621917827,317.772203149052,46.2478797979075,3
1048757,48332551,3,59,05:59:59,-79.318026,43.816293,,,19.3144219766222,2.44693551338739,320.21913866244,46.703962193687,3
1048757,48332551,3,60,05:59:59,-79.318034,43.816314,,,19.3144219766222,2.42441948264678,322.643558145087,47.155847844114,3
1048757,48332551,3,61,06:00:00,-79.318041,43.816335,,,19.3144219766222,2.40437732025766,325.047935465344,47.603997851575,3
1048757,48332551,3,62,06:00:00,-79.318048,43.816356,,,19.3144219766222,2.40437727218971,327.452312737534,48.0521478500766,3
1048757,48332551,3,63,06:00:01,-79.318054,43.816378,,,19.3144219766222,2.49599917417512,329.948311911709,48.5173751832014,3
1048757,48332551,3,64,06:00:01,-79.318058,43.816399,,,19.3144219766222,2.35968552189007,332.307997433599,48.9571951213329,3
1048757,48332551,3,65,06:00:01,-79.318063,43.81642,,,19.3144219766222,2.37195764418663,334.679955077786,49.3993024507372,3
1048757,48332551,3,66,06:00:02,-79.318066,43.816442,,,19.3144219766222,2.46085541578638,337.140810493572,49.8579793662335,3
1048757,48332551,3,67,06:00:02,-79.318068,43.816464,,,19.3144219766222,2.45429210380516,339.595102597377,50.315432951145,3
1048757,48332551,3,68,06:00:03,-79.31807,43.816485,,,19.3144219766222,2.34322266605487,341.938325263432,50.7521843904585,3
1048757,48332551,3,69,06:00:03,-79.318071,43.816507,,,19.3144219766222,2.45034568136565,344.388670944798,51.2089024047792,3
1048757,48332551,3,70,06:00:04,-79.318071,43.816529,,,19.3144219766222,2.44902879580564,346.837699740603,51.6653749658308,3
1048757,48332551,3,71,06:00:04,-79.31807,43.81655,,,19.3144219766222,2.33908886148825,349.176788602092,52.1013559085456,3
1048757,48332551,3,72,06:00:05,-79.318069,43.816572,,,19.3144219766222,2.45034567849946,351.627134280591,52.5580739223321,3
1048757,48332551,3,73,06:00:05,-79.318066,43.816594,,,19.3144219766222,2.46085535552158,354.087989636113,53.0167508265957,3
1048757,48332551,3,74,06:00:05,-79.318063,43.816615,,,19.3144219766222,2.3500961249679,356.438085761081,53.454783404538,3
1048757,48332551,3,75,06:00:06,-79.318059,43.816637,,,19.3144219766222,2.47001461218929,358.90810037327,53.9151674954853,3
1048757,48332551,3,76,06:00:06,-79.318054,43.816658,,,19.3144219766222,2.3719573703577,361.280057743628,54.3572747738509,3
1048757,48332551,3,77,06:00:07,-79.318049,43.81668,,,19.3144219766222,2.48174110399638,363.761798847624,54.819844556431,3
1048757,48332551,3,78,06:00:22,-79.31782,43.817369,,,19.3144219766222,78.8739192211821,442.635718068806,69.5210926465855,3
1048757,48332551,3,79,06:00:23,-79.317792,43.817451,,,19.3144219766222,9.4011779733765,452.036896042183,71.2733708532603,3
1048757,48332551,3,80,06:00:24,-79.317777,43.817498,,,19.3144219766222,5.36895005649474,457.405846098677,72.2740852534518,3
1048757,48332551,3,81,06:00:25,-79.31776,43.817535,,,19.3144219766222,4.33926566853624,461.745111767214,73.0828775862297,3
1048757,48332551,3,82,06:00:26,-79.317743,43.817573,,,19.3144219766222,4.445067649334,466.190179416548,73.9113902674258,3
1048757,48332551,3,83,06:00:27,-79.317728,43.817612,,,19.3144219766222,4.50554136578892,470.695720782337,74.7511745973152,3
1048757,48332551,3,84,06:00:28,-79.317713,43.81765,,,19.3144219766222,4.39837639670996,475.094097179046,75.5709845324674,3
1048757,48332551,3,85,06:00:28,-79.317699,43.817688,,,19.3144219766222,4.37705551168534,479.471152690732,76.3868204845419,3
1048757,48332551,3,86,06:00:29,-79.317686,43.817727,,,19.3144219766222,4.46526651015608,483.936419200888,77.2190980156023,3
1048757,48332551,3,87,06:00:30,-79.317674,43.817766,,,19.3144219766222,4.44716904945795,488.383588250346,78.0480023751232,3
1048757,48332551,3,88,06:00:31,-79.317662,43.817805,,,19.3144219766222,4.44716891046749,492.830757160813,78.8769067087378,3
1048757,48332551,3,89,06:00:32,-79.317652,43.817844,,,19.3144219766222,4.41513744300179,497.245894603815,79.6998407221939,3
1048757,48332551,3,90,06:00:33,-79.317642,43.817883,,,19.3144219766222,4.41513734370631,501.661031947521,80.5227747171424,3
1048757,48332551,3,91,06:00:33,-79.317633,43.817922,,,19.3144219766222,4.40123350928393,506.062265456805,81.3431171872717,3
1048757,48332551,3,92,06:00:34,-79.317624,43.817961,,,19.3144219766222,4.4012334280712,510.463498884877,82.1634596422639,3
1048757,48332551,3,93,06:00:35,-79.317617,43.818001,6606,2,19.3144219766222,4.48813707494179,514.951635959818,83,3
1048757,48332551,3,94,06:00:35,-79.317617,43.818001,6606,2,1e-12,0,514.951635959818,83,3
1048757,48332551,3,95,06:00:36,-79.31761,43.81804,,,20.6906112249993,4.37771671805816,519.329352677877,83.7616875119652,3
1048757,48332551,3,96,06:00:37,-79.317605,43.81808,,,20.6906112249993,4.47085403316835,523.800206711045,84.5395801679327,3
1048757,48332551,3,97,06:00:37,-79.3176,43.818119,,,20.6906112249993,4.35999601633889,528.160202727384,85.2981844202738,3
1048757,48332551,3,98,06:00:38,-79.317596,43.818159,,,20.6906112249993,4.46435564739174,532.624558374776,86.0749464093634,3
1048757,48332551,3,99,06:00:39,-79.317592,43.818199,,,20.6906112249993,4.46435562900345,537.088914003779,86.8517083952536,3
1048757,48332551,3,100,06:00:40,-79.31759,43.818239,,,20.6906112249993,4.45567644700362,541.544590450783,87.6269602732567,3
1048757,48332551,3,101,06:00:40,-79.317588,43.818272,,,20.6906112249993,3.67705394686519,545.221644397648,88.2667380963846,3
1048757,48332551,3,102,06:00:41,-79.317586,43.818305,,,20.6906112249993,3.67705394294178,548.89869834059,88.9065159188298,3
1048757,48332551,3,103,06:00:42,-79.317586,43.818339,,,20.6906112249993,3.78486268423378,552.683561024823,89.5650515954742,3
1048757,48332551,3,104,06:00:42,-79.317586,43.818372,,,20.6906112249993,3.67354319441657,556.35710421924,90.2042185759025,3
1048757,48332551,3,105,06:00:43,-79.317587,43.818406,,,20.6906112249993,3.78571486600121,560.142819085241,90.8629025253229,3
1048757,48332551,3,106,06:00:44,-79.317589,43.818439,,,20.6906112249993,3.67705392723626,563.819873012477,91.5026803450355,3
1048757,48332551,3,107,06:00:44,-79.317591,43.818472,,,20.6906112249993,3.67705391982029,567.496926932298,92.1424581634577,3
1048757,48332551,3,108,06:00:45,-79.317595,43.818506,,,20.6906112249993,3.79847459729195,571.29540152959,92.8033622035341,3
1048757,48332551,3,109,06:00:45,-79.317599,43.818539,,,20.6906112249993,3.68756602185931,574.982967551449,93.4449690431935,3
1048757,48332551,3,110,06:00:46,-79.317604,43.818572,,,20.6906112249993,3.69543046138544,578.678398012834,94.0879442321001,3
1048757,48332551,3,111,06:00:47,-79.31761,43.818605,,,20.6906112249993,3.70501985525711,582.383417868091,94.7325878984414,3
1048757,48332551,3,112,06:00:47,-79.317617,43.818639,,,20.6906112249993,3.8263960482845,586.209813916376,95.3983500465011,3
1048757,48332551,3,113,06:00:48,-79.317625,43.818672,,,20.6906112249993,3.72931791382403,589.9391318302,96.0472213796759,3
1048757,48332551,3,114,06:00:49,-79.317633,43.818704,,,20.6906112249993,3.61971404472498,593.558845874925,96.677022520846,3
1048757,48332551,3,115,06:00:49,-79.317642,43.818737,,,20.6906112249993,3.7439932606235,597.302839135548,97.3284472463736,3
1048757,48332551,3,116,06:00:50,-79.317652,43.81877,,,20.6906112249993,3.76032738032022,601.063166515869,97.9827139774017,3
1048757,48332551,3,117,06:00:51,-79.317663,43.818803,,,20.6906112249993,3.77829869895942,604.841465214828,98.640107573383,3
1048757,48332551,3,118,06:00:51,-79.317674,43.818835,,,20.6906112249993,3.67015780667257,608.511623021501,99.2786855235625,3
1048757,48332551,3,119,06:00:52,-79.317686,43.818867,,,20.6906112249993,3.69031702656666,612.201940048067,99.9207710159228,3
1048757,48332551,3,120,06:00:53,-79.317699,43.818899,,,20.6906112249993,3.71210501564048,615.914045063708,100.566647443206,3
1048757,48332551,3,121,06:00:53,-79.317713,43.818931,,,20.6906112249993,3.73549327487558,619.649538338583,101.216593239554,3
1048757,48332551,3,122,06:00:54,-79.317728,43.818963,,,20.6906112249993,3.76045193287088,623.409990271454,101.870881641724,3
1048757,48332551,3,123,06:00:55,-79.317743,43.818994,,,20.6906112249993,3.65517432944559,627.0651646009,102.506852587334,3
1048757,48332551,3,124,06:01:06,-79.317991,43.819536,,,20.6906112249993,63.538284550877,690.603449151777,113.562003249427,3
1048757,48332551,3,125,06:01:06,-79.317999,43.819557,,,20.6906112249993,2.4244102317308,693.027859383508,113.983831137415,3
1048757,48332551,3,126,06:01:06,-79.318008,43.819578,,,20.6906112249993,2.44692376420263,695.47478314771,114.409576199044,3
1048757,48332551,3,127,06:01:07,-79.318017,43.819598,,,20.6906112249993,2.34080378104649,697.815586928757,114.816857236812,3
1048757,48332551,3,128,06:01:07,-79.318028,43.819619,,,20.6906112249993,2.49909678945787,700.314683718215,115.251679985362,3
1048757,48332551,3,129,06:01:08,-79.318039,43.819639,,,20.6906112249993,2.39528934330285,702.709973061518,115.668441072897,3
1048757,48332551,3,130,06:01:08,-79.318051,43.819659,,,20.6906112249993,2.42606447089956,705.136037532417,116.090556785201,3
1048757,48332551,3,131,06:01:09,-79.318064,43.819678,,,20.6906112249993,2.3587665724451,707.494804104862,116.500963204251,3
1048757,48332551,3,132,06:01:09,-79.318077,43.819698,,,20.6906112249993,2.45907872179082,709.953882826653,116.928823130774,3
1048757,48332551,3,133,06:01:09,-79.318091,43.819717,,,20.6906112249993,2.39540418003385,712.349287006687,117.345604198976,3
1048757,48332551,3,134,06:01:10,-79.318106,43.819736,,,20.6906112249993,2.43414165598523,714.783428662672,117.769125276544,3
1048757,48332551,3,135,06:01:10,-79.318122,43.819754,,,20.6906112249993,2.38044683297069,717.163875495643,118.183303886615,3
1048757,48332551,3,136,06:01:11,-79.318138,43.819773,,,20.6906112249993,2.47488003404361,719.638755529686,118.613913114428,3
1048757,48332551,3,137,06:01:11,-79.318155,43.81979,,,20.6906112249993,2.33360102963484,721.972356559321,119.01994093136,3
1048757,48332551,3,138,06:01:11,-79.318173,43.819808,,,20.6906112249993,2.47087142759599,724.443227986917,119.44985269388,3
1048757,48332551,3,139,06:01:12,-79.318191,43.819825,,,20.6906112249993,2.38148764065353,726.824715627571,119.864212396119,3
1048757,48332551,3,140,06:01:12,-79.31821,43.819842,,,20.6906112249993,2.43108540375064,729.255801031321,120.287201710371,3
1048757,48332551,3,141,06:01:13,-79.31823,43.819858,,,20.6906112249993,2.39850668291956,731.654307714241,120.704522589131,3
1048757,48332551,3,142,06:01:13,-79.31825,43.819874,,,20.6906112249993,2.39850639250583,734.052814106747,121.121843417362,3
1048757,48332551,3,143,06:01:14,-79.318271,43.81989,,,20.6906112249993,2.45302464738294,736.50583875413,121.548649983613,3
1048757,48332551,3,144,06:01:14,-79.318292,43.819905,,,20.6906112249993,2.37343117824529,738.879269932375,121.961607926168,3
1048757,48332551,3,145,06:01:14,-79.318314,43.81992,,,20.6906112249993,2.43116732965874,741.310437262034,122.384611494869,3
1048757,48332551,3,146,06:01:15,-79.318338,43.819935,,,20.6906112249993,2.55030992133222,743.860747183366,122.828344916611,3
1048757,48332551,3,147,06:01:15,-79.318363,43.819949,,,20.6906112249993,2.5418137739632,746.402560957329,123.27060007702,3
1048757,48332551,3,148,06:01:16,-79.318387,43.819963,,,20.6906112249993,2.47885221559297,748.881413172922,123.701900432485,3
1048757,48332551,3,149,06:01:16,-79.318413,43.819976,,,20.6906112249993,2.54071603821157,751.422129211134,124.143964595699,3
1048757,48332551,3,150,06:01:17,-79.318439,43.819988,,,20.6906112249993,2.47899887606193,753.901128087196,124.575290468906,3
1048757,48332551,3,151,06:01:17,-79.318465,43.820001,,,20.6906112249993,2.54071531866464,756.44184340586,125.017354506925,3
1048757,48332551,3,152,06:01:17,-79.318492,43.820013,,,20.6906112249993,2.54702628744711,758.988869693307,125.460516602771,3
1048757,48332551,3,153,06:01:18,-79.318519,43.820024,,,20.6906112249993,2.49044662943999,761.479316322747,125.893834293026,3
1048757,48332551,3,154,06:01:18,-79.318547,43.820035,,,20.6906112249993,2.56069050284742,764.040006825595,126.339373852491,3
1048757,48332551,3,155,06:01:19,-79.318575,43.820045,,,20.6906112249993,2.50936276077583,766.549369586371,126.775982797512,3
1048757,48332551,3,156,06:01:19,-79.318603,43.820055,,,20.6906112249993,2.50936242288384,769.058732009254,127.212591683743,3
1048757,48332551,3,157,06:01:20,-79.318632,43.820064,,,20.6906112249993,2.53557975610686,771.594311765361,127.653762175167,3
1048757,48332551,3,158,06:01:20,-79.318661,43.820073,,,20.6906112249993,2.5355794338474,774.129891199209,128.09493261052,3
1048757,48332551,3,159,06:01:21,-79.31869,43.820081,,,20.6906112249993,2.49369144591644,776.623582645125,128.528814872753,3
1048757,48332551,3,160,06:01:21,-79.31872,43.820088,,,20.6906112249993,2.5324360356328,779.156018680758,128.96943838209,3
1048757,48332551,3,161,06:01:21,-79.318749,43.820095,,,20.6906112249993,2.45613801572167,781.61215669648,129.3967866494,3
1048757,48332551,3,162,06:01:22,-79.31878,43.820102,,,20.6906112249993,2.60897464553668,784.221131342016,129.850727261487,3
1048757,48332551,3,163,06:01:22,-79.31881,43.820108,,,20.6906112249993,2.50042634681064,786.721557688827,130.285781342328,3
1048757,48332551,3,164,06:01:23,-79.31884,43.820113,,,20.6906112249993,2.47301809999185,789.194575788819,130.716066608585,3
1048757,48332551,3,165,06:01:23,-79.318871,43.820118,,,20.6906112249993,2.55134013305243,791.745915921871,131.159979278883,3
1048757,48332551,3,166,06:01:24,-79.318902,43.820122,,,20.6906112249993,2.52938871589886,794.27530463777,131.600072579086,3
1048757,48332551,3,167,06:01:24,-79.318933,43.820126,,,20.6906112249993,2.52938855219144,796.804693189962,132.040165850806,3
1048757,48332551,3,168,06:01:24,-79.318964,43.820129,,,20.6906112249993,2.51218261981874,799.31687580978,132.477265428629,3
1048757,48332551,3,169,06:01:25,-79.318995,43.820132,,,20.6906112249993,2.51218249591483,801.829058305695,132.914364984894,3
1048757,48332551,3,170,06:01:25,-79.319026,43.820133,,,20.6906112249993,2.49237321556653,804.321431521262,133.348017885645,3
1048757,48332551,3,171,06:01:26,-79.319057,43.820135,,,20.6906112249993,2.49981999773587,806.821251518998,133.782966466622,3
1048757,48332551,3,172,06:01:26,-79.319089,43.820136,,,20.6906112249993,2.5726143376134,809.393865856611,134.230580677468,3
1048757,48332551,3,173,06:01:27,-79.31912,43.820136,,,20.6906112249993,2.48988583871951,811.88375169533,134.663800794647,3
1048757,48332551,3,174,06:01:27,-79.319151,43.820136,,,20.6906112249993,2.48988583871951,814.37363753405,135.097020911825,3
1048757,48332551,3,175,06:01:28,-79.319183,43.820135,,,20.6906112249993,2.57261433659253,816.946251870643,135.544635122494,3
1048757,48332551,3,176,06:01:28,-79.319214,43.820133,,,20.6906112249993,2.49981999773587,819.446071868378,135.97958370347,3
1048757,48332551,3,177,06:01:28,-79.319245,43.820131,,,20.6906112249993,2.49982008081004,821.945891949188,136.414532298901,3
1048757,48332551,3,178,06:01:29,-79.319276,43.820128,,,20.6906112249993,2.51218253724751,824.458074486436,136.851631862357,3
1048757,48332551,3,179,06:01:29,-79.319307,43.820125,,,20.6906112249993,2.51218266162208,826.970257148058,137.288731447454,3
1048757,48332551,3,180,06:01:30,-79.319338,43.820121,,,20.6906112249993,2.52938859261966,829.499645740678,137.728824726208,3
1048757,48332551,3,181,06:01:30,-79.319369,43.820117,,,20.6906112249993,2.52938875695037,832.029034497628,138.168918033554,3
1048757,48332551,3,182,06:01:42,-79.320154,43.81994,,,20.6906112249993,66.0574668702643,898.086501367892,149.662386164917,3
1048757,48332551,3,183,06:01:53,-79.32042,43.820493,1103,3,20.6906112249993,65.1617111335783,963.24821250147,161,3
1048757,48332551,3,184,06:01:53,-79.32042,43.820493,1103,3,1e-12,0,963.24821250147,161,3
1048757,48332551,3,185,06:01:54,-79.32044,43.820562,,,21.2215778991349,7.84722030092182,971.095432802392,162.331191922561,3
1048757,48332551,3,186,06:02:02,-79.319904,43.820686,,,21.2215778991349,45.2094244404948,1016.30485724289,170.000458023288,3
1048757,48332551,3,187,06:02:12,-79.3192280017267,43.8208385019922,,,21.2215778991349,56.8870127799091,1073.1918700228,179.650694541093,3
1048757,48332551,3,188,06:02:21,-79.318552,43.820991,,,21.2215778991349,56.8870127797814,1130.07888280258,189.300931058876,3
1048757,48332551,3,189,06:02:36,-79.317538,43.821237,,,21.2215778991349,85.9227562124602,1216.00163901504,203.876752132834,3
1048757,48332551,3,190,06:02:45,-79.316912,43.821385,,,21.2215778991349,52.9091363495316,1268.91077536457,212.852187030448,3
1048757,48332551,3,191,06:03:00,-79.3165604955198,43.8206240005386,401,4,21.2215778991349,89.2945813708003,1358.20535673537,228,3
1048757,48332551,3,192,06:03:00,-79.3165604955198,43.8206240005386,401,4,1e-12,0,1358.20535673537,228,3
1048757,48332551,3,193,,-79.316209,43.819863,,,,89.2945813692448,1447.49993810461,,3
