shape_id,trip_id,route_type,id,timestamp,shape_pt_lon,shape_pt_lat,stop_id,stop_sequence,speed,dist,cumdist,cumtime,trip_number
1048505,48326302,3,1,,-79.506577,43.604018,,,1e-12,0,0,0,1
1048505,48326302,3,2,05:36:00,-79.506531,43.603807,4851,1,,23.7792968768083,23.7792968768083,,1
1048505,48326302,3,3,05:36:00,-79.506531,43.603807,4851,1,1e-12,0,23.7792968768083,0,1
1048505,48326302,3,4,05:36:03,-79.506474,43.603634,,,20.8830355524829,19.7988046052659,43.5781014820742,3.41309080281113,1
1048505,48326302,3,5,05:36:11,-79.506297,43.60326,6617,2,20.8830355524829,44.0104706939874,87.5885721760616,11,1
1048505,48326302,3,6,05:36:11,-79.506297,43.60326,6617,2,1e-12,0,87.5885721760616,11,1
1048505,48326302,3,7,05:36:21,-79.5060769941555,43.6027272506328,,,21.3925248654879,61.9003312058333,149.488903381895,21.4167784654772,1
1048505,48326302,3,8,05:36:32,-79.5058569922074,43.6021945008438,,,21.3925248654879,61.900331207102,211.389234588997,31.8335569311679,1
1048505,48326302,3,9,05:36:42,-79.5056369941556,43.6016617506328,,,21.3925248654879,61.9003312086826,273.289565797679,42.2503353971245,1
1048505,48326302,3,10,05:36:53,-79.505417,43.601129,,,21.3925248654879,61.9003312048537,335.189897002533,52.6671138624369,1
1048505,48326302,3,11,05:37:00,-79.505262,43.600754,3707,3,21.3925248654879,43.5747080648919,378.764605067425,60,1
1048505,48326302,3,12,05:37:00,-79.505262,43.600754,3707,3,1e-12,0,378.764605067425,60,1
1048505,48326302,3,13,05:37:26,-79.506421,43.600487,,,13.7775659765337,98.0448874068192,476.809492474244,85.6185740838202,1
1048505,48326302,3,14,05:37:39,-79.5070140013454,43.6003505015326,,,13.7775659765337,50.1609612407204,526.970453714965,98.725349313506,1
1048505,48326302,3,15,05:37:52,-79.507607,43.600214,,,13.7775659765337,50.1609612438759,577.131414958841,111.832124544016,1
1048505,48326302,3,16,05:38:14,-79.508621,43.60001,1258,4,13.7775659765337,84.8387129595548,661.970127918395,134,1
1048505,48326302,3,17,05:38:14,-79.508621,43.60001,1258,4,1e-12,0,661.970127918395,134,1
1048505,48326302,3,18,05:38:14,-79.508635,43.600008,,,14.1455780828166,1.15035240689606,663.120480325291,134.292760652169,1
1048505,48326302,3,19,05:38:37,-79.509699,43.599783,,,14.1455780828166,89.3560919211064,752.476572246398,157.03357258878,1
1048505,48326302,3,20,05:38:56,-79.510604,43.599581,,,14.1455780828166,76.34323073338,828.819802979778,176.46265700167,1
1048505,48326302,3,21,05:39:00,-79.510763,43.599547,,,14.1455780828166,13.3649133177274,842.184716297505,179.863980557493,1
1048505,48326302,3,22,05:39:23,-79.511849,43.599327,9222,5,14.1455780828166,90.9089915415417,933.093707839047,203,1
1048505,48326302,3,23,05:39:23,-79.511849,43.599327,9222,5,1e-12,0,933.093707839047,203,1
1048505,48326302,3,24,05:39:23,-79.511861,43.599324,,,13.9164197777546,1.02340625955909,934.117114098606,203.264742124286,1
1048505,48326302,3,25,05:39:34,-79.512367,43.599209,,,13.9164197777546,42.7530506003166,976.870164698923,214.324410100611,1
1048505,48326302,3,26,05:39:46,-79.512912,43.599085,,,13.9164197777546,46.0528771207965,1022.92304181972,226.237701039124,1
1048505,48326302,3,27,05:39:48,-79.512977,43.599069,,,13.9164197777546,5.53445212545103,1028.45749394517,227.669393095689,1
1048505,48326302,3,28,05:40:09,-79.513947,43.598834,1926,6,13.9164197777546,82.4571332762971,1110.91462722147,249,1
1048505,48326302,3,29,05:40:09,-79.513947,43.598834,1926,6,1e-12,0,1110.91462722147,249,1
1048505,48326302,3,30,05:40:19,-79.514443,43.598728,,,14.6458954776377,41.6903219761741,1152.60494919764,259.247591848746,1
1048505,48326302,3,31,05:40:32,-79.51506,43.598595,,,14.6458954776377,51.896935007851,1204.50188420549,272.003996283936,1
1048505,48326302,3,32,05:40:52,-79.516026,43.598388,,,14.6458954776377,81.2131775527316,1285.71506175822,291.966410984781,1
1048505,48326302,3,33,05:41:11,-79.51695,43.598198,9382,7,14.6458954776377,77.4344320225601,1363.14949378078,311,1
1048505,48326302,3,34,05:41:11,-79.51695,43.598198,9382,7,1e-12,0,1363.14949378078,311,1
1048505,48326302,3,35,,-79.517107,43.59856,,,,42.2385588305343,1405.38805261132,,1
1048505,48326302,3,36,,-79.517154,43.59867,,,,12.8179489274533,1418.20600153877,,1
1048505,48326302,3,37,,-79.51727,43.59894,,,,31.477432232793,1449.68343377156,,1
1048505,48326302,3,38,,-79.517278,43.598957,,,,1.99930662327874,1451.68274039484,,1
1048505,48326302,3,39,,-79.517318,43.59905,,,,10.8432884709543,1462.5260288658,,1
1048505,48326302,3,40,,-79.517369,43.599033,,,,4.52602733851819,1467.05205620432,,1
1048505,48326302,3,41,,-79.517619,43.59895,,,,22.1709343246291,1489.22299052895,,1
1048505,48326302,3,42,,-79.517627,43.598948,,,,0.682274655055238,1489.905265184,,1
1048505,48326302,3,43,,-79.517684,43.598907,,,,6.47657255961266,1496.38183774361,,1
1048505,48326302,3,44,,-79.517713,43.598866,,,,5.12802106359388,1501.50985880721,,1
1048505,48326302,3,45,,-79.517725,43.598802,,,,7.18982602115934,1508.69968482837,,1
1048505,48326302,3,46,,-79.517696,43.598754,,,,5.83239691915923,1514.53208174753,,1
1048505,48326302,3,47,,-79.517648,43.598718,,,,5.57078780700217,1520.10286955453,,1
1048505,48326302,3,48,,-79.517553,43.598704,,,,7.81549828776481,1527.91836784229,,1
