shape_id,trip_id,route_type,id,timestamp,shape_pt_lon,shape_pt_lat,stop_id,stop_sequence,speed,dist,cumdist,cumtime,trip_number
1048657,48330209,3,1,,-79.205715,43.812985,,,1e-12,0,0,0,1
1048657,48330209,3,2,15:18:47,-79.206133,43.813189,7739,1,,40.5356542069637,40.5356542069637,,1
1048657,48330209,3,3,15:18:47,-79.206133,43.813189,7739,1,1e-12,0,40.5356542069637,0,1
1048657,48330209,3,4,15:18:53,-79.206383,43.813331,,,15.7287402625418,25.557016201663,66.0926704086267,5.84949950156522,1
1048657,48330209,3,5,15:19:00,-79.206114,43.813554,,,15.7287402625418,32.9113621854022,99.004032594029,13.3822644839976,1
1048657,48330209,3,6,15:19:08,-79.205827,43.813788,,,15.7287402625418,34.7854245662212,133.78945716025,21.343965570551,1
1048657,48330209,3,7,15:19:09,-79.205807,43.813802,,,15.7287402625418,2.23826628456884,136.027723444819,21.8562608014436,1
1048657,48330209,3,8,15:19:09,-79.205786,43.813816,,,15.7287402625418,2.29660334586665,138.324326790686,22.3819082409152,1
1048657,48330209,3,9,15:19:10,-79.205765,43.813829,,,15.7287402625418,2.22256627931023,140.546893069996,22.8906100486863,1
1048657,48330209,3,10,15:19:10,-79.205743,43.813841,,,15.7287402625418,2.21527783564022,142.762170905636,23.397643674723,1
1048657,48330209,3,11,15:19:11,-79.205721,43.813853,,,15.7287402625418,2.2152775531755,144.977448458812,23.9046772361089,1
1048657,48330209,3,12,15:19:11,-79.205698,43.813865,,,15.7287402625418,2.27987171973598,147.257320178548,24.4264951346851,1
1048657,48330209,3,13,15:19:12,-79.205675,43.813876,,,15.7287402625418,2.21648304359369,149.473803222141,24.9338046091724,1
1048657,48330209,3,14,15:19:12,-79.205651,43.813887,,,15.7287402625418,2.28387001336838,151.75767323551,25.4565376387022,1
1048657,48330209,3,15,15:19:13,-79.205627,43.813897,,,15.7287402625418,2.22616897879573,153.983842214305,25.9660640336895,1
1048657,48330209,3,16,15:19:13,-79.205602,43.813907,,,15.7287402625418,2.29608323857976,156.279925452885,26.4915924308093,1
1048657,48330209,3,17,15:19:14,-79.205577,43.813916,,,15.7287402625418,2.24422556772159,158.524151020607,27.0052516246761,1
1048657,48330209,3,18,15:19:15,-79.205552,43.813925,,,15.7287402625418,2.24422529655607,160.768376317163,27.5189107564785,1
1048657,48330209,3,19,15:19:15,-79.205526,43.813933,,,15.7287402625418,2.27045311386477,163.038829431028,28.0385729209926,1
1048657,48330209,3,20,15:19:16,-79.205501,43.813941,,,15.7287402625418,2.19678867026453,165.235618101292,28.5413747398888,1
1048657,48330209,3,21,15:19:16,-79.205474,43.813948,,,15.7287402625418,2.30457267319615,167.540190774488,29.0688462020036,1
1048657,48330209,3,22,15:19:17,-79.205448,43.813955,,,15.7287402625418,2.22914190098379,169.769332675472,29.5790530405419,1
1048657,48330209,3,23,15:19:17,-79.205421,43.813961,,,15.7287402625418,2.26935160389014,172.038684279362,30.0984630910379,1
1048657,48330209,3,24,15:19:18,-79.205394,43.813966,,,15.7287402625418,2.23911668046683,174.277800959829,30.6109529608641,1
1048657,48330209,3,25,15:19:18,-79.205367,43.813971,,,15.7287402625418,2.23911650627193,176.516917466101,31.1234427908205,1
1048657,48330209,3,26,15:19:19,-79.20534,43.813976,,,15.7287402625418,2.23911632752322,178.756033793624,31.6359325798649,1
1048657,48330209,3,27,15:19:19,-79.205312,43.81398,,,15.7287402625418,2.29281443944702,181.048848233071,32.1607128130071,1
1048657,48330209,3,28,15:19:21,-79.205216,43.813991,,,15.7287402625418,7.80802510671499,188.856873339786,33.9478165425483,1
1048657,48330209,3,29,15:19:23,-79.205119,43.814016,,,15.7287402625418,8.27382171796842,197.130695057755,35.8415319760482,1
1048657,48330209,3,30,15:19:36,-79.204447,43.814188,,,15.7287402625418,57.2749476143825,254.405642672137,48.9506435749485,1
1048657,48330209,3,31,15:19:42,-79.204155,43.814252,,,15.7287402625418,24.5135780640546,278.919220736192,54.5613205622698,1
1048657,48330209,3,32,15:19:42,-79.204129,43.814258,,,15.7287402625418,2.19269991263931,281.111920648831,55.0631865447796,1
1048657,48330209,3,33,15:19:59,-79.203272,43.814456,,,15.7287402625418,72.2824798209217,353.394400469753,71.6072277719736,1
1048657,48330209,3,34,15:19:59,-79.20324,43.814465,,,15.7287402625418,2.7587973161919,356.153197785945,72.2386623415903,1
1048657,48330209,3,35,15:20:00,-79.203207,43.814473,,,15.7287402625418,2.7963724727354,358.94957025868,72.8786971272001,1
1048657,48330209,3,36,15:20:01,-79.203174,43.814481,,,15.7287402625418,2.79637213708352,361.745942395763,73.5187318359857,1
1048657,48330209,3,37,15:20:01,-79.203141,43.814489,,,15.7287402625418,2.79637180120608,364.54231419697,74.1587664678956,1
1048657,48330209,3,38,15:20:02,-79.203107,43.814495,,,15.7287402625418,2.81158743454155,367.353901631511,74.8022836596986,1
1048657,48330209,3,39,15:20:02,-79.203074,43.814502,,,15.7287402625418,2.76293532917153,370.116836960683,75.4346653392858,1
1048657,48330209,3,40,15:20:03,-79.20304,43.814507,,,15.7287402625418,2.78724029477149,372.904077255454,76.072609948561,1
1048657,48330209,3,41,15:20:04,-79.203006,43.814512,,,15.7287402625418,2.78724007127353,375.691317326728,76.7105545066818,1
1048657,48330209,3,42,15:20:04,-79.202972,43.814517,,,15.7287402625418,2.78723984650289,378.478557173231,77.348499013357,1
1048657,48330209,3,43,15:20:05,-79.202937,43.814521,7969,2,15.7287402625418,2.84646938880462,381.325026562035,78,1
1048657,48330209,3,44,15:20:05,-79.202937,43.814521,7969,2,1e-12,0,381.325026562035,78,1
1048657,48330209,3,45,15:20:06,-79.202903,43.814524,,,18.4112977831804,2.75144171312564,384.076468275161,78.5379952181481,1
1048657,48330209,3,46,15:20:06,-79.202868,43.814527,,,18.4112977831804,2.83119092621603,386.907659201377,79.0915839686212,1
1048657,48330209,3,47,15:20:07,-79.202833,43.814529,,,18.4112977831804,2.82022716363614,389.727886365013,79.6430289514059,1
1048657,48330209,3,48,15:20:12,-79.202517,43.814548,,,18.4112977831804,25.4711186385637,415.199005003577,84.6234506565286,1
1048657,48330209,3,49,15:20:24,-79.202596,43.815099,,,18.4112977831804,61.6644228039196,476.863427807496,96.6808256829056,1
1048657,48330209,3,50,15:20:24,-79.202598,43.815119,,,18.4112977831804,2.23217840997469,479.095606217471,97.1172882490182,1
1048657,48330209,3,51,15:20:25,-79.202601,43.81514,,,18.4112977831804,2.35009673237955,481.445702949851,97.576807634137,1
1048657,48330209,3,52,15:20:25,-79.202604,43.815161,,,18.4112977831804,2.35009672569843,483.795799675549,98.0363270179494,1
1048657,48330209,3,53,15:20:25,-79.202608,43.815182,,,18.4112977831804,2.35968641363933,486.155486089188,98.4977214937295,1
1048657,48330209,3,54,15:20:26,-79.202614,43.815203,,,18.4112977831804,2.38687322057828,488.542359309767,98.9644318633772,1
1048657,48330209,3,55,15:20:26,-79.20262,43.815223,,,18.4112977831804,2.27795751048482,490.820316820251,99.4098457138466,1
1048657,48330209,3,56,15:20:27,-79.202627,43.815243,,,18.4112977831804,2.2962945523916,493.116611372643,99.8588450449074,1
1048657,48330209,3,57,15:20:27,-79.202635,43.815264,,,18.4112977831804,2.42442247752987,495.541033850173,100.332897500193,1
1048657,48330209,3,58,15:20:27,-79.202638,43.815271,,,18.4112977831804,0.815646378684267,496.356680228857,100.492382561911,1
1048657,48330209,3,59,15:20:28,-79.202643,43.815284,,,18.4112977831804,1.50185128594407,497.858531514801,100.786042720639,1
1048657,48330209,3,60,15:20:28,-79.202653,43.815303,,,18.4112977831804,2.26246318464988,500.120994699451,101.228426932804,1
1048657,48330209,3,61,15:20:29,-79.202663,43.815323,,,18.4112977831804,2.36686044648062,502.487855145932,101.6912241624,1
1048657,48330209,3,62,15:20:29,-79.202674,43.815342,,,18.4112977831804,2.29221164733928,504.780066793271,102.1394251544,1
1048657,48330209,3,63,15:20:30,-79.202686,43.815362,,,18.4112977831804,2.42609202923591,507.206158822507,102.613804060662,1
1048657,48330209,3,64,15:20:30,-79.202699,43.81538,,,18.4112977831804,2.2595202178496,509.465679040356,103.055612828303,1
1048657,48330209,3,65,15:20:31,-79.202712,43.815399,,,18.4112977831804,2.35879969781293,511.824478738169,103.516833922662,1
1048657,48330209,3,66,15:20:45,-79.203122,43.815995,9943,3,18.4112977831804,74.0705231925369,585.895001930706,118,1
1048657,48330209,3,67,15:20:45,-79.203122,43.815995,9943,3,1e-12,0,585.895001930706,118,1
1048657,48330209,3,68,15:21:02,-79.203551,43.816619,,,16.2040079097056,77.540844327508,663.435846258214,135.227036738968,1
1048657,48330209,3,69,15:21:03,-79.203559,43.816635,,,16.2040079097056,1.8934835561049,665.329329814319,135.647706788006,1
1048657,48330209,3,70,15:21:03,-79.203568,43.81665,,,16.2040079097056,1.81956281653872,667.148892630858,136.051954069051,1
1048657,48330209,3,71,15:21:03,-79.203578,43.816665,,,16.2040079097056,1.85294204712259,669.001834677981,136.463617122218,1
1048657,48330209,3,72,15:21:04,-79.203589,43.816679,,,16.2040079097056,1.79151177270691,670.793346450687,136.861632379781,1
1048657,48330209,3,73,15:21:04,-79.2036,43.816694,,,16.2040079097056,1.88914872184047,672.682495172528,137.281339370578,1
1048657,48330209,3,74,15:21:05,-79.203611,43.816707,,,16.2040079097056,1.69556153356305,674.378056706091,137.658037626641,1
1048657,48330209,3,75,15:21:05,-79.203625,43.816721,,,16.2040079097056,1.92182288489549,676.299879590986,138.085003746639,1
1048657,48330209,3,76,15:21:06,-79.203638,43.816735,,,16.2040079097056,1.87595371349702,678.175833304483,138.501779238618,1
1048657,48330209,3,77,15:21:06,-79.203653,43.816748,,,16.2040079097056,1.88306164551573,680.058894949999,138.92013388036,1
1048657,48330209,3,78,15:21:06,-79.203667,43.81676,,,16.2040079097056,1.74614317768589,681.805038127685,139.308069721585,1
1048657,48330209,3,79,15:21:07,-79.203683,43.816772,,,16.2040079097056,1.85367923739657,683.658717365082,139.719896554293,1
1048657,48330209,3,80,15:21:07,-79.203699,43.816784,,,16.2040079097056,1.85367905393908,685.512396419021,140.131723346243,1
1048657,48330209,3,81,15:21:08,-79.203716,43.816795,,,16.2040079097056,1.8341264271148,687.346522846136,140.539206184711,1
1048657,48330209,3,82,15:21:08,-79.203733,43.816806,,,16.2040079097056,1.83412623482386,689.180649080959,140.946688980459,1
1048657,48330209,3,83,15:21:08,-79.203751,43.816816,,,16.2040079097056,1.82471924854048,691.0053683295,141.352081851862,1
1048657,48330209,3,84,15:21:09,-79.203769,43.816826,,,16.2040079097056,1.82471905198996,692.83008738149,141.757474679597,1
1048657,48330209,3,85,15:21:09,-79.203788,43.816835,,,16.2040079097056,1.82561454902843,694.655701930518,142.163066457454,1
1048657,48330209,3,86,15:21:10,-79.20381,43.816844,,,16.2040079097056,2.03136501414486,696.687066944663,142.614369251903,1
1048657,48330209,3,87,15:21:23,-79.204375,43.8172,2147,4,16.2040079097056,60.2502406996017,756.937307644265,156,1
1048657,48330209,3,88,15:21:23,-79.204375,43.8172,2147,4,1e-12,0,756.937307644265,156,1
1048657,48330209,3,89,15:21:23,-79.204395,43.817216,,,19.5414112999887,2.39855428749888,759.335861931764,156.44187163877,1
1048657,48330209,3,90,15:21:24,-79.204414,43.817232,,,19.5414112999887,2.34551547731531,761.681377409079,156.873972247508,1
1048657,48330209,3,91,15:21:24,-79.204433,43.817248,,,19.5414112999887,2.34551521338851,764.026892622468,157.306072807625,1
1048657,48330209,3,92,15:21:25,-79.204451,43.817264,,,19.5414112999887,2.29406314078637,766.320955763254,157.728694653102,1
1048657,48330209,3,93,15:21:25,-79.204466,43.817279,,,19.5414112999887,2.0590893647569,768.380045128011,158.108028653054,1
1048657,48330209,3,94,15:21:25,-79.204469,43.817281,,,19.5414112999887,0.328075906594693,768.708121034606,158.168468159987,1
1048657,48330209,3,95,15:21:26,-79.204486,43.817298,,,19.5414112999887,2.33363437220978,771.041755406815,158.598379982167,1
1048657,48330209,3,96,15:21:26,-79.204502,43.817316,,,19.5414112999887,2.38047516391466,773.42223057073,159.036921009657,1
1048657,48330209,3,97,15:21:26,-79.204517,43.817334,,,19.5414112999887,2.33808838405716,775.760318954787,159.467653368409,1
1048657,48330209,3,98,15:21:27,-79.204532,43.817352,,,19.5414112999887,2.33808819499602,778.098407149783,159.898385692333,1
1048657,48330209,3,99,15:21:27,-79.204546,43.817371,,,19.5414112999887,2.39542492435632,780.493832074139,160.339680826819,1
1048657,48330209,3,100,15:21:28,-79.20456,43.817389,,,19.5414112999887,2.29772816004103,782.791560234181,160.762977857375,1
1048657,48330209,3,101,15:21:28,-79.204573,43.817408,,,19.5414112999887,2.35878414546257,785.150344379643,161.197522875301,1
1048657,48330209,3,102,15:21:29,-79.204584,43.817428,,,19.5414112999887,2.39530141130533,787.545645790948,161.6387952557,1
1048657,48330209,3,103,15:21:29,-79.204596,43.817447,,,19.5414112999887,2.32434259626731,789.869988387216,162.066995308302,1
1048657,48330209,3,104,15:21:30,-79.204606,43.817467,,,19.5414112999887,2.36685065564412,792.23683904286,162.503026372257,1
1048657,48330209,3,105,15:21:30,-79.204616,43.817487,,,19.5414112999887,2.36685056767289,794.603689610533,162.939057420005,1
1048657,48330209,3,106,15:21:30,-79.204625,43.817505,,,19.5414112999887,2.13016542952762,796.73385504006,163.331485347987,1
1048657,48330209,3,107,15:21:44,-79.204908,43.818141,,,19.5414112999887,74.3587949136395,871.0926499537,177.030171567711,1
1048657,48330209,3,108,15:22:00,-79.205242,43.81889,,,19.5414112999887,87.5879071490665,958.680557102766,193.16597982107,1
1048657,48330209,3,109,15:22:12,-79.2054839977708,43.8194400002553,3900,5,19.5414112999887,64.2370710135671,1022.91762811633,205,1
1048657,48330209,3,110,15:22:12,-79.2054839977708,43.8194400002553,3900,5,1e-12,0,1022.91762811633,205,1
1048657,48330209,3,111,15:22:26,-79.205726,43.81999,,,16.0559998416021,64.2370710111993,1087.15469912753,219.40293086209,1
1048657,48330209,3,112,15:22:40,-79.2059574979566,43.8205170002337,,,16.0559998416021,61.5414635716327,1148.69616269917,233.201465431318,1
1048657,48330209,3,113,15:22:54,-79.206189,43.821044,1721,6,16.0559998416021,61.5414635691929,1210.23762626836,247,1
1048657,48330209,3,114,15:22:54,-79.206189,43.821044,1721,6,1e-12,0,1210.23762626836,247,1
1048657,48330209,3,115,15:23:10,-79.205519,43.821198,,,12.8847852711926,56.4774644576951,1266.71509072605,262.779764099156,1
1048657,48330209,3,116,15:23:19,-79.205129,43.82129,,,12.8847852711926,32.9555137330055,1299.67060445906,271.987511604586,1
1048657,48330209,3,117,15:23:29,-79.204723,43.821385,,,12.8847852711926,34.2807958841183,1333.95140034318,281.565542016838,1
1048657,48330209,3,118,15:23:44,-79.204071,43.821543,6681,7,12.8847852711926,55.2415769139671,1389.19297725714,297,1
1048657,48330209,3,119,15:23:44,-79.204071,43.821543,6681,7,1e-12,0,1389.19297725714,297,1
1048657,48330209,3,120,15:23:47,-79.203957,43.821572,,,12.2223927625265,9.70858020876589,1398.90155746591,299.859578270035,1
1048657,48330209,3,121,15:24:09,-79.203063,43.821777,,,12.2223927625265,75.3424245898666,1474.24398205578,322.051037323381,1
1048657,48330209,3,122,15:24:27,-79.202341,43.821946,,,12.2223927625265,60.9639467851311,1535.20792884091,340.007440189059,1
1048657,48330209,3,123,15:24:37,-79.201925,43.822046,,,12.2223927625265,35.2172782187971,1570.42520705971,350.380384673087,1
1048657,48330209,3,124,15:24:50,-79.201683,43.821703,1146,8,12.2223927625265,42.8449708437591,1613.27017790346,363,1
1048657,48330209,3,125,15:24:50,-79.201683,43.821703,1146,8,1e-12,0,1613.27017790346,363,1
1048657,48330209,3,126,15:24:51,-79.201668,43.821684,,,7.80032035556544,2.43412201042114,1615.70429991389,364.123394788685,1
1048657,48330209,3,127,15:24:52,-79.201654,43.821665,,,7.80032035556544,2.39538679342628,1618.09968670731,365.228912519144,1
1048657,48330209,3,128,15:24:53,-79.201641,43.821646,,,7.80032035556544,2.35875119009417,1620.45843789741,366.317522204037,1
1048657,48330209,3,129,15:24:54,-79.201629,43.821627,,,7.80032035556544,2.32431448534659,1622.78275238275,367.390238677954,1
1048657,48330209,3,130,15:24:56,-79.201617,43.821607,,,7.80032035556544,2.42605184972833,1625.20880423248,368.50990893006,1
1048657,48330209,3,131,15:24:57,-79.201606,43.821587,,,7.80032035556544,2.39527860155097,1627.60408283403,369.615376727858,1
1048657,48330209,3,132,15:24:58,-79.201596,43.821567,,,7.80032035556544,2.36683184736496,1629.9709146814,370.707715793706,1
1048657,48330209,3,133,15:24:59,-79.201587,43.821547,,,7.80032035556544,2.34079642254575,1632.31171110394,371.788039003143,1
1048657,48330209,3,134,15:25:00,-79.201578,43.821527,,,7.80032035556544,2.34079649763925,1634.65250760158,372.868362247238,1
1048657,48330209,3,135,15:25:01,-79.201571,43.821506,,,7.80032035556544,2.40436588777112,1637.05687348935,373.978024004886,1
1048657,48330209,3,136,15:25:02,-79.201564,43.821485,,,7.80032035556544,2.40436593446272,1639.46123942382,375.087685784083,1
1048657,48330209,3,137,15:25:03,-79.201557,43.821464,,,7.80032035556544,2.40436598094369,1641.86560540476,376.197347584733,1
1048657,48330209,3,138,15:25:04,-79.201552,43.821443,,,7.80032035556544,2.37195189911919,1644.23755730388,377.292049654339,1
1048657,48330209,3,139,15:25:05,-79.201547,43.821422,,,7.80032035556544,2.37195192407837,1646.60950922796,378.386751735464,1
1048657,48330209,3,140,15:25:06,-79.201544,43.821401,,,7.80032035556544,2.35009413226306,1648.95960336022,379.471366019301,1
1048657,48330209,3,141,15:25:08,-79.201541,43.82138,,,7.80032035556544,2.35009414447455,1651.30969750469,380.555980308773,1
1048657,48330209,3,142,15:25:09,-79.201539,43.821359,,,7.80032035556544,2.34322176390255,1653.6529192686,381.637422860556,1
1048657,48330209,3,143,15:25:10,-79.201537,43.821337,,,7.80032035556544,2.45429124116578,1656.10721050976,382.770126142658,1
1048657,48330209,3,144,15:25:11,-79.201537,43.821316,,,7.80032035556544,2.33770930598844,1658.44491981575,383.849024587586,1
1048657,48330209,3,145,15:25:12,-79.201537,43.821295,,,7.80032035556544,2.33770930598844,1660.78262912174,384.927923032514,1
1048657,48330209,3,146,15:25:13,-79.201538,43.821273,,,7.80032035556544,2.45034546952916,1663.23297459127,386.058805264038,1
1048657,48330209,3,147,15:25:14,-79.20154,43.821252,,,7.80032035556544,2.34322178003595,1665.5761963713,387.140247823267,1
1048657,48330209,3,148,15:25:23,-79.201559,43.821088,,,7.80032035556544,18.3200651770744,1683.89626154838,395.59531526039,1
1048657,48330209,3,149,15:25:23,-79.201564,43.821074,,,7.80032035556544,1.60938209070492,1685.50564363908,396.338076488447,1
1048657,48330209,3,150,15:25:24,-79.201569,43.82106,,,7.80032035556544,1.60938211694578,1687.11502575603,397.080837728615,1
1048657,48330209,3,151,15:25:25,-79.201573,43.821046,,,7.80032035556544,1.59124244538611,1688.70626820142,397.815227156519,1
1048657,48330209,3,152,15:25:26,-79.201577,43.821032,,,7.80032035556544,1.59124246080256,1690.29751066222,398.549616591537,1
1048657,48330209,3,153,15:25:26,-79.201579,43.821017,,,7.80032035556544,1.67750119773332,1691.97501185995,399.323816116244,1
1048657,48330209,3,154,15:25:27,-79.201581,43.821003,,,7.80032035556544,1.56672953351013,1693.54174139346,400.046892357159,1
1048657,48330209,3,155,15:25:28,-79.201582,43.820988,,,7.80032035556544,1.67172290319453,1695.21346429666,400.818425086223,1
1048657,48330209,3,156,15:25:29,-79.201582,43.820974,,,7.80032035556544,1.55847286947877,1696.77193716614,401.53769071563,1
1048657,48330209,3,157,15:25:29,-79.201581,43.82096,,,7.80032035556544,1.56054113390111,1698.33247830004,402.257910889413,1
1048657,48330209,3,158,15:25:30,-79.20158,43.820945,,,7.80032035556544,1.67172290880297,1700.00420120884,403.029443621065,1
1048657,48330209,3,159,15:25:31,-79.201577,43.820931,,,7.80032035556544,1.57698961760821,1701.58119082645,403.757255090928,1
1048657,48330209,3,160,15:25:31,-79.201574,43.820917,,,7.80032035556544,1.57698962608512,1703.15818045253,404.485066564704,1
1048657,48330209,3,161,15:25:32,-79.20157,43.820902,,,7.80032035556544,1.70041814452991,1704.85859859706,405.269842707384,1
1048657,48330209,3,162,15:25:33,-79.201565,43.820888,,,7.80032035556544,1.60938240289251,1706.46798099995,406.012604079521,1
1048657,48330209,3,163,15:25:34,-79.20156,43.820875,,,7.80032035556544,1.50184120658911,1707.96982220654,406.705733091827,1
1048657,48330209,3,164,15:25:34,-79.201553,43.820861,,,7.80032035556544,1.65678455958938,1709.62660676613,407.470371483924,1
1048657,48330209,3,165,15:25:35,-79.201546,43.820847,,,7.80032035556544,1.65678460467448,1711.28339137081,408.235009896829,1
1048657,48330209,3,166,15:25:36,-79.201538,43.820834,,,7.80032035556544,1.58338725304496,1712.86677862385,408.965774000241,1
1048657,48330209,3,167,15:25:37,-79.20153,43.820821,,,7.80032035556544,1.58338730658412,1714.45016593044,409.696538128362,1
1048657,48330209,3,168,15:25:37,-79.20152,43.820808,,,7.80032035556544,1.65509841917764,1716.10526434961,410.460398333769,1
1048657,48330209,3,169,15:25:38,-79.20151,43.820796,,,7.80032035556544,1.55870148655395,1717.66396583617,411.179769474416,1
1048657,48330209,3,170,15:25:39,-79.201499,43.820784,,,7.80032035556544,1.60156837116193,1719.26553420733,411.918924518487,1
1048657,48330209,3,171,15:26:00,-79.201259,43.820412,5085,9,7.80032035556544,45.6775394987948,1764.94307370613,433,1
1048657,48330209,3,172,15:26:00,-79.201259,43.820412,5085,9,1e-12,0,1764.94307370613,433,1
1048657,48330209,3,173,,-79.20075,43.819691,,,,90.0736004672125,1855.01667417334,,1
