shape_id,trip_id,route_type,id,timestamp,shape_pt_lon,shape_pt_lat,stop_id,stop_sequence,speed,dist,cumdist,cumtime,trip_number
1048733,48331943,3,1,05:36:44,-79.451162,43.734947,15293,1,1e-12,0,0,0,1
1048733,48331943,3,2,05:36:44,-79.451162,43.734947,15293,1,1e-12,0,0,0,1
1048733,48331943,3,3,05:36:45,-79.451166,43.734988,,,24.6222094832961,4.57542492259343,4.57542492259343,0.668970416018544,1
1048733,48331943,3,4,05:36:45,-79.451148,43.735009,,,24.6222094832961,2.74972908141683,7.32515400401025,1.07100682545679,1
1048733,48331943,3,5,05:36:47,-79.450965,43.735045,,,24.6222094832961,15.2550875309675,22.5802415349777,3.30144496500474,1
1048733,48331943,3,6,05:36:48,-79.450921,43.735046,,,24.6222094832961,3.54081452907164,26.1210560640494,3.81914555208266,1
1048733,48331943,3,7,05:36:48,-79.450887,43.735029,,,24.6222094832961,3.32566601246694,29.4467220765163,4.30538939031347,1
1048733,48331943,3,8,05:37:01,-79.450629,43.734287,,,24.6222094832961,85.1659981598341,114.61272023635,16.7574641557159,1
1048733,48331943,3,9,05:37:02,-79.450623,43.73423,,,24.6222094832961,6.363537603396,120.976257839746,17.6878735646589,1
1048733,48331943,3,10,05:37:02,-79.45064,43.7342,,,24.6222094832961,3.6086793979566,124.584937237703,18.2154966377002,1
1048733,48331943,3,11,05:37:03,-79.450662,43.734184,,,24.6222094832961,2.51071554552972,127.095652783233,18.5825870066632,1
1048733,48331943,3,12,05:37:05,-79.450888,43.734147,,,24.6222094832961,18.6389699697835,145.734622753016,21.3077807768138,1
1048733,48331943,3,13,05:37:09,-79.451207,43.734087,,,24.6222094832961,26.5136897608467,172.248312513863,25.1843330904395,1
1048733,48331943,3,14,05:37:13,-79.4515,43.734032,,,24.6222094832961,24.3496473324165,196.597959846279,28.7444819250178,1
1048733,48331943,3,15,05:37:15,-79.451666,43.733997,,,24.6222094832961,13.9089989123033,210.506958758583,30.7781091719252,1
1048733,48331943,3,16,05:37:16,-79.451732,43.733971,,,24.6222094832961,6.04642089037456,216.553379648957,31.6621531168894,1
1048733,48331943,3,17,05:37:16,-79.45176,43.73394,,,24.6222094832961,4.12080356825037,220.674183217208,32.264653589309,1
1048733,48331943,3,18,05:37:18,-79.45178,43.73385,,,24.6222094832961,10.1470852625073,230.821268479715,33.7482534656649,1
1048733,48331943,3,19,05:37:20,-79.451773,43.733717,,,24.6222094832961,14.8161945402417,245.637463019957,35.9145212971954,1
1048733,48331943,3,20,05:37:22,-79.451764,43.733612,,,24.6222094832961,11.7109425156351,257.348405535592,37.6267719010613,1
1048733,48331943,3,21,05:37:35,-79.452852,43.733376,,,24.6222094832961,91.3719292631594,348.720334798751,50.9862125138352,1
1048733,48331943,3,22,05:37:35,-79.452863,43.733383,,,24.6222094832961,1.17900973260044,349.899344531352,51.1585948924451,1
1048733,48331943,3,23,05:37:35,-79.452852,43.733376,,,24.6222094832961,1.17900973260044,351.078354263952,51.330977271055,1
1048733,48331943,3,24,05:37:38,-79.453051,43.733333,,,24.6222094832961,16.7070787731067,367.785433037059,53.7737102688385,1
1048733,48331943,3,25,05:37:52,-79.4542005143379,43.7330840172796,,,24.6222094832961,96.5268914858362,464.312324522895,67.8868551344426,1
1048733,48331943,3,26,05:38:06,-79.4553500191174,43.7328350230394,895,2,24.6222094832961,96.5268914855162,560.839216008411,82,1
1048733,48331943,3,27,05:38:06,-79.4553500191174,43.7328350230394,895,2,1e-12,0,560.839216008411,82,1
1048733,48331943,3,28,05:38:22,-79.4564995143382,43.7325860172794,,,21.189984015956,96.5268914881124,657.366107496523,98.3991067239853,1
1048733,48331943,3,29,05:38:39,-79.457649,43.732337,,,21.189984015956,96.5268914857445,753.892998982268,114.798213447568,1
1048733,48331943,3,30,05:38:48,-79.4582780013233,43.7322110017246,,,21.189984015956,52.5031657710943,806.396164753362,123.718059570794,1
1048733,48331943,3,31,05:38:57,-79.458907,43.732085,,,21.189984015956,52.5031657744226,858.899330527785,132.637905694585,1
1048733,48331943,3,32,05:39:02,-79.45928,43.731997,8737,3,21.189984015956,31.5618590621642,890.461189589949,138,1
1048733,48331943,3,33,05:39:02,-79.45928,43.731997,8737,3,1e-12,0,890.461189589949,138,1
1048733,48331943,3,34,05:39:09,-79.459885,43.731989,,,25.1031688739557,48.6727612155459,939.133950805495,144.980072565968,1
1048733,48331943,3,35,05:39:15,-79.460367,43.731973,,,25.1031688739557,38.8117138329342,977.945664638429,150.545990179801,1
1048733,48331943,3,36,05:39:19,-79.460743,43.731954,,,25.1031688739557,30.3183346683004,1008.26399930673,154.893887664533,1
1048733,48331943,3,37,05:39:22,-79.460987,43.731931,,,25.1031688739557,19.7930334973533,1028.05703280408,157.732370763948,1
1048733,48331943,3,38,05:39:25,-79.461277,43.731886,,,25.1031688739557,23.8586846618102,1051.91571746589,161.153901536169,1
1048733,48331943,3,39,05:39:28,-79.461526,43.731821,,,25.1031688739557,21.2958988231309,1073.21161628902,164.20790783108,1
1048733,48331943,3,40,05:39:36,-79.4621960017005,43.7316690019568,,,25.1031688739557,56.4871395817823,1129.69875587081,172.308626250952,1
1048733,48331943,3,41,05:39:44,-79.462866,43.731517,,,25.1031688739557,56.4871395802119,1186.18589545102,180.409344670599,1
1048733,48331943,3,42,05:39:54,-79.4636765024765,43.7313340028635,,,25.1031688739557,68.3038234850697,1254.48971893609,190.204672335441,1
1048733,48331943,3,43,05:40:04,-79.464487,43.731151,10047,4,25.1031688739557,68.3038234830975,1322.79354241919,200,1
1048733,48331943,3,44,05:40:04,-79.464487,43.731151,10047,4,1e-12,0,1322.79354241919,200,1
1048733,48331943,3,45,05:40:17,-79.465501,43.730925,,,23.3147181401225,85.3566171684055,1408.15015958759,213.179821431229,1
1048733,48331943,3,46,05:40:26,-79.4661497548418,43.7307760055039,,,23.3147181401225,54.7574951933259,1462.90765478092,221.634866073469,1
1048733,48331943,3,47,05:40:34,-79.4667985064558,43.7306270073385,,,23.3147181401225,54.7574951939405,1517.66514997486,230.089910715804,1
1048733,48331943,3,48,05:40:43,-79.4674472548419,43.7304780055038,,,23.3147181401225,54.7574951912752,1572.42264516613,238.544955357727,1
1048733,48331943,3,49,05:40:51,-79.468096,43.730329,4926,5,23.3147181401225,54.7574951935409,1627.18014035967,247,1
1048733,48331943,3,50,05:40:51,-79.468096,43.730329,4926,5,1e-12,0,1627.18014035967,247,1
1048733,48331943,3,51,05:41:02,-79.4689360076996,43.7301460092272,,,23.6340121208202,70.5737861937171,1697.75392655339,257.749999999939,1
1048733,48331943,3,52,05:41:13,-79.4697760102662,43.7299630123029,,,23.6340121208202,70.5737861952183,1768.32771274861,268.500000000107,1
1048733,48331943,3,53,05:41:23,-79.4706160076997,43.7297800092272,,,23.6340121208202,70.5737861940594,1838.90149894267,279.250000000099,1
1048733,48331943,3,54,05:41:34,-79.471456,43.729597,7617,6,23.6340121208202,70.5737861934682,1909.47528513614,290,1
1048733,48331943,3,55,05:41:34,-79.471456,43.729597,7617,6,1e-12,0,1909.47528513614,290,1
1048733,48331943,3,56,05:41:46,-79.4724385037483,43.7293685042078,,,25.5275004626596,83.0256604472813,1992.50094558342,301.708642530334,1
1048733,48331943,3,57,05:41:57,-79.473421,43.72914,,,25.5275004626596,83.0256604445574,2075.52660602798,313.417285060284,1
1048733,48331943,3,58,05:42:08,-79.4743320097074,43.728927260853,,,25.5275004626596,77.0143769159362,2152.54098294391,324.278190040108,1
1048733,48331943,3,59,05:42:19,-79.4752430129433,43.7287145144706,,,25.5275004626596,77.0143769175493,2229.55535986146,335.13909502016,1
1048733,48331943,3,60,05:42:30,-79.4761540097076,43.7285017608529,5623,7,25.5275004626596,77.0143769160473,2306.56973677751,346,1
1048733,48331943,3,61,05:42:30,-79.4761540097076,43.7285017608529,5623,7,1e-12,0,2306.56973677751,346,1
1048733,48331943,3,62,05:42:43,-79.477065,43.728289,,,21.7865664854781,77.0143769187966,2383.5841136963,358.725812352877,1
1048733,48331943,3,63,05:42:52,-79.477738,43.728156,3913,8,21.7865664854781,56.1257516035697,2439.70986529987,368,1
1048733,48331943,3,64,05:42:52,-79.477738,43.728156,3913,8,1e-12,0,2439.70986529987,368,1
1048733,48331943,3,65,05:43:02,-79.478491,43.727969,,,22.1709804417765,64.0504799622301,2503.7603452621,378.400159274398,1
1048733,48331943,3,66,05:43:14,-79.479332,43.727776,,,22.1709804417765,70.982039253809,2574.74238451591,389.925826440303,1
1048733,48331943,3,67,05:43:18,-79.479604,43.727656,,,22.1709804417765,25.6359663595427,2600.37835087546,394.088451504933,1
1048733,48331943,3,68,05:43:21,-79.479821,43.727577,,,22.1709804417765,19.5462808904242,2619.92463176588,397.26226744827,1
1048733,48331943,3,69,05:43:24,-79.480016,43.72749,,,22.1709804417765,18.4352972778476,2638.35992904373,400.255688076398,1
1048733,48331943,3,70,05:43:28,-79.480274,43.727381,,,22.1709804417765,24.0411262898024,2662.40105533353,404.15935191619,1
1048733,48331943,3,71,05:43:31,-79.480461,43.727304,,,22.1709804417765,17.3136625800409,2679.71471791357,406.970647765367,1
1048733,48331943,3,72,05:43:34,-79.480676,43.727207,,,22.1709804417765,20.389399323901,2700.10411723747,410.281364571906,1
1048733,48331943,3,73,05:43:37,-79.480848,43.727122,,,22.1709804417765,16.7623636074785,2716.86648084495,413.003143572406,1
1048733,48331943,3,74,05:43:40,-79.481043,43.727016,,,22.1709804417765,19.6292020338128,2736.49568287876,416.19042378797,1
1048733,48331943,3,75,05:43:42,-79.481176,43.726953,,,22.1709804417765,12.792731255039,2749.2884141338,418.267636053755,1
1048733,48331943,3,76,05:43:45,-79.481348,43.726886,,,22.1709804417765,15.7185816285414,2765.00699576234,420.819931565059,1
1048733,48331943,3,77,05:43:46,-79.481447,43.726837,,,22.1709804417765,9.65288979597571,2774.65988555832,422.387313907792,1
1048733,48331943,3,78,05:43:49,-79.481622,43.726767,893,9,22.1709804417765,16.090503403015,2790.75038896133,425,1
1048733,48331943,3,79,05:43:49,-79.481622,43.726767,893,9,1e-12,0,2790.75038896133,425,1
1048733,48331943,3,80,05:43:50,-79.481708,43.726729,,,23.6536093388425,8.108998797363,2798.8593877587,426.23416241692,1
1048733,48331943,3,81,05:43:51,-79.481789,43.726705,,,23.6536093388425,7.04244876581719,2805.90183652452,427.305999496571,1
1048733,48331943,3,82,05:43:55,-79.482059,43.726635,,,23.6536093388425,23.0755347420374,2828.97737126655,430.818018481974,1
1048733,48331943,3,83,05:44:05,-79.4828750024657,43.7264540029025,,,23.6536093388425,68.6656741520439,2897.6430454186,441.268703762441,1
1048733,48331943,3,84,05:44:16,-79.483691,43.726273,,,23.6536093388425,68.6656741524584,2966.30871957105,451.719389042971,1
1048733,48331943,3,85,05:44:27,-79.4845780030133,43.7260695034295,,,23.6536093388425,74.8646731824084,3041.17339275346,463.113541182539,1
1048733,48331943,3,86,05:44:39,-79.485465,43.725866,,,23.6536093388425,74.8646731815612,3116.03806593502,474.507693321978,1
1048733,48331943,3,87,05:44:48,-79.486206756055,43.7257030071949,5357,10,23.6536093388425,62.3686983017857,3178.40676423681,484,1
1048733,48331943,3,88,05:44:48,-79.486206756055,43.7257030071949,5357,10,1e-12,0,3178.40676423681,484,1
1048733,48331943,3,89,05:44:57,-79.4869485080734,43.7255400095932,,,26.1808445760936,62.3686983017476,3240.77546253856,492.576014927009,1
1048733,48331943,3,90,05:45:05,-79.4876902560551,43.7253770071949,,,26.1808445760936,62.3686983015988,3303.14416084016,501.152029853998,1
1048733,48331943,3,91,05:45:14,-79.488432,43.725214,,,26.1808445760936,62.3686983017003,3365.51285914186,509.728044781001,1
1048733,48331943,3,92,05:45:22,-79.4891057552046,43.7250597559362,,,26.1808445760936,56.8559860544972,3422.36884519635,517.546033585804,1
1048733,48331943,3,93,05:45:29,-79.4897795069394,43.7249055079149,,,26.1808445760936,56.8559860530721,3479.22483124943,525.364022390412,1
1048733,48331943,3,94,05:45:37,-79.4904532552046,43.7247512559362,,,26.1808445760936,56.8559860544787,3536.0808173039,533.182011195212,1
1048733,48331943,3,95,05:45:45,-79.491127,43.724597,8411,11,26.1808445760936,56.8559860543867,3592.93680335829,541,1
1048733,48331943,3,96,05:45:45,-79.491127,43.724597,8411,11,1e-12,0,3592.93680335829,541,1
1048733,48331943,3,97,05:45:52,-79.4918812562134,43.7244325074394,,,31.8275651968881,63.3807285324308,3656.31753189072,548.16896254254,1
1048733,48331943,3,98,05:45:59,-79.4926355082846,43.7242680099192,,,31.8275651968881,63.3807285331865,3719.69826042391,555.337925085166,1
1048733,48331943,3,99,05:46:07,-79.4933897562135,43.7241035074394,,,31.8275651968881,63.3807285329064,3783.07898895682,562.50688762776,1
1048733,48331943,3,100,05:46:14,-79.494144,43.723939,,,31.8275651968881,63.3807285337114,3846.45971749053,569.675850170445,1
1048733,48331943,3,101,05:46:20,-79.4948075016558,43.723789501919,3393,12,31.8275651968881,55.9117475041769,3902.3714649947,576,1
1048733,48331943,3,102,05:46:20,-79.4948075016558,43.723789501919,3393,12,1e-12,0,3902.3714649947,576,1
1048733,48331943,3,103,05:46:29,-79.495471,43.72364,,,21.9358735977687,55.9117475061931,3958.2832125009,585.175941415106,1
1048733,48331943,3,104,05:46:38,-79.49611550156,43.7234950018107,,,21.9358735977687,54.3036522380175,4012.58686473891,594.087970707468,1
1048733,48331943,3,105,05:46:47,-79.49676,43.72335,2474,13,21.9358735977687,54.3036522390543,4066.89051697797,603,1
1048733,48331943,3,106,05:46:47,-79.49676,43.72335,2474,13,1e-12,0,4066.89051697797,603,1
1048733,48331943,3,107,05:46:54,-79.497415004715,43.7232062556104,,,30.2714745648673,55.0705267739085,4121.96104375188,609.54919851893,1
1048733,48331943,3,108,05:47:00,-79.4980700062867,43.7230625074805,,,30.2714745648673,55.0705267753544,4177.03157052723,616.098397038033,1
1048733,48331943,3,109,05:47:07,-79.498725004715,43.7229187556103,,,30.2714745648673,55.0705267749538,4232.10209730218,622.647595557088,1
1048733,48331943,3,110,05:47:13,-79.49938,43.722775,,,30.2714745648673,55.0705267747143,4287.1726240769,629.196794076114,1
1048733,48331943,3,111,05:47:24,-79.500465,43.722549,2978,14,30.2714745648673,90.8413814844277,4378.01400556133,640,1
1048733,48331943,3,112,05:47:24,-79.500465,43.722549,2978,14,1e-12,0,4378.01400556133,640,1
1048733,48331943,3,113,05:47:33,-79.5012350023135,43.7223690025845,,,25.6624632911525,65.1068309659548,4443.12083652728,649.133362951882,1
1048733,48331943,3,114,05:47:42,-79.502005,43.722189,,,25.6624632911525,65.1068309651787,4508.22766749246,658.266725903655,1
1048733,48331943,3,115,05:47:50,-79.502660004887,43.7220400056104,,,25.6624632911525,55.2441606780243,4563.47182817048,666.016526699646,1
1048733,48331943,3,116,05:47:58,-79.503315006516,43.7218910074805,,,25.6624632911525,55.2441606789023,4618.71598884939,673.766327495762,1
1048733,48331943,3,117,05:48:06,-79.503970004887,43.7217420056103,,,25.6624632911525,55.2441606787134,4673.9601495281,681.51612829185,1
1048733,48331943,3,118,05:48:13,-79.504625,43.721593,,,25.6624632911525,55.244160678898,4729.204310207,689.265929087965,1
1048733,48331943,3,119,05:48:20,-79.505186,43.721465,,,25.6624632911525,47.329076407492,4776.53338661449,695.905380380457,1
1048733,48331943,3,120,05:48:29,-79.505962,43.721308,9514,15,25.6624632911525,64.8306505926459,4841.36403720714,705,1
1048733,48331943,3,121,05:48:29,-79.505962,43.721308,9514,15,1e-12,0,4841.36403720714,705,1
1048733,48331943,3,122,05:48:32,-79.506257,43.721236,,,31.542532927605,25.0501209704056,4866.41415817754,707.85901058423,1
1048733,48331943,3,123,05:48:34,-79.506519,43.721185,,,31.542532927605,21.8295684086072,4888.24372658615,710.350454326284,1
1048733,48331943,3,124,05:48:43,-79.507463,43.721074,,,31.542532927605,76.9452846947525,4965.1890112809,719.132343388169,1
1048733,48331943,3,125,05:48:45,-79.50771,43.721035,,,31.542532927605,20.3403828231788,4985.52939410408,721.453823984909,1
1048733,48331943,3,126,05:48:54,-79.508624,43.720908,4647,16,31.542532927605,74.8800106558687,5060.40940475995,730,1
1048733,48331943,3,127,05:48:54,-79.508624,43.720908,4647,16,1e-12,0,5060.40940475995,730,1
1048733,48331943,3,128,05:48:56,-79.508735,43.720892,,,21.8087044744527,9.10609007158522,5069.51549483153,731.503157800873,1
1048733,48331943,3,129,05:48:57,-79.508853,43.720878,,,21.8087044744527,9.62044318761596,5079.13593801915,733.09122074684,1
1048733,48331943,3,130,05:48:58,-79.508943,43.720865,,,21.8087044744527,7.38390871652002,5086.51984673567,734.310095137596,1
1048733,48331943,3,131,05:49:00,-79.509076,43.720844,,,21.8087044744527,10.9525487234217,5097.47239545909,736.118051013677,1
1048733,48331943,3,132,05:49:02,-79.509186,43.720838,,,21.8087044744527,8.87492797802039,5106.34732343711,737.583050493967,1
1048733,48331943,3,133,05:49:03,-79.509297,43.720815,,,21.8087044744527,9.28999978326436,5115.63732322038,739.116566584248,1
1048733,48331943,3,134,05:49:05,-79.509412,43.72079,,,21.8087044744527,9.66152242867326,5125.29884564905,740.711410550517,1
1048733,48331943,3,135,05:49:06,-79.509539,43.720767,,,21.8087044744527,10.5333691063226,5135.83221475537,742.450171733107,1
1048733,48331943,3,136,05:49:08,-79.509668,43.720736,,,21.8087044744527,10.9370602475132,5146.76927500288,744.255570900086,1
1048733,48331943,3,137,05:49:10,-79.50978,43.720708,,,21.8087044744527,9.53455467804526,5156.30382968093,745.829456083461,1
1048733,48331943,3,138,05:49:11,-79.509895,43.720684,,,21.8087044744527,9.63006285250882,5165.93389253344,747.4191069639,1
1048733,48331943,3,139,05:49:13,-79.509998,43.720663,,,21.8087044744527,8.61004550489106,5174.54393803833,748.840381843108,1
1048733,48331943,3,140,05:49:14,-79.510094,43.720644,,,21.8087044744527,8.00782148708254,5182.55175952541,750.162246577772,1
1048733,48331943,3,141,05:49:27,-79.5110180094961,43.7204387611648,8318,17,21.8087044744527,77.770769583686,5260.3225291091,763,1
1048733,48331943,3,142,05:49:27,-79.5110180094961,43.7204387611648,8318,17,1e-12,0,5260.3225291091,763,1
1048733,48331943,3,143,05:49:38,-79.5119420126615,43.7202335148863,,,25.4522518641971,77.7707695853199,5338.09329869442,774.000000000039,1
1048733,48331943,3,144,05:49:49,-79.5128660094962,43.7200282611647,,,25.4522518641971,77.7707695848785,5415.8640682793,785.000000000015,1
1048733,48331943,3,145,05:50:00,-79.51379,43.719823,6874,18,25.4522518641971,77.7707695849418,5493.63483786424,796,1
1048733,48331943,3,146,05:50:00,-79.51379,43.719823,6874,18,1e-12,0,5493.63483786424,796,1
1048733,48331943,3,147,05:50:13,-79.5148970048407,43.7195610053417,,,25.8335968661528,93.71657066894,5587.35140853318,809.059724364214,1
1048733,48331943,3,148,05:50:26,-79.516004,43.719299,,,25.8335968661528,93.7165706697345,5681.06797920291,822.119448728539,1
1048733,48331943,3,149,05:50:36,-79.516836,43.719089,24155,19,25.8335968661528,70.9028273228533,5751.97080652577,832,1
1048733,48331943,3,150,05:50:36,-79.516836,43.719089,24155,19,1e-12,0,5751.97080652577,832,1
1048733,48331943,3,151,05:50:46,-79.5176270022113,43.7189215027273,,,24.3276929917286,66.3151904841562,5818.28599700992,841.813289152577,1
1048733,48331943,3,152,05:50:56,-79.518418,43.718754,,,24.3276929917286,66.3151904853489,5884.60118749527,851.626578305331,1
1048733,48331943,3,153,05:51:05,-79.519138,43.718592,,,24.3276929917286,60.6699710082873,5945.27115850356,860.604490666528,1
1048733,48331943,3,154,05:51:14,-79.519928,43.718407,,,24.3276929917286,66.8129547055989,6012.08411320916,870.491438722882,1
1048733,48331943,3,155,05:51:20,-79.520361,43.71831,,,24.3276929917286,36.4723862610722,6048.55649947023,875.888604437876,1
1048733,48331943,3,156,05:51:21,-79.520477,43.718278,,,24.3276929917286,9.98958941065345,6058.54608888088,877.366858947689,1
1048733,48331943,3,157,05:51:28,-79.521009,43.718156,,,24.3276929917286,44.9054480865296,6103.45153696741,884.011944988789,1
1048733,48331943,3,158,05:51:41,-79.5220220038884,43.717926004473,,,24.3276929917286,85.4291923935302,6188.88072936094,896.653714708642,1
1048733,48331943,3,159,05:51:53,-79.523035,43.717696,,,24.3276929917286,85.4291923912529,6274.3099217522,909.295484428157,1
1048733,48331943,3,160,05:52:01,-79.523655504124,43.7175632550349,1930,20,24.3276929917286,52.064747078273,6326.37466883047,917,1
1048733,48331943,3,161,05:52:01,-79.523655504124,43.7175632550349,1930,20,1e-12,0,6326.37466883047,917,1
1048733,48331943,3,162,05:52:09,-79.5242760054988,43.7174305067131,,,24.6765718975565,52.0647470797898,6378.43941591026,924.595588652482,1
1048733,48331943,3,163,05:52:16,-79.5248965041241,43.7172977550348,,,24.6765718975565,52.0647470791225,6430.50416298938,932.191177304867,1
1048733,48331943,3,164,05:52:24,-79.525517,43.717165,,,24.6765718975565,52.0647470777947,6482.56891006718,939.786765957058,1
1048733,48331943,3,165,05:52:37,-79.526583,43.716921,,,24.6765718975565,89.9658875976571,6572.53479766483,952.911652051291,1
1048733,48331943,3,166,05:52:43,-79.527069,43.71679,6005,21,24.6765718975565,41.7332099704617,6614.26800763529,959,1
1048733,48331943,3,167,05:52:43,-79.527069,43.71679,6005,21,1e-12,0,6614.26800763529,959,1
1048733,48331943,3,168,05:52:50,-79.527671,43.716688,,,24.7502576470297,49.7487408566258,6664.01674849192,966.236105160519,1
1048733,48331943,3,169,05:53:00,-79.5284460022763,43.7165120026181,,,24.7502576470297,65.3606258990698,6729.37737439099,975.743006324633,1
1048733,48331943,3,170,05:53:09,-79.529221,43.716336,,,24.7502576470297,65.3606259005396,6794.73800029153,985.24990748896,1
1048733,48331943,3,171,05:53:10,-79.529257,43.716327,,,24.7502576470297,3.06487886366365,6797.80287915519,985.69570341022,1
1048733,48331943,3,172,05:53:22,-79.5302845041667,43.716084004602,,,24.7502576470297,86.9844250251771,6884.78730418037,998.347851705259,1
1048733,48331943,3,173,05:53:35,-79.531312,43.715841,3272,22,24.7502576470297,86.984425023131,6971.7717292035,1011,1
1048733,48331943,3,174,05:53:35,-79.531312,43.715841,3272,22,1e-12,0,6971.7717292035,1011,1
1048733,48331943,3,175,05:53:37,-79.531433,43.715813,,,23.6288209600675,10.2223419392612,6981.99407114276,1012.55743830992,1
1048733,48331943,3,176,05:53:38,-79.531571,43.715776,,,23.6288209600675,11.842689338233,6993.836760481,1014.36174677244,1
1048733,48331943,3,177,05:53:42,-79.531878,43.715754,,,23.6288209600675,24.8220753162387,7018.65883579724,1018.14354660449,1
1048733,48331943,3,178,05:53:44,-79.532035,43.715744,,,23.6288209600675,12.6810479815728,7031.33988377881,1020.07558429739,1
1048733,48331943,3,179,05:53:46,-79.532204,43.715725,,,23.6288209600675,13.761120193826,7045.10100397263,1022.17217780841,1
1048733,48331943,3,180,05:53:48,-79.532375,43.715718,,,23.6288209600675,13.7805770415307,7058.88158101416,1024.27173569296,1
1048733,48331943,3,181,05:53:50,-79.532492,43.715724,,,23.6288209600675,9.43739486207826,7068.31897587624,1025.7095823617,1
1048733,48331943,3,182,05:53:52,-79.532656,43.715723,,,23.6288209600675,13.1957825676113,7081.51475844385,1027.72004311738,1
1048733,48331943,3,183,05:53:53,-79.532764,43.715732,,,23.6288209600675,8.74716122063919,7090.26191966449,1029.05272833462,1
1048733,48331943,3,184,05:53:55,-79.532904,43.715737,,,23.6288209600675,11.2780325998274,7101.53995226432,1030.77100777937,1
1048733,48331943,3,185,05:53:56,-79.53297,43.715748,,,23.6288209600675,5.44966037497106,7106.98961263929,1031.60129793152,1
1048733,48331943,3,186,05:53:57,-79.5331,43.715757,,,23.6288209600675,10.507566737965,7117.49717937726,1033.20219203963,1
1048733,48331943,3,187,05:53:59,-79.533213,43.715762,,,23.6288209600675,9.1089083154923,7126.60608769275,1034.58999170984,1
1048733,48331943,3,188,05:54:00,-79.533327,43.715766,,,23.6288209600675,9.18314733508281,7135.78923502783,1035.98910216322,1
1048733,48331943,3,189,05:54:03,-79.533587,43.715831,,,23.6288209600675,22.1354120876783,7157.92464711551,1039.36157189628,1
1048733,48331943,3,190,05:54:09,-79.534007,43.715912,,,23.6288209600675,34.975088966651,7192.89973608216,1044.6902474359,1
1048733,48331943,3,191,05:54:14,-79.534377,43.71602,,,23.6288209600675,32.1057814693447,7225.00551755151,1049.58176586946,1
1048733,48331943,3,192,05:54:17,-79.534609,43.716094,,,23.6288209600675,20.4032987890609,7245.40881634057,1052.69033720973,1
1048733,48331943,3,193,05:54:19,-79.534796,43.716154,,,23.6288209600675,16.4616718223642,7261.87048816293,1055.19837680513,1
1048733,48331943,3,194,05:54:30,-79.535545,43.716433,,,23.6288209600675,67.7958975131633,7329.66638567609,1065.52750966621,1
1048733,48331943,3,195,05:54:41,-79.5364129957702,43.7167250032841,,,23.6288209600675,77.0315654966531,7406.69795117275,1077.26375483294,1
1048733,48331943,3,196,05:54:53,-79.537281,43.717017,6189,23,23.6288209600675,77.0315654988845,7483.72951667163,1089,1
1048733,48331943,3,197,05:54:53,-79.537281,43.717017,6189,23,1e-12,0,7483.72951667163,1089,1
1048733,48331943,3,198,05:54:56,-79.537433,43.71717,,,25.4770432569438,20.9677426715216,7504.69725934315,1091.96281922734,1
1048733,48331943,3,199,05:54:57,-79.537479,43.717225,,,25.4770432569438,7.1542669463352,7511.85152628949,1092.97374348362,1
1048733,48331943,3,200,05:54:58,-79.53753,43.717287,,,25.4770432569438,8.02945566056071,7519.88098195005,1094.10833512703,1
1048733,48331943,3,201,05:54:59,-79.537586,43.717362,,,25.4770432569438,9.48712605893742,7529.36810800899,1095.4489009638,1
1048733,48331943,3,202,05:55:01,-79.537633,43.717461,,,25.4770432569438,11.6513452154754,7541.01945322446,1097.09527893446,1
1048733,48331943,3,203,05:55:03,-79.537658,43.717562,,,25.4770432569438,11.4217731036445,7552.44122632811,1098.7092175206,1
1048733,48331943,3,204,05:55:04,-79.537675,43.717675,,,25.4770432569438,12.6532444744516,7565.09447080256,1100.49716754481,1
1048733,48331943,3,205,05:55:05,-79.537673,43.717724,,,25.4770432569438,5.45702801260734,7570.55149881517,1101.26826569176,1
1048733,48331943,3,206,05:55:08,-79.537664,43.717905,,,25.4770432569438,20.1618351011854,7590.71333391635,1104.11720721265,1
1048733,48331943,3,207,05:55:11,-79.537657,43.718092,,,25.4770432569438,20.8243619184147,7611.53769583477,1107.05976621176,1
1048733,48331943,3,208,05:55:16,-79.537666,43.718406,6535,24,25.4770432569438,34.9618194228961,7646.49951525766,1112,1
1048733,48331943,3,209,05:55:16,-79.537666,43.718406,6535,24,1e-12,0,7646.49951525766,1112,1
1048733,48331943,3,210,05:55:21,-79.537727,43.718783,,,31.6724324859337,42.2534374112272,7688.75295266889,1116.80267421039,1
1048733,48331943,3,211,05:55:31,-79.537626,43.719551,,,31.6724324859337,85.8786738001084,7774.631626469,1126.56394612462,1
1048733,48331943,3,212,05:55:41,-79.537491,43.72037,1139,25,31.6724324859337,91.8153366076484,7866.44696307665,1137,1
1048733,48331943,3,213,05:55:41,-79.537491,43.72037,1139,25,1e-12,0,7866.44696307665,1137,1
1048733,48331943,3,214,05:55:45,-79.537465,43.720662,,,29.4310531443541,32.5725263757696,7899.01948945242,1140.98426432033,1
1048733,48331943,3,215,05:55:53,-79.5373530010889,43.7212445000547,,,29.4310531443541,65.466662212116,7964.48615166453,1148.99213216004,1
1048733,48331943,3,216,05:56:01,-79.537241,43.721827,2281,26,29.4310531443541,65.4666622140814,8029.95281387861,1157,1
1048733,48331943,3,217,05:56:01,-79.537241,43.721827,2281,26,1e-12,0,8029.95281387861,1157,1
1048733,48331943,3,218,05:56:10,-79.537130001145,43.7224450000537,,,28.9114683561187,69.3726004572338,8099.32541433585,1165.63814174257,1
1048733,48331943,3,219,05:56:18,-79.537019,43.723063,,,28.9114683561187,69.3726004543404,8168.69801479019,1174.27628348478,1
1048733,48331943,3,220,05:56:22,-79.536967,43.723329,7188,27,28.9114683561187,29.9050311657847,8198.60304595597,1178,1
1048733,48331943,3,221,05:56:22,-79.536967,43.723329,7188,27,1e-12,0,8198.60304595597,1178,1
1048733,48331943,3,222,05:56:24,-79.536955,43.72347,,,27.8460924166274,15.72570828094,8214.32875423691,1180.0330518539,1
1048733,48331943,3,223,05:56:25,-79.536933,43.723556,,,27.8460924166274,9.7357021592906,8224.0644563962,1181.29170341797,1
1048733,48331943,3,224,05:56:26,-79.536928,43.723619,,,27.8460924166274,7.02465393029148,8231.08911032649,1182.19986510079,1
1048733,48331943,3,225,05:56:27,-79.536904,43.723684,,,27.8460924166274,7.48893715089623,8238.57804747739,1183.16805027161,1
1048733,48331943,3,226,05:56:28,-79.536889,43.723761,,,27.8460924166274,8.65612677547464,8247.23417425287,1184.28713211353,1
1048733,48331943,3,227,05:56:29,-79.536872,43.723813,,,27.8460924166274,5.94797768146358,8253.18215193433,1185.05609888031,1
1048733,48331943,3,228,05:56:30,-79.536867,43.723879,,,27.8460924166274,7.35808920207842,8260.54024113641,1186.00736775967,1
1048733,48331943,3,229,05:56:31,-79.536836,43.72396,,,27.8460924166274,9.35540559002181,8269.89564672643,1187.21685380245,1
1048733,48331943,3,230,05:56:32,-79.536813,43.724015,,,27.8460924166274,6.39605531887158,8276.2917020453,1188.04374896618,1
1048733,48331943,3,231,05:56:33,-79.536789,43.724067,,,27.8460924166274,6.10211889427266,8282.39382093957,1188.83264342543,1
1048733,48331943,3,232,05:56:34,-79.536763,43.724123,,,27.8460924166274,6.57543859076165,8288.96925953033,1189.68272962685,1
1048733,48331943,3,233,05:56:34,-79.536752,43.724148,,,27.8460924166274,2.92029353867434,8291.88955306901,1190.06027117135,1
1048733,48331943,3,234,05:56:36,-79.53671,43.724246,,,27.8460924166274,11.4205692022867,8303.3101222713,1191.53674580603,1
1048733,48331943,3,235,05:56:41,-79.536507,43.724603,,,27.8460924166274,42.9656653770592,8346.27578764835,1197.0914352412,1
1048733,48331943,3,236,05:56:53,-79.536046,43.725355,,,27.8460924166274,91.559332743618,8437.83512039197,1208.92841376391,1
1048733,48331943,3,237,05:56:55,-79.535972,43.725457,,,27.8460924166274,12.8204962373956,8450.65561662937,1210.58587383997,1
1048733,48331943,3,238,05:56:56,-79.535924,43.725521,,,27.8460924166274,8.10359576293973,8458.75921239231,1211.63352333815,1
1048733,48331943,3,239,05:56:57,-79.535893,43.725588,,,27.8460924166274,7.86428573668259,8466.62349812899,1212.65023434479,1
1048733,48331943,3,240,05:56:58,-79.535846,43.725654,,,27.8460924166274,8.26288865743218,8474.88638678642,1213.71847755543,1
1048733,48331943,3,241,05:56:59,-79.535789,43.725753,,,27.8460924166274,11.9365103577564,8486.82289714418,1215.261654122,1
1048733,48331943,3,242,05:57:00,-79.53574,43.725829,,,27.8460924166274,9.33351270032559,8496.15640984451,1216.46830980706,1
1048733,48331943,3,243,05:57:01,-79.53572,43.725863,10313,28,27.8460924166274,4.1126372915985,8500.2690471361,1217,1
1048733,48331943,3,244,05:57:01,-79.53572,43.725863,10313,28,1e-12,0,8500.2690471361,1217,1
1048733,48331943,3,245,05:57:03,-79.535668,43.725969,,,28.6073493459248,12.519414233405,8512.78846136951,1218.57546547551,1
1048733,48331943,3,246,05:57:04,-79.535648,43.72607,,,28.6073493459248,11.3578022940015,8524.14626366351,1220.00475162726,1
1048733,48331943,3,247,05:57:05,-79.535608,43.726153,,,28.6073493459248,9.78381295513878,8533.93007661865,1221.23596414585,1
1048733,48331943,3,248,05:57:06,-79.535583,43.726231,,,28.6073493459248,8.91278548879689,8542.84286210745,1222.35756501043,1
1048733,48331943,3,249,05:57:08,-79.535576,43.726346,,,28.6073493459248,12.8141204387195,8555.65698254616,1223.97011684183,1
1048733,48331943,3,250,05:57:10,-79.53554,43.726483,,,28.6073493459248,15.5233017505371,8571.1802842967,1225.92359689432,1
1048733,48331943,3,251,05:57:11,-79.535548,43.726571,,,28.6073493459248,9.81723175270912,8580.99751604941,1227.15901489417,1
1048733,48331943,3,252,05:57:13,-79.535563,43.726683,,,28.6073493459248,12.5260393370389,8593.52355538645,1228.73531408456,1
1048733,48331943,3,253,05:57:14,-79.535568,43.726776,,,28.6073493459248,10.3605232336395,8603.88407862009,1230.03910085593,1
1048733,48331943,3,254,05:57:15,-79.53559,43.726873,,,28.6073493459248,10.9420612616238,8614.82613988171,1231.4160694127,1
1048733,48331943,3,255,05:57:17,-79.535606,43.726992,,,28.6073493459248,13.3094014413344,8628.13554132305,1233.09094829118,1
1048733,48331943,3,256,05:57:19,-79.535627,43.727094,,,28.6073493459248,11.4795682524304,8639.61510957548,1234.53555768889,1
1048733,48331943,3,257,05:57:20,-79.535649,43.727178,,,28.6073493459248,9.51683917125164,8649.13194874673,1235.73317374909,1
1048733,48331943,3,258,05:57:22,-79.535676,43.727345,,,28.6073493459248,18.7168052213957,8667.84875396813,1238.08852998928,1
1048733,48331943,3,259,05:57:24,-79.5357,43.727448,,,28.6073493459248,11.6273138250278,8679.47606779315,1239.55173195406,1
1048733,48331943,3,260,05:57:25,-79.535725,43.727557,,,28.6073493459248,12.2993560969513,8691.7754238901,1241.09950492014,1
1048733,48331943,3,261,05:57:26,-79.535737,43.727613,,,28.6073493459248,6.30818871536319,8698.08361260547,1241.89333866897,1
1048733,48331943,3,262,05:57:29,-79.535769,43.727814,,,28.6073493459248,22.5228054868175,8720.60641809228,1244.7276487888,1
1048733,48331943,3,263,05:57:31,-79.535791,43.727964,,,28.6073493459248,16.7914455935822,8737.39786368587,1246.84071433031,1
1048733,48331943,3,264,05:57:34,-79.53582,43.728163,,,28.6073493459248,22.2750728295628,8759.67293651543,1249.64384932953,1
1048733,48331943,3,265,05:57:35,-79.535837,43.728286,,,28.6073493459248,13.7604186686942,8773.43335518413,1251.37548502245,1
1048733,48331943,3,266,05:57:37,-79.535852,43.728395,,,28.6073493459248,12.1936730713072,8785.62702825543,1252.9099586476,1
1048733,48331943,3,267,05:57:39,-79.535881,43.728508,,,28.6073493459248,12.7935873169461,8798.42061557238,1254.51992655424,1
1048733,48331943,3,268,05:57:41,-79.535922,43.728666,,,28.6073493459248,17.8950330564426,8816.31564862882,1256.77186951562,1
1048733,48331943,3,269,05:57:42,-79.535922,43.728731,,,28.6073493459248,7.23576689759972,8823.55141552642,1257.68243136168,1
1048733,48331943,3,270,05:57:44,-79.535958,43.728874,,,28.6073493459248,16.1799517070126,8839.73136723343,1259.71854541898,1
1048733,48331943,3,271,05:57:45,-79.535978,43.728991,,,28.6073493459248,13.1233691724321,8852.85473640587,1261.37001366406,1
1048733,48331943,3,272,05:57:47,-79.536004,43.729094,,,28.6073493459248,11.6550977193513,8864.50983412522,1262.83671200378,1
1048733,48331943,3,273,05:57:48,-79.53604,43.729182,,,28.6073493459248,10.2151854951369,8874.72501962035,1264.12220921423,1
1048733,48331943,3,274,05:57:49,-79.536065,43.729242,1732,29,28.6073493459248,6.97535212808131,8881.70037174843,1265,1
1048733,48331943,3,275,05:57:49,-79.536065,43.729242,1732,29,1e-12,0,8881.70037174843,1265,1
1048733,48331943,3,276,05:57:50,-79.536094,43.729311,,,29.0202870362763,8.02747520529085,8889.72784695373,1265.9958175363,1
1048733,48331943,3,277,05:57:51,-79.536127,43.729392,,,29.0202870362763,9.39950748053259,8899.12735443426,1267.16183725511,1
1048733,48331943,3,278,05:57:53,-79.536183,43.729484,,,29.0202870362763,11.1883119070901,8910.31566634135,1268.54976022138,1
1048733,48331943,3,279,05:57:54,-79.536252,43.729597,,,29.0202870362763,13.7492119361255,8924.06487827747,1270.25536578304,1
1048733,48331943,3,280,05:57:56,-79.536306,43.729695,,,29.0202870362763,11.742297306084,8935.80717558356,1271.71201127552,1
1048733,48331943,3,281,05:57:57,-79.536366,43.729777,,,29.0202870362763,10.3256175050836,8946.13279308864,1272.99291600854,1
1048733,48331943,3,282,05:57:58,-79.536412,43.729869,,,29.0202870362763,10.8893530122635,8957.0221461009,1274.34375277991,1
1048733,48331943,3,283,05:58:00,-79.536505,43.729982,,,29.0202870362763,14.6355115114404,8971.65765761234,1276.15930482373,1
1048733,48331943,3,284,05:58:02,-79.536602,43.730133,,,29.0202870362763,18.5319301180417,8990.18958773039,1278.45821207925,1
1048733,48331943,3,285,05:58:04,-79.536655,43.730245,,,29.0202870362763,13.1765480753881,9003.36613580578,1280.09277803004,1
1048733,48331943,3,286,05:58:06,-79.536731,43.730344,,,29.0202870362763,12.6027024043121,9015.96883821009,1281.65615776501,1
1048733,48331943,3,287,05:58:07,-79.536791,43.730434,,,29.0202870362763,11.1206699797967,9027.08950818988,1283.03568967236,1
1048733,48331943,3,288,05:58:09,-79.536886,43.730596,,,29.0202870362763,19.5860305101196,9046.6755387,1285.46535929446,1
1048733,48331943,3,289,05:58:15,-79.537113,43.73094,,,29.0202870362763,42.4245007280379,9089.10003942804,1290.72816742692,1
1048733,48331943,3,290,05:58:17,-79.537212,43.731114,,,29.0202870362763,20.9427139819455,9110.04275340999,1293.3261351948,1
1048733,48331943,3,291,05:58:20,-79.537296,43.731272,,,29.0202870362763,18.841692161146,9128.88444557113,1295.66346878821,1
1048733,48331943,3,292,05:58:22,-79.537393,43.731411,,,29.0202870362763,17.329326665259,9146.21377223639,1297.8131917016,1
1048733,48331943,3,293,05:58:24,-79.537485,43.731563,,,29.0202870362763,18.4680777820498,9164.68185001844,1300.10417800136,1
1048733,48331943,3,294,05:58:24,-79.537492,43.731575,,,29.0202870362763,1.44965343409909,9166.13150345254,1300.28400917795,1
1048733,48331943,3,295,05:58:28,-79.537649,43.731791,,,29.0202870362763,27.1596652944017,9193.29116874694,1303.65319690989,1
1048733,48331943,3,296,05:58:29,-79.53771,43.731878,9957,30,29.0202870362763,10.8568367378947,9204.14800548484,1305,1
1048733,48331943,3,297,05:58:29,-79.53771,43.731878,9957,30,1e-12,0,9204.14800548484,1305,1
1048733,48331943,3,298,05:58:30,-79.537764,43.731966,,,28.5030482566641,10.7159198438511,9214.86392532869,1306.35344511543,1
1048733,48331943,3,299,05:58:31,-79.537792,43.732026,,,28.5030482566641,7.04868204323333,9221.91260737192,1307.24370973299,1
1048733,48331943,3,300,05:58:32,-79.537839,43.732105,,,28.5030482566641,9.57242016255436,9231.48502753448,1308.45272823077,1
1048733,48331943,3,301,05:58:34,-79.537866,43.732204,,,28.5030482566641,11.2325867954003,9242.71761432987,1309.87142956051,1
1048733,48331943,3,302,05:58:35,-79.537903,43.732315,,,28.5030482566641,12.7098298868821,9255.42744421676,1311.47671006177,1
1048733,48331943,3,303,05:58:37,-79.537933,43.732431,,,28.5030482566641,13.1365986101521,9268.56404282691,1313.13589242608,1
1048733,48331943,3,304,05:58:39,-79.537967,43.732534,,,28.5030482566641,11.7875541159389,9280.35159694285,1314.62468739408,1
1048733,48331943,3,305,05:58:40,-79.538001,43.732661,,,28.5030482566641,14.3996667862526,9294.7512637291,1316.44339814964,1
1048733,48331943,3,306,05:58:42,-79.538024,43.732771,,,28.5030482566641,12.3841103558845,9307.13537408498,1318.00753953128,1
1048733,48331943,3,307,05:58:44,-79.53804,43.732878,,,28.5030482566641,11.9805115968123,9319.1158856818,1319.52070546919,1
1048733,48331943,3,308,05:58:45,-79.538068,43.733005,,,28.5030482566641,14.3158475098305,9333.43173319163,1321.32882965897,1
1048733,48331943,3,309,05:58:47,-79.538086,43.733144,,,28.5030482566641,15.5409990864642,9348.97273227809,1323.29169328701,1
1048733,48331943,3,310,05:58:49,-79.538107,43.733272,,,28.5030482566641,14.3486666037685,9363.32139888186,1325.1039626032,1
1048733,48331943,3,311,05:58:51,-79.538145,43.73338,,,28.5030482566641,12.404964268589,9375.72636315045,1326.67073788158,1
1048733,48331943,3,312,05:58:52,-79.538159,43.733474,7263,31,28.5030482566641,10.5244506408518,9386.2508137913,1328,1
1048733,48331943,3,313,05:58:52,-79.538159,43.733474,7263,31,1e-12,0,9386.2508137913,1328,1
1048733,48331943,3,314,05:58:54,-79.538175,43.733539,,,15.2528751642491,7.34932669328681,9393.60014048459,1329.73459599,1
1048733,48331943,3,315,05:58:59,-79.538218,43.73374,,,15.2528751642491,22.6409596517947,9416.24110013638,1335.07833963628,1
1048733,48331943,3,316,05:59:23,-79.5384354968075,43.7346190002062,,,15.2528751642491,99.4014205587562,9515.64252069514,1358.539169818,1
1048733,48331943,3,317,05:59:46,-79.538653,43.735498,2763,32,15.2528751642491,99.4014205598986,9615.04394125504,1382,1
1048733,48331943,3,318,05:59:46,-79.538653,43.735498,2763,32,1e-12,0,9615.04394125504,1382,1
1048733,48331943,3,319,06:00:01,-79.5387899958647,43.7361005002454,,,16.262921587442,67.9691366318217,9683.01307788686,1397.04581391227,1
1048733,48331943,3,320,06:00:16,-79.5389269944861,43.7367030003273,,,16.262921587442,67.969136634191,9750.98221452105,1412.09162782507,1
1048733,48331943,3,321,06:00:31,-79.5390639958646,43.7373055002454,,,16.262921587442,67.9691366294357,9818.95135115049,1427.13744173682,1
1048733,48331943,3,322,06:00:46,-79.539201,43.737908,,,16.262921587442,67.9691366329986,9886.92048778349,1442.18325564935,1
1048733,48331943,3,323,06:01:00,-79.5393224989103,43.7384450000644,,,16.262921587442,60.5720292517689,9947.49251703525,1455.59162782491,1
1048733,48331943,3,324,06:01:13,-79.539444,43.738982,883,33,16.262921587442,60.572029249631,10008.0645462849,1469,1
1048733,48331943,3,325,06:01:13,-79.539444,43.738982,883,33,1e-12,0,10008.0645462849,1469,1
1048733,48331943,3,326,06:01:30,-79.5395944984202,43.7396105000987,,,15.036065085023,71.0036406791059,10079.068186964,1485.99999999996,1
1048733,48331943,3,327,06:01:47,-79.539745,43.740239,8212,34,15.036065085023,71.0036406794446,10150.0718276434,1503,1
1048733,48331943,3,328,06:01:47,-79.539745,43.740239,8212,34,1e-12,0,10150.0718276434,1503,1
1048733,48331943,3,329,06:02:07,-79.5399334975647,43.7410125001549,,,15.9949490232574,87.4300254678498,10237.5018531113,1522.67796779012,1
1048733,48331943,3,330,06:02:26,-79.540122,43.741786,,,15.9949490232574,87.4300254683644,10324.9318785796,1542.35593558035,1
1048733,48331943,3,331,06:02:38,-79.5402244992022,43.7422520000458,,,15.9949490232574,52.5257784892806,10377.4576570689,1554.17796779105,1
1048733,48331943,3,332,06:02:50,-79.540327,43.742718,3251,35,15.9949490232574,52.525778481509,10429.9834355504,1566,1
1048733,48331943,3,333,06:02:50,-79.540327,43.742718,3251,35,1e-12,0,10429.9834355504,1566,1
1048733,48331943,3,334,06:03:11,-79.540516492315,43.7435272504696,,,15.6626158736328,91.3652592638873,10521.3486948143,1587.00000000024,1
1048733,48331943,3,335,06:03:32,-79.5407059897532,43.7443365006262,,,15.6626158736328,91.3652592630491,10612.7139540774,1608.00000000028,1
1048733,48331943,3,336,06:03:53,-79.5408954923148,43.7451457504696,,,15.6626158736328,91.365259260616,10704.079213338,1628.99999999976,1
1048733,48331943,3,337,06:04:14,-79.541085,43.745955,8595,36,15.6626158736328,91.3652592638799,10795.4444726019,1650,1
1048733,48331943,3,338,06:04:14,-79.541085,43.745955,8595,36,1e-12,0,10795.4444726019,1650,1
1048733,48331943,3,339,06:04:31,-79.5411994990283,43.7464630000571,,,11.7864074132742,57.2950360342542,10852.7395086361,1667.49999999924,1
1048733,48331943,3,340,06:04:49,-79.541314,43.746971,9365,37,11.7864074132742,57.295036039245,10910.0345446754,1685,1
1048733,48331943,3,341,06:04:49,-79.541314,43.746971,9365,37,1e-12,0,10910.0345446754,1685,1
1048733,48331943,3,342,06:04:57,-79.54141,43.747396,,,20.3847212827382,47.9365110777297,10957.9710557531,1693.46572476936,1
1048733,48331943,3,343,06:05:00,-79.541439,43.747521,,,20.3847212827382,14.1090062515936,10972.0800620047,1695.95741557059,1
1048733,48331943,3,344,06:05:10,-79.541555,43.748033,,,20.3847212827382,57.7538985100173,11029.8339605147,1706.15691900025,1
1048733,48331943,3,345,06:05:14,-79.541598,43.748226,7226,38,20.3847212827382,21.7611486241189,11051.5951091388,1710,1
1048733,48331943,3,346,06:05:14,-79.541598,43.748226,7226,38,1e-12,0,11051.5951091388,1710,1
1048733,48331943,3,347,06:05:27,-79.5416944945602,43.7487080002841,,,14.5340234850155,54.2142145858455,11105.8093237247,1723.42857142829,1
1048733,48331943,3,348,06:05:41,-79.5417909906746,43.7491900004871,,,14.5340234850155,54.2142145900374,11160.0235383147,1736.85714285763,1
1048733,48331943,3,349,06:05:54,-79.5418874883431,43.7496720006089,,,14.5340234850155,54.2142145872221,11214.2377529019,1750.28571428626,1
1048733,48331943,3,350,06:06:08,-79.5419839875658,43.7501540006495,,,14.5340234850155,54.2142145863954,11268.4519674883,1763.71428571469,1
1048733,48331943,3,351,06:06:21,-79.5420804883428,43.7506360006089,,,14.5340234850155,54.2142145878188,11322.6661820761,1777.14285714348,1
1048733,48331943,3,352,06:06:35,-79.5421769906741,43.7511180004871,,,14.5340234850155,54.2142145858857,11376.880396662,1790.57142857178,1
1048733,48331943,3,353,06:06:48,-79.5422734945599,43.7516000002842,885,39,14.5340234850155,54.2142145855331,11431.0946112476,1804,1
1048733,48331943,3,354,06:06:48,-79.5422734945599,43.7516000002842,885,39,1e-12,0,11431.0946112476,1804,1
1048733,48331943,3,355,06:07:00,-79.54237,43.752082,,,15.9887940538689,54.2142145882465,11485.3088258358,1816.20674754207,1
1048733,48331943,3,356,06:07:16,-79.5425344982876,43.752705000118,,,15.9887940538689,70.6021897021939,11555.911015538,1832.10337377114,1
1048733,48331943,3,357,06:07:32,-79.542699,43.753328,9499,40,15.9887940538689,70.6021897012922,11626.5132052393,1848,1
1048733,48331943,3,358,06:07:32,-79.542699,43.753328,9499,40,1e-12,0,11626.5132052393,1848,1
1048733,48331943,3,359,06:07:54,-79.5428794977816,43.754063500142,,,13.3255385289489,83.1519065052095,11709.6651117445,1870.46414752908,1
1048733,48331943,3,360,06:08:17,-79.54306,43.754799,,,13.3255385289489,83.1519065055798,11792.8170182501,1892.92829505826,1
1048733,48331943,3,361,06:08:37,-79.5432329942324,43.7554640003914,,,13.3255385289489,75.323002567034,11868.1400208171,1913.27740204949,1
1048733,48331943,3,362,06:08:58,-79.5434059923097,43.7561290005219,,,13.3255385289489,75.3230025690516,11943.4630233862,1933.62650904126,1
1048733,48331943,3,363,06:09:18,-79.5435789942322,43.7567940003914,,,13.3255385289489,75.3230025673184,12018.7860259535,1953.97561603257,1
1048733,48331943,3,364,06:09:38,-79.543752,43.757459,,,13.3255385289489,75.3230025654334,12094.1090285189,1974.32472302337,1
1048733,48331943,3,365,06:09:40,-79.543759,43.757499,,,13.3255385289489,4.48820844187005,12098.5972369608,1975.53724815739,1
1048733,48331943,3,366,06:09:57,-79.543871,43.758074,3025,41,13.3255385289489,64.6390479167235,12163.2362848775,1993,1
1048733,48331943,3,367,06:09:57,-79.543871,43.758074,3025,41,1e-12,0,12163.2362848775,1993,1
1048733,48331943,3,368,06:09:59,-79.543884,43.758141,,,14.1113225084984,7.5312896417385,12170.7675745193,1994.92133959761,1
1048733,48331943,3,369,06:10:12,-79.5439814949383,43.7585847502901,,,14.1113225084984,50.0161422999975,12220.7837168193,2007.6811721485,1
1048733,48331943,3,370,06:10:24,-79.5440789913226,43.7590285004973,,,14.1113225084984,50.0161422954297,12270.7998591147,2020.44100469822,1
1048733,48331943,3,371,06:10:37,-79.5441764891532,43.7594722506216,,,14.1113225084984,50.016142299404,12320.8160014141,2033.20083724895,1
1048733,48331943,3,372,06:10:50,-79.54427398843,43.7599160006631,,,14.1113225084984,50.0161422985304,12370.8321437126,2045.96066979947,1
1048733,48331943,3,373,06:11:03,-79.544371489153,43.7603597506216,,,14.1113225084984,50.0161422957666,12420.8482860084,2058.72050234927,1
1048733,48331943,3,374,06:11:15,-79.5444689913223,43.7608035004973,,,14.1113225084984,50.0161422998256,12470.8644283082,2071.48033490012,1
1048733,48331943,3,375,06:11:28,-79.544566494938,43.7612472502901,,,14.1113225084984,50.0161422976379,12520.8805706059,2084.2401674504,1
1048733,48331943,3,376,06:11:41,-79.544664,43.761691,8576,42,14.1113225084984,50.0161422949587,12570.8967129008,2097,1
1048733,48331943,3,377,06:11:41,-79.544664,43.761691,8576,42,1e-12,0,12570.8967129008,2097,1
1048733,48331943,3,378,06:12:19,-79.5448364931318,43.7624850003891,8912,43,8.47601377401179,89.469034281235,12660.365747182,2135,1
1048733,48331943,3,379,06:12:19,-79.5448364931318,43.7624850003891,8912,43,1e-12,0,12660.365747182,2135,1
1048733,48331943,3,380,06:12:37,-79.5450089908422,43.7632790005189,,,18.2314258538584,89.4690342828119,12749.8347814649,2152.66666666667,1
1048733,48331943,3,381,06:12:54,-79.5451814931315,43.7640730003892,,,18.2314258538584,89.4690342819906,12839.3038157468,2170.33333333317,1
1048733,48331943,3,382,06:13:12,-79.545354,43.764867,5830,44,18.2314258538584,89.469034283668,12928.7728500305,2188,1
1048733,48331943,3,383,06:13:12,-79.545354,43.764867,5830,44,1e-12,0,12928.7728500305,2188,1
1048733,48331943,3,384,06:13:33,-79.545507494592,43.7655695003082,,,13.7354437289538,79.1695714934437,13007.942421524,2208.75000000004,1
1048733,48331943,3,385,06:13:53,-79.5456609927892,43.7662720004109,,,13.7354437289538,79.1695714921081,13087.1119930161,2229.49999999974,1
1048733,48331943,3,386,06:14:14,-79.5458144945918,43.7669745003082,,,13.7354437289538,79.169571495111,13166.2815645112,2250.25000000022,1
1048733,48331943,3,387,06:14:35,-79.545968,43.767677,2132,45,13.7354437289538,79.1695714924388,13245.4511360036,2271,1
1048733,48331943,3,388,06:14:35,-79.545968,43.767677,2132,45,1e-12,0,13245.4511360036,2271,1
1048733,48331943,3,389,06:14:54,-79.5461059954387,43.7683360002491,,,14.0577323880397,74.1935876059674,13319.6447236096,2290.00000000062,1
1048733,48331943,3,390,06:15:13,-79.5462439939182,43.7689950003321,,,14.0577323880397,74.1935876046105,13393.8383112142,2309.00000000089,1
1048733,48331943,3,391,06:15:32,-79.5463819954386,43.7696540002491,,,14.0577323880397,74.1935876014093,13468.0318988156,2328.00000000035,1
1048733,48331943,3,392,06:15:51,-79.54652,43.770313,5974,46,14.0577323880397,74.1935876021824,13542.2254864178,2347,1
1048733,48331943,3,393,06:15:51,-79.54652,43.770313,5974,46,1e-12,0,13542.2254864178,2347,1
1048733,48331943,3,394,06:15:54,-79.54651,43.770449,,,19.1276025266792,15.1607769054679,13557.3862633233,2349.853405009,1
1048733,48331943,3,395,06:15:59,-79.546518,43.770682,,,19.1276025266792,25.945412327993,13583.3316756512,2354.73658282757,1
1048733,48331943,3,396,06:16:01,-79.54651,43.770812,,,19.1276025266792,14.4858153202246,13597.8174909715,2357.46295353085,1
1048733,48331943,3,397,06:16:04,-79.546489,43.770952,,,19.1276025266792,15.6758862163002,13613.4933771878,2360.41330709973,1
1048733,48331943,3,398,06:16:07,-79.546454,43.771097,,,19.1276025266792,16.3846891649657,13629.8780663527,2363.49706424659,1
1048733,48331943,3,399,06:16:10,-79.546415,43.771227,,,19.1276025266792,14.8072127214191,13644.6852790742,2366.28392505273,1
1048733,48331943,3,400,06:16:16,-79.546288,43.771468,,,19.1276025266792,28.7047327504011,13673.3900118246,2371.68643369214,1
1048733,48331943,3,401,06:16:19,-79.546209,43.771594,,,19.1276025266792,15.3968462975182,13688.7868581221,2374.58426924647,1
1048733,48331943,3,402,06:16:23,-79.54607,43.771768,,,19.1276025266792,22.3612514832088,13711.1481096053,2378.79287329015,1
1048733,48331943,3,403,06:16:27,-79.545919,43.771928,,,19.1276025266792,21.5537925117558,13732.701902117,2382.84950573711,1
1048733,48331943,3,404,06:16:35,-79.545571,43.772209,,,19.1276025266792,41.9642942419899,13774.666196359,2390.74759223595,1
1048733,48331943,3,405,06:16:42,-79.545247,43.772458,,,19.1276025266792,38.0344041258581,13812.7006004849,2397.90603536347,1
1048733,48331943,3,406,06:16:48,-79.544982,43.772663,,,19.1276025266792,31.2174191168497,13843.9180196017,2403.78145590632,1
1048733,48331943,3,407,06:16:51,-79.544854,43.772765,,,19.1276025266792,15.3228522960116,13859.2408718978,2406.66536507312,1
1048733,48331943,3,408,06:16:53,-79.54474,43.772864,,,19.1276025266792,14.332689753774,13873.5735616515,2409.36291606215,1
1048733,48331943,3,409,06:16:56,-79.544643,43.772967,,,19.1276025266792,13.865845924357,13887.4394075759,2411.97260252223,1
1048733,48331943,3,410,06:16:59,-79.544551,43.773069,,,19.1276025266792,13.5504676526735,13900.9898752286,2414.52293173791,1
1048733,48331943,3,411,06:17:02,-79.544461,43.773197,,,19.1276025266792,15.9802187117813,13916.9700939403,2417.53056362916,1
1048733,48331943,3,412,06:17:13,-79.543824,43.772946,,,19.1276025266792,58.3309837921994,13975.3010777325,2428.50901957308,1
1048733,48331943,3,413,06:17:21,-79.543746,43.772525,,,19.1276025266792,47.2830474786171,14022.5841252112,2437.40814693029,1
1048733,48331943,3,414,06:17:33,-79.543644,43.771977,,,19.1276025266792,61.5516128609126,14084.1357380721,2448.99275644892,1
1048733,48331943,3,415,06:17:44,-79.5435159988935,43.7714600000714,,,19.1276025266792,58.4646954652592,14142.6004335373,2459.99637822438,1
1048733,48331943,3,416,06:17:55,-79.543388,43.770943,3746,47,19.1276025266792,58.4646954660804,14201.0651290034,2471,1
1048733,48331943,3,417,06:17:55,-79.543388,43.770943,3746,47,1e-12,0,14201.0651290034,2471,1
1048733,48331943,3,418,06:18:07,-79.5441710061858,43.770785508018,,,19.6014424415409,65.3381414707891,14266.4032704742,2482.99999999981,1
1048733,48331943,3,419,06:18:19,-79.5449540082478,43.7706280106906,,,19.6014424415409,65.3381414722138,14331.7414119464,2494.99999999989,1
1048733,48331943,3,420,06:18:31,-79.5457370061859,43.7704705080179,846,48,19.6014424415409,65.3381414724054,14397.0795534188,2507,1
1048733,48331943,3,421,06:18:31,-79.5457370061859,43.7704705080179,846,48,1e-12,0,14397.0795534188,2507,1
1048733,48331943,3,422,06:18:38,-79.54652,43.770313,,,31.3857600752362,65.3381414718986,14462.4176948907,2514.49439582585,1
1048733,48331943,3,423,06:18:46,-79.547287506275,43.7701500077037,,,31.3857600752362,64.3094314921724,14526.7271263829,2521.8707968694,1
1048733,48331943,3,424,06:18:53,-79.5480550083666,43.7699870102715,,,31.3857600752362,64.3094314902601,14591.0365578731,2529.24719791274,1
1048733,48331943,3,425,06:19:01,-79.548822506275,43.7698240077036,,,31.3857600752362,64.3094314929724,14655.3459893661,2536.62359895639,1
1048733,48331943,3,426,06:19:08,-79.54959,43.769661,3377,49,31.3857600752362,64.309431492624,14719.6554208587,2544,1
1048733,48331943,3,427,06:19:08,-79.54959,43.769661,3377,49,1e-12,0,14719.6554208587,2544,1
1048733,48331943,3,428,06:19:16,-79.5502387544905,43.7695230055042,,,25.2542042219779,54.3666896443855,14774.0221105031,2551.74999999998,1
1048733,48331943,3,429,06:19:24,-79.5508875059873,43.7693850073389,,,25.2542042219779,54.3666896448793,14828.388800148,2559.50000000003,1
1048733,48331943,3,430,06:19:31,-79.5515362544905,43.7692470055042,,,25.2542042219779,54.3666896442777,14882.7554897923,2567.24999999999,1
1048733,48331943,3,431,06:19:39,-79.552185,43.769109,5596,50,25.2542042219779,54.366689644601,14937.1221794369,2575,1
1048733,48331943,3,432,06:19:39,-79.552185,43.769109,5596,50,1e-12,0,14937.1221794369,2575,1
1048733,48331943,3,433,06:19:48,-79.5528832548155,43.7689715063762,,,24.2357072121222,58.1803891246117,14995.3025685615,2583.64218233928,1
1048733,48331943,3,434,06:19:56,-79.5535815064207,43.7688340085016,,,24.2357072121222,58.1803891253786,15053.4829576869,2592.28436467868,1
1048733,48331943,3,435,06:20:05,-79.5542797548156,43.7686965063761,,,24.2357072121222,58.1803891245374,15111.6633468114,2600.92654701795,1
1048733,48331943,3,436,06:20:14,-79.554978,43.768559,,,24.2357072121222,58.1803891240957,15169.8437359355,2609.56872935715,1
1048733,48331943,3,437,06:20:23,-79.554759,43.768011,6417,51,24.2357072121222,63.492642760648,15233.3363786962,2619,1
1048733,48331943,3,438,06:20:23,-79.554759,43.768011,6417,51,1e-12,0,15233.3363786962,2619,1
1048733,48331943,3,439,06:20:30,-79.5545562448724,43.7675067505376,,,30.060689500995,58.451340695123,15291.7877193913,2625.99999999985,1
1048733,48331943,3,440,06:20:37,-79.5543534931633,43.7670025007168,,,30.060689500995,58.451340699598,15350.2390600909,2633.00000000024,1
1048733,48331943,3,441,06:20:44,-79.5541507448725,43.7664982505376,,,30.060689500995,58.4513406964233,15408.6904007873,2640.00000000024,1
1048733,48331943,3,442,06:20:51,-79.553948,43.765994,3994,52,30.060689500995,58.4513406943732,15467.1417414817,2647,1
1048733,48331943,3,443,06:20:51,-79.553948,43.765994,3994,52,1e-12,0,15467.1417414817,2647,1
1048733,48331943,3,444,06:21:00,-79.5537697459952,43.7655460004155,,,20.7556437935746,51.8891094842157,15519.0308509659,2656.00000000005,1
1048733,48331943,3,445,06:21:09,-79.5535914946603,43.765098000554,,,20.7556437935746,51.8891094850231,15570.9199604509,2665.00000000024,1
1048733,48331943,3,446,06:21:18,-79.5534132459953,43.7646500004155,6401,53,20.7556437935746,51.8891094825705,15622.8090699335,2674,1
1048733,48331943,3,447,06:21:18,-79.5534132459953,43.7646500004155,6401,53,1e-12,0,15622.8090699335,2674,1
1048733,48331943,3,448,06:21:25,-79.553235,43.764202,,,27.8182498450885,51.8891094824694,15674.698179416,2680.71504480609,1
1048733,48331943,3,449,06:21:36,-79.5521465120367,43.7644225154949,,,27.8182498450885,90.885712903928,15765.5838923199,2692.47669653746,1
1048733,48331943,3,450,06:21:48,-79.5510580160488,43.76464302066,,,27.8182498450885,90.8857129021071,15856.469605222,2704.2383482686,1
1048733,48331943,3,451,06:22:00,-79.5499695120364,43.7648635154951,3226,54,27.8182498450885,90.8857129041933,15947.3553181262,2716,1
1048733,48331943,3,452,06:22:00,-79.5499695120364,43.7648635154951,3226,54,1e-12,0,15947.3553181262,2716,1
1048733,48331943,3,453,06:22:12,-79.548881,43.765084,,,26.5527988203527,90.8857129036485,16038.2410310298,2728.32218752783,1
1048733,48331943,3,454,06:22:13,-79.548785,43.765097,,,26.5527988203527,7.85222557757193,16046.0932566074,2729.38678385421,1
1048733,48331943,3,455,06:22:15,-79.548661,43.765109,,,26.5527988203527,10.0578232400772,16056.1510798475,2730.75041274732,1
1048733,48331943,3,456,06:22:16,-79.548571,43.765125,,,26.5527988203527,7.45136069388447,16063.6024405414,2731.76066024249,1
1048733,48331943,3,457,06:22:17,-79.548479,43.765126,,,26.5527988203527,7.39698117355216,16070.9994217149,2732.76353502058,1
1048733,48331943,3,458,06:22:18,-79.548367,43.765111,,,26.5527988203527,9.15752451699989,16080.1569462319,2734.00510237792,1
1048733,48331943,3,459,06:22:19,-79.548316,43.765106,,,26.5527988203527,4.13764498166763,16084.2945912136,2734.56607984906,1
1048733,48331943,3,460,06:22:19,-79.548234,43.765093,,,26.5527988203527,6.74919159993157,16091.0437828135,2735.48112801118,1
1048733,48331943,3,461,06:22:20,-79.548171,43.765076,,,26.5527988203527,5.40675766784517,16096.4505404814,2736.21417041985,1
1048733,48331943,3,462,06:22:21,-79.548079,43.76504,,,26.5527988203527,8.41208247148826,16104.8626229528,2737.35467154375,1
1048733,48331943,3,463,06:22:23,-79.547972,43.764998,,,26.5527988203527,9.79054817906852,16114.6531711319,2738.6820635706,1
1048733,48331943,3,464,06:22:24,-79.547886,43.764948,,,26.5527988203527,8.87585248128271,16123.5290236132,2739.88544213528,1
1048733,48331943,3,465,06:22:25,-79.547785,43.764908,,,26.5527988203527,9.26050069284446,16132.789524306,2741.14097089215,1
1048733,48331943,3,466,06:22:26,-79.547693,43.764863,,,26.5527988203527,8.93292987568968,16141.7224541817,2742.35208794877,1
1048733,48331943,3,467,06:22:28,-79.547604,43.764817,,,26.5527988203527,8.79861038227924,16150.521064564,2743.54499411247,1
1048733,48331943,3,468,06:22:29,-79.547499,43.764785,,,26.5527988203527,9.16214627797183,16159.683210842,2744.7871880832,1
1048733,48331943,3,469,06:22:30,-79.547405,43.764742,5311,55,26.5527988203527,8.94543078713528,16168.6286416291,2746,1
1048733,48331943,3,470,06:22:30,-79.547405,43.764742,5311,55,1e-12,0,16168.6286416291,2746,1
1048733,48331943,3,471,06:22:33,-79.547282,43.764705,,,11.317648091852,10.7119054892879,16179.3405471184,2749.40732097769,1
1048733,48331943,3,472,06:22:35,-79.547227,43.764684,,,11.317648091852,5.00157770651552,16184.3421248249,2750.99825927134,1
1048733,48331943,3,473,06:22:38,-79.547135,43.764659,,,11.317648091852,7.90245448720647,16192.2445793121,2753.51192959605,1
1048733,48331943,3,474,06:22:40,-79.547067,43.764616,,,11.317648091852,7.26624520724194,16199.5108245194,2755.82322983562,1
1048733,48331943,3,475,06:22:42,-79.546984,43.764619,,,11.317648091852,6.68101624876388,16206.1918407681,2757.94837618231,1
1048733,48331943,3,476,06:22:44,-79.546919,43.764613,,,11.317648091852,5.26809323392239,16211.4599340021,2759.62408967757,1
1048733,48331943,3,477,06:22:46,-79.546824,43.764615,,,11.317648091852,7.64063178778431,16219.1005657898,2762.0544775296,1
1048733,48331943,3,478,06:22:48,-79.54673,43.764616,,,11.317648091852,7.55781350054625,16226.6583792904,2764.45852193717,1
1048733,48331943,3,479,06:22:51,-79.546642,43.764615,,,11.317648091852,7.07550809608363,16233.7338873865,2766.70915112613,1
1048733,48331943,3,480,06:22:53,-79.546569,43.764619,,,11.317648091852,5.88559699832074,16239.6194843848,2768.58128471978,1
1048733,48331943,3,481,06:22:55,-79.546489,43.764621,,,11.317648091852,6.43533586504472,16246.0548202498,2770.62828325925,1
1048733,48331943,3,482,06:22:57,-79.546398,43.764624,,,11.317648091852,7.32343057978966,16253.3782508296,2772.95777343894,1
1048733,48331943,3,483,06:23:00,-79.546283,43.764646,2542,56,11.317648091852,9.56412489825963,16262.9423757279,2776,1
1048733,48331943,3,484,06:23:00,-79.546283,43.764646,2542,56,1e-12,0,16262.9423757279,2776,1
1048733,48331943,3,485,,-79.545354,43.764867,,,,78.6330257627598,16341.5754014906,,1
