shape_id,trip_id,route_type,id,timestamp,shape_pt_lon,shape_pt_lat,stop_id,stop_sequence,speed,dist,cumdist,cumtime,trip_number
1048436,48325456,3,1,02:22:00,-79.461987,43.749247,14176,1,1e-12,0,0,0,1
1048436,48325456,3,2,02:22:00,-79.461987,43.749247,14176,1,1e-12,0,0,0,1
1048436,48325456,3,3,02:22:08,-79.461823,43.748747,,,26.9570857968691,57.2007882216196,57.2007882216196,7.63891316552278,1
1048436,48325456,3,4,02:22:09,-79.461796,43.748649,,,26.9570857968691,11.1232715754839,68.3240597971036,9.12437706074816,1
1048436,48325456,3,5,02:22:12,-79.461594,43.748567,,,26.9570857968691,18.6329385936411,86.9569983907447,11.6127238888351,1
1048436,48325456,3,6,02:22:14,-79.461388,43.748447,,,26.9570857968691,21.2805545698411,108.237552960586,14.4546481616854,1
1048436,48325456,3,7,02:22:17,-79.461189,43.74838,,,26.9570857968691,17.6553839486512,125.892936909237,16.8124468753181,1
1048436,48325456,3,8,02:22:21,-79.460815,43.74841,,,26.9570857968691,30.2601856968227,156.15312260606,20.8535613091792,1
1048436,48325456,3,9,02:22:27,-79.460239,43.748533,,,26.9570857968691,48.3005733427795,204.453695948839,27.3038900036185,1
1048436,48325456,3,10,02:22:31,-79.459977,43.748646,,,26.9570857968691,24.5382583638755,228.991954312715,30.580866260459,1
1048436,48325456,3,11,02:22:32,-79.459921,43.748765,,,26.9570857968691,13.9915208907208,242.983475203436,32.4493722104769,1
1048436,48325456,3,12,02:22:42,-79.460183,43.749407,,,26.9570857968691,74.5079404381895,317.491415641625,42.3995792765774,1
1048436,48325456,3,13,02:22:53,-79.4604714966138,43.7501095003628,,,26.9570857968691,81.5704904161748,399.0619060578,53.2929587654068,1
1048436,48325456,3,14,02:23:04,-79.46076,43.750812,,,26.9570857968691,81.5704904111162,480.632396468916,64.1863382535607,1
1048436,48325456,3,15,02:23:13,-79.4615545022833,43.7506400027517,,,26.9570857968691,66.6950566745812,547.327453143497,73.093169126814,1
1048436,48325456,3,16,02:23:22,-79.462349,43.750468,2365,2,26.9570857968691,66.6950566740776,614.022509817575,82,1
1048436,48325456,3,17,02:23:22,-79.462349,43.750468,2365,2,1e-12,0,614.022509817575,82,1
1048436,48325456,3,18,02:23:26,-79.462771,43.750377,,,34.5864721810731,35.4138856547423,649.436395472317,85.6861229352798,1
1048436,48325456,3,19,02:23:31,-79.46339,43.750251,,,34.5864721810731,51.7139874764452,701.150382948762,91.068873565079,1
1048436,48325456,3,20,02:23:36,-79.463958,43.750138,538,3,34.5864721810731,47.3750742396525,748.525457188415,96,1
1048436,48325456,3,21,02:23:36,-79.463958,43.750138,538,3,1e-12,0,748.525457188415,96,1
1048436,48325456,3,22,02:23:37,-79.46402,43.750136,,,28.653743827838,4.99057491587941,753.516032104294,96.627006013773,1
1048436,48325456,3,23,02:23:39,-79.464297,43.750114,,,28.653743827838,22.4086352668398,775.924667371134,99.4423828610473,1
1048436,48325456,3,24,02:23:42,-79.46453,43.750144,,,28.653743827838,19.0315326512174,794.956200022351,101.833467179942,1
1048436,48325456,3,25,02:23:45,-79.464822,43.75018,,,28.653743827838,23.8201187471016,818.776318769453,104.826180034667,1
1048436,48325456,3,26,02:23:47,-79.464983,43.750209,,,28.653743827838,13.342903488142,832.119222257595,106.502556177552,1
1048436,48325456,3,27,02:23:48,-79.465129,43.750258,,,28.653743827838,12.9455563516028,845.064778609198,108.129010407958,1
1048436,48325456,3,28,02:23:49,-79.465253,43.750294,,,28.653743827838,10.7463801948424,855.81115880404,109.479164472777,1
1048436,48325456,3,29,02:23:51,-79.465375,43.750342,,,28.653743827838,11.1711385530889,866.982297357129,110.882684342039,1
1048436,48325456,3,30,02:23:52,-79.465499,43.750394,,,28.653743827838,11.5296295910268,878.511926948156,112.331244319998,1
1048436,48325456,3,31,02:23:54,-79.465636,43.750458,,,28.653743827838,13.1195140491415,891.631440997297,113.979554253272,1
1048436,48325456,3,32,02:23:55,-79.465716,43.75051,,,28.653743827838,8.65399183589904,900.285432833196,115.066824761323,1
1048436,48325456,3,33,02:24:07,-79.466437,43.751189,,,28.653743827838,95.2605686712942,995.546001504491,127.035175189705,1
1048436,48325456,3,34,02:24:14,-79.4668279975991,43.7515565006664,,,28.653743827838,51.5959401221836,1047.14194162667,133.517587594725,1
1048436,48325456,3,35,02:24:20,-79.467219,43.751924,1632,4,28.653743827838,51.5959401242052,1098.73788175088,140,1
1048436,48325456,3,36,02:24:20,-79.467219,43.751924,1632,4,1e-12,0,1098.73788175088,140,1
1048436,48325456,3,37,02:24:28,-79.4676899964585,43.7523740009671,,,28.3045566406011,62.7993494695184,1161.5372312204,147.987323771254,1
1048436,48325456,3,38,02:24:36,-79.468161,43.752824,,,28.3045566406011,62.7993494671599,1224.33658068756,155.974647542207,1
1048436,48325456,3,39,02:24:43,-79.468537,43.7532,,,28.3045566406011,51.6335201954356,1275.97010088299,162.541811800026,1
1048436,48325456,3,40,02:24:48,-79.46886,43.753478,,,28.3045566406011,40.4011251867993,1316.37122606979,167.680350181647,1
1048436,48325456,3,41,02:24:53,-79.46919,43.753727,,,28.3045566406011,38.3720133473303,1354.74323941712,172.560809883045,1
1048436,48325456,3,42,02:24:59,-79.469662,43.754028,3554,5,28.3045566406011,50.6273392736017,1405.37057869072,179,1
1048436,48325456,3,43,02:24:59,-79.469662,43.754028,3554,5,1e-12,0,1405.37057869072,179,1
1048436,48325456,3,44,02:25:03,-79.4699,43.754178,,,25.7643458210152,25.3977646262181,1430.76834331694,182.548778350111,1
1048436,48325456,3,45,02:25:08,-79.470361,43.754366,,,25.7643458210152,42.5676893522474,1473.33603266919,188.496675600546,1
1048436,48325456,3,46,02:25:16,-79.470968,43.754612,,,25.7643458210152,55.9647510915066,1529.3007837607,196.316517226996,1
1048436,48325456,3,47,02:25:26,-79.471705,43.754902,,,25.7643458210152,67.4825506613381,1596.78333442203,205.74571772246,1
1048436,48325456,3,48,02:25:35,-79.472426,43.755182,,,25.7643458210152,65.8210197691377,1662.60435419117,214.942755862494,1
1048436,48325456,3,49,02:25:42,-79.472966,43.755376,,,25.7643458210152,48.4935179884262,1711.0978721796,221.718657178643,1
1048436,48325456,3,50,02:25:43,-79.473094,43.75541,,,25.7643458210152,10.965839638784,1722.06371181838,223.250891801399,1
1048436,48325456,3,51,02:25:45,-79.473284,43.75545,,,25.7643458210152,15.9128133864583,1737.97652520484,225.474357073493,1
1048436,48325456,3,52,02:25:51,-79.473767,43.755517,6042,6,25.7643458210152,39.5457153449922,1777.52224054983,231,1
1048436,48325456,3,53,02:25:51,-79.473767,43.755517,6042,6,1e-12,0,1777.52224054983,231,1
1048436,48325456,3,54,02:25:56,-79.474296,43.755534,,,28.2149034639873,42.5767270962319,1820.09896764607,236.432455855894,1
1048436,48325456,3,55,02:25:59,-79.474542,43.755536,,,28.2149034639873,19.7810678445999,1839.88003549066,238.956364694762,1
1048436,48325456,3,56,02:26:01,-79.47471,43.755532,,,28.2149034639873,13.5155034827997,1853.39553897346,240.68083674905,1
1048436,48325456,3,57,02:26:03,-79.474937,43.755513,,,28.2149034639873,18.3742488477254,1871.76978782119,243.02524653717,1
1048436,48325456,3,58,02:26:06,-79.475185,43.755472,,,28.2149034639873,20.4562984523536,1892.22608627354,245.635309496359,1
1048436,48325456,3,59,02:26:15,-79.4760335082203,43.7552787594153,,,28.2149034639873,71.5360722268433,1963.76215850039,254.762750259903,1
1048436,48325456,3,60,02:26:24,-79.4768820109605,43.7550855125537,,,28.2149034639873,71.5360722289611,2035.29823072935,263.890191023716,1
1048436,48325456,3,61,02:26:33,-79.4777305082204,43.7548922594152,,,28.2149034639873,71.5360722272995,2106.83430295665,273.017631787318,1
1048436,48325456,3,62,02:26:42,-79.478579,43.754699,,,28.2149034639873,71.5360722281026,2178.37037518475,282.145072551022,1
1048436,48325456,3,63,02:26:52,-79.479497,43.754492,,,28.2149034639873,77.3268344329509,2255.6972096177,292.011369074557,1
1048436,48325456,3,64,02:27:00,-79.480286,43.754321,,,28.2149034639873,66.2356265633105,2321.93283618101,300.462514616567,1
1048436,48325456,3,65,02:27:04,-79.480613,43.754242,9504,7,28.2149034639873,27.7249468330091,2349.65778301402,304,1
1048436,48325456,3,66,02:27:04,-79.480613,43.754242,9504,7,1e-12,0,2349.65778301402,304,1
1048436,48325456,3,67,02:27:05,-79.480704,43.754219,,,26.2044968978963,7.75210200404969,2357.40988501807,305.064991528871,1
1048436,48325456,3,68,02:27:08,-79.480977,43.754153,,,26.2044968978963,23.1481686996696,2380.55805371774,308.245110103309,1
1048436,48325456,3,69,02:27:10,-79.481098,43.754116,,,26.2044968978963,10.5652461463041,2391.12329986404,309.69657418884,1
1048436,48325456,3,70,02:27:12,-79.481291,43.754048,,,26.2044968978963,17.2664525535235,2408.38975241757,312.068656714785,1
1048436,48325456,3,71,02:27:16,-79.481576,43.7539,,,26.2044968978963,28.223906896148,2436.61365931372,315.946085280654,1
1048436,48325456,3,72,02:27:18,-79.481698,43.753833,,,26.2044968978963,12.3231289745134,2448.93678828823,317.63904906779,1
1048436,48325456,3,73,02:27:21,-79.481934,43.753687,,,26.2044968978963,24.9849798826661,2473.92176817089,321.071510600177,1
1048436,48325456,3,74,02:27:22,-79.481996,43.753646,,,26.2044968978963,6.7590190903324,2480.68078726123,322.000071404836,1
1048436,48325456,3,75,02:27:24,-79.482104,43.753554,,,26.2044968978963,13.4275746332099,2494.10836189444,323.844765041501,1
1048436,48325456,3,76,02:27:26,-79.482252,43.753442,,,26.2044968978963,17.2356163897847,2511.34397828422,326.212611264422,1
1048436,48325456,3,77,02:27:29,-79.482388,43.753301,,,26.2044968978963,19.1298924604297,2530.47387074465,328.840695029048,1
1048436,48325456,3,78,02:27:30,-79.482456,43.753228,,,26.2044968978963,9.79458746740779,2540.26845821206,330.18628525427,1
1048436,48325456,3,79,02:27:32,-79.482538,43.753133,,,26.2044968978963,12.46245214872,2552.73091036078,331.898389398463,1
1048436,48325456,3,80,02:27:33,-79.4826,43.753062,,,26.2044968978963,9.34462568246467,2562.07553604324,333.182163423508,1
1048436,48325456,3,81,02:27:34,-79.48264,43.753017,6125,8,26.2044968978963,5.95305445324589,2568.02859049649,334,1
1048436,48325456,3,82,02:27:34,-79.48264,43.753017,6125,8,1e-12,0,2568.02859049649,334,1
1048436,48325456,3,83,02:27:37,-79.482735,43.752845,,,28.9079928832648,20.6145156518182,2588.64310614831,336.567188135345,1
1048436,48325456,3,84,02:27:38,-79.482797,43.752725,,,28.9079928832648,14.2583059408786,2602.90141208919,338.342818203971,1
1048436,48325456,3,85,02:27:41,-79.482864,43.752522,,,28.9079928832648,23.2311797772799,2626.13259186647,341.235867456333,1
1048436,48325456,3,86,02:27:43,-79.482898,43.752399,,,28.9079928832648,13.962571865185,2640.09516373165,342.974668863876,1
1048436,48325456,3,87,02:27:46,-79.482915,43.75221,,,28.9079928832648,21.0837444444753,2661.17890817613,345.600291483427,1
1048436,48325456,3,88,02:27:55,-79.4828914997222,43.7515025000024,,,28.9079928832648,78.7812058716547,2739.96011404778,355.411153907644,1
1048436,48325456,3,89,02:28:05,-79.482868,43.750795,,,28.9079928832648,78.7812058731493,2818.74131992093,365.222016332047,1
1048436,48325456,3,90,02:28:14,-79.4828474993557,43.7501680000055,,,28.9079928832648,69.816785025318,2888.55810494625,373.91651224901,1
1048436,48325456,3,91,02:28:23,-79.482826999141,43.7495410000073,,,28.9079928832648,69.8167850253502,2958.3748899716,382.611008165977,1
1048436,48325456,3,92,02:28:31,-79.4828064993558,43.7489140000055,,,28.9079928832648,69.8167850225092,3028.19167499411,391.305504082591,1
1048436,48325456,3,93,02:28:40,-79.482786,43.748287,3856,9,28.9079928832648,69.8167850289019,3098.00846002301,400,1
1048436,48325456,3,94,02:28:40,-79.482786,43.748287,3856,9,1e-12,0,3098.00846002301,400,1
1048436,48325456,3,95,02:28:49,-79.482721,43.747705,,,25.4843561939033,64.9984576954353,3163.00691771845,409.181885778207,1
1048436,48325456,3,96,02:28:52,-79.482722,43.747544,,,25.4843561939033,17.9226184160902,3180.92953613454,411.713691008326,1
1048436,48325456,3,97,02:28:55,-79.482733,43.747353,,,25.4843561939033,21.2804158151779,3202.20995194971,414.719829219224,1
1048436,48325456,3,98,02:28:57,-79.48274,43.747189,,,25.4843561939033,18.2650729295836,3220.4750248793,417.30001064685,1
1048436,48325456,3,99,02:29:01,-79.482773,43.746979,,,25.4843561939033,23.5272383748461,3244.00226325414,420.623542051959,1
1048436,48325456,3,100,02:29:03,-79.48281,43.746823,,,25.4843561939033,17.6189010260461,3261.62116428019,423.112443211995,1
1048436,48325456,3,101,02:29:06,-79.48288,43.746643,,,25.4843561939033,20.8132163631961,3282.43438064339,426.052583364542,1
1048436,48325456,3,102,02:29:10,-79.482972,43.746379,,,25.4843561939033,30.3053103701828,3312.73969101357,430.333606455828,1
1048436,48325456,3,103,02:29:13,-79.483081,43.746229,,,25.4843561939033,18.8588447204191,3331.59853573399,432.99766594695,1
1048436,48325456,3,104,02:29:18,-79.483288,43.745982,,,25.4843561939033,32.1424178457065,3363.74095357969,437.538204595999,1
1048436,48325456,3,105,02:29:19,-79.48337,43.745909,,,25.4843561939033,10.4652895780686,3374.20624315776,439.016564190191,1
1048436,48325456,3,106,02:29:21,-79.48349,43.745801,,,25.4843561939033,15.416483647471,3389.62272680523,441.19434497102,1
1048436,48325456,3,107,02:29:24,-79.483628,43.74567,,,25.4843561939033,18.3254198039638,3407.9481466092,443.783051187191,1
1048436,48325456,3,108,02:29:27,-79.483818,43.745565,,,25.4843561939033,19.2376985160558,3427.18584512525,446.500628752457,1
1048436,48325456,3,109,02:29:28,-79.483914,43.745486,,,25.4843561939033,11.7021710757438,3438.888016201,448.153714102235,1
1048436,48325456,3,110,02:29:29,-79.483998,43.745439,,,25.4843561939033,8.54441267122823,3447.43242887223,449.360724606342,1
1048436,48325456,3,111,02:29:32,-79.484179,43.745338,,,25.4843561939033,18.3925408696465,3465.82496974187,451.958912554545,1
1048436,48325456,3,112,02:29:34,-79.48435,43.745273,,,25.4843561939033,15.5391924692139,3481.36416221109,454.154027567988,1
1048436,48325456,3,113,02:29:38,-79.484598,43.745157,,,25.4843561939033,23.7594796081336,3505.12364181922,457.510366097338,1
1048436,48325456,3,114,02:29:40,-79.484833,43.745083,,,25.4843561939033,20.6159487718432,3525.73959059106,460.422639611879,1
1048436,48325456,3,115,02:29:43,-79.485009,43.745036,,,25.4843561939033,15.0899494967705,3540.82954008783,462.55429315553,1
1048436,48325456,3,116,02:29:51,-79.4857305015608,43.7449065022692,6745,10,25.4843561939033,59.7870559816039,3600.61659606944,471,1
1048436,48325456,3,117,02:29:51,-79.4857305015608,43.7449065022692,6745,10,1e-12,0,3600.61659606944,471,1
1048436,48325456,3,118,02:30:04,-79.486452,43.744777,,,16.9960714717317,59.7870559816067,3660.40365205104,483.663714782076,1
1048436,48325456,3,119,02:30:08,-79.486702,43.744735,,,16.9960714717317,20.641533668097,3681.04518571914,488.035873449962,1
1048436,48325456,3,120,02:30:11,-79.4869,43.744707,,,16.9960714717317,16.2254166190399,3697.27060233818,491.472638229735,1
1048436,48325456,3,121,02:30:17,-79.487214,43.744667,,,16.9960714717317,25.6415651610712,3722.91216749925,496.903871837653,1
1048436,48325456,3,122,02:30:21,-79.487461,43.74461,,,16.9960714717317,20.8526667352293,3743.76483423448,501.320751371944,1
1048436,48325456,3,123,02:30:25,-79.487675,43.744563,,,16.9960714717317,17.9877002258375,3761.75253446032,505.130791881641,1
1048436,48325456,3,124,02:30:33,-79.488111,43.744467,,,16.9960714717317,36.6557548574142,3798.40828931773,512.894981253648,1
1048436,48325456,3,125,02:30:40,-79.488519,43.744376,,,16.9960714717317,34.3398023061653,3832.7480916239,520.168620253567,1
1048436,48325456,3,126,02:30:43,-79.488678,43.744341,6056,11,16.9960714717317,13.3673145927742,3846.11540621667,523,1
1048436,48325456,3,127,02:30:43,-79.488678,43.744341,6056,11,1e-12,0,3846.11540621667,523,1
1048436,48325456,3,128,02:30:55,-79.489312,43.744202,,,15.7339950702808,53.2830584834622,3899.39846470013,535.191373499461,1
1048436,48325456,3,129,02:31:09,-79.490046,43.744042,,,15.7339950702808,61.6576664106235,3961.05613111076,549.298890254535,1
1048436,48325456,3,130,02:31:26,-79.490901,43.743856,,,15.7339950702808,71.8100508393963,4032.86618195015,565.729312525998,1
1048436,48325456,3,131,02:31:44,-79.49185,43.743649,,,15.7339950702808,79.7229001952298,4112.58908214538,583.970225874504,1
1048436,48325456,3,132,02:31:53,-79.491984,43.743976,,,15.7339950702808,37.9631376008189,4150.5522197462,592.656341177864,1
1048436,48325456,3,133,02:31:53,-79.491989,43.743989,4357,12,15.7339950702808,1.50197950370791,4152.05419924991,593,1
1048436,48325456,3,134,02:31:53,-79.491989,43.743989,4357,12,1e-12,0,4152.05419924991,593,1
1048436,48325456,3,135,02:32:07,-79.49224,43.744598,,,17.8656980430619,70.7349132806575,4222.78911253057,607.253329883702,1
1048436,48325456,3,136,02:32:10,-79.49228,43.744702,,,17.8656980430619,12.0158264309984,4234.80493896157,609.674560503817,1
1048436,48325456,3,137,02:32:12,-79.492303,43.744801,,,17.8656980430619,11.174772432536,4245.9797113941,611.92631583183,1
1048436,48325456,3,138,02:32:14,-79.492325,43.744901,,,17.8656980430619,11.271668402965,4257.25137979707,614.197596033301,1
1048436,48325456,3,139,02:32:17,-79.492344,43.745041,,,17.8656980430619,15.6594536447219,4272.91083344179,617.353030149848,1
1048436,48325456,3,140,02:32:21,-79.492377,43.745204,,,17.8656980430619,18.338122762492,4291.24895620428,621.04822536617,1
1048436,48325456,3,141,02:32:24,-79.4924,43.745324,,,17.8656980430619,13.4857859136464,4304.73474211793,623.765657910485,1
1048436,48325456,3,142,02:32:24,-79.492401,43.745327,,,17.8656980430619,0.343504808462189,4305.07824692639,623.834875318474,1
1048436,48325456,3,143,02:32:37,-79.492516,43.745908,4655,13,17.8656980430619,65.3344839609445,4370.41273088733,637,1
1048436,48325456,3,144,02:32:37,-79.492516,43.745908,4655,13,1e-12,0,4370.41273088733,637,1
1048436,48325456,3,145,02:32:49,-79.4925504996899,43.7464460000052,,,17.341221973593,59.954114549015,4430.36684543635,649.446343902703,1
1048436,48325456,3,146,02:33:02,-79.492585,43.746984,,,17.341221973593,59.954114552079,4490.32095998843,661.892687806043,1
1048436,48325456,3,147,02:33:04,-79.49261,43.747066,,,17.341221973593,9.34696904846272,4499.66792903689,663.833098269948,1
1048436,48325456,3,148,02:33:05,-79.492627,43.747132,,,17.341221973593,7.47319307471044,4507.1411221116,665.384516913336,1
1048436,48325456,3,149,02:33:07,-79.492656,43.74722,,,17.341221973593,10.0698822284632,4517.21100434007,667.475002582551,1
1048436,48325456,3,150,02:33:24,-79.4929524965672,43.7479130003832,,,17.341221973593,80.7450585945921,4597.95606293466,684.237501291303,1
1048436,48325456,3,151,02:33:41,-79.493249,43.748606,9513,14,17.341221973593,80.7450585943308,4678.70112152899,701,1
1048436,48325456,3,152,02:33:41,-79.493249,43.748606,9513,14,1e-12,0,4678.70112152899,701,1
1048436,48325456,3,153,02:34:01,-79.493603,43.749357,,,15.6945643383812,88.3146238712379,4767.01574540023,721.257500563998,1
1048436,48325456,3,154,02:34:11,-79.493801,43.74971,,,15.6945643383812,42.3988958655487,4809.41464126577,730.982907515416,1
1048436,48325456,3,155,02:34:31,-79.494193,43.750441,6575,15,15.6945643383812,87.2665405185079,4896.68118178428,751,1
1048436,48325456,3,156,02:34:31,-79.494193,43.750441,6575,15,1e-12,0,4896.68118178428,751,1
1048436,48325456,3,157,02:34:36,-79.494277,43.750585,,,13.5759467255324,17.3950110484774,4914.07619283276,755.61271991122,1
1048436,48325456,3,158,02:34:39,-79.494338,43.750708,,,13.5759467255324,14.5443981764648,4928.62059100922,759.46952890538,1
1048436,48325456,3,159,02:34:42,-79.494387,43.750804,,,13.5759467255324,11.3899116594897,4940.01050266871,762.489847326124,1
1048436,48325456,3,160,02:34:46,-79.494475,43.750915,,,13.5759467255324,14.2392285709387,4954.24973123965,766.265733007744,1
1048436,48325456,3,161,02:34:52,-79.494624,43.751062,,,13.5759467255324,20.2813341448924,4974.53106538455,771.643833290378,1
1048436,48325456,3,162,02:34:56,-79.494752,43.751165,,,13.5759467255324,15.408005701432,4989.93907108598,775.729649303551,1
1048436,48325456,3,163,02:34:58,-79.494849,43.751226,,,13.5759467255324,10.3416413655711,5000.28071245155,778.471992778281,1
1048436,48325456,3,164,02:35:00,-79.494918,43.751271,,,13.5759467255324,7.47519482005784,5007.75590727161,780.454226643533,1
1048436,48325456,3,165,02:35:05,-79.495092,43.751372,,,13.5759467255324,17.949249635532,5025.70515690714,785.213916703777,1
1048436,48325456,3,166,02:35:09,-79.495234,43.751449,3213,16,13.5759467255324,14.2776847577635,5039.9828416649,789,1
1048436,48325456,3,167,02:35:09,-79.495234,43.751449,3213,16,1e-12,0,5039.9828416649,789,1
1048436,48325456,3,168,02:35:18,-79.495657,43.75168,,,16.7596956416335,42.6403065529806,5082.62314821788,798.15918205635,1
1048436,48325456,3,169,02:35:21,-79.495785,43.75175,,,16.7596956416335,12.9096249591858,5095.53277317707,800.93218288207,1
1048436,48325456,3,170,02:35:22,-79.495851,43.75177,,,16.7596956416335,5.75519543638202,5101.28796861345,802.168404828697,1
1048436,48325456,3,171,02:35:23,-79.495917,43.751793,,,16.7596956416335,5.89243803700832,5107.18040665046,803.434106628229,1
1048436,48325456,3,172,02:35:25,-79.495996,43.751819,,,16.7596956416335,6.98073313456086,5114.16113978502,804.933575343042,1
1048436,48325456,3,173,02:35:26,-79.496064,43.751839,,,16.7596956416335,5.90381799532224,5120.06495778034,806.201721569419,1
1048436,48325456,3,174,02:35:27,-79.496123,43.751848,,,16.7596956416335,4.84886496432372,5124.91382274467,807.243262790979,1
1048436,48325456,3,175,02:35:29,-79.496209,43.751861,,,16.7596956416335,7.06511872183561,5131.9789414665,808.760857617429,1
1048436,48325456,3,176,02:35:30,-79.496254,43.751869,,,16.7596956416335,3.72645845050548,5135.70539991701,809.561304756128,1
1048436,48325456,3,177,02:35:31,-79.49633,43.751886,,,16.7596956416335,6.39751447632013,5142.10291439333,810.935497498479,1
1048436,48325456,3,178,02:35:32,-79.496415,43.751887,,,16.7596956416335,6.83581203746454,5148.93872643079,812.403837011384,1
1048436,48325456,3,179,02:35:34,-79.496498,43.751902,,,16.7596956416335,6.87979617386843,5155.81852260466,813.881624362391,1
1048436,48325456,3,180,02:35:35,-79.496589,43.751908,,,16.7596956416335,7.3477871674668,5163.16630977213,815.459936664028,1
1048436,48325456,3,181,02:35:37,-79.496694,43.751937,,,16.7596956416335,9.03924018568712,5172.20554995781,817.401574827649,1
1048436,48325456,3,182,02:35:41,-79.496895,43.751944,,,16.7596956416335,16.1813004077485,5188.38685036556,820.87733493174,1
1048436,48325456,3,183,02:35:43,-79.497022,43.751964,,,16.7596956416335,10.4520163551071,5198.83886672067,823.122438881296,1
1048436,48325456,3,184,02:35:45,-79.497127,43.751994,,,16.7596956416335,9.07958469734348,5207.91845141801,825.07274308785,1
1048436,48325456,3,185,02:35:47,-79.497233,43.752022,,,16.7596956416335,9.07554998478238,5216.99400140279,827.022180633962,1
1048436,48325456,3,186,02:35:49,-79.497354,43.752062,,,16.7596956416335,10.7001684389882,5227.69416984178,829.320587908415,1
1048436,48325456,3,187,02:35:51,-79.49743,43.752091,,,16.7596956416335,6.91146461450452,5234.60563445629,830.805177673304,1
1048436,48325456,3,188,02:35:53,-79.497534,43.752141,,,16.7596956416335,10.0456170134056,5244.65125146969,832.962986622914,1
1048436,48325456,3,189,02:35:55,-79.497629,43.752182,,,16.7596956416335,8.89859373845877,5253.54984520815,834.874413783851,1
1048436,48325456,3,190,02:35:56,-79.497704,43.752219,,,16.7596956416335,7.30307079666012,5260.85291600481,836.443120962677,1
1048436,48325456,3,191,02:35:59,-79.497822,43.752275,,,16.7596956416335,11.3530232725582,5272.20593927737,838.881762132251,1
1048436,48325456,3,192,02:36:00,-79.497891,43.752307,,,16.7596956416335,6.59340914056553,5278.79934841794,840.298033251583,1
1048436,48325456,3,193,02:36:02,-79.497973,43.752342,,,16.7596956416335,7.65872906308194,5286.45807748102,841.943136194777,1
1048436,48325456,3,194,02:36:04,-79.498063,43.752386,,,16.7596956416335,8.73863294311646,5295.19671042413,843.82020361103,1
1048436,48325456,3,195,02:36:06,-79.498164,43.752436,,,16.7596956416335,9.84567363713338,5305.04238406127,845.935064516119,1
1048436,48325456,3,196,02:36:08,-79.498281,43.752489,,,16.7596956416335,11.1049018284428,5316.14728588971,848.320408942248,1
1048436,48325456,3,197,02:36:10,-79.498367,43.752534,,,16.7596956416335,8.53899633693292,5324.68628222664,850.154594208512,1
1048436,48325456,3,198,02:36:12,-79.498453,43.75259,,,16.7596956416335,9.31031266787235,5333.99659489452,852.15445902235,1
1048436,48325456,3,199,02:36:14,-79.498516,43.752624,,,16.7596956416335,6.32357640357754,5340.32017129809,853.512769790019,1
1048436,48325456,3,200,02:36:15,-79.498585,43.752678,,,16.7596956416335,8.18036629188282,5348.50053758998,855.269920950785,1
1048436,48325456,3,201,02:36:17,-79.498651,43.752745,,,16.7596956416335,9.15381808732565,5357.6543556773,857.236170566471,1
1048436,48325456,3,202,02:36:19,-79.498725,43.752804,,,16.7596956416335,8.86243330945677,5366.51678898676,859.139830429767,1
1048436,48325456,3,203,02:36:21,-79.498786,43.752853,,,16.7596956416335,7.33566756579064,5373.85245655255,860.715539428399,1
1048436,48325456,3,204,02:36:22,-79.498849,43.752903,,,16.7596956416335,7.52610610597745,5381.37856265853,862.332154822906,1
1048436,48325456,3,205,02:36:25,-79.498932,43.753004,,,16.7596956416335,13.0748958117112,5394.45345847024,865.140655999099,1
1048436,48325456,3,206,02:36:27,-79.498957,43.753059,,,16.7596956416335,6.44413717435497,5400.89759564459,866.524863345325,1
1048436,48325456,3,207,02:36:28,-79.499003,43.753109,,,16.7596956416335,6.68291199906996,5407.58050764366,867.960359771459,1
1048436,48325456,3,208,02:36:30,-79.499052,43.753187,,,16.7596956416335,9.53504125499024,5417.11554889865,870.008496518805,1
1048436,48325456,3,209,02:36:32,-79.499111,43.753257,,,16.7596956416335,9.12291852492548,5426.23846742358,871.968108876451,1
1048436,48325456,3,210,02:36:35,-79.499198,43.753371,,,16.7596956416335,14.4908477697386,5440.72931519332,875.080758001264,1
1048436,48325456,3,211,02:36:37,-79.499266,43.753458,,,16.7596956416335,11.1216877664597,5451.85100295978,877.469708064283,1
1048436,48325456,3,212,02:36:40,-79.499338,43.753551,,,16.7596956416335,11.861531667251,5463.71253462703,880.017577364249,1
1048436,48325456,3,213,02:36:42,-79.499376,43.753619,,,16.7596956416335,8.16314480969858,5471.87567943673,881.771029332787,1
1048436,48325456,3,214,02:36:45,-79.499459,43.75374,4625,17,16.7596956416335,15.032379338403,5486.90805877513,885,1
1048436,48325456,3,215,02:36:45,-79.499459,43.75374,4625,17,1e-12,0,5486.90805877513,885,1
1048436,48325456,3,216,02:36:46,-79.499492,43.753794,,,16.619933509922,6.57084850526408,5493.47890728039,886.423294178935,1
1048436,48325456,3,217,02:36:49,-79.499578,43.753895,,,16.619933509922,13.1996044411722,5506.67851172157,889.282425712755,1
1048436,48325456,3,218,02:36:53,-79.499674,43.754038,,,16.619933509922,17.6915219007452,5524.37003362231,893.114539650194,1
1048436,48325456,3,219,02:36:56,-79.49976,43.754144,,,16.619933509922,13.6768020193965,5538.04683564171,896.077035693902,1
1048436,48325456,3,220,02:36:58,-79.499829,43.754231,,,16.619933509922,11.1614032727415,5549.20823891445,898.494677843787,1
1048436,48325456,3,221,02:37:00,-79.499877,43.754301,,,16.619933509922,8.69581103208811,5557.90404994654,900.378254555861,1
1048436,48325456,3,222,02:37:02,-79.499933,43.754374,,,16.619933509922,9.29044887254378,5567.19449881908,902.390634203541,1
1048436,48325456,3,223,02:37:04,-79.499981,43.754444,,,16.619933509922,8.69580694182837,5575.89030576091,904.274210029635,1
1048436,48325456,3,224,02:37:07,-79.50003,43.754532,,,16.619933509922,10.5587444635579,5586.44905022447,906.561311843016,1
1048436,48325456,3,225,02:37:10,-79.500081,43.75465,,,16.619933509922,13.7609166988468,5600.20996692331,909.542027745776,1
1048436,48325456,3,226,02:37:12,-79.500114,43.75476,,,16.619933509922,12.5293345339707,5612.73930145728,912.255973881323,1
1048436,48325456,3,227,02:37:14,-79.500144,43.754847,,,16.619933509922,9.9806806499788,5622.71998210726,914.417862815384,1
1048436,48325456,3,228,02:37:16,-79.500146,43.754916,,,16.619933509922,7.68272810239981,5630.40271020966,916.08199830378,1
1048436,48325456,3,229,02:37:18,-79.500152,43.755001,,,16.619933509922,9.4744475907277,5639.87715780039,918.134233428923,1
1048436,48325456,3,230,02:37:21,-79.500133,43.755109,,,16.619933509922,12.119181472457,5651.99633927285,920.759337390669,1
1048436,48325456,3,231,02:37:23,-79.500114,43.7552,,,16.619933509922,10.2446238392112,5662.24096311206,922.978398363395,1
1048436,48325456,3,232,02:37:25,-79.500085,43.755278,,,16.619933509922,8.99056698456772,5671.23153009663,924.925821385582,1
1048436,48325456,3,233,02:37:27,-79.500043,43.75537,,,16.619933509922,10.7838130431137,5682.01534313974,927.261674710869,1
1048436,48325456,3,234,02:37:30,-79.499996,43.755472,,,16.619933509922,11.9669585446976,5693.98230168444,929.853806065378,1
1048436,48325456,3,235,02:37:32,-79.499935,43.755568,,,16.619933509922,11.7584664095785,5705.74076809402,932.400776487925,1
1048436,48325456,3,236,02:37:35,-79.499864,43.755684,,,16.619933509922,14.1186945666976,5719.85946266071,935.458989711809,1
1048436,48325456,3,237,02:37:38,-79.49981,43.755777,,,16.619933509922,11.2263406017177,5731.08580326243,937.890697765398,1
1048436,48325456,3,238,02:37:40,-79.499768,43.75588,,,16.619933509922,11.952879723413,5743.03868298584,940.479779543529,1
1048436,48325456,3,239,02:37:43,-79.499709,43.755978,,,16.619933509922,11.8961216722891,5754.93480465813,943.056567109777,1
1048436,48325456,3,240,02:37:46,-79.499681,43.756078,,,16.619933509922,11.357325089951,5766.29212974808,945.516647368186,1
1048436,48325456,3,241,02:37:54,-79.499506,43.756393,,,16.619933509922,37.7834311341627,5804.07556088225,953.700816817587,1
1048436,48325456,3,242,02:38:13,-79.499094,43.757136,7078,18,16.619933509922,89.0975392465304,5893.17310012878,973,1
1048436,48325456,3,243,02:38:13,-79.499094,43.757136,7078,18,1e-12,0,5893.17310012878,973,1
1048436,48325456,3,244,02:38:18,-79.499066,43.757316,,,15.4345945647811,20.1635830202903,5913.33668314907,977.703000041134,1
1048436,48325456,3,245,02:38:20,-79.499061,43.757397,,,15.4345945647811,9.02583622944543,5922.36251937851,979.80820664631,1
1048436,48325456,3,246,02:38:21,-79.499054,43.757451,,,15.4345945647811,6.0375430252743,5928.40006240379,981.216416936497,1
1048436,48325456,3,247,02:38:23,-79.499065,43.757514,,,15.4345945647811,7.06867650529949,5935.46873890909,982.865131148735,1
1048436,48325456,3,248,02:38:24,-79.499063,43.757557,,,15.4345945647811,4.78943840532916,5940.25817731442,983.982230673884,1
1048436,48325456,3,249,02:38:26,-79.499071,43.757636,,,15.4345945647811,8.81773156797547,5949.07590888239,986.038898473707,1
1048436,48325456,3,250,02:38:27,-79.499088,43.75768,,,15.4345945647811,5.08519863327539,5954.16110751567,987.224981788235,1
1048436,48325456,3,251,02:38:28,-79.499097,43.757728,,,15.4345945647811,5.39211171569615,5959.55321923136,988.482650209329,1
1048436,48325456,3,252,02:38:30,-79.499114,43.75778,,,15.4345945647811,5.94779937788938,5965.50101860925,989.869928486742,1
1048436,48325456,3,253,02:38:32,-79.499138,43.757867,,,15.4345945647811,9.87516438851001,5975.37618299776,992.173234326712,1
1048436,48325456,3,254,02:38:34,-79.499181,43.757912,,,15.4345945647811,6.08661318116746,5981.46279617893,993.592889851853,1
1048436,48325456,3,255,02:38:35,-79.49919,43.757951,,,15.4345945647811,4.40135275316689,5985.8641489321,994.61947139534,1
1048436,48325456,3,256,02:38:54,-79.499496,43.758669,,,15.4345945647811,83.6283259983499,6069.49247493045,1014.12513267659,1
1048436,48325456,3,257,02:38:56,-79.499533,43.758748,,,15.4345945647811,9.28377162290868,6078.77624655336,1016.29050072058,1
1048436,48325456,3,258,02:38:58,-79.499548,43.758828,,,15.4345945647811,8.98684992851993,6087.76309648188,1018.38661407211,1
1048436,48325456,3,259,02:39:00,-79.499573,43.758895,,,15.4345945647811,7.72450950379278,6095.48760598567,1020.18829626706,1
1048436,48325456,3,260,02:39:02,-79.499583,43.758967,,,15.4345945647811,8.05522895441493,6103.54283494008,1022.06711622013,1
1048436,48325456,3,261,02:39:04,-79.499597,43.759051,,,15.4345945647811,9.41834201357262,6112.96117695366,1024.26387176862,1
1048436,48325456,3,262,02:39:06,-79.499611,43.75913,,,15.4345945647811,8.86598325852892,6121.82716021219,1026.33179390268,1
1048436,48325456,3,263,02:39:08,-79.499619,43.759202,,,15.4345945647811,8.04077071400266,6129.86793092619,1028.20724158282,1
1048436,48325456,3,264,02:39:11,-79.499626,43.759295,,,15.4345945647811,10.3679992659294,6140.23593019212,1030.62549735239,1
1048436,48325456,3,265,02:39:14,-79.499632,43.759416,,,15.4345945647811,13.4782940355299,6153.71422422765,1033.76920536003,1
1048436,48325456,3,266,02:39:16,-79.499645,43.759513,,,15.4345945647811,10.8484587336434,6164.56268296129,1036.29952459045,1
1048436,48325456,3,267,02:39:19,-79.499653,43.759613,,,15.4345945647811,11.1505156784144,6175.71319863971,1038.90029627084,1
1048436,48325456,3,268,02:39:22,-79.499658,43.759748,,,15.4345945647811,15.03350702768,6190.74670566738,1042.40674569991,1
1048436,48325456,3,269,02:39:25,-79.499649,43.759853,,,15.4345945647811,11.7109229824804,6202.45762864987,1045.13822805664,1
1048436,48325456,3,270,02:39:27,-79.499658,43.759921,,,15.4345945647811,7.60423157720682,6210.06186022707,1046.91185635397,1
1048436,48325456,3,271,02:39:29,-79.499677,43.760004,,,15.4345945647811,9.36494731443759,6219.42680754151,1049.09615800119,1
1048436,48325456,3,272,02:39:32,-79.499691,43.760102,,,15.4345945647811,10.9672244434617,6230.39403198497,1051.65417841635,1
1048436,48325456,3,273,02:39:35,-79.499726,43.76022,,,15.4345945647811,13.4337305497232,6243.82776253469,1054.78749233503,1
1048436,48325456,3,274,02:39:37,-79.499735,43.760297,,,15.4345945647811,8.60208865629935,6252.42985119099,1056.79386309085,1
1048436,48325456,3,275,02:39:40,-79.499756,43.760408,,,15.4345945647811,12.4712803197228,6264.90113151072,1059.70269292519,1
1048436,48325456,3,276,02:39:43,-79.499802,43.760514,,,15.4345945647811,12.3658685668388,6277.26700007756,1062.58693628213,1
1048436,48325456,3,277,02:39:45,-79.499841,43.760608,,,15.4345945647811,10.9237223811118,6288.19072245867,1065.13481017716,1
1048436,48325456,3,278,02:39:48,-79.499888,43.760713,10262,19,15.4345945647811,12.2841786851667,6300.47490114383,1068,1
1048436,48325456,3,279,02:39:48,-79.499888,43.760713,10262,19,1e-12,0,6300.47490114383,1068,1
1048436,48325456,3,280,02:39:51,-79.499931,43.760829,,,16.3929869323812,13.3678342463224,6313.84273539016,1070.93565800334,1
1048436,48325456,3,281,02:39:53,-79.499963,43.760927,,,16.3929869323812,11.2085731207389,6325.0513085109,1073.39712908248,1
1048436,48325456,3,282,02:39:57,-79.500004,43.761063,,,16.3929869323812,15.494153515173,6340.54546202607,1076.7997397772,1
1048436,48325456,3,283,02:40:12,-79.5002619974622,43.7616515002902,,,16.3929869323812,68.7169064149256,6409.26236844099,1091.89039190266,1
1048436,48325456,3,284,02:40:27,-79.50052,43.76224,,,16.3929869323812,68.7169064176736,6477.97927485867,1106.98104402872,1
1048436,48325456,3,285,02:40:41,-79.5006909983993,43.7628000001275,1579,20,16.3929869323812,63.836822789667,6541.81609764834,1121,1
1048436,48325456,3,286,02:40:41,-79.5006909983993,43.7628000001275,1579,20,1e-12,0,6541.81609764834,1121,1
1048436,48325456,3,287,02:40:57,-79.500862,43.76336,,,14.0013816820824,63.8368227892167,6605.65292043755,1137.41356312251,1
1048436,48325456,3,288,02:41:16,-79.501044,43.763979,,,14.0013816820824,70.4431223031178,6676.09604274067,1155.52572134013,1
1048436,48325456,3,289,02:41:24,-79.501134,43.764265,,,14.0013816820824,32.649204639727,6708.7452473804,1163.9204026203,1
1048436,48325456,3,290,02:41:32,-79.501228,43.764539,8478,21,14.0013816820824,31.423757430772,6740.16900481117,1172,1
1048436,48325456,3,291,02:41:32,-79.501228,43.764539,8478,21,1e-12,0,6740.16900481117,1172,1
1048436,48325456,3,292,02:41:36,-79.501278,43.764677,,,14.6663016264674,15.8792824640679,6756.04828727524,1175.8977390706,1
1048436,48325456,3,293,02:41:40,-79.501327,43.764813,,,14.6663016264674,15.6435564783041,6771.69184375354,1179.73761668639,1
1048436,48325456,3,294,02:41:52,-79.501406,43.765246,,,14.6663016264674,48.6179485278037,6820.30979228134,1191.67141016464,1
1048436,48325456,3,295,02:41:54,-79.501421,43.765316,,,14.6663016264674,7.88511968424559,6828.19491196559,1193.60689680513,1
1048436,48325456,3,296,02:41:55,-79.501414,43.765365,,,14.6663016264674,5.48360711845405,6833.67851908404,1194.95290659881,1
1048436,48325456,3,297,02:41:57,-79.501406,43.765448,,,14.6663016264674,9.26187436681118,6842.94039345085,1197.22633234511,1
1048436,48325456,3,298,02:41:59,-79.501388,43.765516,,,14.6663016264674,7.70679786229079,6850.64719131314,1199.11804799442,1
1048436,48325456,3,299,02:42:00,-79.501384,43.76554,,,14.6663016264674,2.69095067213272,6853.33814198528,1199.7785705083,1
1048436,48325456,3,300,02:42:01,-79.501378,43.765581,,,14.6663016264674,4.58951695204101,6857.92765893732,1200.90511634433,1
1048436,48325456,3,301,02:42:02,-79.50137,43.765625,,,14.6663016264674,4.94010064532576,6862.86775958265,1202.11771668327,1
1048436,48325456,3,302,02:42:04,-79.501357,43.765683,,,14.6663016264674,6.54056690427938,6869.40832648693,1203.72316851803,1
1048436,48325456,3,303,02:42:06,-79.501322,43.765774,,,14.6663016264674,10.5135827890691,6879.92190927599,1206.30383943321,1
1048436,48325456,3,304,02:42:08,-79.501293,43.765832,,,14.6663016264674,6.8645506822916,6886.78645995829,1207.98881653825,1
1048436,48325456,3,305,02:42:10,-79.501255,43.765903,,,14.6663016264674,8.47352210979482,6895.25998206808,1210.06873282337,1
1048436,48325456,3,306,02:42:13,-79.5012,43.766011,,,14.6663016264674,12.8097890675879,6908.06977113567,1213.21303203511,1
1048436,48325456,3,307,02:42:16,-79.501151,43.766119,,,14.6663016264674,12.651396454837,6920.7211675905,1216.31845209242,1
1048436,48325456,3,308,02:42:19,-79.501089,43.766202,,,14.6663016264674,10.4981735806748,6931.21934117118,1218.89534065322,1
1048436,48325456,3,309,02:42:21,-79.501053,43.766283,,,14.6663016264674,9.46994476536241,6940.68928593654,1221.21983949577,1
1048436,48325456,3,310,02:42:24,-79.501024,43.766365,,,14.6663016264674,9.42120899454069,6950.11049493108,1223.53237562412,1
1048436,48325456,3,311,02:42:24,-79.501034,43.766381,,,14.6663016264674,1.95413247418636,6952.06462740527,1224.0120382607,1
1048436,48325456,3,312,02:42:25,-79.501034,43.766426,,,14.6663016264674,5.00937708284471,6957.07400448811,1225.24164323935,1
1048436,48325456,3,313,02:42:26,-79.501034,43.766469,,,14.6663016264674,4.78673810179408,6961.86074258991,1226.41659910793,1
1048436,48325456,3,314,02:42:29,-79.501034,43.766581,,,14.6663016264674,12.4677829622032,6974.32852555211,1229.47694927712,1
1048436,48325456,3,315,02:42:32,-79.501059,43.766687,,,14.6663016264674,11.9697960355749,6986.29832158769,1232.41506324924,1
1048436,48325456,3,316,02:42:35,-79.501083,43.76678,3566,22,14.6663016264674,10.5309616866624,6996.82928327435,1235,1
1048436,48325456,3,317,02:42:35,-79.501083,43.76678,3566,22,1e-12,0,6996.82928327435,1235,1
1048436,48325456,3,318,02:42:42,-79.501197,43.767067,,,18.3380352946335,33.237137369686,7030.06642064403,1241.52489171323,1
1048436,48325456,3,319,02:42:42,-79.501203,43.767082,,,18.3380352946335,1.73806208945439,7031.80448273349,1241.86609639637,1
1048436,48325456,3,320,02:42:44,-79.501236,43.767158,,,18.3380352946335,8.86645988702477,7040.67094262051,1243.6067002877,1
1048436,48325456,3,321,02:42:45,-79.501267,43.76723,,,18.3380352946335,8.39349771848833,7049.064440339,1245.25445542074,1
1048436,48325456,3,322,02:42:48,-79.501313,43.767357,,,18.3380352946335,14.6132056510001,7063.67764599,1248.123221867,1
1048436,48325456,3,323,02:42:51,-79.501373,43.767493,,,18.3380352946335,15.8892424363152,7079.56688842632,1251.24249128991,1
1048436,48325456,3,324,02:43:09,-79.501701,43.768268,,,18.3380352946335,90.2120564448623,7169.77894487118,1268.95231668743,1
1048436,48325456,3,325,02:43:19,-79.501898745678,43.7687037505114,,,18.3380352946335,51.0458328652414,7220.82477773642,1278.97329196435,1
1048436,48325456,3,326,02:43:29,-79.5020964942373,43.7691395006819,,,18.3380352946335,51.0458328669621,7271.87061060338,1288.99426724161,1
1048436,48325456,3,327,02:43:39,-79.5022942456779,43.7695752505114,,,18.3380352946335,51.0458328658927,7322.91644346928,1299.01524251866,1
1048436,48325456,3,328,02:43:49,-79.502492,43.770011,,,18.3380352946335,51.045832865716,7373.96227633499,1309.03621779568,1
1048436,48325456,3,329,02:44:04,-79.503389,43.769789,4516,23,18.3380352946335,76.2239906122416,7450.18626694723,1324,1
1048436,48325456,3,330,02:44:04,-79.503389,43.769789,4516,23,1e-12,0,7450.18626694723,1324,1
1048436,48325456,3,331,02:44:14,-79.504344,43.76959,,,30.2471015692603,79.9016041872063,7530.08787113444,1333.50986243807,1
1048436,48325456,3,332,02:44:20,-79.505005,43.769436,,,30.2471015692603,55.83279548976,7585.9206666242,1340.15506324526,1
1048436,48325456,3,333,02:44:22,-79.505191,43.7694,,,30.2471015692603,15.47974043454,7601.40040705874,1341.99745681929,1
1048436,48325456,3,334,02:44:23,-79.505318,43.76938,,,30.2471015692603,10.4491090012119,7611.84951605995,1343.24110630809,1
1048436,48325456,3,335,02:44:24,-79.505416,43.769367,,,30.2471015692603,8.00975717832876,7619.85927323828,1344.19442495173,1
1048436,48325456,3,336,02:44:25,-79.505504,43.769358,,,30.2471015692603,7.14466471081652,7627.0039379491,1345.04478057672,1
1048436,48325456,3,337,02:44:26,-79.505569,43.769353,,,30.2471015692603,5.25472807137525,7632.25866602047,1345.67019656951,1
1048436,48325456,3,338,02:44:26,-79.505645,43.769351,,,30.2471015692603,6.11348131090307,7638.37214733137,1346.39782108813,1
1048436,48325456,3,339,02:44:27,-79.505757,43.769352,,,30.2471015692603,9.00405281614452,7647.37620014752,1347.46948046891,1
1048436,48325456,3,340,02:44:29,-79.505891,43.769352,,,30.2471015692603,10.7718826214682,7658.14808276899,1348.75154636698,1
1048436,48325456,3,341,02:44:30,-79.505972,43.769359,,,30.2471015692603,6.55782265893654,7664.70590542792,1349.53205624553,1
1048436,48325456,3,342,02:44:31,-79.50608,43.769369,,,30.2471015692603,8.75289089290475,7673.45879632083,1350.57382241748,1
1048436,48325456,3,343,02:44:32,-79.506248,43.76939,,,30.2471015692603,13.7058749440231,7687.16467126485,1352.20509110898,1
1048436,48325456,3,344,02:44:34,-79.506402,43.769421,,,30.2471015692603,12.8515996255282,7700.01627089038,1353.73468423531,1
1048436,48325456,3,345,02:44:35,-79.506543,43.769458,,,30.2471015692603,12.05973914268,7712.07601003306,1355.17003038953,1
1048436,48325456,3,346,02:44:37,-79.506698,43.769506,,,30.2471015692603,13.5573779143764,7725.63338794744,1356.78362501379,1
1048436,48325456,3,347,02:44:38,-79.50682,43.76955,,,30.2471015692603,10.9623121766483,7736.59570012408,1358.08835577438,1
1048436,48325456,3,348,02:44:39,-79.506925,43.769596,,,30.2471015692603,9.87246938610204,7746.46816951019,1359.26337380738,1
1048436,48325456,3,349,02:44:40,-79.507013,43.769639,,,30.2471015692603,8.5413649037267,7755.00953441391,1360.27996422623,1
1048436,48325456,3,350,02:44:41,-79.507115,43.769691,,,30.2471015692603,10.0368831823399,7765.04641759625,1361.47455073475,1
1048436,48325456,3,351,02:44:43,-79.507249,43.769773,,,30.2471015692603,14.1193478573937,7779.16576545365,1363.15503083531,1
1048436,48325456,3,352,02:44:45,-79.507378,43.769867,,,30.2471015692603,14.7319408153389,7793.89770626899,1364.90842154661,1
1048436,48325456,3,353,02:44:47,-79.507534,43.77,,,30.2471015692603,19.4026078716329,7813.30031414062,1367.21771350233,1
1048436,48325456,3,354,02:44:49,-79.507652,43.770133,,,30.2471015692603,17.5834786723909,7830.88379281301,1369.31049330391,1
1048436,48325456,3,355,02:44:51,-79.50775,43.770251,,,30.2471015692603,15.3168818832321,7846.20067469624,1371.13350350717,1
1048436,48325456,3,356,02:44:53,-79.507839,43.770354,,,30.2471015692603,13.5148694992182,7859.71554419546,1372.74203879396,1
1048436,48325456,3,357,02:44:55,-79.507957,43.770481,,,30.2471015692603,17.0248671351425,7876.7404113306,1374.76833283559,1
1048436,48325456,3,358,02:44:57,-79.508104,43.770611,,,30.2471015692603,18.6831265909264,7895.42353792153,1376.99199236784,1
1048436,48325456,3,359,02:44:59,-79.508283,43.770747,,,30.2471015692603,20.8865005483769,7916.31003846991,1379.47789673795,1
1048436,48325456,3,360,02:45:01,-79.508376,43.770823,,,30.2471015692603,11.2900123298624,7927.60005079977,1380.82163026211,1
1048436,48325456,3,361,02:45:03,-79.508547,43.770923,,,30.2471015692603,17.6881012447765,7945.28815204455,1382.92686220758,1
1048436,48325456,3,362,02:45:05,-79.508694,43.770997,,,30.2471015692603,14.4045390969027,7959.69269114145,1384.6412856749,1
1048436,48325456,3,363,02:45:06,-79.508852,43.771071,,,30.2471015692603,15.1383461745799,7974.83103731603,1386.4430466173,1
1048436,48325456,3,364,02:45:08,-79.508991,43.771124,,,30.2471015692603,12.6355111839868,7987.46654850001,1387.94692096897,1
1048436,48325456,3,365,02:45:10,-79.509162,43.77118,,,30.2471015692603,15.0933189097384,8002.55986740975,1389.74332278125,1
1048436,48325456,3,366,02:45:13,-79.509434,43.771257,,,30.2471015692603,23.4847707292137,8026.04463813897,1392.53847240679,1
1048436,48325456,3,367,02:45:18,-79.509943,43.771369,,,30.2471015692603,42.7731572450681,8068.81779538403,1397.62931940017,1
1048436,48325456,3,368,02:45:19,-79.510115,43.771403,,,30.2471015692603,14.3348152747443,8083.15261065878,1399.3354443613,1
1048436,48325456,3,369,02:45:22,-79.510349,43.771465,,,30.2471015692603,20.0361931400157,8103.18880379879,1401.72014542559,1
1048436,48325456,3,370,02:45:24,-79.510591,43.771558,,,30.2471015692603,22.0362817908209,8125.22508558961,1404.34289637796,1
1048436,48325456,3,371,02:45:27,-79.510782,43.771656,,,30.2471015692603,18.8345192569434,8144.05960484656,1406.58457461512,1
1048436,48325456,3,372,02:45:29,-79.510953,43.771767,,,30.2471015692603,18.4831146448407,8162.5427194914,1408.78442879186,1
1048436,48325456,3,373,02:45:32,-79.51114,43.771934,,,30.2471015692603,23.9072283783488,8186.44994786975,1411.62985918673,1
1048436,48325456,3,374,02:45:34,-79.511255,43.772066,,,30.2471015692603,17.3600809275362,8203.81002879728,1413.69605026279,1
1048436,48325456,3,375,02:45:36,-79.511346,43.772227,10448,24,30.2471015692603,19.3577226977118,8223.167751495,1416,1
1048436,48325456,3,376,02:45:36,-79.511346,43.772227,10448,24,1e-12,0,8223.167751495,1416,1
1048436,48325456,3,377,02:45:37,-79.511374,43.772299,,,32.977105468655,8.32502679673491,8231.49277829173,1416.90881525356,1
1048436,48325456,3,378,02:45:39,-79.511399,43.772442,,,32.977105468655,16.045030564258,8247.53780885599,1418.66039742581,1
1048436,48325456,3,379,02:45:41,-79.511453,43.7726,,,32.977105468655,18.1161832944472,8265.65399215044,1420.63808039505,1
1048436,48325456,3,380,02:45:41,-79.511456,43.772622,,,32.977105468655,2.46087273168575,8268.11486488212,1420.90672561749,1
1048436,48325456,3,381,02:45:41,-79.511458,43.772643,,,32.977105468655,2.34323075219399,8270.45809563432,1421.16252825959,1
1048436,48325456,3,382,02:45:41,-79.51146,43.772665,,,32.977105468655,2.45429981650064,8272.91239545082,1421.43045593893,1
1048436,48325456,3,383,02:45:42,-79.511461,43.772687,,,32.977105468655,2.45034761001789,8275.36274306083,1421.69795216914,1
1048436,48325456,3,384,02:45:42,-79.511461,43.772709,,,32.977105468655,2.44902879580564,8277.81177185664,1421.96530442882,1
1048436,48325456,3,385,02:45:42,-79.51146,43.772731,,,32.977105468655,2.4503476116165,8280.26211946826,1422.23280065921,1
1048436,48325456,3,386,02:45:43,-79.511458,43.772753,,,32.977105468655,2.45429980100512,8282.71641926926,1422.50072833685,1
1048436,48325456,3,387,02:45:43,-79.511455,43.772775,,,32.977105468655,2.46087267062574,8285.17729193989,1422.76937355262,1
1048436,48325456,3,388,02:45:43,-79.511452,43.772796,,,32.977105468655,2.35011425580695,8287.52740619569,1423.02592764373,1
1048436,48325456,3,389,02:45:43,-79.511448,43.772818,,,32.977105468655,2.4700452803252,8289.99745147602,1423.29557420254,1
1048436,48325456,3,390,02:45:44,-79.511442,43.77284,,,32.977105468655,2.49606702111711,8292.49351849714,1423.56806146752,1
1048436,48325456,3,391,02:45:44,-79.511437,43.772865,,,32.977105468655,2.81185911877477,8295.30537761591,1423.87502269664,1
1048436,48325456,3,392,02:45:44,-79.511431,43.772891,,,32.977105468655,2.9342153593351,8298.23959297525,1424.19534114617,1
1048436,48325456,3,393,02:45:45,-79.511425,43.772916,,,32.977105468655,2.82446916758307,8301.06406214283,1424.50367897203,1
1048436,48325456,3,394,02:45:45,-79.511417,43.772941,,,32.977105468655,2.85631633871853,8303.92037848155,1424.81549344675,1
1048436,48325456,3,395,02:45:45,-79.511409,43.772966,,,32.977105468655,2.85631627796745,8306.77669475952,1425.12730791483,1
1048436,48325456,3,396,02:45:45,-79.5114,43.772991,,,32.977105468655,2.8754799086651,8309.65217466818,1425.44121441221,1
1048436,48325456,3,397,02:45:46,-79.511391,43.773015,,,32.977105468655,2.76788273783091,8312.42005740601,1425.74337488732,1
1048436,48325456,3,398,02:45:46,-79.51138,43.77304,,,32.977105468655,2.92007466799914,8315.34013207401,1426.062149645,1
1048436,48325456,3,399,02:45:46,-79.511369,43.773064,,,32.977105468655,2.81418300504578,8318.15431507906,1426.36936456499,1
1048436,48325456,3,400,02:45:47,-79.511357,43.773089,,,32.977105468655,2.94541075916703,8321.09972583822,1426.69090517877,1
1048436,48325456,3,401,02:45:47,-79.511344,43.773112,,,32.977105468655,2.76538265848418,8323.86510849671,1426.9927927286,1
1048436,48325456,3,402,02:45:47,-79.51133,43.773136,,,32.977105468655,2.89900334935112,8326.76411184606,1427.3092672011,1
1048436,48325456,3,403,02:45:48,-79.511316,43.77316,,,32.977105468655,2.89900317483372,8329.66311502089,1427.62574165454,1
1048436,48325456,3,404,02:45:48,-79.511301,43.773183,,,32.977105468655,2.83004770446114,8332.49316272535,1427.93468847056,1
1048436,48325456,3,405,02:45:48,-79.511285,43.773206,,,32.977105468655,2.86521695809561,8335.35837968345,1428.24747459604,1
1048436,48325456,3,406,02:45:53,-79.511048,43.773547,,,32.977105468655,42.4720889065994,8377.83046859005,1432.88401009214,1
1048436,48325456,3,407,02:45:54,-79.510999,43.77363,,,32.977105468655,10.0440027057498,8387.8744712958,1433.9804801803,1
1048436,48325456,3,408,02:45:55,-79.510966,43.773686,,,32.977105468655,6.77477792150408,8394.6492492173,1434.72005996363,1
1048436,48325456,3,409,02:45:55,-79.51096,43.77371,,,32.977105468655,2.7148499917477,8397.36409920905,1435.01643103172,1
1048436,48325456,3,410,02:45:55,-79.510952,43.773734,,,32.977105468655,2.7479669996957,8400.11206620875,1435.3164173725,1
1048436,48325456,3,411,02:45:55,-79.51095,43.773745,,,32.977105468655,1.23502231462493,8401.34708852337,1435.45124061637,1
1048436,48325456,3,412,02:45:56,-79.510946,43.773758,,,32.977105468655,1.48244098711458,8402.82952951049,1435.61307372688,1
1048436,48325456,3,413,02:45:56,-79.510941,43.773782,,,32.977105468655,2.70172858112812,8405.53125809161,1435.90801237458,1
1048436,48325456,3,414,02:45:56,-79.510937,43.773807,,,32.977105468655,2.8014989523767,8408.33275704399,1436.21384261909,1
1048436,48325456,3,415,02:45:56,-79.510936,43.773813,,,32.977105468655,0.672736336099931,8409.00549338009,1436.28728298856,1
1048436,48325456,3,416,02:45:57,-79.510914,43.773881,,,32.977105468655,7.77354026048197,8416.77903364057,1437.13589430663,1
1048436,48325456,3,417,02:45:58,-79.510903,43.773954,,,32.977105468655,8.17428389834154,8424.95331753891,1438.02825346356,1
1048436,48325456,3,418,02:45:59,-79.510905,43.774014,,,32.977105468655,6.68110386387178,8431.63442140279,1438.7576071642,1
1048436,48325456,3,419,02:46:00,-79.510914,43.774075,,,32.977105468655,6.82891557317726,8438.46333697596,1439.50309697339,1
1048436,48325456,3,420,02:46:00,-79.510935,43.77414,,,32.977105468655,7.43005082004991,8445.89338779601,1440.31421070129,1
1048436,48325456,3,421,02:46:01,-79.510967,43.77422,,,32.977105468655,9.26957966450643,8455.16296746052,1441.32613962343,1
1048436,48325456,3,422,02:46:02,-79.510996,43.774297,,,32.977105468655,8.88290908916579,8464.04587654969,1442.29585701574,1
1048436,48325456,3,423,02:46:03,-79.511031,43.774381,,,32.977105468655,9.76488137899432,8473.81075792868,1443.36185636483,1
1048436,48325456,3,424,02:46:04,-79.511066,43.774464,,,32.977105468655,9.65833408832377,8483.469092017,1444.41622430355,1
1048436,48325456,3,425,02:46:05,-79.511081,43.774533,,,32.977105468655,7.77509950200718,8491.24419151901,1445.26500583879,1
1048436,48325456,3,426,02:46:06,-79.511092,43.774602,,,32.977105468655,7.73176744623657,8498.97595896525,1446.10905695882,1
1048436,48325456,3,427,02:46:07,-79.511095,43.774656,,,32.977105468655,6.01608720120008,8504.99204616645,1446.76581302084,1
1048436,48325456,3,428,02:46:08,-79.511079,43.774718,,,32.977105468655,7.02060979308106,8512.01265595953,1447.53222944508,1
1048436,48325456,3,429,02:46:09,-79.510992,43.774815,,,32.977105468655,12.8646560402318,8524.87731199976,1448.93662079741,1
1048436,48325456,3,430,02:46:10,-79.510924,43.774877,,,32.977105468655,8.803988717484,8533.68130071725,1449.89772271744,1
1048436,48325456,3,431,02:46:11,-79.510845,43.774935,,,32.977105468655,9.05589627925418,8542.7371969965,1450.88632454109,1
1048436,48325456,3,432,02:46:12,-79.510773,43.774971,,,32.977105468655,7.03941178742883,8549.77660878393,1451.654793516,1
1048436,48325456,3,433,02:46:13,-79.510683,43.775003,,,32.977105468655,8.063657937485,8557.84026672141,1452.53507600782,1
1048436,48325456,3,434,02:46:14,-79.510572,43.775026,,,32.977105468655,9.28223213092535,8567.12249885234,1453.54838615728,1
1048436,48325456,3,435,02:46:15,-79.510455,43.775041,,,32.977105468655,9.55149613006552,8576.6739949824,1454.59109095443,1
1048436,48325456,3,436,02:46:16,-79.510346,43.775046,,,32.977105468655,8.77903132031301,8585.45302630272,1455.54946835912,1
1048436,48325456,3,437,02:46:16,-79.510261,43.775069,,,32.977105468655,7.29624173258396,8592.7492680353,1456.34597459773,1
1048436,48325456,3,438,02:46:17,-79.510179,43.77506,,,32.977105468655,6.66682909541561,8599.41609713072,1457.07376996978,1
1048436,48325456,3,439,02:46:18,-79.5101,43.775056,,,32.977105468655,6.36557454485114,8605.78167167557,1457.76867839293,1
1048436,48325456,3,440,02:46:18,-79.51005,43.775056,,,32.977105468655,4.01897585436827,8609.80064752993,1458.20741650745,1
1048436,48325456,3,441,02:46:19,-79.509974,43.775062,,,32.977105468655,6.14524822676208,8615.9458957567,1458.87827264543,1
1048436,48325456,3,442,02:46:20,-79.509889,43.775078,,,32.977105468655,7.06060195751241,8623.00649771421,1459.64905488013,1
1048436,48325456,3,443,02:46:20,-79.509809,43.775102,,,32.977105468655,6.96328291987814,8629.96978063409,1460.4092131219,1
1048436,48325456,3,444,02:46:21,-79.509743,43.77513,,,32.977105468655,6.15295294309556,8636.12273357718,1461.08091035791,1
1048436,48325456,3,445,02:46:22,-79.509652,43.775193,,,32.977105468655,10.1334205548128,8646.256154132,1462.18714189276,1
1048436,48325456,3,446,02:46:23,-79.509572,43.775256,,,32.977105468655,9.51489766036578,8655.77105179236,1463.22585135772,1
1048436,48325456,3,447,02:46:24,-79.509517,43.775326,,,32.977105468655,8.95906862106214,8664.73012041342,1464.20388283069,1
1048436,48325456,3,448,02:46:25,-79.509542,43.775388,,,32.977105468655,7.18839068159006,8671.91851109501,1464.9886153318,1
1048436,48325456,3,449,02:46:26,-79.509597,43.775458,,,32.977105468655,8.95906380815842,8680.87757490317,1465.96664627936,1
1048436,48325456,3,450,02:46:27,-79.509662,43.775502,,,32.977105468655,7.16154614550567,8688.03912104868,1466.7484482525,1
1048436,48325456,3,451,02:46:27,-79.50972,43.775526,,,32.977105468655,5.37325149281914,8693.4123725415,1467.33502809628,1
1048436,48325456,3,452,02:46:28,-79.509799,43.77555,,,32.977105468655,6.88908036055777,8700.30145290206,1468.08708589352,1
1048436,48325456,3,453,02:46:28,-79.509815,43.775548,,,32.977105468655,1.30519068988174,8701.60664359194,1468.22956918357,1
1048436,48325456,3,454,02:46:29,-79.509858,43.775542,,,32.977105468655,3.52023583398439,8705.12687942592,1468.61386152282,1
1048436,48325456,3,455,02:46:29,-79.5099,43.775536,,,32.977105468655,3.44135117815021,8708.56823060407,1468.98954228877,1
1048436,48325456,3,456,02:46:29,-79.509941,43.775529,,,32.977105468655,3.38640714850232,8711.95463775257,1469.35922499929,1
1048436,48325456,3,457,02:46:30,-79.509983,43.775522,,,32.977105468655,3.46467883857013,8715.41931659114,1469.73745236769,1
1048436,48325456,3,458,02:46:30,-79.510024,43.775514,,,32.977105468655,3.41374267949722,8718.83305927064,1470.11011920644,1
1048436,48325456,3,459,02:46:30,-79.510066,43.775505,,,32.977105468655,3.52144153162017,8722.35450080226,1470.49454316766,1
1048436,48325456,3,460,02:46:31,-79.510107,43.775496,,,32.977105468655,3.44446076278314,8725.79896156504,1470.87056339654,1
1048436,48325456,3,461,02:46:36,-79.510299,43.77592,,,32.977105468655,49.6584092299857,8775.45737079503,1476.29160537968,1
1048436,48325456,3,462,02:46:47,-79.51067,43.776761,,,32.977105468655,98.2542041562923,8873.71157495132,1487.01768730639,1
1048436,48325456,3,463,02:46:53,-79.5108809983115,43.7772395001941,,,32.977105468655,55.9010741354911,8929.61264908681,1493.12022007959,1
1048436,48325456,3,464,02:46:59,-79.511092,43.777718,,,32.977105468655,55.9010741304756,8985.51372321729,1499.22275285224,1
1048436,48325456,3,465,02:47:09,-79.5100280042529,43.7779570049352,9640,25,32.977105468655,89.562586217961,9075.07630943525,1509,1
1048436,48325456,3,466,02:47:09,-79.5100280042529,43.7779570049352,9640,25,1e-12,0,9075.07630943525,1509,1
1048436,48325456,3,467,02:47:27,-79.508964,43.778196,,,17.5960282986767,89.5625862193808,9164.63889565463,1527.32375493588,1
1048436,48325456,3,468,02:47:44,-79.508664496574,43.777512000391,,,17.5960282986767,79.8572406737311,9244.49613632836,1543.66187746817,1
1048436,48325456,3,469,02:48:00,-79.508365,43.776828,23848,26,17.5960282986767,79.8572406714742,9324.35337699984,1560,1
1048436,48325456,3,470,02:48:00,-79.508365,43.776828,23848,26,1e-12,0,9324.35337699984,1560,1
1048436,48325456,3,471,,-79.508233,43.776528,,,,35.0406998686777,9359.39407686851,,1
1048436,48325456,3,472,,-79.508218,43.776481,,,,5.36913556219566,9364.76321243071,,1
1048436,48325456,3,473,,-79.508225,43.776433,,,,5.37287655584694,9370.13608898656,,1
1048436,48325456,3,474,,-79.508264,43.776394,,,,5.35488639623209,9375.49097538279,,1
1048436,48325456,3,475,,-79.508338,43.77637,,,,6.52042530408065,9382.01140068687,,1
1048436,48325456,3,476,,-79.508528,43.776327,,,,16.0043765813599,9398.01577726823,,1
1048436,48325456,3,477,,-79.508616,43.776457,,,,16.1076381571114,9414.12341542534,,1
1048436,48325456,3,478,,-79.508703,43.776529,,,,10.6367395710797,9424.76015499642,,1
1048436,48325456,3,479,,-79.508834,43.776584,,,,12.1801173345448,9436.94027233096,,1
1048436,48325456,3,480,,-79.509068,43.776657,,,,20.4887733295697,9457.42904566053,,1
