shape_id,trip_id,route_type,id,timestamp,shape_pt_lon,shape_pt_lat,stop_id,stop_sequence,speed,dist,cumdist,cumtime,trip_number
1048715,48331555,3,1,,-79.49517,43.676261,,,1e-12,0,0,0,1
1048715,48331555,3,2,01:23:00,-79.495336,43.676255,8280,1,,13.3817038202589,13.3817038202589,,1
1048715,48331555,3,3,01:23:00,-79.495336,43.676255,8280,1,1e-12,0,13.3817038202589,0,1
1048715,48331555,3,4,01:23:02,-79.495461,43.676234,,,18.1982588069624,10.3319659983194,23.7136698185783,2.04388112008384,1
1048715,48331555,3,5,01:23:06,-79.495698,43.676194,,,18.1982588069624,19.5940615640188,43.3077313825971,5.92000038944386,1
1048715,48331555,3,6,01:23:18,-79.495918998083,43.6767145002129,,,18.1982588069624,60.6122478316829,103.91997921428,17.9103833435854,1
1048715,48331555,3,7,01:23:30,-79.49614,43.677235,,,18.1982588069624,60.6122478329663,164.532227047246,29.9007662979809,1
1048715,48331555,3,8,01:23:42,-79.496366,43.677771,,,18.1982588069624,62.3799020760391,226.912129123285,42.2408286004152,1
1048715,48331555,3,9,01:23:48,-79.496492,43.67802,,,18.1982588069624,29.516507263052,256.428636386337,48.0798172242243,1
1048715,48331555,3,10,01:23:59,-79.4966734986191,43.6784765001436,,,18.1982588069624,52.8765139492095,309.305150335547,58.5399086118865,1
1048715,48331555,3,11,01:24:09,-79.496855,43.678933,7326,2,18.1982588069624,52.8765139514913,362.181664287038,69,1
1048715,48331555,3,12,01:24:09,-79.496855,43.678933,7326,2,1e-12,0,362.181664287038,69,1
1048715,48331555,3,13,01:24:25,-79.497215,43.679759,,,21.6945639150992,96.4095038654741,458.591168152512,84.9982111313216,1
1048715,48331555,3,14,01:24:41,-79.497553,43.680575,,,21.6945639150992,94.8249145780943,553.416082730607,100.733475219463,1
1048715,48331555,3,15,01:24:51,-79.49773,43.681088,,,21.6945639150992,58.857864421589,612.273947152196,110.500360267115,1
1048715,48331555,3,16,01:24:55,-79.497394,43.681105,666,3,21.6945639150992,27.1160338277767,639.389980979972,115,1
1048715,48331555,3,17,01:24:55,-79.497394,43.681105,666,3,1e-12,0,639.389980979972,115,1
1048715,48331555,3,18,01:24:59,-79.497148,43.681113,,,17.8126176809101,19.8244121424784,659.214393122451,119.006591562868,1
1048715,48331555,3,19,01:25:00,-79.4971,43.681115,,,17.8126176809101,3.87068101532779,663.085074137779,119.788871399824,1
1048715,48331555,3,20,01:25:05,-79.496798,43.681125,,,17.8126176809101,24.3381845628913,687.42325870067,124.707714098632,1
1048715,48331555,3,21,01:25:10,-79.496499,43.681141,,,17.8126176809101,24.1369964093134,711.560255109983,129.585895881349,1
1048715,48331555,3,22,01:25:11,-79.496401,43.681156,,,17.8126176809101,8.06431897227783,719.624574082261,131.215726421715,1
1048715,48331555,3,23,01:25:20,-79.495899,43.681271,,,17.8126176809101,42.3929073017394,762.017481384,139.783499503704,1
1048715,48331555,3,24,01:25:22,-79.495771,43.681309,,,17.8126176809101,11.1391592560763,773.156640640077,142.034767343178,1
1048715,48331555,3,25,01:25:24,-79.495649,43.681359,,,17.8126176809101,11.28915497766,784.445795617737,144.316349907156,1
1048715,48331555,3,26,01:25:26,-79.495574,43.681399,,,17.8126176809101,7.50223138056888,791.948026998306,145.832580337397,1
1048715,48331555,3,27,01:25:28,-79.495448,43.681449,,,17.8126176809101,11.5703923711105,803.518419369416,148.171002083272,1
1048715,48331555,3,28,01:25:36,-79.495062,43.681692,,,17.8126176809101,41.1993912371567,844.717810606573,156.497560880563,1
1048715,48331555,3,29,01:25:44,-79.494618,43.681782,1628,4,17.8126176809101,37.1216888080091,881.839499414582,164,1
1048715,48331555,3,30,01:25:44,-79.494618,43.681782,1628,4,1e-12,0,881.839499414582,164,1
1048715,48331555,3,31,01:25:53,-79.493725,43.681994,,,28.7914612073071,75.6651325827681,957.50463199735,173.460946609713,1
1048715,48331555,3,32,01:26:04,-79.4927235038395,43.6822240043718,,,28.7914612073071,84.5926743211646,1042.09730631851,184.038166896084,1
1048715,48331555,3,33,01:26:15,-79.491722,43.682454,,,28.7914612073071,84.5926743216879,1126.6899806402,194.615387182521,1
1048715,48331555,3,34,01:26:26,-79.491373,43.681676,7991,5,28.7914612073071,91.0498995262955,1217.7398801665,206,1
1048715,48331555,3,35,01:26:26,-79.491373,43.681676,7991,5,1e-12,0,1217.7398801665,206,1
1048715,48331555,3,36,01:26:30,-79.491302,43.681474,,,20.08208380167,23.2016249655674,1240.94150513207,210.159222255068,1
1048715,48331555,3,37,01:26:43,-79.4910394972917,43.6808550003003,,,20.08208380167,72.0745366912937,1313.01604182336,223.079611127615,1
1048715,48331555,3,38,01:26:56,-79.490777,43.680236,1956,6,20.08208380167,72.074536690389,1385.09057851375,236,1
1048715,48331555,3,39,01:26:56,-79.490777,43.680236,1956,6,1e-12,0,1385.09057851375,236,1
1048715,48331555,3,40,01:27:06,-79.49057,43.679788,,,18.2423798607674,52.5818544633242,1437.67243297707,246.376643700698,1
1048715,48331555,3,41,01:27:22,-79.490282,43.679108,8364,7,18.2423798607674,79.1686667533291,1516.8410997304,262,1
1048715,48331555,3,42,01:27:22,-79.490282,43.679108,8364,7,1e-12,0,1516.8410997304,262,1
1048715,48331555,3,43,01:27:34,-79.489968,43.678366,,,25.0335091429597,86.3809736591727,1603.22207338957,274.422209902621,1
1048715,48331555,3,44,01:27:47,-79.4896639962864,43.6776330004028,,,25.0335091429597,85.1888120377128,1688.41088542729,286.672978326033,1
1048715,48331555,3,45,01:27:59,-79.48936,43.6769,,,25.0335091429597,85.1888120401875,1773.59969746747,298.923746749801,1
1048715,48331555,3,46,01:28:07,-79.4886928864699,43.6770473885788,3880,8,25.0335091429597,56.1602665499238,1829.7599640174,307,1
1048715,48331555,3,47,01:28:07,-79.4886928864699,43.6770473885788,3880,8,1e-12,0,1829.7599640174,307,1
1048715,48331555,3,48,01:28:18,-79.4880257696625,43.6771947732781,,,17.8391434921514,56.1602665499761,1885.92023056737,318.333333333457,1
1048715,48331555,3,49,01:28:30,-79.487358649578,43.6773421540977,,,17.8391434921514,56.1602665485867,1942.08049711596,329.666666666633,1
1048715,48331555,3,50,01:28:41,-79.4866915262164,43.6774895310377,6233,9,17.8391434921514,56.1602665495339,1998.24076366549,341,1
1048715,48331555,3,51,01:28:41,-79.4866915262164,43.6774895310377,6233,9,1e-12,0,1998.24076366549,341,1
1048715,48331555,3,52,01:28:52,-79.4860243995777,43.6776369040979,,,19.2225590636494,56.1602665501716,2054.40103021567,351.517692202749,1
1048715,48331555,3,53,01:29:02,-79.4853572696621,43.6777842732784,,,19.2225590636494,56.1602665505665,2110.56129676623,362.035384405571,1
1048715,48331555,3,54,01:29:13,-79.4846901364695,43.6779316385791,,,19.2225590636494,56.1602665482794,2166.72156331451,372.553076607965,1
1048715,48331555,3,55,01:29:23,-79.484023,43.678079,,,19.2225590636494,56.1602665496137,2222.88182986413,383.070768810609,1
1048715,48331555,3,56,01:29:25,-79.483894,43.678113,,,19.2225590636494,11.0539177478796,2233.93574761201,385.140946031061,1
1048715,48331555,3,57,01:29:27,-79.483815,43.67816,,,19.2225590636494,8.23571221216527,2242.17145982417,386.68332984508,1
1048715,48331555,3,58,01:29:29,-79.483723,43.678249,3703,10,19.2225590636494,12.3700913566492,2254.54155118082,389,1
1048715,48331555,3,59,01:29:29,-79.483723,43.678249,3703,10,1e-12,0,2254.54155118082,389,1
1048715,48331555,3,60,01:29:38,-79.4840314962698,43.6789745004148,,,35.7861516399654,84.4950802611915,2339.03663144201,397.500000000016,1
1048715,48331555,3,61,01:29:46,-79.48434,43.6797,2343,11,35.7861516399654,84.4950802608676,2423.53171170288,406,1
1048715,48331555,3,62,01:29:46,-79.48434,43.6797,2343,11,1e-12,0,2423.53171170288,406,1
1048715,48331555,3,63,01:29:52,-79.48398,43.67981,,,19.3431088070701,31.4633206392489,2454.99503234213,411.855726472463,1
1048715,48331555,3,64,01:29:53,-79.483891,43.679847,,,19.3431088070701,8.26463508388966,2463.25966742602,413.39388078875,1
1048715,48331555,3,65,01:29:55,-79.483845,43.679895,,,19.3431088070701,6.5012266192842,2469.7608940453,414.603842230981,1
1048715,48331555,3,66,01:29:58,-79.483756,43.680025,,,19.3431088070701,16.1482064240623,2485.90910046936,417.609230026006,1
1048715,48331555,3,67,01:30:09,-79.4834155027298,43.6805060005054,,,19.3431088070701,60.1537638708827,2546.06286434025,428.804615012727,1
1048715,48331555,3,68,01:30:20,-79.483075,43.680987,9343,12,19.3431088070701,60.1537638738498,2606.2166282141,440,1
1048715,48331555,3,69,01:30:20,-79.483075,43.680987,9343,12,1e-12,0,2606.2166282141,440,1
1048715,48331555,3,70,01:30:35,-79.482128,43.680625,6916,13,20.6961944883523,86.2341437014681,2692.45077191556,455,1
1048715,48331555,3,71,01:30:35,-79.482128,43.680625,6916,13,1e-12,0,2692.45077191556,455,1
1048715,48331555,3,72,01:30:45,-79.4817862581641,43.6811027515272,,,20.8870469225394,59.8778985685364,2752.3286704841,465.320292554814,1
1048715,48331555,3,73,01:30:56,-79.4814445108856,43.6815805020363,,,20.8870469225394,59.8778985656165,2812.20656904972,475.640585109125,1
1048715,48331555,3,74,01:31:06,-79.4811027581643,43.6820582515272,,,20.8870469225394,59.8778985673715,2872.08446761709,485.960877663738,1
1048715,48331555,3,75,01:31:16,-79.480761,43.682536,,,20.8870469225394,59.8778985656295,2931.96236618272,496.28117021805,1
1048715,48331555,3,76,01:31:16,-79.480755,43.682544,,,20.8870469225394,1.01311435502881,2932.97548053775,496.455786174611,1
1048715,48331555,3,77,01:31:25,-79.480458,43.682932,,,20.8870469225394,49.3681245454062,2982.34360508315,504.964660072514,1
1048715,48331555,3,78,01:31:28,-79.480351,43.683071,,,20.8870469225394,17.7094488354727,3000.05305391863,508.016983172286,1
1048715,48331555,3,79,01:31:29,-79.480308,43.683129,,,20.8870469225394,7.32595835145886,3007.37901227009,509.279653293297,1
1048715,48331555,3,80,01:31:31,-79.480278,43.683216,9328,14,20.8870469225394,9.98137844053713,3017.36039071062,511,1
1048715,48331555,3,81,01:31:31,-79.480278,43.683216,9328,14,1e-12,0,3017.36039071062,511,1
1048715,48331555,3,82,01:31:32,-79.480272,43.683273,,,20.9723085501106,6.36356877794717,3023.72395948857,512.092337905762,1
1048715,48331555,3,83,01:31:34,-79.480296,43.683352,,,20.9723085501106,9.00397303412058,3032.72793252269,513.637914199634,1
1048715,48331555,3,84,01:31:38,-79.479982,43.68331,,,20.9723085501106,25.7065988629148,3058.4345313856,518.050578436638,1
1048715,48331555,3,85,01:31:38,-79.479961,43.683307,,,20.9723085501106,1.72322743537727,3060.15775882098,518.346378908605,1
1048715,48331555,3,86,01:31:41,-79.479811,43.683256,,,20.9723085501106,13.3434379408429,3073.50119676183,520.636845714978,1
1048715,48331555,3,87,01:31:44,-79.479592,43.683182,,,20.9723085501106,19.4597039476093,3092.96090070943,523.977199689077,1
1048715,48331555,3,88,01:31:47,-79.479397,43.683125,,,20.9723085501106,16.9319589444415,3109.89285965388,526.883653790415,1
1048715,48331555,3,89,01:31:51,-79.479081,43.68305,,,20.9723085501106,26.7739755456897,3136.66683519957,531.47953848924,1
1048715,48331555,3,90,01:31:54,-79.478914,43.682991,,,20.9723085501106,14.9625655226573,3151.62940072222,534.047936515278,1
1048715,48331555,3,91,01:31:56,-79.478767,43.682922,,,20.9723085501106,14.1082010061697,3165.73760172839,536.469678666403,1
1048715,48331555,3,92,01:31:58,-79.478658,43.682878,,,20.9723085501106,10.0493333683409,3175.78693509673,538.19469620749,1
1048715,48331555,3,93,01:32:05,-79.47823,43.682678,,,20.9723085501106,41.022688525238,3216.80962362197,545.236442629349,1
1048715,48331555,3,94,01:32:09,-79.478025,43.682554,,,20.9723085501106,21.5150446451615,3238.32466826713,548.929605951713,1
1048715,48331555,3,95,01:32:13,-79.477807,43.682411,,,20.9723085501106,23.6939110347456,3262.01857930188,552.996782415443,1
1048715,48331555,3,96,01:32:17,-79.477581,43.682262,,,20.9723085501106,24.6197870161519,3286.63836631803,557.222890049058,1
1048715,48331555,3,97,01:32:21,-79.477364,43.682108,,,20.9723085501106,24.4759070848388,3311.11427340287,561.424299984205,1
1048715,48331555,3,98,01:32:27,-79.477099,43.68191,,,20.9723085501106,30.6747993575873,3341.78907276046,566.689780292368,1
1048715,48331555,3,99,01:32:34,-79.476741,43.681602,,,20.9723085501106,44.7905308427057,3386.57960360316,574.378295395437,1
1048715,48331555,3,100,01:32:42,-79.476402,43.681263,,,20.9723085501106,46.5716478593678,3433.15125146253,582.372548002064,1
1048715,48331555,3,101,01:32:45,-79.476571,43.6812,882,15,20.9723085501106,15.3065927781424,3448.45784424067,585,1
1048715,48331555,3,102,01:32:45,-79.476571,43.6812,882,15,1e-12,0,3448.45784424067,585,1
1048715,48331555,3,103,,-79.476638,43.681183,,,,5.71621985632786,3454.174064097,,1
1048715,48331555,3,104,,-79.476705,43.681174,,,,5.48613160836885,3459.66019570537,,1
1048715,48331555,3,105,,-79.476774,43.681177,,,,5.56491599479478,3465.22511170016,,1
1048715,48331555,3,106,,-79.476819,43.681188,,,,3.82410303371704,3469.04921473388,,1
1048715,48331555,3,107,,-79.476853,43.681204,,,,3.26566460621674,3472.3148793401,,1
1048715,48331555,3,108,,-79.476878,43.681222,,,,2.84002322985628,3475.15490256995,,1
1048715,48331555,3,109,,-79.476896,43.68125,,,,3.43733029760789,3478.59223286756,,1
1048715,48331555,3,110,,-79.476907,43.681276,,,,3.02675216020581,3481.61898502777,,1
1048715,48331555,3,111,,-79.476909,43.681306,,,,3.34346386656183,3484.96244889433,,1
1048715,48331555,3,112,,-79.476896,43.681342,,,,4.14190520978394,3489.10435410411,,1
1048715,48331555,3,113,,-79.476875,43.681387,,,,5.28696779931949,3494.39132190343,,1
1048715,48331555,3,114,,-79.476852,43.681425,,,,4.61763929218497,3499.00896119562,,1
1048715,48331555,3,115,,-79.476825,43.681461,,,,4.55903354342404,3503.56799473904,,1
1048715,48331555,3,116,,-79.476811,43.6815,,,,4.48537276921477,3508.05336750826,,1
1048715,48331554,3,1,,-79.49517,43.676261,,,1e-12,0,0,0,2
1048715,48331554,3,2,01:43:00,-79.495336,43.676255,8280,1,,13.3817038202589,13.3817038202589,,2
1048715,48331554,3,3,01:43:00,-79.495336,43.676255,8280,1,1e-12,0,13.3817038202589,0,2
1048715,48331554,3,4,01:43:02,-79.495461,43.676234,,,18.1982588069624,10.3319659983194,23.7136698185783,2.04388112008384,2
1048715,48331554,3,5,01:43:06,-79.495698,43.676194,,,18.1982588069624,19.5940615640188,43.3077313825971,5.92000038944386,2
1048715,48331554,3,6,01:43:18,-79.495918998083,43.6767145002129,,,18.1982588069624,60.6122478316829,103.91997921428,17.9103833435854,2
1048715,48331554,3,7,01:43:30,-79.49614,43.677235,,,18.1982588069624,60.6122478329663,164.532227047246,29.9007662979809,2
1048715,48331554,3,8,01:43:42,-79.496366,43.677771,,,18.1982588069624,62.3799020760391,226.912129123285,42.2408286004152,2
1048715,48331554,3,9,01:43:48,-79.496492,43.67802,,,18.1982588069624,29.516507263052,256.428636386337,48.0798172242243,2
1048715,48331554,3,10,01:43:59,-79.4966734986191,43.6784765001436,,,18.1982588069624,52.8765139492095,309.305150335547,58.5399086118865,2
1048715,48331554,3,11,01:44:09,-79.496855,43.678933,7326,2,18.1982588069624,52.8765139514913,362.181664287038,69,2
1048715,48331554,3,12,01:44:09,-79.496855,43.678933,7326,2,1e-12,0,362.181664287038,69,2
1048715,48331554,3,13,01:44:25,-79.497215,43.679759,,,21.6945639150992,96.4095038654741,458.591168152512,84.9982111313216,2
1048715,48331554,3,14,01:44:41,-79.497553,43.680575,,,21.6945639150992,94.8249145780943,553.416082730607,100.733475219463,2
1048715,48331554,3,15,01:44:51,-79.49773,43.681088,,,21.6945639150992,58.857864421589,612.273947152196,110.500360267115,2
1048715,48331554,3,16,01:44:55,-79.497394,43.681105,666,3,21.6945639150992,27.1160338277767,639.389980979972,115,2
1048715,48331554,3,17,01:44:55,-79.497394,43.681105,666,3,1e-12,0,639.389980979972,115,2
1048715,48331554,3,18,01:44:59,-79.497148,43.681113,,,17.8126176809101,19.8244121424784,659.214393122451,119.006591562868,2
1048715,48331554,3,19,01:45:00,-79.4971,43.681115,,,17.8126176809101,3.87068101532779,663.085074137779,119.788871399824,2
1048715,48331554,3,20,01:45:05,-79.496798,43.681125,,,17.8126176809101,24.3381845628913,687.42325870067,124.707714098632,2
1048715,48331554,3,21,01:45:10,-79.496499,43.681141,,,17.8126176809101,24.1369964093134,711.560255109983,129.585895881349,2
1048715,48331554,3,22,01:45:11,-79.496401,43.681156,,,17.8126176809101,8.06431897227783,719.624574082261,131.215726421715,2
1048715,48331554,3,23,01:45:20,-79.495899,43.681271,,,17.8126176809101,42.3929073017394,762.017481384,139.783499503704,2
1048715,48331554,3,24,01:45:22,-79.495771,43.681309,,,17.8126176809101,11.1391592560763,773.156640640077,142.034767343178,2
1048715,48331554,3,25,01:45:24,-79.495649,43.681359,,,17.8126176809101,11.28915497766,784.445795617737,144.316349907156,2
1048715,48331554,3,26,01:45:26,-79.495574,43.681399,,,17.8126176809101,7.50223138056888,791.948026998306,145.832580337397,2
1048715,48331554,3,27,01:45:28,-79.495448,43.681449,,,17.8126176809101,11.5703923711105,803.518419369416,148.171002083272,2
1048715,48331554,3,28,01:45:36,-79.495062,43.681692,,,17.8126176809101,41.1993912371567,844.717810606573,156.497560880563,2
1048715,48331554,3,29,01:45:44,-79.494618,43.681782,1628,4,17.8126176809101,37.1216888080091,881.839499414582,164,2
1048715,48331554,3,30,01:45:44,-79.494618,43.681782,1628,4,1e-12,0,881.839499414582,164,2
1048715,48331554,3,31,01:45:53,-79.493725,43.681994,,,28.7914612073071,75.6651325827681,957.50463199735,173.460946609713,2
1048715,48331554,3,32,01:46:04,-79.4927235038395,43.6822240043718,,,28.7914612073071,84.5926743211646,1042.09730631851,184.038166896084,2
1048715,48331554,3,33,01:46:15,-79.491722,43.682454,,,28.7914612073071,84.5926743216879,1126.6899806402,194.615387182521,2
1048715,48331554,3,34,01:46:26,-79.491373,43.681676,7991,5,28.7914612073071,91.0498995262955,1217.7398801665,206,2
1048715,48331554,3,35,01:46:26,-79.491373,43.681676,7991,5,1e-12,0,1217.7398801665,206,2
1048715,48331554,3,36,01:46:30,-79.491302,43.681474,,,20.08208380167,23.2016249655674,1240.94150513207,210.159222255068,2
1048715,48331554,3,37,01:46:43,-79.4910394972917,43.6808550003003,,,20.08208380167,72.0745366912937,1313.01604182336,223.079611127615,2
1048715,48331554,3,38,01:46:56,-79.490777,43.680236,1956,6,20.08208380167,72.074536690389,1385.09057851375,236,2
1048715,48331554,3,39,01:46:56,-79.490777,43.680236,1956,6,1e-12,0,1385.09057851375,236,2
1048715,48331554,3,40,01:47:06,-79.49057,43.679788,,,18.2423798607674,52.5818544633242,1437.67243297707,246.376643700698,2
1048715,48331554,3,41,01:47:22,-79.490282,43.679108,8364,7,18.2423798607674,79.1686667533291,1516.8410997304,262,2
1048715,48331554,3,42,01:47:22,-79.490282,43.679108,8364,7,1e-12,0,1516.8410997304,262,2
1048715,48331554,3,43,01:47:34,-79.489968,43.678366,,,25.0335091429597,86.3809736591727,1603.22207338957,274.422209902621,2
1048715,48331554,3,44,01:47:47,-79.4896639962864,43.6776330004028,,,25.0335091429597,85.1888120377128,1688.41088542729,286.672978326033,2
1048715,48331554,3,45,01:47:59,-79.48936,43.6769,,,25.0335091429597,85.1888120401875,1773.59969746747,298.923746749801,2
1048715,48331554,3,46,01:48:07,-79.4886928864699,43.6770473885788,3880,8,25.0335091429597,56.1602665499238,1829.7599640174,307,2
1048715,48331554,3,47,01:48:07,-79.4886928864699,43.6770473885788,3880,8,1e-12,0,1829.7599640174,307,2
1048715,48331554,3,48,01:48:18,-79.4880257696625,43.6771947732781,,,17.8391434921514,56.1602665499761,1885.92023056737,318.333333333457,2
1048715,48331554,3,49,01:48:30,-79.487358649578,43.6773421540977,,,17.8391434921514,56.1602665485867,1942.08049711596,329.666666666633,2
1048715,48331554,3,50,01:48:41,-79.4866915262164,43.6774895310377,6233,9,17.8391434921514,56.1602665495339,1998.24076366549,341,2
1048715,48331554,3,51,01:48:41,-79.4866915262164,43.6774895310377,6233,9,1e-12,0,1998.24076366549,341,2
1048715,48331554,3,52,01:48:52,-79.4860243995777,43.6776369040979,,,19.2225590636494,56.1602665501716,2054.40103021567,351.517692202749,2
1048715,48331554,3,53,01:49:02,-79.4853572696621,43.6777842732784,,,19.2225590636494,56.1602665505665,2110.56129676623,362.035384405571,2
1048715,48331554,3,54,01:49:13,-79.4846901364695,43.6779316385791,,,19.2225590636494,56.1602665482794,2166.72156331451,372.553076607965,2
1048715,48331554,3,55,01:49:23,-79.484023,43.678079,,,19.2225590636494,56.1602665496137,2222.88182986413,383.070768810609,2
1048715,48331554,3,56,01:49:25,-79.483894,43.678113,,,19.2225590636494,11.0539177478796,2233.93574761201,385.140946031061,2
1048715,48331554,3,57,01:49:27,-79.483815,43.67816,,,19.2225590636494,8.23571221216527,2242.17145982417,386.68332984508,2
1048715,48331554,3,58,01:49:29,-79.483723,43.678249,3703,10,19.2225590636494,12.3700913566492,2254.54155118082,389,2
1048715,48331554,3,59,01:49:29,-79.483723,43.678249,3703,10,1e-12,0,2254.54155118082,389,2
1048715,48331554,3,60,01:49:38,-79.4840314962698,43.6789745004148,,,35.7861516399654,84.4950802611915,2339.03663144201,397.500000000016,2
1048715,48331554,3,61,01:49:46,-79.48434,43.6797,2343,11,35.7861516399654,84.4950802608676,2423.53171170288,406,2
1048715,48331554,3,62,01:49:46,-79.48434,43.6797,2343,11,1e-12,0,2423.53171170288,406,2
1048715,48331554,3,63,01:49:52,-79.48398,43.67981,,,19.3431088070701,31.4633206392489,2454.99503234213,411.855726472463,2
1048715,48331554,3,64,01:49:53,-79.483891,43.679847,,,19.3431088070701,8.26463508388966,2463.25966742602,413.39388078875,2
1048715,48331554,3,65,01:49:55,-79.483845,43.679895,,,19.3431088070701,6.5012266192842,2469.7608940453,414.603842230981,2
1048715,48331554,3,66,01:49:58,-79.483756,43.680025,,,19.3431088070701,16.1482064240623,2485.90910046936,417.609230026006,2
1048715,48331554,3,67,01:50:09,-79.4834155027298,43.6805060005054,,,19.3431088070701,60.1537638708827,2546.06286434025,428.804615012727,2
1048715,48331554,3,68,01:50:20,-79.483075,43.680987,9343,12,19.3431088070701,60.1537638738498,2606.2166282141,440,2
1048715,48331554,3,69,01:50:20,-79.483075,43.680987,9343,12,1e-12,0,2606.2166282141,440,2
1048715,48331554,3,70,01:50:35,-79.482128,43.680625,6916,13,20.6961944883523,86.2341437014681,2692.45077191556,455,2
1048715,48331554,3,71,01:50:35,-79.482128,43.680625,6916,13,1e-12,0,2692.45077191556,455,2
1048715,48331554,3,72,01:50:45,-79.4817862581641,43.6811027515272,,,20.8870469225394,59.8778985685364,2752.3286704841,465.320292554814,2
1048715,48331554,3,73,01:50:56,-79.4814445108856,43.6815805020363,,,20.8870469225394,59.8778985656165,2812.20656904972,475.640585109125,2
1048715,48331554,3,74,01:51:06,-79.4811027581643,43.6820582515272,,,20.8870469225394,59.8778985673715,2872.08446761709,485.960877663738,2
1048715,48331554,3,75,01:51:16,-79.480761,43.682536,,,20.8870469225394,59.8778985656295,2931.96236618272,496.28117021805,2
1048715,48331554,3,76,01:51:16,-79.480755,43.682544,,,20.8870469225394,1.01311435502881,2932.97548053775,496.455786174611,2
1048715,48331554,3,77,01:51:25,-79.480458,43.682932,,,20.8870469225394,49.3681245454062,2982.34360508315,504.964660072514,2
1048715,48331554,3,78,01:51:28,-79.480351,43.683071,,,20.8870469225394,17.7094488354727,3000.05305391863,508.016983172286,2
1048715,48331554,3,79,01:51:29,-79.480308,43.683129,,,20.8870469225394,7.32595835145886,3007.37901227009,509.279653293297,2
1048715,48331554,3,80,01:51:31,-79.480278,43.683216,9328,14,20.8870469225394,9.98137844053713,3017.36039071062,511,2
1048715,48331554,3,81,01:51:31,-79.480278,43.683216,9328,14,1e-12,0,3017.36039071062,511,2
1048715,48331554,3,82,01:51:32,-79.480272,43.683273,,,20.9723085501106,6.36356877794717,3023.72395948857,512.092337905762,2
1048715,48331554,3,83,01:51:34,-79.480296,43.683352,,,20.9723085501106,9.00397303412058,3032.72793252269,513.637914199634,2
1048715,48331554,3,84,01:51:38,-79.479982,43.68331,,,20.9723085501106,25.7065988629148,3058.4345313856,518.050578436638,2
1048715,48331554,3,85,01:51:38,-79.479961,43.683307,,,20.9723085501106,1.72322743537727,3060.15775882098,518.346378908605,2
1048715,48331554,3,86,01:51:41,-79.479811,43.683256,,,20.9723085501106,13.3434379408429,3073.50119676183,520.636845714978,2
1048715,48331554,3,87,01:51:44,-79.479592,43.683182,,,20.9723085501106,19.4597039476093,3092.96090070943,523.977199689077,2
1048715,48331554,3,88,01:51:47,-79.479397,43.683125,,,20.9723085501106,16.9319589444415,3109.89285965388,526.883653790415,2
1048715,48331554,3,89,01:51:51,-79.479081,43.68305,,,20.9723085501106,26.7739755456897,3136.66683519957,531.47953848924,2
1048715,48331554,3,90,01:51:54,-79.478914,43.682991,,,20.9723085501106,14.9625655226573,3151.62940072222,534.047936515278,2
1048715,48331554,3,91,01:51:56,-79.478767,43.682922,,,20.9723085501106,14.1082010061697,3165.73760172839,536.469678666403,2
1048715,48331554,3,92,01:51:58,-79.478658,43.682878,,,20.9723085501106,10.0493333683409,3175.78693509673,538.19469620749,2
1048715,48331554,3,93,01:52:05,-79.47823,43.682678,,,20.9723085501106,41.022688525238,3216.80962362197,545.236442629349,2
1048715,48331554,3,94,01:52:09,-79.478025,43.682554,,,20.9723085501106,21.5150446451615,3238.32466826713,548.929605951713,2
1048715,48331554,3,95,01:52:13,-79.477807,43.682411,,,20.9723085501106,23.6939110347456,3262.01857930188,552.996782415443,2
1048715,48331554,3,96,01:52:17,-79.477581,43.682262,,,20.9723085501106,24.6197870161519,3286.63836631803,557.222890049058,2
1048715,48331554,3,97,01:52:21,-79.477364,43.682108,,,20.9723085501106,24.4759070848388,3311.11427340287,561.424299984205,2
1048715,48331554,3,98,01:52:27,-79.477099,43.68191,,,20.9723085501106,30.6747993575873,3341.78907276046,566.689780292368,2
1048715,48331554,3,99,01:52:34,-79.476741,43.681602,,,20.9723085501106,44.7905308427057,3386.57960360316,574.378295395437,2
1048715,48331554,3,100,01:52:42,-79.476402,43.681263,,,20.9723085501106,46.5716478593678,3433.15125146253,582.372548002064,2
1048715,48331554,3,101,01:52:45,-79.476571,43.6812,882,15,20.9723085501106,15.3065927781424,3448.45784424067,585,2
1048715,48331554,3,102,01:52:45,-79.476571,43.6812,882,15,1e-12,0,3448.45784424067,585,2
1048715,48331554,3,103,,-79.476638,43.681183,,,,5.71621985632786,3454.174064097,,2
1048715,48331554,3,104,,-79.476705,43.681174,,,,5.48613160836885,3459.66019570537,,2
1048715,48331554,3,105,,-79.476774,43.681177,,,,5.56491599479478,3465.22511170016,,2
1048715,48331554,3,106,,-79.476819,43.681188,,,,3.82410303371704,3469.04921473388,,2
1048715,48331554,3,107,,-79.476853,43.681204,,,,3.26566460621674,3472.3148793401,,2
1048715,48331554,3,108,,-79.476878,43.681222,,,,2.84002322985628,3475.15490256995,,2
1048715,48331554,3,109,,-79.476896,43.68125,,,,3.43733029760789,3478.59223286756,,2
1048715,48331554,3,110,,-79.476907,43.681276,,,,3.02675216020581,3481.61898502777,,2
1048715,48331554,3,111,,-79.476909,43.681306,,,,3.34346386656183,3484.96244889433,,2
1048715,48331554,3,112,,-79.476896,43.681342,,,,4.14190520978394,3489.10435410411,,2
1048715,48331554,3,113,,-79.476875,43.681387,,,,5.28696779931949,3494.39132190343,,2
1048715,48331554,3,114,,-79.476852,43.681425,,,,4.61763929218497,3499.00896119562,,2
1048715,48331554,3,115,,-79.476825,43.681461,,,,4.55903354342404,3503.56799473904,,2
1048715,48331554,3,116,,-79.476811,43.6815,,,,4.48537276921477,3508.05336750826,,2
1048715,48331553,3,1,,-79.49517,43.676261,,,1e-12,0,0,0,3
1048715,48331553,3,2,02:03:00,-79.495336,43.676255,8280,1,,13.3817038202589,13.3817038202589,,3
1048715,48331553,3,3,02:03:00,-79.495336,43.676255,8280,1,1e-12,0,13.3817038202589,0,3
1048715,48331553,3,4,02:03:02,-79.495461,43.676234,,,18.1982588069624,10.3319659983194,23.7136698185783,2.04388112008384,3
1048715,48331553,3,5,02:03:06,-79.495698,43.676194,,,18.1982588069624,19.5940615640188,43.3077313825971,5.92000038944386,3
1048715,48331553,3,6,02:03:18,-79.495918998083,43.6767145002129,,,18.1982588069624,60.6122478316829,103.91997921428,17.9103833435854,3
1048715,48331553,3,7,02:03:30,-79.49614,43.677235,,,18.1982588069624,60.6122478329663,164.532227047246,29.9007662979809,3
1048715,48331553,3,8,02:03:42,-79.496366,43.677771,,,18.1982588069624,62.3799020760391,226.912129123285,42.2408286004152,3
1048715,48331553,3,9,02:03:48,-79.496492,43.67802,,,18.1982588069624,29.516507263052,256.428636386337,48.0798172242243,3
1048715,48331553,3,10,02:03:59,-79.4966734986191,43.6784765001436,,,18.1982588069624,52.8765139492095,309.305150335547,58.5399086118865,3
1048715,48331553,3,11,02:04:09,-79.496855,43.678933,7326,2,18.1982588069624,52.8765139514913,362.181664287038,69,3
1048715,48331553,3,12,02:04:09,-79.496855,43.678933,7326,2,1e-12,0,362.181664287038,69,3
1048715,48331553,3,13,02:04:25,-79.497215,43.679759,,,21.6945639150992,96.4095038654741,458.591168152512,84.9982111313216,3
1048715,48331553,3,14,02:04:41,-79.497553,43.680575,,,21.6945639150992,94.8249145780943,553.416082730607,100.733475219463,3
1048715,48331553,3,15,02:04:51,-79.49773,43.681088,,,21.6945639150992,58.857864421589,612.273947152196,110.500360267115,3
1048715,48331553,3,16,02:04:55,-79.497394,43.681105,666,3,21.6945639150992,27.1160338277767,639.389980979972,115,3
1048715,48331553,3,17,02:04:55,-79.497394,43.681105,666,3,1e-12,0,639.389980979972,115,3
1048715,48331553,3,18,02:04:59,-79.497148,43.681113,,,17.8126176809101,19.8244121424784,659.214393122451,119.006591562868,3
1048715,48331553,3,19,02:05:00,-79.4971,43.681115,,,17.8126176809101,3.87068101532779,663.085074137779,119.788871399824,3
1048715,48331553,3,20,02:05:05,-79.496798,43.681125,,,17.8126176809101,24.3381845628913,687.42325870067,124.707714098632,3
1048715,48331553,3,21,02:05:10,-79.496499,43.681141,,,17.8126176809101,24.1369964093134,711.560255109983,129.585895881349,3
1048715,48331553,3,22,02:05:11,-79.496401,43.681156,,,17.8126176809101,8.06431897227783,719.624574082261,131.215726421715,3
1048715,48331553,3,23,02:05:20,-79.495899,43.681271,,,17.8126176809101,42.3929073017394,762.017481384,139.783499503704,3
1048715,48331553,3,24,02:05:22,-79.495771,43.681309,,,17.8126176809101,11.1391592560763,773.156640640077,142.034767343178,3
1048715,48331553,3,25,02:05:24,-79.495649,43.681359,,,17.8126176809101,11.28915497766,784.445795617737,144.316349907156,3
1048715,48331553,3,26,02:05:26,-79.495574,43.681399,,,17.8126176809101,7.50223138056888,791.948026998306,145.832580337397,3
1048715,48331553,3,27,02:05:28,-79.495448,43.681449,,,17.8126176809101,11.5703923711105,803.518419369416,148.171002083272,3
1048715,48331553,3,28,02:05:36,-79.495062,43.681692,,,17.8126176809101,41.1993912371567,844.717810606573,156.497560880563,3
1048715,48331553,3,29,02:05:44,-79.494618,43.681782,1628,4,17.8126176809101,37.1216888080091,881.839499414582,164,3
1048715,48331553,3,30,02:05:44,-79.494618,43.681782,1628,4,1e-12,0,881.839499414582,164,3
1048715,48331553,3,31,02:05:53,-79.493725,43.681994,,,28.7914612073071,75.6651325827681,957.50463199735,173.460946609713,3
1048715,48331553,3,32,02:06:04,-79.4927235038395,43.6822240043718,,,28.7914612073071,84.5926743211646,1042.09730631851,184.038166896084,3
1048715,48331553,3,33,02:06:15,-79.491722,43.682454,,,28.7914612073071,84.5926743216879,1126.6899806402,194.615387182521,3
1048715,48331553,3,34,02:06:26,-79.491373,43.681676,7991,5,28.7914612073071,91.0498995262955,1217.7398801665,206,3
1048715,48331553,3,35,02:06:26,-79.491373,43.681676,7991,5,1e-12,0,1217.7398801665,206,3
1048715,48331553,3,36,02:06:30,-79.491302,43.681474,,,20.08208380167,23.2016249655674,1240.94150513207,210.159222255068,3
1048715,48331553,3,37,02:06:43,-79.4910394972917,43.6808550003003,,,20.08208380167,72.0745366912937,1313.01604182336,223.079611127615,3
1048715,48331553,3,38,02:06:56,-79.490777,43.680236,1956,6,20.08208380167,72.074536690389,1385.09057851375,236,3
1048715,48331553,3,39,02:06:56,-79.490777,43.680236,1956,6,1e-12,0,1385.09057851375,236,3
1048715,48331553,3,40,02:07:06,-79.49057,43.679788,,,18.2423798607674,52.5818544633242,1437.67243297707,246.376643700698,3
1048715,48331553,3,41,02:07:22,-79.490282,43.679108,8364,7,18.2423798607674,79.1686667533291,1516.8410997304,262,3
1048715,48331553,3,42,02:07:22,-79.490282,43.679108,8364,7,1e-12,0,1516.8410997304,262,3
1048715,48331553,3,43,02:07:34,-79.489968,43.678366,,,25.0335091429597,86.3809736591727,1603.22207338957,274.422209902621,3
1048715,48331553,3,44,02:07:47,-79.4896639962864,43.6776330004028,,,25.0335091429597,85.1888120377128,1688.41088542729,286.672978326033,3
1048715,48331553,3,45,02:07:59,-79.48936,43.6769,,,25.0335091429597,85.1888120401875,1773.59969746747,298.923746749801,3
1048715,48331553,3,46,02:08:07,-79.4886928864699,43.6770473885788,3880,8,25.0335091429597,56.1602665499238,1829.7599640174,307,3
1048715,48331553,3,47,02:08:07,-79.4886928864699,43.6770473885788,3880,8,1e-12,0,1829.7599640174,307,3
1048715,48331553,3,48,02:08:18,-79.4880257696625,43.6771947732781,,,17.8391434921514,56.1602665499761,1885.92023056737,318.333333333457,3
1048715,48331553,3,49,02:08:30,-79.487358649578,43.6773421540977,,,17.8391434921514,56.1602665485867,1942.08049711596,329.666666666633,3
1048715,48331553,3,50,02:08:41,-79.4866915262164,43.6774895310377,6233,9,17.8391434921514,56.1602665495339,1998.24076366549,341,3
1048715,48331553,3,51,02:08:41,-79.4866915262164,43.6774895310377,6233,9,1e-12,0,1998.24076366549,341,3
1048715,48331553,3,52,02:08:52,-79.4860243995777,43.6776369040979,,,19.2225590636494,56.1602665501716,2054.40103021567,351.517692202749,3
1048715,48331553,3,53,02:09:02,-79.4853572696621,43.6777842732784,,,19.2225590636494,56.1602665505665,2110.56129676623,362.035384405571,3
1048715,48331553,3,54,02:09:13,-79.4846901364695,43.6779316385791,,,19.2225590636494,56.1602665482794,2166.72156331451,372.553076607965,3
1048715,48331553,3,55,02:09:23,-79.484023,43.678079,,,19.2225590636494,56.1602665496137,2222.88182986413,383.070768810609,3
1048715,48331553,3,56,02:09:25,-79.483894,43.678113,,,19.2225590636494,11.0539177478796,2233.93574761201,385.140946031061,3
1048715,48331553,3,57,02:09:27,-79.483815,43.67816,,,19.2225590636494,8.23571221216527,2242.17145982417,386.68332984508,3
1048715,48331553,3,58,02:09:29,-79.483723,43.678249,3703,10,19.2225590636494,12.3700913566492,2254.54155118082,389,3
1048715,48331553,3,59,02:09:29,-79.483723,43.678249,3703,10,1e-12,0,2254.54155118082,389,3
1048715,48331553,3,60,02:09:38,-79.4840314962698,43.6789745004148,,,35.7861516399654,84.4950802611915,2339.03663144201,397.500000000016,3
1048715,48331553,3,61,02:09:46,-79.48434,43.6797,2343,11,35.7861516399654,84.4950802608676,2423.53171170288,406,3
1048715,48331553,3,62,02:09:46,-79.48434,43.6797,2343,11,1e-12,0,2423.53171170288,406,3
1048715,48331553,3,63,02:09:52,-79.48398,43.67981,,,19.3431088070701,31.4633206392489,2454.99503234213,411.855726472463,3
1048715,48331553,3,64,02:09:53,-79.483891,43.679847,,,19.3431088070701,8.26463508388966,2463.25966742602,413.39388078875,3
1048715,48331553,3,65,02:09:55,-79.483845,43.679895,,,19.3431088070701,6.5012266192842,2469.7608940453,414.603842230981,3
1048715,48331553,3,66,02:09:58,-79.483756,43.680025,,,19.3431088070701,16.1482064240623,2485.90910046936,417.609230026006,3
1048715,48331553,3,67,02:10:09,-79.4834155027298,43.6805060005054,,,19.3431088070701,60.1537638708827,2546.06286434025,428.804615012727,3
1048715,48331553,3,68,02:10:20,-79.483075,43.680987,9343,12,19.3431088070701,60.1537638738498,2606.2166282141,440,3
1048715,48331553,3,69,02:10:20,-79.483075,43.680987,9343,12,1e-12,0,2606.2166282141,440,3
1048715,48331553,3,70,02:10:35,-79.482128,43.680625,6916,13,20.6961944883523,86.2341437014681,2692.45077191556,455,3
1048715,48331553,3,71,02:10:35,-79.482128,43.680625,6916,13,1e-12,0,2692.45077191556,455,3
1048715,48331553,3,72,02:10:45,-79.4817862581641,43.6811027515272,,,20.8870469225394,59.8778985685364,2752.3286704841,465.320292554814,3
1048715,48331553,3,73,02:10:56,-79.4814445108856,43.6815805020363,,,20.8870469225394,59.8778985656165,2812.20656904972,475.640585109125,3
1048715,48331553,3,74,02:11:06,-79.4811027581643,43.6820582515272,,,20.8870469225394,59.8778985673715,2872.08446761709,485.960877663738,3
1048715,48331553,3,75,02:11:16,-79.480761,43.682536,,,20.8870469225394,59.8778985656295,2931.96236618272,496.28117021805,3
1048715,48331553,3,76,02:11:16,-79.480755,43.682544,,,20.8870469225394,1.01311435502881,2932.97548053775,496.455786174611,3
1048715,48331553,3,77,02:11:25,-79.480458,43.682932,,,20.8870469225394,49.3681245454062,2982.34360508315,504.964660072514,3
1048715,48331553,3,78,02:11:28,-79.480351,43.683071,,,20.8870469225394,17.7094488354727,3000.05305391863,508.016983172286,3
1048715,48331553,3,79,02:11:29,-79.480308,43.683129,,,20.8870469225394,7.32595835145886,3007.37901227009,509.279653293297,3
1048715,48331553,3,80,02:11:31,-79.480278,43.683216,9328,14,20.8870469225394,9.98137844053713,3017.36039071062,511,3
1048715,48331553,3,81,02:11:31,-79.480278,43.683216,9328,14,1e-12,0,3017.36039071062,511,3
1048715,48331553,3,82,02:11:32,-79.480272,43.683273,,,20.9723085501106,6.36356877794717,3023.72395948857,512.092337905762,3
1048715,48331553,3,83,02:11:34,-79.480296,43.683352,,,20.9723085501106,9.00397303412058,3032.72793252269,513.637914199634,3
1048715,48331553,3,84,02:11:38,-79.479982,43.68331,,,20.9723085501106,25.7065988629148,3058.4345313856,518.050578436638,3
1048715,48331553,3,85,02:11:38,-79.479961,43.683307,,,20.9723085501106,1.72322743537727,3060.15775882098,518.346378908605,3
1048715,48331553,3,86,02:11:41,-79.479811,43.683256,,,20.9723085501106,13.3434379408429,3073.50119676183,520.636845714978,3
1048715,48331553,3,87,02:11:44,-79.479592,43.683182,,,20.9723085501106,19.4597039476093,3092.96090070943,523.977199689077,3
1048715,48331553,3,88,02:11:47,-79.479397,43.683125,,,20.9723085501106,16.9319589444415,3109.89285965388,526.883653790415,3
1048715,48331553,3,89,02:11:51,-79.479081,43.68305,,,20.9723085501106,26.7739755456897,3136.66683519957,531.47953848924,3
1048715,48331553,3,90,02:11:54,-79.478914,43.682991,,,20.9723085501106,14.9625655226573,3151.62940072222,534.047936515278,3
1048715,48331553,3,91,02:11:56,-79.478767,43.682922,,,20.9723085501106,14.1082010061697,3165.73760172839,536.469678666403,3
1048715,48331553,3,92,02:11:58,-79.478658,43.682878,,,20.9723085501106,10.0493333683409,3175.78693509673,538.19469620749,3
1048715,48331553,3,93,02:12:05,-79.47823,43.682678,,,20.9723085501106,41.022688525238,3216.80962362197,545.236442629349,3
1048715,48331553,3,94,02:12:09,-79.478025,43.682554,,,20.9723085501106,21.5150446451615,3238.32466826713,548.929605951713,3
1048715,48331553,3,95,02:12:13,-79.477807,43.682411,,,20.9723085501106,23.6939110347456,3262.01857930188,552.996782415443,3
1048715,48331553,3,96,02:12:17,-79.477581,43.682262,,,20.9723085501106,24.6197870161519,3286.63836631803,557.222890049058,3
1048715,48331553,3,97,02:12:21,-79.477364,43.682108,,,20.9723085501106,24.4759070848388,3311.11427340287,561.424299984205,3
1048715,48331553,3,98,02:12:27,-79.477099,43.68191,,,20.9723085501106,30.6747993575873,3341.78907276046,566.689780292368,3
1048715,48331553,3,99,02:12:34,-79.476741,43.681602,,,20.9723085501106,44.7905308427057,3386.57960360316,574.378295395437,3
1048715,48331553,3,100,02:12:42,-79.476402,43.681263,,,20.9723085501106,46.5716478593678,3433.15125146253,582.372548002064,3
1048715,48331553,3,101,02:12:45,-79.476571,43.6812,882,15,20.9723085501106,15.3065927781424,3448.45784424067,585,3
1048715,48331553,3,102,02:12:45,-79.476571,43.6812,882,15,1e-12,0,3448.45784424067,585,3
1048715,48331553,3,103,,-79.476638,43.681183,,,,5.71621985632786,3454.174064097,,3
1048715,48331553,3,104,,-79.476705,43.681174,,,,5.48613160836885,3459.66019570537,,3
1048715,48331553,3,105,,-79.476774,43.681177,,,,5.56491599479478,3465.22511170016,,3
1048715,48331553,3,106,,-79.476819,43.681188,,,,3.82410303371704,3469.04921473388,,3
1048715,48331553,3,107,,-79.476853,43.681204,,,,3.26566460621674,3472.3148793401,,3
1048715,48331553,3,108,,-79.476878,43.681222,,,,2.84002322985628,3475.15490256995,,3
1048715,48331553,3,109,,-79.476896,43.68125,,,,3.43733029760789,3478.59223286756,,3
1048715,48331553,3,110,,-79.476907,43.681276,,,,3.02675216020581,3481.61898502777,,3
1048715,48331553,3,111,,-79.476909,43.681306,,,,3.34346386656183,3484.96244889433,,3
1048715,48331553,3,112,,-79.476896,43.681342,,,,4.14190520978394,3489.10435410411,,3
1048715,48331553,3,113,,-79.476875,43.681387,,,,5.28696779931949,3494.39132190343,,3
1048715,48331553,3,114,,-79.476852,43.681425,,,,4.61763929218497,3499.00896119562,,3
1048715,48331553,3,115,,-79.476825,43.681461,,,,4.55903354342404,3503.56799473904,,3
1048715,48331553,3,116,,-79.476811,43.6815,,,,4.48537276921477,3508.05336750826,,3
