shape_id,trip_id,route_type,id,timestamp,shape_pt_lon,shape_pt_lat,stop_id,stop_sequence,speed,dist,cumdist,cumtime,trip_number
1048486,48326032,3,1,06:09:00,-79.443442,43.715661,14250,1,1e-12,0,0,0,1
1048486,48326032,3,2,06:09:00,-79.443442,43.715661,14250,1,1e-12,0,0,0,1
1048486,48326032,3,3,06:09:12,-79.444389,43.715478,,,22.7496403178022,78.8713336024832,78.8713336024832,12.480935830302,1
1048486,48326032,3,4,06:09:15,-79.444571,43.715446,,,22.7496403178022,15.070690674539,93.9420242770222,14.8657861255343,1
1048486,48326032,3,5,06:09:16,-79.444677,43.715444,,,22.7496403178022,8.53162302066614,102.473647297688,16.2158664980299,1
1048486,48326032,3,6,06:09:17,-79.444744,43.715481,,,22.7496403178022,6.7841964762291,109.257843773917,17.2894266498936,1
1048486,48326032,3,7,06:09:19,-79.444804,43.715568,,,22.7496403178022,10.8213074797499,120.079151253667,19.0018364455164,1
1048486,48326032,3,8,06:09:21,-79.444844,43.715655,,,22.7496403178022,10.2055477832336,130.284699036901,20.6168058035546,1
1048486,48326032,3,9,06:09:26,-79.44497,43.715932,,,22.7496403178022,32.459266922435,162.743965959336,25.7532984816092,1
1048486,48326032,3,10,06:09:35,-79.4442655018399,43.7160885021634,,,22.7496403178022,59.3000124853228,222.043978444659,35.1371850822298,1
1048486,48326032,3,11,06:09:45,-79.443561,43.716245,,,22.7496403178022,59.3000124876343,281.343990932293,44.5210716832162,1
1048486,48326032,3,12,06:09:49,-79.443207,43.716309,,,22.7496403178022,29.3598250015319,310.703815933825,49.1670954677244,1
1048486,48326032,3,13,06:10:02,-79.4422675029633,43.7164980038475,,,22.7496403178022,78.4638397433027,389.167655677128,61.5835477337784,1
1048486,48326032,3,14,06:10:14,-79.441328,43.716687,6123,2,22.7496403178022,78.4638397443611,467.631495421489,74,1
1048486,48326032,3,15,06:10:14,-79.441328,43.716687,6123,2,1e-12,0,467.631495421489,74,1
1048486,48326032,3,16,06:10:22,-79.4405862558398,43.7168442571948,,,26.7226652011657,62.1936525863912,529.82514800788,82.3785486075409,1
1048486,48326032,3,17,06:10:31,-79.4398445077863,43.7170015095931,,,26.7226652011657,62.1936525868897,592.01880059477,90.7570972151489,1
1048486,48326032,3,18,06:10:39,-79.4391027558397,43.7171587571948,,,26.7226652011657,62.1936525870554,654.212453181825,99.1356458227793,1
1048486,48326032,3,19,06:10:48,-79.438361,43.717316,,,26.7226652011657,62.1936525892657,716.406105771091,107.514194430707,1
1048486,48326032,3,20,06:10:55,-79.437674,43.717493,,,26.7226652011657,58.6808148799615,775.086920651052,115.419503724432,1
1048486,48326032,3,21,06:11:06,-79.437944,43.718171,1029,3,26.7226652011657,78.5386276761637,853.625548327216,126,1
1048486,48326032,3,22,06:11:06,-79.437944,43.718171,1029,3,1e-12,0,853.625548327216,126,1
1048486,48326032,3,23,06:11:07,-79.437964,43.718232,,,22.9067046728935,6.9785385738055,860.604086901021,127.096741727998,1
1048486,48326032,3,24,06:11:09,-79.438006,43.718309,,,22.9067046728935,9.21362866415847,869.81771556518,128.54474848692,1
1048486,48326032,3,25,06:11:09,-79.438027,43.718352,,,22.9067046728935,5.07617072373836,874.893886288918,129.342515554092,1
1048486,48326032,3,26,06:11:10,-79.438042,43.718375,,,22.9067046728935,2.83051842983277,877.724404718751,129.787357642594,1
1048486,48326032,3,27,06:11:11,-79.438072,43.718413,,,22.9067046728935,4.87030685782539,882.594711576576,130.552771303727,1
1048486,48326032,3,28,06:11:11,-79.438108,43.718451,,,22.9067046728935,5.12671725643202,887.721428833008,131.358482224905,1
1048486,48326032,3,29,06:11:12,-79.438145,43.71849,,,22.9067046728935,5.26402327941496,892.985452112423,132.185772054521,1
1048486,48326032,3,30,06:11:13,-79.438179,43.718522,,,22.9067046728935,4.49136114117787,897.476813253601,132.891630899742,1
1048486,48326032,3,31,06:11:13,-79.438213,43.718544,,,22.9067046728935,3.67159672086136,901.148409974463,133.468656202327,1
1048486,48326032,3,32,06:11:14,-79.438256,43.71858,,,22.9067046728935,5.2942216483579,906.442631622821,134.300691984263,1
1048486,48326032,3,33,06:11:15,-79.438306,43.718623,,,22.9067046728935,6.2526414076756,912.695273030496,135.283352274736,1
1048486,48326032,3,34,06:11:16,-79.438343,43.718657,,,22.9067046728935,4.81526742425072,917.510540454747,136.040115981033,1
1048486,48326032,3,35,06:11:17,-79.438411,43.718709,,,22.9067046728935,7.96488658631413,925.475427041061,137.291871400251,1
1048486,48326032,3,36,06:11:19,-79.438488,43.718772,,,22.9067046728935,9.3574883640369,934.832915405098,138.762487038405,1
1048486,48326032,3,37,06:11:20,-79.438578,43.718828,,,22.9067046728935,9.55473094517742,944.387646350275,140.264101168147,1
1048486,48326032,3,38,06:11:22,-79.438651,43.718878,,,22.9067046728935,8.09164675395198,952.479293104227,141.535778117328,1
1048486,48326032,3,39,06:11:23,-79.438743,43.718948,,,22.9067046728935,10.7474832459124,963.22677635014,143.224844276682,1
1048486,48326032,3,40,06:11:25,-79.438828,43.718998,,,22.9067046728935,8.81744795199476,972.044224302134,144.610587581119,1
1048486,48326032,3,41,06:11:26,-79.438899,43.719053,,,22.9067046728935,8.37353852790941,980.417762830044,145.926566423599,1
1048486,48326032,3,42,06:11:27,-79.438979,43.719114,,,22.9067046728935,9.35615789049014,989.773920720534,147.396972965559,1
1048486,48326032,3,43,06:11:29,-79.439059,43.719172,,,22.9067046728935,9.1166690133626,998.890589733896,148.829741620709,1
1048486,48326032,3,44,06:11:31,-79.439189,43.719253,5607,4,22.9067046728935,13.8092965995245,1012.69988633342,151,1
1048486,48326032,3,45,06:11:31,-79.439189,43.719253,5607,4,1e-12,0,1012.69988633342,151,1
1048486,48326032,3,46,06:11:32,-79.439261,43.719302,,,22.8458667384735,7.95668739508357,1020.6565737285,152.253796800542,1
1048486,48326032,3,47,06:11:33,-79.439333,43.71935,,,22.8458667384735,7.88078632846508,1028.53736005697,153.495633282705,1
1048486,48326032,3,48,06:11:35,-79.439438,43.719422,,,22.8458667384735,11.644911038671,1040.18227109564,155.330612021709,1
1048486,48326032,3,49,06:11:37,-79.439543,43.719496,,,22.8458667384735,11.7992479269177,1051.98151902256,157.18991081843,1
1048486,48326032,3,50,06:11:39,-79.439624,43.719549,,,22.8458667384735,8.79077268776491,1060.77229171032,158.575140892571,1
1048486,48326032,3,51,06:11:40,-79.43968,43.719584,,,22.8458667384735,5.95643467419534,1066.72872638452,159.513742394216,1
1048486,48326032,3,52,06:11:40,-79.439731,43.719618,,,22.8458667384735,5.58220980728081,1072.3109361918,160.393374387883,1
1048486,48326032,3,53,06:11:41,-79.439791,43.719646,,,22.8458667384735,5.74609291544904,1078.05702910725,161.298830711008,1
1048486,48326032,3,54,06:11:42,-79.439828,43.719669,,,22.8458667384735,3.92641021850403,1081.98343932575,161.917545551133,1
1048486,48326032,3,55,06:11:43,-79.439863,43.719694,,,22.8458667384735,3.95907023236703,1085.94250955812,162.541406882361,1
1048486,48326032,3,56,06:11:43,-79.439898,43.719711,,,22.8458667384735,3.39271422182258,1089.33522377994,163.076023114626,1
1048486,48326032,3,57,06:11:44,-79.439933,43.719736,,,22.8458667384735,3.95906882969121,1093.29429260963,163.699884224824,1
1048486,48326032,3,58,06:11:44,-79.439977,43.719761,,,22.8458667384735,4.50293154557327,1097.79722415521,164.409445991494,1
1048486,48326032,3,59,06:11:45,-79.440016,43.71978,,,22.8458667384735,3.78400190482105,1101.58122606003,165.005720451697,1
1048486,48326032,3,60,06:11:46,-79.440059,43.719802,,,22.8458667384735,4.23862764653384,1105.81985370656,165.67363380785,1
1048486,48326032,3,61,06:11:46,-79.440106,43.719822,,,22.8458667384735,4.38807871200137,1110.20793241856,166.36509732482,1
1048486,48326032,3,62,06:11:47,-79.440152,43.71985,,,22.8458667384735,4.83857336805339,1115.04650578662,167.127548770606,1
1048486,48326032,3,63,06:11:48,-79.440197,43.719875,,,22.8458667384735,4.56644537465884,1119.61295116127,167.847118902786,1
1048486,48326032,3,64,06:11:49,-79.440246,43.719897,,,22.8458667384735,4.64100260128179,1124.25395376256,168.578437594078,1
1048486,48326032,3,65,06:11:49,-79.440295,43.719923,,,22.8458667384735,4.89061982342106,1129.14457358598,169.349090402565,1
1048486,48326032,3,66,06:11:50,-79.440359,43.719947,,,22.8458667384735,5.80088816195825,1134.94546174794,170.26318123668,1
1048486,48326032,3,67,06:11:51,-79.440388,43.719957,,,22.8458667384735,2.58511224238833,1137.53057399032,170.670537375938,1
1048486,48326032,3,68,06:11:51,-79.440433,43.719974,,,22.8458667384735,4.08517521713966,1141.61574920746,171.314270045399,1
1048486,48326032,3,69,06:11:52,-79.44048,43.719991,,,22.8458667384735,4.22843211877756,1145.84418132624,171.980576813352,1
1048486,48326032,3,70,06:11:53,-79.440531,43.720002,,,22.8458667384735,4.28194979342406,1150.12613111967,172.655316775411,1
1048486,48326032,3,71,06:11:53,-79.440583,43.720019,,,22.8458667384735,4.59169265226482,1154.71782377193,173.378865316484,1
1048486,48326032,3,72,06:11:54,-79.44063,43.720029,4334,5,22.8458667384735,3.94176672396006,1158.65959049589,174,1
1048486,48326032,3,73,06:11:54,-79.44063,43.720029,4334,5,1e-12,0,1158.65959049589,174,1
1048486,48326032,3,74,06:11:55,-79.440666,43.720041,,,21.7895332940446,3.18953652016307,1161.84912701605,174.526965461703,1
1048486,48326032,3,75,06:11:55,-79.440732,43.720056,,,21.7895332940446,5.56628390375996,1167.41541091981,175.446609851655,1
1048486,48326032,3,76,06:11:56,-79.440785,43.720066,,,21.7895332940446,4.40694419575542,1171.82235511557,176.174711683421,1
1048486,48326032,3,77,06:11:57,-79.440819,43.720072,,,21.7895332940446,2.81577872661282,1174.63813384218,176.639926026427,1
1048486,48326032,3,78,06:11:57,-79.440864,43.720082,,,21.7895332940446,3.78767927284497,1178.42581311503,177.265714803003,1
1048486,48326032,3,79,06:11:59,-79.44101,43.72012,,,21.7895332940446,12.4846722337231,1190.91048534875,179.328394137842,1
1048486,48326032,3,80,06:12:01,-79.441069,43.720027,,,21.7895332940446,11.3890426134276,1202.29952796218,181.210056900189,1
1048486,48326032,3,81,06:12:03,-79.441124,43.719961,,,21.7895332940446,8.57670043763303,1210.87622839981,182.627073095939,1
1048486,48326032,3,82,06:12:05,-79.4412,43.719871,,,21.7895332940446,11.7372151268489,1222.61344352666,184.566259855308,1
1048486,48326032,3,83,06:12:06,-79.441274,43.71981,,,21.7895332940446,9.03082382087083,1231.64426734753,186.058304926509,1
1048486,48326032,3,84,06:12:07,-79.44133,43.719764,,,21.7895332940446,6.8205764030229,1238.46484375055,187.185179684198,1
1048486,48326032,3,85,06:12:08,-79.44138,43.719729,,,21.7895332940446,5.60020356496128,1244.06504731551,188.110428176756,1
1048486,48326032,3,86,06:12:09,-79.441433,43.719694,,,21.7895332940446,5.77601955502524,1249.84106687054,189.064724449075,1
1048486,48326032,3,87,06:12:10,-79.441495,43.719648,,,21.7895332940446,7.14864376017415,1256.98971063071,190.245801491403,1
1048486,48326032,3,88,06:12:11,-79.441561,43.719614,,,21.7895332940446,6.52080427926446,1263.51051490998,191.323148816312,1
1048486,48326032,3,89,06:12:13,-79.441635,43.719574,,,21.7895332940446,7.43455291132265,1270.9450678213,192.551462893515,1
1048486,48326032,3,90,06:12:14,-79.441713,43.719544,,,21.7895332940446,7.10870564106027,1278.05377346236,193.72594148204,1
1048486,48326032,3,91,06:12:15,-79.441815,43.719503,,,21.7895332940446,9.39013834538094,1287.44391180774,195.277351399233,1
1048486,48326032,3,92,06:12:17,-79.44192,43.719478,,,21.7895332940446,8.89429276869166,1296.33820457643,196.74683922787,1
1048486,48326032,3,93,06:12:18,-79.442028,43.719452,,,21.7895332940446,9.15842057952173,1305.49662515596,198.259965445002,1
1048486,48326032,3,94,06:12:20,-79.442138,43.719435,,,21.7895332940446,9.05003776539227,1314.54666292135,199.755184985308,1
1048486,48326032,3,95,06:12:21,-79.442228,43.719425,,,21.7895332940446,7.3259525490851,1321.87261547043,200.965556443053,1
1048486,48326032,3,96,06:12:22,-79.442306,43.719423,,,21.7895332940446,6.27938017444248,1328.15199564488,202.003016416286,1
1048486,48326032,3,97,06:12:23,-79.442411,43.719429,,,21.7895332940446,8.47405997306805,1336.62605561794,203.40307466863,1
1048486,48326032,3,98,06:12:24,-79.44249,43.719436,,,21.7895332940446,6.40347472414889,1343.02953034209,204.461037163551,1
1048486,48326032,3,99,06:12:25,-79.442564,43.719443,,,21.7895332940446,6.00439195558024,1349.03392229767,205.453064424915,1
1048486,48326032,3,100,06:12:27,-79.442663,43.719453,,,21.7895332940446,8.04238285352328,1357.0763051512,206.781802304794,1
1048486,48326032,3,101,06:12:28,-79.44274,43.719462,,,21.7895332940446,6.27546501348065,1363.35177016468,207.818615427116,1
1048486,48326032,3,102,06:12:29,-79.442828,43.719471,3161,6,21.7895332940446,7.15050513442562,1370.5022752991,209,1
1048486,48326032,3,103,06:12:29,-79.442828,43.719471,3161,6,1e-12,0,1370.5022752991,209,1
1048486,48326032,3,104,06:12:30,-79.442904,43.719479,,,22.3995280375527,6.17903100113493,1376.68130630024,209.993079477692,1
1048486,48326032,3,105,06:12:31,-79.442976,43.719483,,,22.3995280375527,5.80978976987198,1382.49109607011,210.926815364291,1
1048486,48326032,3,106,06:12:32,-79.443053,43.719492,,,22.3995280375527,6.27546195142774,1388.76655802154,211.935392999823,1
1048486,48326032,3,107,06:12:33,-79.443121,43.719499,,,22.3995280375527,5.52609894477936,1394.29265696632,212.823534757446,1
1048486,48326032,3,108,06:12:34,-79.443207,43.719502,,,22.3995280375527,6.92711206731504,1401.21976903363,213.936844082559,1
1048486,48326032,3,109,06:12:35,-79.44329,43.719511,,,22.3995280375527,6.75243313230414,1407.97220216594,215.02207941589,1
1048486,48326032,3,110,06:12:36,-79.443392,43.719516,,,22.3995280375527,8.22517602086632,1416.1973781868,216.344010557719,1
1048486,48326032,3,111,06:12:37,-79.443469,43.719515,,,22.3995280375527,6.19596840693339,1422.39334659374,217.339812175841,1
1048486,48326032,3,112,06:12:39,-79.443576,43.719506,,,22.3995280375527,8.66669653314649,1431.06004312688,218.732703466543,1
1048486,48326032,3,113,06:12:40,-79.443654,43.719506,,,22.3995280375527,6.2754234481729,1437.33546657505,219.741274913921,1
1048486,48326032,3,114,06:12:41,-79.443729,43.719504,,,22.3995280375527,6.03816707195974,1443.37363364701,220.711715068848,1
1048486,48326032,3,115,06:12:42,-79.443806,43.719491,,,22.3995280375527,6.36175356579648,1449.73538721281,221.734161291753,1
1048486,48326032,3,116,06:12:43,-79.443898,43.719478,,,22.3995280375527,7.54192691931772,1457.27731413213,222.946282228589,1
1048486,48326032,3,117,06:12:52,-79.4445355014524,43.7193415017715,,,22.3995280375527,53.4931822049304,1510.77049633706,231.543581940212,1
1048486,48326032,3,118,06:13:00,-79.445173,43.719205,,,22.3995280375527,53.4931822052676,1564.26367854233,240.140881651889,1
1048486,48326032,3,119,06:13:03,-79.445391,43.719162,,,22.3995280375527,18.1805619936718,1582.444240536,243.062819251088,1
1048486,48326032,3,120,06:13:06,-79.445593,43.719122,,,22.3995280375527,16.8507991546219,1599.29503969062,245.771040462487,1
1048486,48326032,3,121,06:13:17,-79.446459,43.718935,,,22.3995280375527,72.7171350529646,1672.01217474358,257.457969122403,1
1048486,48326032,3,122,06:13:19,-79.446575,43.718915,5788,7,22.3995280375527,9.59465663263875,1681.60683137622,259,1
1048486,48326032,3,123,06:13:19,-79.446575,43.718915,5788,7,1e-12,0,1681.60683137622,259,1
1048486,48326032,3,124,06:13:19,-79.446613,43.718909,,,23.7104103221603,3.1293964708919,1684.73622784712,259.475142654308,1
1048486,48326032,3,125,06:13:21,-79.44671,43.718894,,,23.7104103221603,7.98076855715243,1692.71699640427,260.686879035728,1
1048486,48326032,3,126,06:13:22,-79.446815,43.718878,,,23.7104103221603,8.63349437746506,1701.35049078173,261.997720110875,1
1048486,48326032,3,127,06:13:23,-79.446895,43.718872,,,23.7104103221603,6.47096220821416,1707.82145298995,262.980219512321,1
1048486,48326032,3,128,06:13:25,-79.447027,43.718859,,,23.7104103221603,10.718206307072,1718.53965929702,264.607586655327,1
1048486,48326032,3,129,06:13:27,-79.447224,43.718852,,,23.7104103221603,15.8687827363962,1734.40844203342,267.016976331626,1
1048486,48326032,3,130,06:13:28,-79.447298,43.718854,,,23.7104103221603,5.9578331121721,1740.36627514559,267.921566294954,1
1048486,48326032,3,131,06:13:30,-79.44743,43.718862,,,23.7104103221603,10.6573360476291,1751.02361119322,269.539691382212,1
1048486,48326032,3,132,06:13:31,-79.44758,43.718869,,,23.7104103221603,12.0933821655402,1763.11699335876,271.375854282997,1
1048486,48326032,3,133,06:13:33,-79.447694,43.718889,,,23.7104103221603,9.43821949633133,1772.55521285509,272.808878415651,1
1048486,48326032,3,134,06:13:34,-79.447787,43.718916,,,23.7104103221603,8.06342156172789,1780.61863441682,274.033164171478,1
1048486,48326032,3,135,06:13:35,-79.447878,43.718948,,,23.7104103221603,8.14200829074176,1788.76064270756,275.269381910792,1
1048486,48326032,3,136,06:13:37,-79.447981,43.718986,,,23.7104103221603,9.30408514573582,1798.06472785329,276.682040151183,1
1048486,48326032,3,137,06:13:38,-79.448044,43.71902,,,23.7104103221603,6.32585463506174,1804.39058248836,277.642507573585,1
1048486,48326032,3,138,06:13:39,-79.448116,43.719055,,,23.7104103221603,6.98112576901352,1811.37170825737,278.70246614988,1
1048486,48326032,3,139,06:13:40,-79.448219,43.719105,,,23.7104103221603,9.98257101398919,1821.35427927136,280.218140284662,1
1048486,48326032,3,140,06:13:42,-79.448314,43.719185,1553,8,23.7104103221603,11.7357291631116,1833.09000843447,282,1
1048486,48326032,3,141,06:13:42,-79.448314,43.719185,1553,8,1e-12,0,1833.09000843447,282,1
1048486,48326032,3,142,06:13:43,-79.448387,43.719227,,,21.5096035685199,7.50691730315348,1840.59692573762,283.256410988946,1
1048486,48326032,3,143,06:13:44,-79.448428,43.719257,,,21.5096035685199,4.6940191768952,1845.29094491452,284.042035372166,1
1048486,48326032,3,144,06:13:45,-79.448479,43.719298,,,21.5096035685199,6.13734986580832,1851.42829478033,285.069225829048,1
1048486,48326032,3,145,06:13:46,-79.448521,43.71933,,,21.5096035685199,4.9099544910786,1856.33824927141,285.890990679877,1
1048486,48326032,3,146,06:13:47,-79.448568,43.719367,,,21.5096035685199,5.59136227863953,1861.92961155004,286.826800776934,1
1048486,48326032,3,147,06:13:48,-79.44861,43.719421,,,21.5096035685199,6.8958930902259,1868.82550464027,287.98094641452,1
1048486,48326032,3,148,06:13:49,-79.448644,43.719452,,,21.5096035685199,4.40356612776521,1873.22907076804,288.717958512835,1
1048486,48326032,3,149,06:13:50,-79.448696,43.719501,,,21.5096035685199,6.87429404955909,1880.10336481759,289.868489181593,1
1048486,48326032,3,150,06:13:51,-79.448728,43.719538,,,21.5096035685199,4.85725265304654,1884.96061747064,290.681433478556,1
1048486,48326032,3,151,06:13:52,-79.448766,43.719578,,,21.5096035685199,5.4013011502518,1890.36191862089,291.585433595479,1
1048486,48326032,3,152,06:13:53,-79.448798,43.719627,,,21.5096035685199,6.03170447754892,1896.39362309844,292.59494248996,1
1048486,48326032,3,153,06:13:54,-79.44884,43.719667,,,21.5096035685199,5.58975267045262,1901.98337576889,293.53048319156,1
1048486,48326032,3,154,06:13:55,-79.448881,43.719716,,,21.5096035685199,6.37448729729312,1908.35786306619,294.597362652966,1
1048486,48326032,3,155,06:13:55,-79.448905,43.719757,,,21.5096035685199,4.95573859902672,1913.31360166521,295.42679025723,1
1048486,48326032,3,156,06:13:56,-79.448942,43.719801,,,21.5096035685199,5.73168788961715,1919.04528955483,296.386086245038,1
1048486,48326032,3,157,06:13:57,-79.448972,43.719854,,,21.5096035685199,6.37453761087008,1925.4198271657,297.452974127282,1
1048486,48326032,3,158,06:13:59,-79.449012,43.719905,,,21.5096035685199,6.52595816041138,1931.94578532611,298.545204827985,1
1048486,48326032,3,159,06:14:00,-79.449045,43.719962,,,21.5096035685199,6.8782669950451,1938.82405232116,299.696400437113,1
1048486,48326032,3,160,06:14:01,-79.449094,43.720035,,,21.5096035685199,9.0320666151775,1947.85611893634,301.208071245506,1
1048486,48326032,3,161,06:14:02,-79.449127,43.720094,,,21.5096035685199,7.08417085999904,1954.94028979633,302.393728387664,1
1048486,48326032,3,162,06:14:04,-79.449147,43.720155,,,21.5096035685199,6.97852666258193,1961.91881645892,303.561704166727,1
1048486,48326032,3,163,06:14:05,-79.449173,43.720232,,,21.5096035685199,8.82314567324682,1970.74196213216,305.038408482663,1
1048486,48326032,3,164,06:14:06,-79.449187,43.720286,,,21.5096035685199,6.11586520126215,1976.85782733343,306.062003113517,1
1048486,48326032,3,165,06:14:10,-79.449261,43.720506,,,21.5096035685199,25.2035431261678,2002.06137045959,310.280247069765,1
1048486,48326032,3,166,06:14:17,-79.449357,43.72085,,,21.5096035685199,39.065007093996,2041.12637755359,316.818444070486,1
1048486,48326032,3,167,06:14:18,-79.449351,43.720913,,,21.5096035685199,7.02972089034679,2048.15609844394,317.994988079055,1
1048486,48326032,3,168,06:14:19,-79.449326,43.720967,,,21.5096035685199,6.33880955264849,2054.49490799658,319.055896259759,1
1048486,48326032,3,169,06:14:20,-79.44931,43.721012,,,21.5096035685199,5.17212058589193,2059.66702858248,319.921539089944,1
1048486,48326032,3,170,06:14:21,-79.449282,43.721063,,,21.5096035685199,6.10787507492967,2065.77490365741,320.943796436515,1
1048486,48326032,3,171,06:14:22,-79.449251,43.721119,,,21.5096035685199,6.7142759593786,2072.48917961679,322.067545341359,1
1048486,48326032,3,172,06:14:23,-79.449218,43.721163,5591,9,21.5096035685199,5.57131390360618,2078.06049352039,323,1
1048486,48326032,3,173,06:14:23,-79.449218,43.721163,5591,9,1e-12,0,2078.06049352039,323,1
1048486,48326032,3,174,06:14:24,-79.44918,43.721218,,,18.8517238210974,6.84340457078336,2084.90389809117,324.306843697087,1
1048486,48326032,3,175,06:14:26,-79.449139,43.721269,,,18.8517238210974,6.56596759270985,2091.46986568388,325.560706927743,1
1048486,48326032,3,176,06:14:27,-79.44908,43.721321,,,18.8517238210974,7.48590411587623,2098.95576979976,326.990244887926,1
1048486,48326032,3,177,06:14:28,-79.449047,43.721358,,,18.8517238210974,4.90032768959651,2103.85609748936,327.926030912056,1
1048486,48326032,3,178,06:14:29,-79.449003,43.721403,,,18.8517238210974,6.1338854283877,2109.98998291774,329.097382017757,1
1048486,48326032,3,179,06:14:30,-79.448967,43.72144,,,18.8517238210974,5.03517532081451,2115.02515823856,330.05891908073,1
1048486,48326032,3,180,06:14:31,-79.448929,43.721477,,,18.8517238210974,5.12941540788539,2120.15457364644,331.038452604753,1
1048486,48326032,3,181,06:14:32,-79.448888,43.721529,,,18.8517238210974,6.66244813695691,2126.8170217834,332.310740143053,1
1048486,48326032,3,182,06:14:34,-79.448843,43.721575,,,18.8517238210974,6.27121993015939,2133.08824171356,333.508317190267,1
1048486,48326032,3,183,06:14:35,-79.448796,43.721621,,,18.8517238210974,6.36546181707679,2139.45370353064,334.723891042237,1
1048486,48326032,3,184,06:14:36,-79.448753,43.721657,,,18.8517238210974,5.29410555142014,2144.74780908206,335.734874449695,1
1048486,48326032,3,185,06:14:37,-79.448699,43.721706,,,18.8517238210974,6.97329040867476,2151.72109949073,337.066521661879,1
1048486,48326032,3,186,06:14:38,-79.448647,43.721758,,,18.8517238210974,7.14208552982365,2158.86318502056,338.430402660316,1
1048486,48326032,3,187,06:14:40,-79.448599,43.721802,,,18.8517238210974,6.23725324237954,2165.10043826294,339.621493294024,1
1048486,48326032,3,188,06:14:41,-79.448551,43.721857,,,18.8517238210974,7.23866168330861,2172.33909994624,341.003816858023,1
1048486,48326032,3,189,06:14:44,-79.448463,43.721965,,,18.8517238210974,13.9521505724945,2186.29125051874,343.668174904939,1
1048486,48326032,3,190,06:14:45,-79.448432,43.722021,,,18.8517238210974,6.71426201289547,2193.00551253163,344.950357026628,1
1048486,48326032,3,191,06:14:46,-79.448412,43.72207,,,18.8517238210974,5.68701943909789,2198.69253197073,346.036372829482,1
1048486,48326032,3,192,06:14:47,-79.448407,43.722109,,,18.8517238210974,4.36005549367502,2203.05258746441,346.868986330835,1
1048486,48326032,3,193,06:14:48,-79.448397,43.722175,,,18.8517238210974,7.39100185524177,2210.44358931965,348.280401378678,1
1048486,48326032,3,194,06:14:49,-79.448388,43.722224,,,18.8517238210974,5.50250097323162,2215.94609029288,349.33118080297,1
1048486,48326032,3,195,06:14:50,-79.448382,43.722246,,,18.8517238210974,2.49614585500942,2218.44223614789,349.807854722199,1
1048486,48326032,3,196,06:14:50,-79.448379,43.722257,,,18.8517238210974,1.24807291757898,2219.69030906547,350.046191679918,1
1048486,48326032,3,197,06:14:50,-79.448373,43.722276,,,18.8517238210974,2.1694525352639,2221.85976160073,350.460478946222,1
1048486,48326032,3,198,06:14:52,-79.448377,43.722329,,,18.8517238210974,5.90870254523757,2227.76846414597,351.588828234845,1
1048486,48326032,3,199,06:14:54,-79.448387,43.722456,,,18.8517238210974,14.160447047244,2241.92891119321,354.292963403271,1
1048486,48326032,3,200,06:14:56,-79.448399,43.722531,,,18.8517238210974,8.40459181181546,2250.33350300503,355.897937611978,1
1048486,48326032,3,201,06:14:57,-79.448411,43.722597,,,18.8517238210974,7.41024132535067,2257.74374433038,357.313026705391,1
1048486,48326032,3,202,06:14:59,-79.448423,43.722658,,,18.8517238210974,6.85877074099084,2264.60251507137,358.622804787326,1
1048486,48326032,3,203,06:15:00,-79.448449,43.72272,10242,10,18.8517238210974,7.2118066102983,2271.81432168167,360,1
1048486,48326032,3,204,06:15:00,-79.448449,43.72272,10242,10,1e-12,0,2271.81432168167,360,1
1048486,48326032,3,205,06:15:03,-79.448678,43.723271,7084,11,76.8528251871927,64.0440209893273,2335.858342671,363,1
1048486,48326032,3,206,06:15:03,-79.448678,43.723271,7084,11,1e-12,0,2335.858342671,363,1
1048486,48326032,3,207,06:15:12,-79.4479880015549,43.7234060020753,,,24.1521190885471,57.5080587288713,2393.36640139987,371.571877716606,1
1048486,48326032,3,208,06:15:20,-79.447298,43.723541,,,24.1521190885471,57.508058731163,2450.87446013103,380.143755433554,1
1048486,48326032,3,209,06:15:23,-79.447102,43.723597,,,24.1521190885471,16.9555136196258,2467.82997375066,382.671063650563,1
1048486,48326032,3,210,06:15:25,-79.446898,43.723656,,,24.1521190885471,17.6769496536708,2485.50692340433,385.305905691541,1
1048486,48326032,3,211,06:15:33,-79.4462805012988,43.7237820016621,693,12,24.1521190885471,51.6190783378947,2537.12600174222,393,1
1048486,48326032,3,212,06:15:33,-79.4462805012988,43.7237820016621,693,12,1e-12,0,2537.12600174222,393,1
1048486,48326032,3,213,06:15:39,-79.445663,43.723908,,,29.7869156498336,51.6190783386805,2588.7450800809,399.238601008705,1
1048486,48326032,3,214,06:15:46,-79.4449552554937,43.7240630065504,,,29.7869156498336,59.4939837315559,2648.23906381246,406.428950756608,1
1048486,48326032,3,215,06:15:54,-79.4442475073249,43.7242180087339,,,29.7869156498336,59.4939837303025,2707.73304754276,413.61930050436,1
1048486,48326032,3,216,06:16:01,-79.4435397554937,43.7243730065504,,,29.7869156498336,59.4939837303973,2767.22703127316,420.809650252123,1
1048486,48326032,3,217,06:16:08,-79.442832,43.724528,6860,13,29.7869156498336,59.4939837313351,2826.72101500449,428,1
1048486,48326032,3,218,06:16:08,-79.442832,43.724528,6860,13,1e-12,0,2826.72101500449,428,1
1048486,48326032,3,219,06:16:17,-79.4420230069787,43.7247002585586,,,28.7354129807901,67.8475028718405,2894.56851787633,436.500000000067,1
1048486,48326032,3,220,06:16:25,-79.4412140093048,43.7248725114115,,,28.7354129807901,67.847502870665,2962.416020747,444.999999999986,1
1048486,48326032,3,221,06:16:34,-79.4404050069786,43.7250447585587,,,28.7354129807901,67.8475028717397,3030.26352361874,453.50000000004,1
1048486,48326032,3,222,06:16:42,-79.439596,43.725217,8789,14,28.7354129807901,67.8475028709947,3098.11102648973,462,1
1048486,48326032,3,223,06:16:42,-79.439596,43.725217,8789,14,1e-12,0,3098.11102648973,462,1
1048486,48326032,3,224,06:16:48,-79.4397739987,43.7256545001381,,,28.986822423765,50.7637283600302,3148.87475484976,468.304569001198,1
1048486,48326032,3,225,06:16:55,-79.439952,43.726092,,,28.986822423765,50.7637283562437,3199.63848320601,474.609138001926,1
1048486,48326032,3,226,06:17:07,-79.440315,43.726949,9638,15,28.986822423765,99.7699212265387,3299.40840443255,487,1
1048486,48326032,3,227,06:17:07,-79.440315,43.726949,9638,15,1e-12,0,3299.40840443255,487,1
1048486,48326032,3,228,06:17:13,-79.4404879987408,43.7273850001305,,,27.9642989941508,50.4910954055018,3349.89949983805,493.499999999922,1
1048486,48326032,3,229,06:17:20,-79.440661,43.727821,6358,16,27.9642989941508,50.4910954067092,3400.39059524476,500,1
1048486,48326032,3,230,06:17:20,-79.440661,43.727821,6358,16,1e-12,0,3400.39059524476,500,1
1048486,48326032,3,231,06:17:31,-79.4409244971339,43.7284725003026,,,25.8654223075872,75.5586923617316,3475.94928760649,510.516406392578,1
1048486,48326032,3,232,06:17:41,-79.441188,43.729124,,,25.8654223075872,75.558692367125,3551.50797997361,521.032812785906,1
1048486,48326032,3,233,06:17:42,-79.441209,43.729189,,,25.8654223075872,7.43033906125017,3558.93831903486,522.066981890219,1
1048486,48326032,3,234,06:17:43,-79.44122,43.729255,,,25.8654223075872,7.40017848538888,3566.33849752025,523.09695318667,1
1048486,48326032,3,235,06:17:44,-79.441228,43.729319,,,25.8654223075872,7.15345226266933,3573.49194978292,524.09258464551,1
1048486,48326032,3,236,06:17:45,-79.441223,43.729381,,,25.8654223075872,6.91351777968405,3580.40546756261,525.054821554341,1
1048486,48326032,3,237,06:17:47,-79.441245,43.729482,,,25.8654223075872,11.3816922718847,3591.78715983449,526.638947716733,1
1048486,48326032,3,238,06:17:48,-79.441236,43.729545,,,25.8654223075872,7.05039647726783,3598.83755631176,527.620235670061,1
1048486,48326032,3,239,06:17:48,-79.441218,43.729579,,,25.8654223075872,4.05236861070492,3602.88992492246,528.184252248837,1
1048486,48326032,3,240,06:17:49,-79.441198,43.729617,,,25.8654223075872,4.52574475204053,3607.4156696745,528.814154243616,1
1048486,48326032,3,241,06:17:49,-79.441182,43.729642,,,25.8654223075872,3.0661886504154,3610.48185832492,529.240912369203,1
1048486,48326032,3,242,06:17:50,-79.441153,43.729679,,,25.8654223075872,4.733553206051,3615.21541153097,529.899737550526,1
1048486,48326032,3,243,06:17:51,-79.441116,43.729717,,,25.8654223075872,5.17227549633735,3620.38768702731,530.619624957172,1
1048486,48326032,3,244,06:17:51,-79.441085,43.729752,,,25.8654223075872,4.62585554182858,3625.01354256914,531.263460567221,1
1048486,48326032,3,245,06:17:52,-79.441036,43.729795,,,25.8654223075872,6.20071732434309,3631.21425989348,532.126488516356,1
1048486,48326032,3,246,06:17:53,-79.440976,43.729837,,,25.8654223075872,6.71966149980157,3637.93392139328,533.061744129492,1
1048486,48326032,3,247,06:17:54,-79.440916,43.729886,,,25.8654223075872,7.2833740631711,3645.21729545645,534.075458358303,1
1048486,48326032,3,248,06:17:55,-79.440856,43.729927,4734,17,25.8654223075872,6.64268333429148,3651.85997879074,535,1
1048486,48326032,3,249,06:17:55,-79.440856,43.729927,4734,17,1e-12,0,3651.85997879074,535,1
1048486,48326032,3,250,06:17:56,-79.440794,43.729985,,,28.9220320795885,8.15842003534597,3660.01839882609,536.015499604123,1
1048486,48326032,3,251,06:17:57,-79.440753,43.730009,,,28.9220320795885,4.24439539851791,3664.26279422461,536.543810456992,1
1048486,48326032,3,252,06:17:57,-79.440711,43.730048,,,28.9220320795885,5.50112786521423,3669.76392208982,537.228550044454,1
1048486,48326032,3,253,06:17:58,-79.440671,43.730077,,,28.9220320795885,4.55792041331242,3674.32184250314,537.795886165332,1
1048486,48326032,3,254,06:17:58,-79.440651,43.730097,,,28.9220320795885,2.74682453334088,3677.06866703648,538.137790506383,1
1048486,48326032,3,255,06:17:59,-79.440618,43.730124,,,28.9220320795885,4.01001858739359,3681.07868562387,538.636927872488,1
1048486,48326032,3,256,06:17:59,-79.440587,43.730161,,,28.9220320795885,4.81486313302221,3685.89354875689,539.236246317028,1
1048486,48326032,3,257,06:18:00,-79.440566,43.73019,,,28.9220320795885,3.64351688448656,3689.53706564138,539.689764269987,1
1048486,48326032,3,258,06:18:00,-79.440548,43.730214,,,28.9220320795885,3.03879412298898,3692.57585976437,540.06801081963,1
1048486,48326032,3,259,06:18:01,-79.440527,43.730258,,,28.9220320795885,5.18116601923599,3697.7570257836,540.712923930089,1
1048486,48326032,3,260,06:18:01,-79.440503,43.730304,,,28.9220320795885,5.47252824171796,3703.22955402532,541.394103648581,1
1048486,48326032,3,261,06:18:02,-79.440494,43.73034,,,28.9220320795885,4.07236820271036,3707.30192222803,541.901001832271,1
1048486,48326032,3,262,06:18:02,-79.440479,43.730379,,,28.9220320795885,4.50601200308339,3711.80793423112,542.461876779317,1
1048486,48326032,3,263,06:18:03,-79.440467,43.730419,,,28.9220320795885,4.55620464096963,3716.36413887208,543.028999333581,1
1048486,48326032,3,264,06:18:04,-79.440464,43.730459,,,28.9220320795885,4.45931396091679,3720.823452833,543.58406165476,1
1048486,48326032,3,265,06:18:04,-79.440461,43.730514,,,28.9220320795885,6.12732586525237,3726.95077869825,544.346745723922,1
1048486,48326032,3,266,06:18:05,-79.440461,43.730562,,,28.9220320795885,5.34333555371254,3732.29411425197,545.011844495005,1
1048486,48326032,3,267,06:18:06,-79.440467,43.730611,,,28.9220320795885,5.47596555968732,3737.77007981165,545.693452065339,1
1048486,48326032,3,268,06:18:06,-79.440466,43.730657,,,28.9220320795885,5.12132832981355,3742.89140814147,546.330917024115,1
1048486,48326032,3,269,06:18:07,-79.440465,43.730701,,,28.9220320795885,4.89871806018492,3747.79012620165,546.940673107924,1
1048486,48326032,3,270,06:18:08,-79.440473,43.730745,,,28.9220320795885,4.94014946471278,3752.73027566636,547.555586265618,1
1048486,48326032,3,271,06:18:08,-79.440466,43.730783,,,28.9220320795885,4.26745138369069,3756.99772705006,548.086766956484,1
1048486,48326032,3,272,06:18:08,-79.440461,43.73081,,,28.9220320795885,3.03241651173383,3760.03014356179,548.464219668389,1
1048486,48326032,3,273,06:18:09,-79.440449,43.730838,,,28.9220320795885,3.26298817867099,3763.29313174046,548.870372230936,1
1048486,48326032,3,274,06:18:09,-79.440433,43.730875,,,28.9220320795885,4.31521894422599,3767.60835068469,549.407498673382,1
1048486,48326032,3,275,06:18:10,-79.44042,43.730919,,,28.9220320795885,5.00843959877555,3772.61679028346,550.030912080365,1
1048486,48326032,3,276,06:18:10,-79.440409,43.730948,,,28.9220320795885,3.34732951573698,3775.9641197992,550.447562826879,1
1048486,48326032,3,277,06:18:11,-79.440388,43.730971,,,28.9220320795885,3.06738121884539,3779.03150101804,550.829367686145,1
1048486,48326032,3,278,06:18:11,-79.440364,43.731016,,,28.9220320795885,5.36850091276562,3784.40000193081,551.497598854438,1
1048486,48326032,3,279,06:18:12,-79.440335,43.73105,,,28.9220320795885,4.44598407351485,3788.84598600432,552.051001970118,1
1048486,48326032,3,280,06:18:13,-79.440303,43.73108,,,28.9220320795885,4.21645434513192,3793.06244034946,552.575834927938,1
1048486,48326032,3,281,06:18:13,-79.440264,43.731113,,,28.9220320795885,4.8307706813486,3797.89321103081,553.177133426086,1
1048486,48326032,3,282,06:18:14,-79.440232,43.731136,,,28.9220320795885,3.63056900844763,3801.52378003925,553.629039723487,1
1048486,48326032,3,283,06:18:14,-79.440196,43.731167,,,28.9220320795885,4.50492153619748,3806.02870157545,554.189778937305,1
1048486,48326032,3,284,06:18:15,-79.44016,43.731195,,,28.9220320795885,4.25451767634982,3810.2832192518,554.719349736228,1
1048486,48326032,3,285,06:18:15,-79.440111,43.73123,,,28.9220320795885,5.54215866517218,3815.82537791697,555.409196533289,1
1048486,48326032,3,286,06:18:17,-79.440007,43.7313,,,28.9220320795885,11.4325859106744,3827.25796382765,556.83224001672,1
1048486,48326032,3,287,06:18:19,-79.439848,43.731385,,,28.9220320795885,15.9093800493999,3843.16734387705,558.812521624189,1
1048486,48326032,3,288,06:18:21,-79.439654,43.731477,,,28.9220320795885,18.6655320219181,3861.83287589896,561.135868583144,1
1048486,48326032,3,289,06:18:24,-79.43943,43.731584,,,28.9220320795885,21.599275206058,3883.43215110502,563.824386130176,1
1048486,48326032,3,290,06:18:26,-79.439248,43.731686,,,28.9220320795885,18.5269317296432,3901.95908283467,566.130481152932,1
1048486,48326032,3,291,06:18:28,-79.439092,43.731756,,,28.9220320795885,14.7709333081556,3916.73001614282,567.969057355428,1
1048486,48326032,3,292,06:18:29,-79.43901,43.731801,2101,18,28.9220320795885,8.28248784403665,3925.01250398686,569,1
1048486,48326032,3,293,06:18:29,-79.43901,43.731801,2101,18,1e-12,0,3925.01250398686,569,1
1048486,48326032,3,294,06:18:32,-79.438826,43.731877,,,23.6736367046015,17.0479212519337,3942.06042523879,571.592441426417,1
1048486,48326032,3,295,06:18:33,-79.438761,43.731793,,,23.6736367046015,10.7132990422757,3952.77372428107,573.221590214727,1
1048486,48326032,3,296,06:18:34,-79.438734,43.731749,,,23.6736367046015,5.35796214149695,3958.13168642256,574.036364216292,1
1048486,48326032,3,297,06:18:35,-79.438699,43.7317,,,23.6736367046015,6.13834611984416,3964.27003254241,574.969809563417,1
1048486,48326032,3,298,06:18:36,-79.438655,43.731633,,,23.6736367046015,8.25555614349451,3972.5255886859,576.225214573109,1
1048486,48326032,3,299,06:18:37,-79.438612,43.731567,,,23.6736367046015,8.12054079924826,3980.64612948515,577.460088084182,1
1048486,48326032,3,300,06:18:39,-79.43858,43.731505,,,23.6736367046015,7.3661737993103,3988.01230328446,578.580246596725,1
1048486,48326032,3,301,06:18:40,-79.438538,43.731429,,,23.6736367046015,9.10988161122075,3997.12218489568,579.965567078306,1
1048486,48326032,3,302,06:18:41,-79.438511,43.731343,,,23.6736367046015,9.81673557437704,4006.93892047006,581.458377351132,1
1048486,48326032,3,303,06:18:43,-79.438486,43.731233,,,23.6736367046015,12.4091701429949,4019.34809061305,583.345413680708,1
1048486,48326032,3,304,06:18:46,-79.438457,43.731101,,,23.6736367046015,14.8781812763591,4034.22627188941,585.607907325568,1
1048486,48326032,3,305,06:19:00,-79.438226,43.730271,,,23.6736367046015,94.2450990243231,4128.47137091374,599.939560747521,1
1048486,48326032,3,306,06:19:09,-79.4375160054235,43.7304235065922,4719,19,23.6736367046015,59.5815409020274,4188.05291181576,609,1
1048486,48326032,3,307,06:19:09,-79.4375160054235,43.7304235065922,4719,19,1e-12,0,4188.05291181576,609,1
1048486,48326032,3,308,06:19:25,-79.4368060072313,43.7305760087896,,,13.3743958569055,59.5815409027867,4247.63445271855,625.037625141721,1
1048486,48326032,3,309,06:19:41,-79.4360960054234,43.7307285065922,,,13.3743958569055,59.5815409030311,4307.21599362158,641.075250283507,1
1048486,48326032,3,310,06:19:57,-79.435386,43.730881,,,13.3743958569055,59.5815409033661,4366.79753452495,657.112875425384,1
1048486,48326032,3,311,06:19:59,-79.435305,43.730895,,,13.3743958569055,6.69934330039524,4373.49687782534,658.916144607742,1
1048486,48326032,3,312,06:20:01,-79.435225,43.730914,,,13.3743958569055,6.7737822916571,4380.270660117,660.739450610561,1
1048486,48326032,3,313,06:20:03,-79.435129,43.730929,,,13.3743958569055,7.90059760730299,4388.1712577243,662.866062660226,1
1048486,48326032,3,314,06:20:05,-79.435038,43.730963,,,13.3743958569055,8.24054310848829,4396.41180083279,665.084178192917,1
1048486,48326032,3,315,06:20:07,-79.434963,43.730993,,,13.3743958569055,6.89556201737647,4403.30736285017,666.940263770774,1
1048486,48326032,3,316,06:20:08,-79.434905,43.731012,,,13.3743958569055,5.12248962863786,4408.42985247881,668.319089615351,1
1048486,48326032,3,317,06:20:09,-79.434862,43.731032,,,13.3743958569055,4.11345925021181,4412.54331172902,669.426313706757,1
1048486,48326032,3,318,06:20:11,-79.434801,43.73106,,,13.3743958569055,5.81305608252324,4418.35636781154,670.991020039736,1
1048486,48326032,3,319,06:20:13,-79.434752,43.731097,,,13.3743958569055,5.70088101748485,4424.05724882903,672.525532094152,1
1048486,48326032,3,320,06:20:14,-79.434696,43.731125,2019,20,13.3743958569055,5.47781040308726,4429.53505923211,674,1
1048486,48326032,3,321,06:20:14,-79.434696,43.731125,2019,20,1e-12,0,4429.53505923211,674,1
1048486,48326032,3,322,06:20:16,-79.434626,43.731159,,,10.0273945085603,6.78453593459424,4436.31959516671,676.43576029084,1
1048486,48326032,3,323,06:20:19,-79.434588,43.731221,,,10.0273945085603,7.54838645164077,4443.86798161835,679.145755514695,1
1048486,48326032,3,324,06:20:21,-79.434526,43.73123,,,10.0273945085603,5.08681941930007,4448.95480103765,680.972007577865,1
1048486,48326032,3,325,06:20:23,-79.43447,43.731218,,,10.0273945085603,4.69844992250828,4453.65325096016,682.658828586711,1
1048486,48326032,3,326,06:20:25,-79.4344,43.731225,,,10.0273945085603,5.68435286914555,4459.3376038293,684.699605012876,1
1048486,48326032,3,327,06:20:28,-79.434298,43.731219,,,10.0273945085603,8.23185960516654,4467.56946343447,687.654978370661,1
1048486,48326032,3,328,06:20:30,-79.434207,43.731215,,,10.0273945085603,7.33342707997488,4474.90289051444,690.287799634986,1
1048486,48326032,3,329,06:20:33,-79.434117,43.731216,,,10.0273945085603,7.2403137715644,4482.14320428601,692.88719168597,1
1048486,48326032,3,330,06:20:35,-79.434032,43.731221,,,10.0273945085603,6.85988340260081,4489.00308768861,695.350002960452,1
1048486,48326032,3,331,06:20:38,-79.433952,43.731228,,,10.0273945085603,6.48208075970213,4495.48516844831,697.677176855426,1
1048486,48326032,3,332,06:20:42,-79.433822,43.73126,,,10.0273945085603,11.0470844296533,4506.53225287796,701.643262353788,1
1048486,48326032,3,333,06:21:00,-79.4332075012056,43.731377501646,3946,21,10.0273945085603,51.1306250746417,4557.66287795261,720,1
1048486,48326032,3,334,06:21:00,-79.4332075012056,43.731377501646,3946,21,1e-12,0,4557.66287795261,720,1
1048486,48326032,3,335,,-79.432593,43.731495,,,,51.1306250753429,4608.79350302795,,1
