shape_id,trip_id,route_type,id,timestamp,shape_pt_lon,shape_pt_lat,stop_id,stop_sequence,speed,dist,cumdist,cumtime,trip_number
1048798,48334040,3,1,02:00:00,-79.341488,43.816683,1680,1,1e-12,0,0,0,1
1048798,48334040,3,2,02:00:00,-79.341488,43.816683,1680,1,1e-12,0,0,0,1
1048798,48334040,3,3,02:00:21,-79.341492,43.816743,3956,2,1.14632446678676,6.68689272292279,6.68689272292279,21,1
1048798,48334040,3,4,02:00:21,-79.341492,43.816743,3956,2,1e-12,0,6.68689272292279,21,1
1048798,48334040,3,5,02:00:21,-79.341538,43.816793,,,50.5635818742787,6.68073303532014,13.3676257582429,21.4756514082992,1
1048798,48334040,3,6,02:00:22,-79.341611,43.816815,,,50.5635818742787,6.35449653956132,19.7221222978042,21.928075597695,1
1048798,48334040,3,7,02:00:22,-79.341696,43.816811,,,50.5635818742787,6.84199105193435,26.5641133497386,22.4152081716532,1
1048798,48334040,3,8,02:00:23,-79.341824,43.816787,,,50.5635818742787,10.6228462167733,37.1869595665119,23.1715281348131,1
1048798,48334040,3,9,02:00:27,-79.341612,43.816313,,,50.5635818742787,55.4451595594465,92.6321191259584,27.1190842021483,1
1048798,48334040,3,10,02:00:33,-79.341306,43.815643,,,50.5635818742787,78.5297621086417,171.1618812346,32.7102059761957,1
1048798,48334040,3,11,02:00:37,-79.3410884981133,43.8151250002062,6055,3,50.5635818742787,60.2520420406722,231.413923275272,37,1
1048798,48334040,3,12,02:00:37,-79.3410884981133,43.8151250002062,6055,3,1e-12,0,231.413923275272,37,1
1048798,48334040,3,13,02:00:47,-79.340871,43.814607,,,22.8319981451615,60.2520420393314,291.665965314604,46.5001475544338,1
1048798,48334040,3,14,02:01:01,-79.3405209953026,43.813805500534,,,22.8319981451615,93.5473022667389,385.213267581343,61.2500737772348,1
1048798,48334040,3,15,02:01:16,-79.340171,43.813004,3149,4,22.8319981451615,93.5473022665121,478.760569847855,76,1
1048798,48334040,3,16,02:01:16,-79.340171,43.813004,3149,4,1e-12,0,478.760569847855,76,1
1048798,48334040,3,17,02:01:24,-79.3399739984843,43.8125445001692,,,25.2152673061999,53.5432675094268,532.303837357282,83.6444068862416,1
1048798,48334040,3,18,02:01:31,-79.339777,43.812085,,,25.2152673061999,53.5432675101869,585.847104867469,91.2888137725917,1
1048798,48334040,3,19,02:01:43,-79.3394869965233,43.8113690003667,,,25.2152673061999,83.0394303972017,668.88653526467,103.144406886071,1
1048798,48334040,3,20,02:01:55,-79.339197,43.810653,7009,5,25.2152673061999,83.0394304003504,751.925965665021,115,1
1048798,48334040,3,21,02:01:55,-79.339197,43.810653,7009,5,1e-12,0,751.925965665021,115,1
1048798,48334040,3,22,02:02:04,-79.3390219987342,43.8102210001335,,,21.0268903579589,50.1027080573144,802.028673722335,123.578051530005,1
1048798,48334040,3,23,02:02:12,-79.338847,43.809789,,,21.0268903579589,50.1027080646288,852.131381786964,132.156103061262,1
1048798,48334040,3,24,02:02:23,-79.3386234980448,43.8092665002177,,,21.0268903579589,60.87254660767,913.003928394634,142.578051530911,1
1048798,48334040,3,25,02:02:33,-79.3384,43.808744,7592,6,21.0268903579589,60.872546604397,973.876474999031,153,1
1048798,48334040,3,26,02:02:33,-79.3384,43.808744,7592,6,1e-12,0,973.876474999031,153,1
1048798,48334040,3,27,02:02:37,-79.338299,43.808521,,,25.4031401673006,26.1165943276382,999.993069326669,156.701106987573,1
1048798,48334040,3,28,02:02:49,-79.3379654958711,43.8077815004849,,,25.4031401673006,86.5708594290186,1086.56392875569,168.969475854255,1
1048798,48334040,3,29,02:03:01,-79.337632,43.807042,,,25.4031401673006,86.5708594310723,1173.13478818676,181.237844721228,1
1048798,48334040,3,30,02:03:12,-79.337345,43.806392,2326,7,25.4031401673006,75.942371958027,1249.07716014479,192,1
1048798,48334040,3,31,02:03:12,-79.337345,43.806392,2326,7,1e-12,0,1249.07716014479,192,1
1048798,48334040,3,32,02:03:19,-79.337178,43.806015,,,23.2140793832484,44.0598013503791,1293.13696149517,198.832719154731,1
1048798,48334040,3,33,02:03:28,-79.3369404979226,43.8054925002459,,,23.2140793832484,61.214080524297,1354.35104201946,208.325694785998,1
1048798,48334040,3,34,02:03:38,-79.336703,43.80497,,,23.2140793832484,61.2140805267411,1415.5651225462,217.818670417643,1
1048798,48334040,3,35,02:03:46,-79.3365034985106,43.8045240001735,,,23.2140793832484,52.1714818689245,1467.73660441513,225.909335208928,1
1048798,48334040,3,36,02:03:54,-79.336304,43.804078,2609,8,23.2140793832484,52.1714818675565,1519.90808628269,234,1
1048798,48334040,3,37,02:03:54,-79.336304,43.804078,2609,8,1e-12,0,1519.90808628269,234,1
1048798,48334040,3,38,02:04:03,-79.3360804980976,43.8035695002178,,,24.4144530402831,59.3857043352884,1579.29379061797,242.756638342636,1
1048798,48334040,3,39,02:04:12,-79.335857,43.803061,,,24.4144530402831,59.3857043283107,1638.67949494628,251.513276684244,1
1048798,48334040,3,40,02:04:24,-79.335523,43.802322,,,24.4144530402831,86.5310900879623,1725.21058503425,264.27260099934,1
1048798,48334040,3,41,02:04:30,-79.335371,43.801998,,,24.4144530402831,38.078894247385,1763.28947928163,269.887472611021,1
1048798,48334040,3,42,02:04:41,-79.335108,43.801367,,,24.4144530402831,73.3520032642629,1836.64148254589,280.703492585568,1
1048798,48334040,3,43,02:04:51,-79.334846,43.800791,,,24.4144530402831,67.4869732183355,1904.12845576423,290.654692523782,1
1048798,48334040,3,44,02:04:57,-79.334682,43.800423,3931,9,24.4144530402831,43.03255872341,1947.16101448764,297,1
1048798,48334040,3,45,02:04:57,-79.334682,43.800423,3931,9,1e-12,0,1947.16101448764,297,1
1048798,48334040,3,46,02:05:06,-79.3344354977123,43.7998685002649,,,26.3568976319763,64.8261619526195,2011.98717644026,305.85438742784,1
1048798,48334040,3,47,02:05:15,-79.334189,43.799314,,,26.3568976319763,64.8261619530961,2076.81333839336,314.708774855745,1
1048798,48334040,3,48,02:05:25,-79.3339049969818,43.7986790003516,,,26.3568976319763,74.2796866599404,2151.0930250533,324.854387427816,1
1048798,48334040,3,49,02:05:35,-79.333621,43.798044,9293,10,26.3568976319763,74.279686660761,2225.37271171406,335,1
1048798,48334040,3,50,02:05:35,-79.333621,43.798044,9293,10,1e-12,0,2225.37271171406,335,1
1048798,48334040,3,51,02:05:43,-79.333394,43.797557,,,25.8442730975032,57.1985478734474,2282.5712595875,342.967520369699,1
1048798,48334040,3,52,02:05:51,-79.3331634980038,43.7970395002316,,,25.8442730975032,60.511799670714,2343.08305925822,351.396562966204,1
1048798,48334040,3,53,02:06:00,-79.332933,43.796522,,,25.8442730975032,60.511799671627,2403.59485892985,359.825605562836,1
1048798,48334040,3,54,02:06:09,-79.332681,43.795959,1194,11,25.8442730975032,65.8626542606306,2469.45751319048,369,1
1048798,48334040,3,55,02:06:09,-79.332681,43.795959,1194,11,1e-12,0,2469.45751319048,369,1
1048798,48334040,3,56,02:06:16,-79.3324784984666,43.7955065001788,,,26.1863383738323,52.9348665725735,2522.39237976305,376.277287757486,1
1048798,48334040,3,57,02:06:24,-79.332276,43.795054,,,26.1863383738323,52.9348665703466,2575.3272463334,383.554575514665,1
1048798,48334040,3,58,02:06:32,-79.332045997989,43.7945315002306,,,26.1863383738323,61.0299811490272,2636.35722748242,391.944749390828,1
1048798,48334040,3,59,02:06:40,-79.331816,43.794009,,,26.1863383738323,61.0299811479025,2697.38720863033,400.334923266837,1
1048798,48334040,3,60,02:06:48,-79.3316079984164,43.7935540001886,,,26.1863383738323,53.3367585550183,2750.72396718534,407.6674616331,1
1048798,48334040,3,61,02:06:55,-79.3314,43.793099,4878,12,26.1863383738323,53.3367585596563,2804.060725745,415,1
1048798,48334040,3,62,02:06:55,-79.3314,43.793099,4878,12,1e-12,0,2804.060725745,415,1
1048798,48334040,3,63,02:07:07,-79.3310874964914,43.7924280004257,,,22.6953812417724,78.8034070884037,2882.8641328334,427.499999999828,1
1048798,48334040,3,64,02:07:20,-79.330775,43.791757,5515,13,22.6953812417724,78.8034070905714,2961.66753992398,440,1
1048798,48334040,3,65,02:07:20,-79.330775,43.791757,5515,13,1e-12,0,2961.66753992398,440,1
1048798,48334040,3,66,02:07:30,-79.3304747405315,43.791128751179,,,25.365072232166,73.9814606761748,3035.64900060015,450.499999999862,1
1048798,48334040,3,67,02:07:41,-79.3301744873756,43.790500501572,,,25.365072232166,73.9814606771797,3109.63046127733,460.999999999866,1
1048798,48334040,3,68,02:07:51,-79.3298742405318,43.789872251179,,,25.365072232166,73.9814606771504,3183.61192195448,471.499999999866,1
1048798,48334040,3,69,02:08:02,-79.329574,43.789244,9737,14,25.365072232166,73.981460678098,3257.59338263258,482,1
1048798,48334040,3,70,02:08:02,-79.329574,43.789244,9737,14,1e-12,0,3257.59338263258,482,1
1048798,48334040,3,71,02:08:13,-79.3292834969575,43.7886180003679,,,24.2894880983485,73.4923507154405,3331.08573334802,492.892467618269,1
1048798,48334040,3,72,02:08:24,-79.328993,43.787992,,,24.2894880983485,73.4923507183386,3404.57808406636,503.784935236967,1
1048798,48334040,3,73,02:08:33,-79.3287409932493,43.7874582508305,,,24.2894880983485,62.7732550450643,3467.35133911142,513.088701427807,1
1048798,48334040,3,74,02:08:42,-79.3284889909992,43.7869245011074,,,24.2894880983485,62.7732550433958,3530.12459415482,522.3924676184,1
1048798,48334040,3,75,02:08:52,-79.3282369932495,43.7863907508305,,,24.2894880983485,62.7732550460279,3592.89784920085,531.696233809383,1
1048798,48334040,3,76,02:09:01,-79.327985,43.785857,2670,15,24.2894880983485,62.7732550435558,3655.6711042444,541,1
1048798,48334040,3,77,02:09:01,-79.327985,43.785857,2670,15,1e-12,0,3655.6711042444,541,1
1048798,48334040,3,78,02:09:03,-79.327921,43.785722,,,27.1777763537397,15.8839207697947,3671.5550250142,543.104002697903,1
1048798,48334040,3,79,02:09:15,-79.3275669956001,43.7849790005463,,,27.1777763537397,87.4664993123907,3759.02152432659,554.689917359434,1
1048798,48334040,3,80,02:09:26,-79.327213,43.784236,,,27.1777763537397,87.4664993106193,3846.48802363721,566.27583202073,1
1048798,48334040,3,81,02:09:32,-79.327046,43.783867,3660,16,27.1777763537397,43.2139325421763,3889.70195617938,572,1
1048798,48334040,3,82,02:09:32,-79.327046,43.783867,3660,16,1e-12,0,3889.70195617938,572,1
1048798,48334040,3,83,02:09:36,-79.326943,43.783641,,,23.9395533837634,26.485065034205,3916.18702121359,575.982790848045,1
1048798,48334040,3,84,02:09:46,-79.3266689973509,43.7830630003273,,,23.9395533837634,68.0066523146191,3984.19367352821,586.209545892635,1
1048798,48334040,3,85,02:09:56,-79.326395,43.782485,,,23.9395533837634,68.0066523182537,4052.20032584646,596.436300937771,1
1048798,48334040,3,86,02:10:01,-79.326273,43.782227,1487,17,23.9395533837634,30.3480325910161,4082.54835843748,601,1
1048798,48334040,3,87,02:10:01,-79.326273,43.782227,1487,17,1e-12,0,4082.54835843748,601,1
1048798,48334040,3,88,02:10:08,-79.3260504947442,43.7817562506475,,,28.4764286720697,55.3708335276756,4137.91919196515,607.99999999983,1
1048798,48334040,3,89,02:10:15,-79.3258279929923,43.7812855008633,,,28.4764286720697,55.3708335327038,4193.29002549785,615.000000000295,1
1048798,48334040,3,90,02:10:22,-79.3256054947443,43.7808147506474,,,28.4764286720697,55.3708335282703,4248.66085902613,622.000000000199,1
1048798,48334040,3,91,02:10:29,-79.325383,43.780344,6220,18,28.4764286720697,55.3708335274485,4304.03169255357,629,1
1048798,48334040,3,92,02:10:29,-79.325383,43.780344,6220,18,1e-12,0,4304.03169255357,629,1
1048798,48334040,3,93,02:10:43,-79.32503,43.779579,,,23.8237657118056,89.761212349947,4393.79290490352,642.563781996886,1
1048798,48334040,3,94,02:10:50,-79.324827245646,43.7791510005376,,,23.8237657118056,50.3545365894107,4444.14744149293,650.172836497957,1
1048798,48334040,3,95,02:10:58,-79.3246244941947,43.7787230007168,,,23.8237657118056,50.3545365872205,4494.50197808015,657.781890998697,1
1048798,48334040,3,96,02:11:05,-79.3244217456461,43.7782950005376,,,23.8237657118056,50.3545365872896,4544.85651466744,665.390945499448,1
1048798,48334040,3,97,02:11:13,-79.324219,43.777867,4225,19,23.8237657118056,50.354536585978,4595.21105125342,673,1
1048798,48334040,3,98,02:11:13,-79.324219,43.777867,4225,19,1e-12,0,4595.21105125342,673,1
1048798,48334040,3,99,02:11:15,-79.324158,43.777735,,,29.236094806327,15.4905581482267,4610.70160940165,674.907437012468,1
1048798,48334040,3,100,02:11:24,-79.3238697409687,43.7771105010866,,,29.236094806327,73.2781662033605,4683.97977560501,683.930577759536,1
1048798,48334040,3,101,02:11:33,-79.3235814879584,43.7764860014488,,,29.236094806327,73.2781662016779,4757.25794180668,692.953718506396,1
1048798,48334040,3,102,02:11:42,-79.3232932409689,43.7758615010866,,,29.236094806327,73.2781662016797,4830.53610800836,701.976859253256,1
1048798,48334040,3,103,02:11:51,-79.323005,43.775237,7615,20,29.236094806327,73.2781662007292,4903.81427420909,711,1
1048798,48334040,3,104,02:11:51,-79.323005,43.775237,7615,20,1e-12,0,4903.81427420909,711,1
1048798,48334040,3,105,02:12:11,-79.3227709979789,43.7747205002387,,,10.8313381242334,60.4948316240503,4964.30910583314,731.106600989524,1
1048798,48334040,3,106,02:12:31,-79.322537,43.774204,,,10.8313381242334,60.4948316256651,5024.80393745881,751.213201979585,1
1048798,48334040,3,107,02:12:59,-79.322198,43.773494,9920,21,10.8313381242334,83.6022790969165,5108.40621655573,779,1
1048798,48334040,3,108,02:12:59,-79.322198,43.773494,9920,21,1e-12,0,5108.40621655573,779,1
1048798,48334040,3,109,02:13:10,-79.322059,43.773162,,,12.6246564508639,38.6100586293583,5147.01627518508,790.009900475841,1
1048798,48334040,3,110,02:13:31,-79.3217824971613,43.7725480003333,,,12.6246564508639,71.8730450529657,5218.88932023805,810.504950238004,1
1048798,48334040,3,111,02:13:51,-79.321506,43.771934,3012,22,12.6246564508639,71.8730450523765,5290.76236529043,831,1
1048798,48334040,3,112,02:13:51,-79.321506,43.771934,3012,22,1e-12,0,5290.76236529043,831,1
1048798,48334040,3,113,02:14:06,-79.321128,43.77111,,,23.3752973569684,96.6289495580919,5387.39131484852,845.881702384224,1
1048798,48334040,3,114,02:14:07,-79.321102,43.771053,,,23.3752973569684,6.68055602273985,5394.07187087126,846.910566373185,1
1048798,48334040,3,115,02:14:09,-79.321057,43.770949,,,23.3752973569684,12.129188570432,5406.20105944169,848.778567373846,1
1048798,48334040,3,116,02:14:11,-79.321011,43.770846,,,23.3752973569684,12.0474118097494,5418.24847125144,850.633974038958,1
1048798,48334040,3,117,02:14:13,-79.320966,43.770742,,,23.3752973569684,12.1291923076327,5430.37766355907,852.501975615181,1
1048798,48334040,3,118,02:14:14,-79.320917,43.77064,,,23.3752973569684,12.0183807381656,5442.39604429724,854.352911241653,1
1048798,48334040,3,119,02:14:16,-79.320867,43.770537,,,23.3752973569684,12.1499636289828,5454.54600792622,856.224111782821,1
1048798,48334040,3,120,02:14:18,-79.320816,43.770435,,,23.3752973569684,12.0720318442765,5466.6180397705,858.083310148332,1
1048798,48334040,3,121,02:14:20,-79.320764,43.770334,,,23.3752973569684,11.9951657454481,5478.61320551595,859.930670463119,1
1048798,48334040,3,122,02:14:22,-79.320711,43.770232,,,23.3752973569684,12.127577736011,5490.74078325196,861.798423381207,1
1048798,48334040,3,123,02:14:24,-79.320657,43.770131,,,23.3752973569684,12.0521386863858,5502.79292193834,863.654558026615,1
1048798,48334040,3,124,02:14:26,-79.320603,43.770029,,,23.3752973569684,12.156055805541,5514.94897774388,865.526696816195,1
1048798,48334040,3,125,02:14:27,-79.320561,43.769952,,,23.3752973569684,9.21255881167615,5524.16153655556,866.945511354276,1
1048798,48334040,3,126,02:14:27,-79.320548,43.769928,,,23.3752973569684,2.86877709548864,5527.03031365105,867.38732808867,1
1048798,48334040,3,127,02:14:29,-79.320492,43.769828,,,23.3752973569684,12.007709072208,5539.03802272326,869.236620185357,1
1048798,48334040,3,128,02:14:31,-79.320436,43.769727,,,23.3752973569684,12.1109843981705,5551.14900712143,871.101817584458,1
1048798,48334040,3,129,02:14:33,-79.32039,43.769646,,,23.3752973569684,9.74565295753983,5560.89466007897,872.602733278122,1
1048798,48334040,3,130,02:14:34,-79.320345,43.769562,,,23.3752973569684,10.0261556712353,5570.9208157502,874.146848840172,1
1048798,48334040,3,131,02:14:35,-79.320323,43.76952,,,23.3752973569684,4.99871738441826,5575.91953313462,874.91669498626,1
1048798,48334040,3,132,02:14:36,-79.320301,43.769478,,,23.3752973569684,4.99871782444523,5580.91825095907,875.686541200115,1
1048798,48334040,3,133,02:14:37,-79.320258,43.769394,,,23.3752973569684,9.96928005290243,5590.88753101197,877.221897420075,1
1048798,48334040,3,134,02:14:39,-79.320215,43.76931,,,23.3752973569684,9.96928173909056,5600.85681275106,878.757253899724,1
1048798,48334040,3,135,02:14:40,-79.320174,43.769225,,,23.3752973569684,10.0197419753047,5610.87655472636,880.30038169657,1
1048798,48334040,3,136,02:14:42,-79.320133,43.76914,,,23.3752973569684,10.0197435180098,5620.89629824437,881.843509731007,1
1048798,48334040,3,137,02:14:43,-79.320092,43.769055,,,23.3752973569684,10.0197450560376,5630.91604330041,883.386638002314,1
1048798,48334040,3,138,02:14:45,-79.320053,43.76897,,,23.3752973569684,9.96801757145396,5640.88406087186,884.921799789102,1
1048798,48334040,3,139,02:14:46,-79.320015,43.768885,,,23.3752973569684,9.94302838516771,5650.82708925703,886.453113022896,1
1048798,48334040,3,140,02:14:48,-79.319977,43.768799,,,23.3752973569684,10.0490236917763,5660.87611294881,888.000750459885,1
1048798,48334040,3,141,02:14:50,-79.31994,43.768714,,,23.3752973569684,9.91862892661077,5670.79474187542,889.528305963908,1
1048798,48334040,3,142,02:14:51,-79.319916,43.768658,,,23.3752973569684,6.52561530058544,5677.320357176,890.533307728093,1
1048798,48334040,3,143,02:14:51,-79.319904,43.768628,,,23.3752973569684,3.47611715642224,5680.79647433243,891.068660137606,1
1048798,48334040,3,144,02:14:52,-79.319874,43.768555,,,23.3752973569684,8.47662432364443,5689.27309865607,892.374134335392,1
1048798,48334040,3,145,02:14:53,-79.319868,43.768542,,,23.3752973569684,1.52541624708895,5690.79851490316,892.609061763508,1
1048798,48334040,3,146,02:14:56,-79.319782,43.768356,,,23.3752973569684,21.8291036353823,5712.62761853854,895.970934422807,1
1048798,48334040,3,147,02:14:59,-79.319699,43.768177,,,23.3752973569684,21.0136151011637,5733.64123363971,899.207214723714,1
1048798,48334040,3,148,02:15:02,-79.319618,43.767999,,,23.3752973569684,20.8573409840735,5754.49857462378,902.419427445375,1
1048798,48334040,3,149,02:15:03,-79.319612,43.767985,,,23.3752973569684,1.63140547980501,5756.12998010358,902.670678141253,1
1048798,48334040,3,150,02:15:04,-79.319584,43.767923,,,23.3752973569684,7.25957865514728,5763.38955875873,903.788716673958,1
1048798,48334040,3,151,02:15:06,-79.319528,43.767799,,,23.3752973569684,14.51915947783,5777.90871823656,906.024794073188,1
1048798,48334040,3,152,02:15:09,-79.319445,43.767613,,,23.3752973569684,21.753953394289,5799.66267163085,909.375092938845,1
1048798,48334040,3,153,02:15:13,-79.319363,43.767427,,,23.3752973569684,21.7294374824382,5821.39210911329,912.721616139905,1
1048798,48334040,3,154,02:15:16,-79.319297,43.767256,,,23.3752973569684,19.7612276296285,5841.15333674292,915.765017829315,1
1048798,48334040,3,155,02:15:19,-79.319231,43.767087,,,23.3752973569684,19.5468590248642,5860.70019576778,918.775404880863,1
1048798,48334040,3,156,02:15:22,-79.319167,43.766917,,,23.3752973569684,19.6112334451065,5880.31142921289,921.795706155505,1
1048798,48334040,3,157,02:15:25,-79.319104,43.766747,,,23.3752973569684,19.5903004557309,5899.90172966862,924.812783566912,1
1048798,48334040,3,158,02:15:28,-79.319042,43.766577,,,23.3752973569684,19.5696750812349,5919.47140474985,927.826684490463,1
1048798,48334040,3,159,02:15:38,-79.318816,43.766,,,23.3752973569684,66.7514630790663,5986.22286782892,938.106992946646,1
1048798,48334040,3,160,02:15:49,-79.318584,43.765414,,,23.3752973569684,67.8471194821158,6054.06998731104,948.556042060573,1
1048798,48334040,3,161,02:15:57,-79.3183679983625,43.7649605002034,,,23.3752973569684,53.3864453549499,6107.45643266599,956.778021030203,1
1048798,48334040,3,162,02:16:05,-79.318152,43.764507,2288,23,23.3752973569684,53.3864453560425,6160.84287802203,965,1
1048798,48334040,3,163,02:16:05,-79.318152,43.764507,2288,23,1e-12,0,6160.84287802203,965,1
1048798,48334040,3,164,02:16:07,-79.318106,43.764399,,,20.2026953506335,12.5784207506135,6173.42129877264,967.241399670504,1
1048798,48334040,3,165,02:16:11,-79.318027,43.764212,,,20.2026953506335,21.7640444322364,6195.18534320488,971.11962277867,1
1048798,48334040,3,166,02:16:16,-79.317943,43.763959,,,20.2026953506335,28.9621474967291,6224.14749070161,976.280504986645,1
1048798,48334040,3,167,02:16:26,-79.3177314983278,43.763486000195,,,20.2026953506335,55.3315208637211,6279.47901156533,986.140252493214,1
1048798,48334040,3,168,02:16:36,-79.31752,43.763013,9946,24,20.2026953506335,55.3315208649336,6334.81053243026,996,1
1048798,48334040,3,169,02:16:36,-79.31752,43.763013,9946,24,1e-12,0,6334.81053243026,996,1
1048798,48334040,3,170,02:16:46,-79.317228,43.762372,,,26.9663274118387,75.1182827545472,6409.92881518481,1006.02827762885,1
1048798,48334040,3,171,02:16:52,-79.317074,43.762014,,,26.9663274118387,41.7313292500428,6451.66014443485,1011.59940279565,1
1048798,48334040,3,172,02:16:53,-79.317031,43.761918,,,26.9663274118387,11.2319326903879,6462.89207712524,1013.09886384823,1
1048798,48334040,3,173,02:16:58,-79.316885,43.761596,,,26.9663274118387,37.7178502559939,6500.60992738123,1018.13419027025,1
1048798,48334040,3,174,02:17:08,-79.316606,43.760984,,,26.9663274118387,71.7252535059628,6572.3351808872,1027.70949908698,1
1048798,48334040,3,175,02:17:18,-79.316313,43.760332,,,26.9663274118387,76.3074514256792,6648.64263231288,1037.89653052575,1
1048798,48334040,3,176,02:17:24,-79.316164,43.759952,,,26.9663274118387,43.9649660410575,6692.60759835393,1043.76584581406,1
1048798,48334040,3,177,02:17:27,-79.316071,43.759745,4218,25,26.9663274118387,24.2259057440439,6716.83350409798,1047,1
1048798,48334040,3,178,02:17:27,-79.316071,43.759745,4218,25,1e-12,0,6716.83350409798,1047,1
1048798,48334040,3,179,02:17:34,-79.315881,43.759366,,,21.6039896358787,44.8704985790445,6761.70400267702,1054.47703538129,1
1048798,48334040,3,180,02:17:46,-79.315611,43.758759,,,21.6039896358787,70.9723877413397,6832.67639041836,1066.30358224486,1
1048798,48334040,3,181,02:17:55,-79.3154219985833,43.7583105001557,10088,26,21.6039896358787,52.1881441808943,6884.86453459926,1075,1
1048798,48334040,3,182,02:17:55,-79.3154219985833,43.7583105001557,10088,26,1e-12,0,6884.86453459926,1075,1
1048798,48334040,3,183,02:18:00,-79.315233,43.757862,,,38.6106026128757,52.188144183629,6937.05267878288,1079.86595148345,1
1048798,48334040,3,184,02:18:06,-79.3150284980298,43.7572855001823,,,38.6106026128757,66.2485801588531,7003.30125894174,1086.04287886692,1
1048798,48334040,3,185,02:18:12,-79.314824,43.756709,,,38.6106026128757,66.2485801645266,7069.54983910626,1092.21980625093,1
1048798,48334040,3,186,02:18:19,-79.314603,43.756056,,,38.6106026128757,74.8319782418386,7144.3818173481,1099.19703798107,1
1048798,48334040,3,187,02:18:23,-79.314483,43.7557,7892,27,38.6106026128757,40.7874042401859,7185.16922158829,1103,1
1048798,48334040,3,188,02:18:23,-79.314483,43.7557,7892,27,1e-12,0,7185.16922158829,1103,1
1048798,48334040,3,189,02:18:30,-79.3142449972816,43.7550165002469,,,37.6591331527008,78.4565273992498,7263.62574898754,1110.49999999979,1
1048798,48334040,3,190,02:18:38,-79.314007,43.754333,8530,28,37.6591331527008,78.4565274036697,7342.08227639121,1118,1
1048798,48334040,3,191,02:18:38,-79.314007,43.754333,8530,28,1e-12,0,7342.08227639121,1118,1
1048798,48334040,3,192,02:18:46,-79.313792,43.753719,,,30.7212995429292,70.5025459978465,7412.58482238905,1126.2616676172,1
1048798,48334040,3,193,02:18:56,-79.313524,43.752998,8006,29,30.7212995429292,83.1039517167996,7495.68877410585,1136,1
1048798,48334040,3,194,02:18:56,-79.313524,43.752998,8006,29,1e-12,0,7495.68877410585,1136,1
1048798,48334040,3,195,02:19:03,-79.31325,43.752206,,,44.4183795486446,90.8762564221375,7586.56503052799,1143.36529622296,1
1048798,48334040,3,196,02:19:10,-79.313012,43.751491,1986,30,44.4183795486446,81.8618862670359,7668.42691679503,1150,1
1048798,48334040,3,197,02:19:10,-79.313012,43.751491,1986,30,1e-12,0,7668.42691679503,1150,1
1048798,48334040,3,198,02:19:20,-79.312741,43.750675,,,34.0423447052978,93.4140236792001,7761.84094047423,1159.87859350337,1
1048798,48334040,3,199,02:19:26,-79.3125814987395,43.7502020001109,,,34.0423447052978,54.1937168982595,7816.03465737249,1165.60961416374,1
1048798,48334040,3,200,02:19:31,-79.312422,43.749729,,,34.0423447052978,54.1937168991897,7870.22837427168,1171.34063482422,1
1048798,48334040,3,201,02:19:37,-79.3122604987844,43.7492785001137,,,34.0423447052978,51.8037122934936,7922.03208656517,1176.81891094976,1
1048798,48334040,3,202,02:19:42,-79.312099,43.748828,,,34.0423447052978,51.8037122913213,7973.83579885649,1182.29718707508,1
1048798,48334040,3,203,02:19:47,-79.311958,43.748423,,,34.0423447052978,46.4883275021771,8020.32412635867,1187.21335781645,1
1048798,48334040,3,204,02:19:53,-79.311805,43.747955,,,34.0423447052978,53.5306462931197,8073.85477265179,1192.8742583309,1
1048798,48334040,3,205,02:19:57,-79.311699,43.747613,8310,31,34.0423447052978,39.0138666846273,8112.86863933642,1197,1
1048798,48334040,3,206,02:19:57,-79.311699,43.747613,8310,31,1e-12,0,8112.86863933642,1197,1
1048798,48334040,3,207,02:20:02,-79.3115504988935,43.7471670000961,,,36.6414959789301,51.0644924104278,8163.93313174684,1202.01704877943,1
1048798,48334040,3,208,02:20:07,-79.311402,43.746721,,,36.6414959789301,51.06449241203,8214.99762415887,1207.03409755902,1
1048798,48334040,3,209,02:20:15,-79.311162,43.746036,,,36.6414959789301,78.6584557838825,8293.65607994276,1214.76223292185,1
1048798,48334040,3,210,02:20:16,-79.311117,43.745946,,,36.6414959789301,10.6522959000562,8304.30837584281,1215.80881315051,1
1048798,48334040,3,211,02:20:18,-79.311039,43.745721,,,36.6414959789301,25.8203950212285,8330.12877086404,1218.34564794923,1
1048798,48334040,3,212,02:20:22,-79.310926,43.745397,1453,32,36.6414959789301,37.194701659389,8367.32347252343,1222,1
1048798,48334040,3,213,02:20:22,-79.310926,43.745397,1453,32,1e-12,0,8367.32347252343,1222,1
1048798,48334040,3,214,02:20:26,-79.310778,43.744956,,,40.8521578710881,50.5141014014078,8417.83757392484,1226.45143597112,1
1048798,48334040,3,215,02:20:32,-79.310565,43.74437,,,40.8521578710881,67.4447493292117,8485.28232325405,1232.394845334,1
1048798,48334040,3,216,02:20:41,-79.310295,43.743542,,,40.8521578710881,94.6956382373143,8579.97796149136,1240.73967496895,1
1048798,48334040,3,217,02:20:49,-79.310017,43.742713,,,40.8521578710881,94.9534898157062,8674.93145130707,1249.10722716571,1
1048798,48334040,3,218,02:20:55,-79.309781,43.742137,1401,33,40.8521578710881,66.8701350346684,8741.80158634174,1255,1
1048798,48334040,3,219,02:20:55,-79.309781,43.742137,1401,33,1e-12,0,8741.80158634174,1255,1
1048798,48334040,3,220,02:21:04,-79.3095584977237,43.7415245002158,,,28.4684890031765,70.492262808703,8812.29384915044,1263.91414174047,1
1048798,48334040,3,221,02:21:13,-79.309336,43.740912,,,28.4684890031765,70.4922628058308,8882.78611195627,1272.82828348058,1
1048798,48334040,3,222,02:21:17,-79.309217,43.74066,,,28.4684890031765,29.6401856852511,8912.42629764152,1276.57645109337,1
1048798,48334040,3,223,02:21:29,-79.308885,43.739822,,,28.4684890031765,97.0319524321593,9009.45825007368,1288.84668534138,1
1048798,48334040,3,224,02:21:36,-79.3086684981378,43.7393070002043,,,28.4684890031765,59.9155516270284,9069.37380170071,1296.42334267058,1
1048798,48334040,3,225,02:21:44,-79.308452,43.738792,749,34,28.4684890031765,59.9155516287091,9129.28935332942,1304,1
1048798,48334040,3,226,02:21:44,-79.308452,43.738792,749,34,1e-12,0,9129.28935332942,1304,1
1048798,48334040,3,227,02:21:49,-79.308321,43.73848,,,26.6247189854937,36.2946229716303,9165.58397630105,1308.90749377558,1
1048798,48334040,3,228,02:22:00,-79.3080224963858,43.7377550003884,,,26.6247189854937,84.2018775052698,9249.78585380632,1320.29265653295,1
1048798,48334040,3,229,02:22:12,-79.307724,43.73703,,,26.6247189854937,84.2018775029549,9333.98773130927,1331.67781929,1
1048798,48334040,3,230,02:22:15,-79.307639,43.736818,6829,35,26.6247189854937,24.5700355063395,9358.55776681561,1335,1
1048798,48334040,3,231,02:22:15,-79.307639,43.736818,6829,35,1e-12,0,9358.55776681561,1335,1
1048798,48334040,3,232,02:22:21,-79.307415,43.736264,,,37.7315682875796,64.2488132582965,9422.80658007391,1341.13003217802,1
1048798,48334040,3,233,02:22:30,-79.3070814955112,43.7354580004848,,,37.7315682875796,93.6474876634398,9516.45406773735,1350.06501608907,1
1048798,48334040,3,234,02:22:39,-79.306748,43.734652,2717,36,37.7315682875796,93.6474876621274,9610.10155539948,1359,1
1048798,48334040,3,235,02:22:39,-79.306748,43.734652,2717,36,1e-12,0,9610.10155539948,1359,1
1048798,48334040,3,236,02:22:48,-79.3064804971032,43.7340035003119,,,30.7310921390699,75.3289175747893,9685.43047297427,1367.82442127478,1
1048798,48334040,3,237,02:22:57,-79.306213,43.733355,,,30.7310921390699,75.3289175772957,9760.75939055156,1376.64884254985,1
1048798,48334040,3,238,02:23:08,-79.30588,43.732544,,,30.7310921390699,94.1697704605319,9854.92916101209,1387.68037934405,1
1048798,48334040,3,239,02:23:17,-79.305598,43.731859,1803,37,30.7310921390699,79.5561447442321,9934.48530575633,1397,1
1048798,48334040,3,240,02:23:17,-79.305598,43.731859,1803,37,1e-12,0,9934.48530575633,1397,1
1048798,48334040,3,241,02:23:27,-79.3053489974909,43.7312555002703,,,25.5630338956944,70.1034647147737,10004.5887704711,1406.87255558174,1
1048798,48334040,3,242,02:23:37,-79.3051,43.730652,,,25.5630338956944,70.1034647177431,10074.6922351888,1416.7451111639,1
1048798,48334040,3,243,02:23:41,-79.304987,43.730377,,,25.5630338956944,31.9338205638035,10106.6260557526,1421.24229856735,1
1048798,48334040,3,244,02:23:51,-79.30474099755,43.7297805002638,1781,38,25.5630338956944,69.287903463016,10175.9139592157,1431,1
1048798,48334040,3,245,02:23:51,-79.30474099755,43.7297805002638,1781,38,1e-12,0,10175.9139592157,1431,1
1048798,48334040,3,246,02:23:58,-79.304495,43.729184,,,34.244757988966,69.2879034662366,10245.2018626819,1438.28393094671,1
1048798,48334040,3,247,02:24:02,-79.304374,43.728885,,,34.244757988966,34.6785081726828,10279.8803708546,1441.92952918577,1
1048798,48334040,3,248,02:24:09,-79.304123,43.728265,,,34.244757988966,71.9108459732107,10351.7912168278,1449.48919848135,1
1048798,48334040,3,249,02:24:14,-79.303973,43.727896,,,34.244757988966,42.8124858772086,10394.603702705,1453.98988583348,1
1048798,48334040,3,250,02:24:15,-79.303937,43.727813,,,34.244757988966,9.68272633422005,10404.2864290392,1455.00778804247,1
1048798,48334040,3,251,02:24:22,-79.3036974977349,43.72724650025,,,34.244757988966,65.9398766070419,10470.2263056463,1461.93975572821,1
1048798,48334040,3,252,02:24:29,-79.303458,43.72668,,,34.244757988966,65.9398766085201,10536.1661822548,1468.8717234141,1
1048798,48334040,3,253,02:24:37,-79.3031874969903,43.726013500319,3970,39,34.244757988966,77.3196845976659,10613.4858668525,1477,1
1048798,48334040,3,254,02:24:37,-79.3031874969903,43.726013500319,3970,39,1e-12,0,10613.4858668525,1477,1
1048798,48334040,3,255,02:24:46,-79.302917,43.725347,,,32.0208062295057,77.3196846038911,10690.8055514563,1485.69281249757,1
1048798,48334040,3,256,02:24:54,-79.302632,43.724716,9280,40,32.0208062295057,73.8896781465534,10764.6952296029,1494,1
1048798,48334040,3,257,02:24:54,-79.302632,43.724716,9280,40,1e-12,0,10764.6952296029,1494,1
1048798,48334040,3,258,02:25:03,-79.3023594969478,43.7240450003237,,,30.4472416979365,77.8458588777012,10842.5410884806,1503.20428506267,1
1048798,48334040,3,259,02:25:12,-79.302087,43.723374,,,30.4472416979365,77.8458588773043,10920.3869473579,1512.40857012529,1
1048798,48334040,3,260,02:25:20,-79.3018649979471,43.7228200002148,2096,41,30.4472416979365,64.205027841202,10984.5919751991,1520,1
1048798,48334040,3,261,02:25:20,-79.3018649979471,43.7228200002148,2096,41,1e-12,0,10984.5919751991,1520,1
1048798,48334040,3,262,02:25:26,-79.301643,43.722266,,,39.2876465478068,64.2050278409486,11048.7970030401,1525.88322591291,1
1048798,48334040,3,263,02:25:34,-79.3013269961286,43.7215320004353,,,39.2876465478068,85.5721400487514,11134.3691430888,1533.72435999053,1
1048798,48334040,3,264,02:25:42,-79.301011,43.720798,,,39.2876465478068,85.5721400498739,11219.9412831387,1541.56549406826,1
1048798,48334040,3,265,02:25:47,-79.3007954981674,43.7202885002024,7775,42,39.2876465478068,59.3080411689768,11279.2493243077,1547,1
1048798,48334040,3,266,02:25:47,-79.3007954981674,43.7202885002024,7775,42,1e-12,0,11279.2493243077,1547,1
1048798,48334040,3,267,02:25:53,-79.30058,43.719779,,,33.5972471737988,59.3080411664458,11338.5573654741,1553.35495363935,1
1048798,48334040,3,268,02:25:54,-79.300546,43.719699,,,33.5972471737988,9.31619906301198,11347.8735645371,1554.35319961032,1
1048798,48334040,3,269,02:26:00,-79.3003559985144,43.7192305001574,,,33.5972471737988,54.3472821490735,11402.2208466862,1560.17659980512,1
1048798,48334040,3,270,02:26:06,-79.300166,43.718762,6820,43,33.5972471737988,54.3472821498519,11456.568128836,1566,1
1048798,48334040,3,271,02:26:06,-79.300166,43.718762,6820,43,1e-12,0,11456.568128836,1566,1
1048798,48334040,3,272,02:26:11,-79.299971498523,43.7183070001649,,,40.1780457762908,53.012638941791,11509.5807677778,1570.74999459289,1
1048798,48334040,3,273,02:26:15,-79.299777,43.717852,,,40.1780457762908,53.0126389454119,11562.5934067232,1575.49998918611,1
1048798,48334040,3,274,02:26:22,-79.2995254975048,43.7172575002757,,,40.1780457762908,69.2038453928398,11631.7972521161,1581.70073485705,1
1048798,48334040,3,275,02:26:28,-79.299274,43.716663,,,40.1780457762908,69.2038453944459,11701.0010975105,1587.90148052814,1
1048798,48334040,3,276,02:26:31,-79.299148,43.716366,2517,44,40.1780457762908,34.5812381053076,11735.5823356158,1591,1
1048798,48334040,3,277,02:26:31,-79.299148,43.716366,2517,44,1e-12,0,11735.5823356158,1591,1
1048798,48334040,3,278,02:26:37,-79.298948,43.715898,,,30.2162288642402,54.5261012047925,11790.1084368206,1597.49630915953,1
1048798,48334040,3,279,02:26:47,-79.298649,43.715196,,,30.2162288642402,81.7655120963449,11871.873948917,1607.23795643356,1
1048798,48334040,3,280,02:26:48,-79.298626,43.715141,8750,45,30.2162288642402,6.39613411333051,11878.2700830303,1608,1
1048798,48334040,3,281,02:26:48,-79.298626,43.715141,8750,45,1e-12,0,11878.2700830303,1608,1
1048798,48334040,3,282,02:26:53,-79.298355,43.714501,,,52.1612550249675,74.506532957724,11952.776615988,1613.14219833322,1
1048798,48334040,3,283,02:26:59,-79.298046,43.713772,4046,46,52.1612550249675,84.875079618567,12037.6516956066,1619,1
1048798,48334040,3,284,02:26:59,-79.298046,43.713772,4046,46,1e-12,0,12037.6516956066,1619,1
1048798,48334040,3,285,02:27:05,-79.297763,43.713111,,,46.2556883939611,77.0249850149137,12114.6766806215,1624.99472098852,1
1048798,48334040,3,286,02:27:06,-79.297695,43.712952,,,46.2556883939611,18.5261950700573,12133.2028756916,1626.43658261825,1
1048798,48334040,3,287,02:27:13,-79.297391,43.712227,7449,47,46.2556883939611,84.3320525582105,12217.5349282498,1633,1
1048798,48334040,3,288,02:27:13,-79.297391,43.712227,7449,47,1e-12,0,12217.5349282498,1633,1
1048798,48334040,3,289,02:27:24,-79.297069,43.711458,,,29.1423455128548,89.4397415994068,12306.9746698492,1644.0486326372,1
1048798,48334040,3,290,02:27:33,-79.296808,43.710835,9831,48,29.1423455128548,72.4621779164534,12379.4368477656,1653,1
1048798,48334040,3,291,02:27:33,-79.296808,43.710835,9831,48,1e-12,0,12379.4368477656,1653,1
1048798,48334040,3,292,02:27:35,-79.296749,43.710688,,,34.3622771606664,17.0387203581861,12396.4755681238,1654.78507940561,1
1048798,48334040,3,293,02:27:44,-79.296434,43.709909,,,34.3622771606664,90.3463290825605,12486.8218972064,1664.25030731168,1
1048798,48334040,3,294,02:27:47,-79.296352,43.709705,,,34.3622771606664,23.6483476510987,12510.4702448575,1666.72785125168,1
1048798,48334040,3,295,02:27:52,-79.296177,43.709271,6315,49,34.3622771606664,50.3230657005599,12560.793310558,1672,1
1048798,48334040,3,296,02:27:52,-79.296177,43.709271,6315,49,1e-12,0,12560.793310558,1672,1
1048798,48334040,3,297,02:28:01,-79.295972,43.70877,,,22.8572846095296,58.1595154275933,12618.9528259856,1681.16006687216,1
1048798,48334040,3,298,02:28:12,-79.295709,43.708185,,,22.8572846095296,68.4744395869639,12687.4272655726,1691.94472422426,1
1048798,48334040,3,299,02:28:21,-79.2954894982294,43.70770150021,,,22.8572846095296,56.647152373926,12744.0744179465,1700.86659539268,1
1048798,48334040,3,300,02:28:30,-79.29527,43.707218,,,22.8572846095296,56.6471523730326,12800.7215703196,1709.78846656096,1
1048798,48334040,3,301,02:28:43,-79.294967,43.706497,9165,50,22.8572846095296,83.8832722068207,12884.6048425264,1723,1
1048798,48334040,3,302,02:28:43,-79.294967,43.706497,9165,50,1e-12,0,12884.6048425264,1723,1
1048798,48334040,3,303,02:28:51,-79.294736,43.705933,,,28.8745836211212,65.4782933541111,12950.0831358805,1731.16364520326,1
1048798,48334040,3,304,02:29:00,-79.294481,43.70535,,,28.8745836211212,68.0661993527533,13018.1493352332,1739.6499430798,1
1048798,48334040,3,305,02:29:09,-79.294205,43.704706,,,28.8745836211212,75.0515566947717,13093.200891928,1749.00715520956,1
1048798,48334040,3,306,02:29:16,-79.2940084985381,43.7042600001683,,,28.8745836211212,52.105969914558,13145.3068618426,1755.5035776049,1
1048798,48334040,3,307,02:29:22,-79.293812,43.703814,5235,51,28.8745836211212,52.1059699126205,13197.4128317552,1762,1
1048798,48334040,3,308,02:29:22,-79.293812,43.703814,5235,51,1e-12,0,13197.4128317552,1762,1
1048798,48334040,3,309,02:29:28,-79.293655,43.703458,,,25.326196238099,41.5950775306201,13239.0079092858,1767.9125451648,1
1048798,48334040,3,310,02:29:35,-79.293463,43.703009,,,25.326196238099,52.3162586696507,13291.3241679555,1775.34905593965,1
1048798,48334040,3,311,02:29:48,-79.293125,43.702216,,,25.326196238099,92.3721742846797,13383.6963422401,1788.47932723261,1
1048798,48334040,3,312,02:29:59,-79.292848,43.701582,24789,52,25.326196238099,74.0135064066221,13457.7098486468,1799,1
1048798,48334040,3,313,02:29:59,-79.292848,43.701582,24789,52,1e-12,0,13457.7098486468,1799,1
1048798,48334040,3,314,02:30:02,-79.292772,43.701409,,,25.5776379187323,20.20620718178,13477.9160558285,1801.84398215682,1
1048798,48334040,3,315,02:30:15,-79.292428,43.700607,5208,53,25.5776379187323,93.4721835681409,13571.3882393967,1815,1
1048798,48334040,3,316,02:30:15,-79.292428,43.700607,5208,53,1e-12,0,13571.3882393967,1815,1
1048798,48334040,3,317,02:30:20,-79.29231,43.700333,,,24.8990371622134,31.9457270612614,13603.3339664579,1819.61883793623,1
1048798,48334040,3,318,02:30:24,-79.29221,43.7001,,,24.8990371622134,27.1573422490773,13630.491308707,1823.54535250223,1
1048798,48334040,3,319,02:30:29,-79.292064,43.699798,,,24.8990371622134,35.6127558202502,13666.1040645273,1828.6943837727,1
1048798,48334040,3,320,02:30:34,-79.291899,43.699477,,,24.8990371622134,38.1212252246253,13704.2252897519,1834.20609934285,1
1048798,48334040,3,321,02:30:41,-79.291696,43.699101,,,24.8990371622134,44.9316813562512,13749.1569711081,1840.70249724887,1
1048798,48334040,3,322,02:30:48,-79.291471,43.698701,,,24.8990371622134,48.0691070569523,13797.2260781651,1847.65251641136,1
1048798,48334040,3,323,02:30:54,-79.291281,43.698346,,,24.8990371622134,42.3738092964384,13839.5998874615,1853.77908718891,1
1048798,48334040,3,324,02:30:59,-79.291143,43.698065,,,24.8990371622134,33.1940352982624,13872.7939227598,1858.57841040351,1
1048798,48334040,3,325,02:31:06,-79.290946,43.697648,,,24.8990371622134,49.0532839790797,13921.8472067389,1865.67072570768,1
1048798,48334040,3,326,02:31:13,-79.290755,43.697218,,,24.8990371622134,50.2752116747434,13972.1224184136,1872.93971208856,1
1048798,48334040,3,327,02:31:24,-79.290471,43.696543,,,24.8990371622134,78.5403608933957,14050.662779307,1884.29538409203,1
1048798,48334040,3,328,02:31:34,-79.29022,43.695968,14797,54,24.8990371622134,67.1209978160119,14117.783777123,1894,1
1048798,48334040,3,329,02:31:34,-79.29022,43.695968,14797,54,1e-12,0,14117.783777123,1894,1
1048798,48334040,3,330,02:31:45,-79.289976,43.695354,,,24.1383667956114,71.1155459245659,14188.8993230476,1904.60618423343,1
1048798,48334040,3,331,02:31:46,-79.289939,43.695248,,,24.1383667956114,12.1698544068208,14201.0691774544,1906.4211983243,1
1048798,48334040,3,332,02:31:53,-79.28978,43.694872,,,24.1383667956114,43.7688204555212,14244.8379979099,1912.94888741669,1
1048798,48334040,3,333,02:31:54,-79.289808,43.694801,,,24.1383667956114,8.21870591950746,14253.0567038294,1914.17462657132,1
1048798,48334040,3,334,02:32:03,-79.289637,43.694284,14700,55,24.1383667956114,59.1750280360109,14312.2317318655,1923,1
1048798,48334040,3,335,02:32:03,-79.289637,43.694284,14700,55,1e-12,0,14312.2317318655,1923,1
1048798,48334040,3,336,02:32:04,-79.289563,43.69423,,,23.9884976081421,8.46229665572261,14320.6940285212,1924.26995314414,1
1048798,48334040,3,337,02:32:06,-79.289519,43.69412,,,23.9884976081421,12.7469848492522,14333.4410133704,1926.18291769102,1
1048798,48334040,3,338,02:32:16,-79.289293,43.693582,,,23.9884976081421,62.5914519576273,14396.0324653281,1935.57613733855,1
1048798,48334040,3,339,02:32:28,-79.288996,43.69287,14731,56,23.9884976081421,82.7860554828292,14478.8185208109,1948,1
1048798,48334040,3,340,02:32:28,-79.288996,43.69287,14731,56,1e-12,0,14478.8185208109,1948,1
1048798,48334040,3,341,02:32:49,-79.288682,43.692083,,,15.7885661095715,91.1812123580716,14569.999733169,1968.79051145057,1
1048798,48334040,3,342,02:32:59,-79.288528,43.69169,,,15.7885661095715,45.4707443666117,14615.4704775356,1979.15843711169,1
1048798,48334040,3,343,02:33:00,-79.288516,43.691658,8504,57,15.7885661095715,3.69085313817273,14619.1613306737,1980,1
1048798,48334040,3,344,02:33:00,-79.288516,43.691658,8504,57,1e-12,0,14619.1613306737,1980,1
1048798,48334040,3,345,,-79.288345,43.691225,,,,50.1280322665498,14669.2893629403,,1
