shape_id,trip_id,route_type,id,timestamp,shape_pt_lon,shape_pt_lat,stop_id,stop_sequence,speed,dist,cumdist,cumtime,trip_number
1048401,48324658,3,1,,-79.484559,43.736944,,,1e-12,0,0,0,1
1048401,48324658,3,2,,-79.484248,43.73696,,,,25.0772845404202,25.0772845404202,,1
1048401,48324658,3,3,,-79.4839,43.736953,,,,28.0007321742251,53.0780167146452,,1
1048401,48324658,3,4,,-79.483472,43.736919,,,,34.6317985360278,87.7098152506731,,1
1048401,48324658,3,5,,-79.483162,43.736873,,,,25.4539432210897,113.163758471763,,1
1048401,48324658,3,6,,-79.482662,43.736728,,,,43.3338856299512,156.497644101714,,1
1048401,48324658,3,7,,-79.482318,43.736563,,,,33.2100627548732,189.707706856587,,1
1048401,48324658,3,8,,-79.482088,43.736467,,,,21.3641132495817,211.071820106169,,1
1048401,48324658,3,9,,-79.481902,43.73639,,,,17.2418457204134,228.313665826582,,1
1048401,48324658,3,10,,-79.481663,43.7363,,,,21.6772784114674,249.99094423805,,1
1048401,48324658,3,11,,-79.481388,43.736242,,,,23.0417797932949,273.032724031345,,1
1048401,48324658,3,12,,-79.481139,43.736191,,,,20.8166328259604,293.849356857305,,1
1048401,48324658,3,13,,-79.480802,43.736139,,,,27.7167205728529,321.566077430158,,1
1048401,48324658,3,14,,-79.4805,43.73612,,,,24.3823203522646,345.948397782422,,1
1048401,48324658,3,15,,-79.480252,43.736113,,,,19.9623107719061,365.910708554328,,1
1048401,48324658,3,16,,-79.480021,43.73612,,,,18.5960882528222,384.506796807151,,1
1048401,48324658,3,17,,-79.479702,43.736145,,,,25.8082378793763,410.315034686527,,1
1048401,48324658,3,18,05:53:48,-79.479427,43.736184,24577,1,,22.5407818605809,432.855816547108,,1
1048401,48324658,3,19,05:53:48,-79.479427,43.736184,24577,1,1e-12,0,432.855816547108,0,1
1048401,48324658,3,20,05:53:50,-79.479233,43.736227,,,29.3240971710382,16.3214578805123,449.17727442762,2.00371892192048,1
1048401,48324658,3,21,05:53:51,-79.47917,43.736242,,,29.3240971710382,5.33523013116619,454.512504558786,2.65870339970921,1
1048401,48324658,3,22,05:53:53,-79.478903,43.736306,,,29.3240971710382,22.6261768438799,477.138681402666,5.4364269955243,1
1048401,48324658,3,23,05:53:57,-79.478557,43.736422,,,29.3240971710382,30.6792625718346,507.817943974501,9.20279513345577,1
1048401,48324658,3,24,05:54:03,-79.478087,43.736647,,,29.3240971710382,45.3474434829432,553.165387457444,14.7699161120286,1
1048401,48324658,3,25,05:54:07,-79.477785,43.736814,,,29.3240971710382,30.5877994784896,583.753186935933,18.5250556984339,1
1048401,48324658,3,26,05:54:08,-79.477641,43.736914,,,29.3240971710382,16.0643688384208,599.817555774354,20.4972128455407,1
1048401,48324658,3,27,05:54:14,-79.477264,43.736582,,,29.3240971710382,47.8053554906971,647.622911265051,26.3660816725231,1
1048401,48324658,3,28,05:54:16,-79.477171,43.736486,,,29.3240971710382,13.0444228764639,660.667334141515,27.9674923513026,1
1048401,48324658,3,29,05:54:17,-79.477089,43.736399,,,29.3240971710382,11.7172623767452,672.384596518261,29.4059729398182,1
1048401,48324658,3,30,05:54:19,-79.477015,43.736315,,,29.3240971710382,11.0843878262928,683.468984344553,30.7667580968823,1
1048401,48324658,3,31,05:54:19,-79.476987,43.736276,,,29.3240971710382,4.89082425443341,688.359808598987,31.367184674835,1
1048401,48324658,3,32,05:54:20,-79.47695,43.736225,,,29.3240971710382,6.40999790714978,694.769806506136,32.1541140159549,1
1048401,48324658,3,33,05:54:22,-79.47688,43.736106,,,29.3240971710382,14.3938509976391,709.163657503776,33.9211884902094,1
1048401,48324658,3,34,05:54:23,-79.476822,43.736,,,29.3240971710382,12.6885595946932,721.852217098469,35.4789112829851,1
1048401,48324658,3,35,05:54:25,-79.476779,43.735898,,,29.3240971710382,11.8696435023296,733.721860600798,36.9360990817825,1
1048401,48324658,3,36,05:54:27,-79.476733,43.735775,,,29.3240971710382,14.1833752340744,747.905235834873,38.6773343036156,1
1048401,48324658,3,37,05:54:34,-79.476629999128,43.7352680000462,,,29.3240971710382,57.043783280051,804.949019114924,45.6803672908001,1
1048401,48324658,3,38,05:54:41,-79.476527,43.734761,,,29.3240971710382,57.0437832795418,861.992802394465,52.683400277922,1
1048401,48324658,3,39,05:54:41,-79.476525,43.734752,,,29.3240971710382,1.01470815695396,863.007510551419,52.8079718663917,1
1048401,48324658,3,40,05:54:42,-79.4765,43.734631,,,29.3240971710382,13.6189276281622,876.626438179582,54.4799121541154,1
1048401,48324658,3,41,05:54:52,-79.47636,43.733942,,,29.3240971710382,77.5213651766339,954.147803356216,63.9968944846579,1
1048401,48324658,3,42,05:55:00,-79.477133,43.733766,24576,2,29.3240971710382,65.1899566116567,1019.33775996787,72,1
1048401,48324658,3,43,05:55:00,-79.477133,43.733766,24576,2,1e-12,0,1019.33775996787,72,1
1048401,48324658,3,44,,-79.477968,43.733599,,,,69.6886808221343,1089.02644079001,,1
