shape_id,trip_id,route_type,id,timestamp,shape_pt_lon,shape_pt_lat,stop_id,stop_sequence,speed,dist,cumdist,cumtime,trip_number
1048749,48332445,3,1,,-79.258826,43.789612,,,1e-12,0,0,0,1
1048749,48332445,3,2,,-79.259151,43.790459,,,,97.8378265452609,97.8378265452609,,1
1048749,48332445,3,3,,-79.2593484984667,43.79092300017,,,,54.035495046187,151.873321591448,,1
1048749,48332445,3,4,,-79.259546,43.791387,,,,54.0354950464622,205.90881663791,,1
1048749,48332445,3,5,05:17:41,-79.259661,43.791686,3476,1,,34.5435616592889,240.452378297199,,1
1048749,48332445,3,6,05:17:41,-79.259661,43.791686,3476,1,1e-12,0,240.452378297199,0,1
1048749,48332445,3,7,05:17:47,-79.259801,43.792053,,,24.6424406578117,42.3748955729453,282.827273870144,6.19052415225131,1
1048749,48332445,3,8,05:17:56,-79.260029,43.792585,,,24.6424406578117,61.9912042322711,344.818478102415,15.2467835680747,1
1048749,48332445,3,9,05:18:06,-79.26025,43.793134,,,24.6424406578117,63.6422598222383,408.460737924654,24.5442447465975,1
1048749,48332445,3,10,05:18:10,-79.260366,43.793369,,,24.6424406578117,27.7711058322441,436.231843756898,28.6013096446877,1
1048749,48332445,3,11,05:18:11,-79.260416,43.793468,,,24.6424406578117,11.7301544567516,447.96199821365,30.3149611709589,1
1048749,48332445,3,12,05:18:13,-79.260463,43.793573,,,24.6424406578117,12.2835402424538,460.245538456103,32.1094565087742,1
1048749,48332445,3,13,05:18:16,-79.260529,43.793738,,,24.6424406578117,19.1180286193641,479.363567075468,34.9023983275422,1
1048749,48332445,3,14,05:18:26,-79.260749,43.794324,,,24.6424406578117,67.5860983932491,546.949665468717,44.77601261739,1
1048749,48332445,3,15,05:18:35,-79.260949,43.794855,,,24.6424406578117,61.2563035640794,608.205969032796,53.7249108167565,1
1048749,48332445,3,16,05:18:42,-79.2611304986864,43.7952875001436,,,24.6424406578117,50.3060428814551,658.512011914251,61.0740917233088,1
1048749,48332445,3,17,05:18:49,-79.261312,43.79572,,,24.6424406578117,50.3060428800111,708.818054794262,68.4232726296501,1
1048749,48332445,3,18,05:18:56,-79.261501,43.796116,,,24.6424406578117,46.6250577801748,755.443112574437,75.2347005372758,1
1048749,48332445,3,19,05:19:04,-79.2621040013018,43.7959870015851,,,24.6424406578117,50.5351410854296,805.978253659866,82.6173502688427,1
1048749,48332445,3,20,05:19:11,-79.262707,43.795858,3729,2,24.6424406578117,50.5351410826258,856.513394742492,90,1
1048749,48332445,3,21,05:19:11,-79.262707,43.795858,3729,2,1e-12,0,856.513394742492,90,1
1048749,48332445,3,22,05:19:25,-79.263681,43.795653,,,21.1286115302481,81.5217819451052,938.035176687597,103.890094698472,1
1048749,48332445,3,23,05:19:28,-79.263863,43.795608,,,21.1286115302481,15.4582128353521,953.493389522949,106.523943407726,1
1048749,48332445,3,24,05:19:29,-79.263983,43.795572,,,21.1286115302481,10.4418703473963,963.935259870346,108.303082240243,1
1048749,48332445,3,25,05:19:32,-79.264162,43.795501,,,21.1286115302481,16.4115523515085,980.346812221854,111.09936577174,1
1048749,48332445,3,26,05:19:35,-79.26432,43.795411,,,21.1286115302481,16.1726456489556,996.51945787081,113.854943167485,1
1048749,48332445,3,27,05:19:36,-79.264395,43.795357,,,21.1286115302481,8.51192244433834,1005.03138031515,115.305247687295,1
1048749,48332445,3,28,05:19:37,-79.264449,43.795312,,,21.1286115302481,6.6272896850044,1011.65867000015,116.43443891843,1
1048749,48332445,3,29,05:19:39,-79.264511,43.79525,,,21.1286115302481,8.51197578157311,1020.17064578173,117.884752526108,1
1048749,48332445,3,30,05:19:40,-79.264564,43.795196,,,21.1286115302481,7.36691863839043,1027.53756442012,119.13996548983,1
1048749,48332445,3,31,05:19:42,-79.26462,43.795079,,,21.1286115302481,13.7797734102254,1041.31733783034,121.487833176535,1
1048749,48332445,3,32,05:19:45,-79.264706,43.794962,3009,3,21.1286115302481,14.7440546978271,1056.06139252817,124,1
1048749,48332445,3,33,05:19:45,-79.264706,43.794962,3009,3,1e-12,0,1056.06139252817,124,1
1048749,48332445,3,34,05:19:52,-79.264965,43.794593,,,25.1140514405032,46.0480900457028,1102.10948257387,130.600811683342,1
1048749,48332445,3,35,05:19:53,-79.265014,43.794521,,,25.1140514405032,8.9298769253616,1111.03935949923,131.880874241447,1
1048749,48332445,3,36,05:19:55,-79.265112,43.794387,,,25.1140514405032,16.8677556551868,1127.90711515442,134.298800337622,1
1048749,48332445,3,37,05:19:56,-79.265145,43.794333,,,25.1140514405032,6.57012160708915,1134.47723676151,135.240601298791,1
1048749,48332445,3,38,05:19:58,-79.265212,43.79427,,,25.1140514405032,8.84127398586955,1143.31851074738,136.50796297576,1
1048749,48332445,3,39,05:19:59,-79.265272,43.794207,,,25.1140514405032,8.51047361706958,1151.82898436445,137.727905727492,1
1048749,48332445,3,40,05:20:00,-79.265355,43.794144,,,25.1140514405032,9.67803764106213,1161.50702200551,139.115214166768,1
1048749,48332445,3,41,05:20:02,-79.26545,43.794072,,,25.1140514405032,11.0685340554861,1172.575556061,140.701844770522,1
1048749,48332445,3,42,05:20:03,-79.265513,43.794027,,,25.1140514405032,7.1218501247482,1179.69740618574,141.722733833755,1
1048749,48332445,3,43,05:20:03,-79.265559,43.794001,,,25.1140514405032,4.6946285616166,1184.39203474736,142.395690280542,1
1048749,48332445,3,44,05:20:04,-79.265615,43.793956,,,25.1140514405032,6.73367018335425,1191.12570493072,143.360935283623,1
1048749,48332445,3,45,05:20:05,-79.265674,43.79392,,,25.1140514405032,6.20774869136285,1197.33345362208,144.250791519757,1
1048749,48332445,3,46,05:20:06,-79.265736,43.793884,,,25.1140514405032,6.3937459504805,1203.72719957256,145.167309727751,1
1048749,48332445,3,47,05:20:07,-79.265799,43.793848,,,25.1140514405032,6.45655615828348,1210.18375573084,146.09283153075,1
1048749,48332445,3,48,05:20:08,-79.265873,43.793812,,,25.1140514405032,7.17060394280916,1217.35435967365,147.120709261082,1
1048749,48332445,3,49,05:20:09,-79.26596,43.793767,,,25.1140514405032,8.60032089798183,1225.95468057163,148.353531265373,1
1048749,48332445,3,50,05:20:11,-79.266071,43.793732,,,25.1140514405032,9.7331806351457,1235.68786120678,149.748744234874,1
1048749,48332445,3,51,05:20:14,-79.26633,43.793651,1400,4,25.1140514405032,22.6811679254437,1258.36902913222,153,1
1048749,48332445,3,52,05:20:14,-79.26633,43.793651,1400,4,1e-12,0,1258.36902913222,153,1
1048749,48332445,3,53,05:20:25,-79.267232,43.793437,,,24.3526313728181,76.2944431025199,1334.66347223474,164.278452458146,1
1048749,48332445,3,54,05:20:28,-79.267423,43.79341,,,24.3526313728181,15.639305532049,1350.30277776679,166.590379208625,1
1048749,48332445,3,55,05:20:29,-79.267557,43.79341,,,24.3526313728181,10.7675488937934,1361.07032666059,168.18212407694,1
1048749,48332445,3,56,05:20:30,-79.26764,43.793411,,,24.3526313728181,6.67038082042143,1367.74070748101,169.168192916315,1
1048749,48332445,3,57,05:20:31,-79.267729,43.793438,,,24.3526313728181,7.75750442307245,1375.49821190408,170.31496902833,1
1048749,48332445,3,58,05:20:33,-79.267863,43.793474,,,24.3526313728181,11.4891253058009,1386.98733720988,172.013383071054,1
1048749,48332445,3,59,05:20:34,-79.267927,43.793501,,,24.3526313728181,5.95660858704157,1392.94394579692,172.893936411885,1
1048749,48332445,3,60,05:20:35,-79.268023,43.793546,,,24.3526313728181,9.19784918680301,1402.14179498372,174.253635762874,1
1048749,48332445,3,61,05:20:37,-79.268091,43.79361,,,24.3526313728181,8.97854620137123,1411.1203411851,175.580915999252,1
1048749,48332445,3,62,05:20:38,-79.268142,43.793664,,,24.3526313728181,7.27526135534806,1418.39560254044,176.656403098707,1
1048749,48332445,3,63,05:20:39,-79.268197,43.793736,,,24.3526313728181,9.15271618106608,1427.54831872151,178.009430529189,1
1048749,48332445,3,64,05:20:47,-79.268385,43.794177,,,24.3526313728181,51.3636322687212,1478.91195099023,185.602411892746,1
1048749,48332445,3,65,05:21:00,-79.2687104957541,43.7949565004619,7165,5,24.3526313728181,90.6295901280003,1569.54154111823,199,1
1048749,48332445,3,66,05:21:00,-79.2687104957541,43.7949565004619,7165,5,1e-12,0,1569.54154111823,199,1
1048749,48332445,3,67,05:21:14,-79.269036,43.795736,,,22.7314557205957,90.6295901269617,1660.17113124519,213.35308536626,1
1048749,48332445,3,68,05:21:28,-79.2693574958814,43.7965015004506,,,22.7314557205957,89.0445894819046,1749.2157207271,227.455152830615,1
1048749,48332445,3,69,05:21:43,-79.269679,43.797267,,,22.7314557205957,89.0445894837133,1838.26031021081,241.557220295258,1
1048749,48332445,3,70,05:21:44,-79.269713,43.797357,,,22.7314557205957,10.3845383880447,1848.64484859886,243.201828482981,1
1048749,48332445,3,71,05:21:46,-79.269747,43.797456,2680,6,22.7314557205957,11.3541822825434,1859.9990308814,245,1
1048749,48332445,3,72,05:21:46,-79.269747,43.797456,2680,6,1e-12,0,1859.9990308814,245,1
1048749,48332445,3,73,05:21:47,-79.269762,43.797537,,,23.197092017903,9.0970713052109,1869.09610218661,246.411791472547,1
1048749,48332445,3,74,05:21:49,-79.269771,43.797618,,,23.197092017903,9.04582988917902,1878.14193207579,247.815630694114,1
1048749,48332445,3,75,05:21:50,-79.26977,43.79769,,,23.197092017903,8.01540606482674,1886.15733814062,249.059556519434,1
1048749,48332445,3,76,05:21:52,-79.269758,43.79778,,,23.197092017903,10.0650431769667,1896.22238131758,250.621569353159,1
1048749,48332445,3,77,05:21:53,-79.269724,43.79787,,,23.197092017903,10.3845322179013,1906.60691353548,252.233164287369,1
1048749,48332445,3,78,05:21:55,-79.269689,43.797951,,,23.197092017903,9.44524295389822,1916.05215648938,253.698989167823,1
1048749,48332445,3,79,05:21:58,-79.269614,43.798104,,,23.197092017903,18.066528749186,1934.11868523857,256.502767479642,1
1048749,48332445,3,80,05:22:10,-79.270557,43.798349,2145,7,23.197092017903,80.5276257621847,2014.64631100075,269,1
1048749,48332445,3,81,05:22:10,-79.270557,43.798349,2145,7,1e-12,0,2014.64631100075,269,1
1048749,48332445,3,82,05:22:15,-79.270844,43.798413,,,18.6567748749844,24.1354039904837,2038.78171499124,273.65715296175,1
1048749,48332445,3,83,05:22:27,-79.271574,43.798585,,,18.6567748749844,61.7000984841073,2100.48181347534,285.562766661394,1
1048749,48332445,3,84,05:22:28,-79.271693,43.798612,,,18.6567748749844,10.0226784331558,2110.5044919085,287.496736632149,1
1048749,48332445,3,85,05:22:30,-79.271798,43.798622,,,18.6567748749844,8.509649117706,2119.01414102621,289.138753380972,1
1048749,48332445,3,86,05:22:32,-79.271921,43.798622,,,18.6567748749844,9.88278359519055,2128.8969246214,291.045729328374,1
1048749,48332445,3,87,05:22:34,-79.272045,43.798631,,,18.6567748749844,10.0133774164281,2138.91030203782,292.977904580565,1
1048749,48332445,3,88,05:22:36,-79.272147,43.798631,,,18.6567748749844,8.19547784395711,2147.10577988178,294.559299030353,1
1048749,48332445,3,89,05:22:38,-79.272276,43.798623,,,18.6567748749844,10.4030579376263,2157.50883781941,296.566666800314,1
1048749,48332445,3,90,05:22:40,-79.272402,43.798614,,,18.6567748749844,10.1732807609342,2167.68211858034,298.529696905183,1
1048749,48332445,3,91,05:22:41,-79.272513,43.798587,,,18.6567748749844,9.41145277557656,2177.09357135592,300.345725142598,1
1048749,48332445,3,92,05:22:43,-79.272611,43.798578,,,18.6567748749844,7.93757482513454,2185.03114618105,301.877354781802,1
1048749,48332445,3,93,05:22:55,-79.273353,43.7984,1331,8,18.6567748749844,62.8248507570051,2247.85599693806,314,1
1048749,48332445,3,94,05:22:55,-79.273353,43.7984,1331,8,1e-12,0,2247.85599693806,314,1
1048749,48332445,3,95,05:23:09,-79.274311,43.798168,,,21.553362438569,81.1907197955854,2329.04671673364,327.561066960999,1
1048749,48332445,3,96,05:23:10,-79.274428,43.798168,,,21.553362438569,9.40076802025139,2338.44748475389,329.131251890119,1
1048749,48332445,3,97,05:23:16,-79.274889,43.798169,,,21.553362438569,37.0407999319479,2375.48828468584,335.318076805956,1
1048749,48332445,3,98,05:23:26,-79.275588,43.798152,,,21.553362438569,56.1954435242173,2431.68372821006,344.704250182096,1
1048749,48332445,3,99,05:23:39,-79.276542,43.798136,,,21.553362438569,76.6731372947814,2508.35686550484,357.510757521632,1
1048749,48332445,3,100,05:23:48,-79.2772490000888,43.7981285021791,9462,9,21.553362438569,56.8125228899264,2565.16938839477,367,1
1048749,48332445,3,101,05:23:48,-79.2772490000888,43.7981285021791,9462,9,1e-12,0,2565.16938839477,367,1
1048749,48332445,3,102,05:23:55,-79.277956,43.798121,,,28.7016620595614,56.8125228897343,2621.9819112845,374.125896820143,1
1048749,48332445,3,103,05:23:57,-79.278152,43.798112,,,28.7016620595614,15.7801451768999,2637.7620564614,376.105173229953,1
1048749,48332445,3,104,05:23:58,-79.278276,43.798094,,,28.7016620595614,10.1627127152266,2647.92476917663,377.379864768683,1
1048749,48332445,3,105,05:24:01,-79.278504,43.798068,,,28.7016620595614,18.5466996425508,2666.47146881918,379.7061453365,1
1048749,48332445,3,106,05:24:02,-79.27866,43.798041,,,28.7016620595614,12.8897052108058,2679.36117402998,381.322878843521,1
1048749,48332445,3,107,05:24:04,-79.278808,43.798005,,,28.7016620595614,12.5487126156638,2691.90988664565,382.896842237092,1
1048749,48332445,3,108,05:24:11,-79.279519501804,43.7978535022069,,,28.7016620595614,59.6039448296805,2751.51383147533,390.372862299678,1
1048749,48332445,3,109,05:24:19,-79.280231,43.797702,,,28.7016620595614,59.6039448308249,2811.11777630615,397.848882362408,1
1048749,48332445,3,110,05:24:26,-79.2809385017938,43.7975505021822,,,28.7016620595614,59.2960293376778,2870.41380564383,405.286281115576,1
1048749,48332445,3,111,05:24:34,-79.281646,43.797399,,,28.7016620595614,59.2960293377197,2929.70983498155,412.72367986875,1
1048749,48332445,3,112,05:24:43,-79.2825345025799,43.7972255034415,9806,10,28.7016620595614,73.9571682120705,3003.66700319362,422,1
1048749,48332445,3,113,05:24:43,-79.2825345025799,43.7972255034415,9806,10,1e-12,0,3003.66700319362,422,1
1048749,48332445,3,114,05:24:56,-79.283423,43.797052,,,20.0004282396565,73.9571682110714,3077.62417140469,435.312005241565,1
1048749,48332445,3,115,05:25:00,-79.283636,43.797011,,,20.0004282396565,17.7126684787006,3095.33683988339,438.50021730179,1
1048749,48332445,3,116,05:25:00,-79.283672,43.797002,,,20.0004282396565,3.06119102001361,3098.39803090341,439.051219887334,1
1048749,48332445,3,117,05:25:01,-79.283707,43.796989,,,20.0004282396565,3.16275309738678,3101.56078400079,439.620503255378,1
1048749,48332445,3,118,05:25:01,-79.283743,43.79698,,,20.0004282396565,3.06119202612003,3104.62197602691,440.171506022018,1
1048749,48332445,3,119,05:25:02,-79.283778,43.796975,,,20.0004282396565,2.86680305150905,3107.48877907842,440.687519522417,1
1048749,48332445,3,120,05:25:02,-79.283814,43.796966,,,20.0004282396565,3.06119266748279,3110.54997174591,441.2385224045,1
1048749,48332445,3,121,05:25:03,-79.28385,43.796962,,,20.0004282396565,2.92667396109095,3113.476645707,441.765312437877,1
1048749,48332445,3,122,05:25:03,-79.283886,43.796953,,,20.0004282396565,3.06119326117092,3116.53783896817,442.316315426821,1
1048749,48332445,3,123,05:25:04,-79.283922,43.796948,,,20.0004282396565,2.94566673693082,3119.4835057051,442.84652408665,1
1048749,48332445,3,124,05:25:04,-79.283959,43.796944,,,20.0004282396565,3.00611434986272,3122.48962005496,443.387613083837,1
1048749,48332445,3,125,05:25:05,-79.283996,43.79694,,,20.0004282396565,3.00611454758671,3125.49573460255,443.928702116614,1
1048749,48332445,3,126,05:25:05,-79.284032,43.796935,,,20.0004282396565,2.94566735390274,3128.44140195645,444.458910887495,1
1048749,48332445,3,127,05:25:06,-79.284069,43.796931,2077,11,20.0004282396565,3.00611499053189,3131.44751694698,445,1
1048749,48332445,3,128,05:25:06,-79.284069,43.796931,2077,11,1e-12,0,3131.44751694698,445,1
1048749,48332445,3,129,05:25:06,-79.284106,43.796931,,,28.5122893518871,2.97295399532967,3134.42047094231,445.375369169803,1
1048749,48332445,3,130,05:25:07,-79.284143,43.796926,,,28.5122893518871,3.02460855938381,3137.4450795017,445.757260314333,1
1048749,48332445,3,131,05:25:07,-79.28418,43.796922,,,28.5122893518871,3.00611543326723,3140.45119493496,446.136816491889,1
1048749,48332445,3,132,05:25:17,-79.28511,43.796793,,,28.5122893518871,76.0930013436035,3216.54419627857,455.744421179684,1
1048749,48332445,3,133,05:25:19,-79.285367,43.796749,,,28.5122893518871,21.2229788943875,3237.76717517295,458.424063037862,1
1048749,48332445,3,134,05:25:30,-79.286366,43.796534,6841,12,28.5122893518871,83.7622707866088,3321.52944595956,469,1
1048749,48332445,3,135,05:25:30,-79.286366,43.796534,6841,12,1e-12,0,3321.52944595956,469,1
1048749,48332445,3,136,05:25:43,-79.287374,43.796329,,,22.6033994854918,84.1471091468219,3405.67655510639,482.40194837166,1
1048749,48332445,3,137,05:25:59,-79.288538,43.796066,,,22.6033994854918,98.003862559181,3503.68041766557,498.010835231333,1
1048749,48332445,3,138,05:25:59,-79.288561,43.796061,,,22.6033994854918,1.93007716807658,3505.61049483364,498.31823491294,1
1048749,48332445,3,139,05:26:08,-79.289195,43.79591,,,22.6033994854918,53.6443560034826,3559.25485083713,506.862068407389,1
1048749,48332445,3,140,05:26:11,-79.289418,43.795829,,,22.6033994854918,20.0592344847267,3579.31408532185,510.056864136737,1
1048749,48332445,3,141,05:26:16,-79.289784,43.795695,,,22.6033994854918,32.9755027605449,3612.2895880824,515.308809093697,1
1048749,48332445,3,142,05:26:22,-79.290201,43.795569,,,22.6033994854918,36.3240466779814,3648.61363476038,521.094070205622,1
1048749,48332445,3,143,05:26:25,-79.290426,43.795516,,,22.6033994854918,19.0175308435035,3667.63116560388,524.122955797834,1
1048749,48332445,3,144,05:26:28,-79.290638,43.795462,4424,13,22.6033994854918,18.0641609552722,3685.69532655915,527,1
1048749,48332445,3,145,05:26:28,-79.290638,43.795462,4424,13,1e-12,0,3685.69532655915,527,1
1048749,48332445,3,146,05:26:35,-79.291337,43.79531,,,30.6517767796422,58.6595682973847,3744.35489485654,533.889468345954,1
1048749,48332445,3,147,05:26:41,-79.291976,43.795195,,,30.6517767796422,52.9170120800223,3797.27190693656,540.10448305318,1
1048749,48332445,3,148,05:26:48,-79.292733,43.795178,,,30.6517767796422,60.8562388528358,3858.1281457894,547.25194668784,1
1048749,48332445,3,149,05:26:52,-79.29313,43.79517,6972,14,30.6517767796422,31.9123593007056,3890.0405050901,551,1
1048749,48332445,3,150,05:26:52,-79.29313,43.79517,6972,14,1e-12,0,3890.0405050901,551,1
1048749,48332445,3,151,05:26:54,-79.293307,43.795152,,,24.8859844580141,14.3628481050204,3904.40335319512,553.077725848672,1
1048749,48332445,3,152,05:26:56,-79.293438,43.795143,,,24.8859844580141,10.5737497715752,3914.9771029667,554.607321723889,1
1048749,48332445,3,153,05:27:03,-79.2940575016224,43.7949865016731,,,24.8859844580141,52.7390642753976,3967.7161672421,562.236540962201,1
1048749,48332445,3,154,05:27:11,-79.294677,43.79483,,,24.8859844580141,52.7390642771691,4020.45523151926,569.86576020077,1
1048749,48332445,3,155,05:27:12,-79.294754,43.794813,,,24.8859844580141,6.47011995941353,4026.92535147868,570.80172606112,1
1048749,48332445,3,156,05:27:13,-79.294877,43.794786,,,24.8859844580141,10.3303290093631,4037.25568048804,572.296108752568,1
1048749,48332445,3,157,05:27:18,-79.295253,43.794678,2472,15,24.8859844580141,32.5169345766072,4069.77261506465,577,1
1048749,48332445,3,158,05:27:18,-79.295253,43.794678,2472,15,1e-12,0,4069.77261506465,577,1
1048749,48332445,3,159,05:27:22,-79.295552,43.794571,,,26.6967280588501,26.8161566633441,4096.58877172799,580.616104706735,1
1048749,48332445,3,160,05:27:25,-79.295757,43.794436,,,26.6967280588501,22.297669181347,4118.88644090934,583.622900478708,1
1048749,48332445,3,161,05:27:28,-79.296023,43.794266,,,26.6967280588501,28.5478496164088,4147.43429052575,587.472520491787,1
1048749,48332445,3,162,05:27:32,-79.296216,43.794086,,,26.6967280588501,25.3378899883311,4172.77218051408,590.889283915264,1
1048749,48332445,3,163,05:27:35,-79.296369,43.793906,,,26.6967280588501,23.5084743147089,4196.28065482879,594.059354320386,1
1048749,48332445,3,164,05:27:40,-79.296575,43.79361,,,26.6967280588501,36.8746777836161,4233.15533261241,599.031830337986,1
1048749,48332445,3,165,05:27:49,-79.2969120029915,43.7930795004951,,,26.6967280588501,64.9677126847841,4298.12304529719,607.792595520507,1
1048749,48332445,3,166,05:27:58,-79.297249,43.792549,,,26.6967280588501,64.9677126865202,4363.09075798371,616.553360703263,1
1048749,48332445,3,167,05:28:04,-79.297481,43.792171,,,26.6967280588501,46.0235929748658,4409.11435095858,622.759549504538,1
1048749,48332445,3,168,05:28:08,-79.29768,43.791892,,,26.6967280588501,34.9330710373439,4444.04742199592,627.470203763637,1
1048749,48332445,3,169,05:28:12,-79.29788,43.791677,,,26.6967280588501,28.8290065715061,4472.87642856742,631.357737225739,1
1048749,48332445,3,170,05:28:16,-79.298095,43.791506,,,26.6967280588501,25.7068807968087,4498.58330936423,634.824258316433,1
1048749,48332445,3,171,05:28:20,-79.298458,43.791345,,,26.6967280588501,34.2357947226367,4532.81910408687,639.440886269109,1
1048749,48332445,3,172,05:28:22,-79.298588,43.791291,,,26.6967280588501,12.0525689563315,4544.8716730432,641.066150913793,1
1048749,48332445,3,173,05:28:25,-79.298822,43.791228,,,26.6967280588501,20.0689676781517,4564.94064072135,643.772410777627,1
1048749,48332445,3,174,05:28:31,-79.29937,43.791103,24906,16,26.6967280588501,46.1822933144228,4611.12293403578,650,1
1048749,48332445,3,175,05:28:31,-79.29937,43.791103,24906,16,1e-12,0,4611.12293403578,650,1
1048749,48332445,3,176,05:28:41,-79.300529,43.790826,,,36.8589406075125,98.1069309005792,4709.22986493636,659.582070060096,1
1048749,48332445,3,177,05:28:48,-79.301473,43.79063,,,36.8589406075125,78.9338033948437,4788.1636683312,667.291507378094,1
1048749,48332445,3,178,05:28:55,-79.302283,43.790433,4620,17,36.8589406075125,68.685536421327,4856.84920475253,674,1
1048749,48332445,3,179,05:28:55,-79.302283,43.790433,4620,17,1e-12,0,4856.84920475253,674,1
1048749,48332445,3,180,05:29:07,-79.3030260021631,43.7902590024066,,,19.6497631680205,62.7700767869693,4919.6192815395,685.500000000044,1
1048749,48332445,3,181,05:29:18,-79.303769,43.790085,6321,18,19.6497631680205,62.7700767864961,4982.38935832599,697,1
1048749,48332445,3,182,05:29:18,-79.303769,43.790085,6321,18,1e-12,0,4982.38935832599,697,1
1048749,48332445,3,183,05:29:31,-79.3046695030962,43.7898795035351,,,21.0593783624545,75.8936065987463,5058.28296492474,709.973649034322,1
1048749,48332445,3,184,05:29:44,-79.30557,43.789674,,,21.0593783624545,75.8936065971164,5134.17657152185,722.947298068366,1
1048749,48332445,3,185,05:29:50,-79.305971,43.789584,,,21.0593783624545,33.7458576132374,5167.92242913509,728.715991014414,1
1048749,48332445,3,186,05:29:53,-79.306225,43.789513,,,21.0593783624545,21.8882493259343,5189.81067846103,732.457682540972,1
1048749,48332445,3,187,05:29:56,-79.306425,43.789459,,,21.0593783624545,17.1594027410685,5206.97008120209,735.39100036283,1
1048749,48332445,3,188,05:29:59,-79.306586,43.789387,,,21.0593783624545,15.2194590538743,5222.18954025597,737.992694090487,1
1048749,48332445,3,189,05:30:01,-79.306711,43.789325,,,21.0593783624545,12.1876052242275,5234.3771454802,740.076106907906,1
1048749,48332445,3,190,05:30:04,-79.306885,43.789262,,,21.0593783624545,15.6428904135052,5250.0200358937,742.750184201138,1
1048749,48332445,3,191,05:30:06,-79.306993,43.78919,,,21.0593783624545,11.8137256600308,5261.83376155373,744.769684095396,1
1048749,48332445,3,192,05:30:08,-79.307097,43.7891,7419,19,21.0593783624545,13.0469629174612,5274.88072447119,747,1
1048749,48332445,3,193,05:30:08,-79.307097,43.7891,7419,19,1e-12,0,5274.88072447119,747,1
1048749,48332445,3,194,05:30:11,-79.307239,43.789028,,,20.0624131572766,13.944753881468,5288.82547835266,749.502247041756,1
1048749,48332445,3,195,05:30:13,-79.307315,43.788939,,,20.0624131572766,11.6386358823621,5300.46411423502,751.590684202732,1
1048749,48332445,3,196,05:30:15,-79.307416,43.788831,,,20.0624131572766,14.5057728215686,5314.96988705659,754.193600499404,1
1048749,48332445,3,197,05:30:18,-79.307506,43.788714,,,20.0624131572766,14.8977682262685,5329.86765528286,756.866856462888,1
1048749,48332445,3,198,05:30:20,-79.307567,43.788633,,,20.0624131572766,10.2632372271305,5340.13089250999,758.708492049197,1
1048749,48332445,3,199,05:30:22,-79.307632,43.788534,,,20.0624131572766,12.1958635769273,5352.32675608692,760.89691816388,1
1048749,48332445,3,200,05:30:24,-79.307684,43.788426,,,20.0624131572766,12.7280385976186,5365.05479468454,763.180837779741,1
1048749,48332445,3,201,05:30:27,-79.307744,43.788291,,,20.0624131572766,15.7826962542074,5380.83749093874,766.012885254276,1
1048749,48332445,3,202,05:30:30,-79.307796,43.788156,,,20.0624131572766,15.598308204366,5396.43579914311,768.811846131789,1
1048749,48332445,3,203,05:30:32,-79.307801,43.78803,,,20.0624131572766,14.0320099763533,5410.46780911946,771.329750409748,1
1048749,48332445,3,204,05:30:35,-79.307828,43.787904,,,20.0624131572766,14.193089540568,5424.66089866003,773.87655880939,1
1048749,48332445,3,205,05:30:37,-79.307875,43.787778,,,20.0624131572766,14.5259011635834,5439.18679982362,776.483086936338,1
1048749,48332445,3,206,05:30:40,-79.307874,43.787652,24905,20,20.0624131572766,14.026486045592,5453.21328586921,779,1
1048749,48332445,3,207,05:30:40,-79.307874,43.787652,24905,20,1e-12,0,5453.21328586921,779,1
1048749,48332445,3,208,05:30:48,-79.307952,43.787157,,,24.4091105054544,55.458530353854,5508.67181622306,787.17935210008,1
1048749,48332445,3,209,05:30:51,-79.307998,43.786987,,,24.4091105054544,19.2819951886629,5527.95381141172,790.023174805691,1
1048749,48332445,3,210,05:30:53,-79.308017,43.786861,,,24.4091105054544,14.1091211581261,5542.06293256985,792.104071451143,1
1048749,48332445,3,211,05:30:55,-79.308049,43.786762,,,24.4091105054544,11.3166957525816,5553.37962832243,793.773124680272,1
1048749,48332445,3,212,05:30:57,-79.308122,43.786636,,,24.4091105054544,15.2036970698197,5568.58332539225,796.01545585572,1
1048749,48332445,3,213,05:30:59,-79.3082,43.786528,,,24.4091105054544,13.5585171379147,5582.14184253017,798.015146163386,1
1048749,48332445,3,214,05:31:01,-79.308256,43.786447,,,24.4091105054544,10.0775807648612,5592.21942329503,799.50144738462,1
1048749,48332445,3,215,05:31:02,-79.308325,43.786357,,,24.4091105054544,11.4509366050761,5603.6703599001,801.190299248725,1
1048749,48332445,3,216,05:31:04,-79.308422,43.786258,,,24.4091105054544,13.4989516567936,5617.1693115569,803.181204486898,1
1048749,48332445,3,217,05:31:05,-79.308492,43.786213,,,24.4091105054544,7.53261368073673,5624.70192523763,804.292158908797,1
1048749,48332445,3,218,05:31:07,-79.30862,43.786141,,,24.4091105054544,13.040542450972,5637.74246768861,806.215455245753,1
1048749,48332445,3,219,05:31:09,-79.308737,43.786079,,,24.4091105054544,11.6638358612759,5649.40630354988,807.935706751485,1
1048749,48332445,3,220,05:31:11,-79.308875,43.786007,,,24.4091105054544,13.6834137645993,5663.08971731448,809.953817552432,1
1048749,48332445,3,221,05:31:13,-79.309019,43.785953,,,24.4091105054544,13.0406572759482,5676.13037459043,811.877130824455,1
1048749,48332445,3,222,05:31:15,-79.30921,43.78589,,,24.4091105054544,16.8759352576889,5693.00630984812,814.366093579329,1
1048749,48332445,3,223,05:31:24,-79.309892,43.785721,,,24.4091105054544,57.9478432766868,5750.95415312481,822.912584273836,1
1048749,48332445,3,224,05:31:37,-79.31094,43.78547,2764,21,24.4091105054544,88.7367157474311,5839.69086887224,836,1
1048749,48332445,3,225,05:31:37,-79.31094,43.78547,2764,21,1e-12,0,5839.69086887224,836,1
1048749,48332445,3,226,05:31:48,-79.3116690020122,43.7853050023168,,,19.8178020980499,61.3984163110883,5901.08928518332,847.153320515884,1
1048749,48332445,3,227,05:31:59,-79.312398,43.78514,,,19.8178020980499,61.3984163092287,5962.48770149255,858.306641031431,1
1048749,48332445,3,228,05:32:08,-79.312939,43.785005,,,19.8178020980499,46.0020020335561,6008.48970352611,866.663128118216,1
1048749,48332445,3,229,05:32:19,-79.3136815021053,43.7848355024034,,,19.8178020980499,62.5841617133326,6071.07386523944,878.031845045214,1
1048749,48332445,3,230,05:32:30,-79.314424,43.784666,,,19.8178020980499,62.5841617166257,6133.65802695607,889.40056197281,1
1048749,48332445,3,231,05:32:38,-79.314923,43.784559,5844,22,19.8178020980499,41.8344885775689,6175.49251553364,897,1
1048749,48332445,3,232,05:32:38,-79.314923,43.784559,5844,22,1e-12,0,6175.49251553364,897,1
1048749,48332445,3,233,05:32:42,-79.315217,43.784483,,,24.1253236711183,25.0968335994395,6200.58934913308,900.744969484747,1
1048749,48332445,3,234,05:32:43,-79.315306,43.78446,,,24.1253236711183,7.59709111062453,6208.1864402437,901.878613466941,1
1048749,48332445,3,235,05:32:47,-79.315631,43.784362,,,24.1253236711183,28.3059813560676,6236.49242159977,906.102454534153,1
1048749,48332445,3,236,05:32:50,-79.315861,43.78429,,,24.1253236711183,20.1473116302298,6256.63973323,909.108852411237,1
1048749,48332445,3,237,05:32:51,-79.315923,43.784272,,,24.1253236711183,5.37056111489435,6262.01029434489,909.910251815332,1
1048749,48332445,3,238,05:32:53,-79.316081,43.784209,,,24.1253236711183,14.5059814125037,6276.5162757574,912.074845907287,1
1048749,48332445,3,239,05:32:55,-79.316236,43.784138,,,24.1253236711183,14.7527356581546,6291.26901141555,914.276260864175,1
1048749,48332445,3,240,05:32:59,-79.316473,43.784021,,,24.1253236711183,23.0743448422654,6314.34335625782,917.71943296684,1
1048749,48332445,3,241,05:33:02,-79.316678,43.783916,,,24.1253236711183,20.2004730535527,6334.54382931137,920.733763633825,1
1048749,48332445,3,242,05:33:05,-79.316865,43.783788,,,24.1253236711183,20.7097703603759,6355.25359967174,923.824092050293,1
1048749,48332445,3,243,05:33:08,-79.317033,43.78368,,,24.1253236711183,18.0786947773021,6373.33229444905,926.521809274133,1
1048749,48332445,3,244,05:33:10,-79.317177,43.783573,3146,23,24.1253236711183,16.6075426056425,6389.93983705469,929,1
1048749,48332445,3,245,05:33:10,-79.317177,43.783573,3146,23,1e-12,0,6389.93983705469,929,1
1048749,48332445,3,246,05:33:12,-79.317313,43.783482,,,21.6753875768032,14.9025073693111,6404.842344424,931.475112675122,1
1048749,48332445,3,247,05:33:21,-79.317748502648,43.7831185008268,,,21.6753875768032,53.5016435168407,6458.34398794084,940.361039903789,1
1048749,48332445,3,248,05:33:30,-79.318184,43.782755,,,21.6753875768032,53.5016435189131,6511.84563145975,949.2469671328,1
1048749,48332445,3,249,05:33:32,-79.318279,43.782683,,,21.6753875768032,11.0695373397166,6522.91516879947,951.085473331676,1
1048749,48332445,3,250,05:33:35,-79.318419,43.782557,,,21.6753875768032,17.9815685010683,6540.89673730054,954.071978019284,1
1048749,48332445,3,251,05:33:39,-79.318589,43.782413,,,21.6753875768032,21.0626154674353,6561.95935276797,957.570204540682,1
1048749,48332445,3,252,05:33:41,-79.318716,43.782314,,,21.6753875768032,15.021189305534,6576.98054207351,960.065028742017,1
1048749,48332445,3,253,05:33:44,-79.318838,43.782216,,,21.6753875768032,14.6681083300044,6591.64865040351,962.501210784941,1
1048749,48332445,3,254,05:33:46,-79.318972,43.782117,,,21.6753875768032,15.4090236948157,6607.05767409833,965.060449234762,1
1048749,48332445,3,255,05:33:48,-79.319078,43.782036,,,21.6753875768032,12.4048924263628,6619.46256652469,967.12074054797,1
1048749,48332445,3,256,05:33:51,-79.319242,43.781964,,,21.6753875768032,15.4263214584923,6634.88888798318,969.68285193139,1
1048749,48332445,3,257,05:33:52,-79.319336,43.781901,,,21.6753875768032,10.3082031647271,6645.19709114791,971.394910424533,1
1048749,48332445,3,258,05:33:54,-79.319473,43.781847,,,21.6753875768032,12.544780319806,6657.74187146772,973.478435297676,1
1048749,48332445,3,259,05:33:57,-79.31968,43.781785,,,21.6753875768032,18.0114976826149,6675.75336915033,976.469910833127,1
1048749,48332445,3,260,05:34:00,-79.319859,43.78174,10012,24,21.6753875768032,15.23351758218,6690.98688673251,979,1
1048749,48332445,3,261,05:34:00,-79.319859,43.78174,10012,24,1e-12,0,6690.98688673251,979,1
1048749,48332445,3,262,05:34:05,-79.320153,43.781669,,,19.7363756579472,24.9157685220257,6715.90265525454,983.544743585845,1
1048749,48332445,3,263,05:34:14,-79.3207910017234,43.7815075017745,,,19.7363756579472,54.3369267041888,6770.23958195873,993.456033253476,1
1048749,48332445,3,264,05:34:24,-79.321429,43.781346,,,19.7363756579472,54.3369267058793,6824.5765086646,1003.36732292141,1
1048749,48332445,3,265,05:34:28,-79.321639,43.781284,,,19.7363756579472,18.2345699141109,6842.81107857872,1006.69338707972,1
1048749,48332445,3,266,05:34:37,-79.3222290014556,43.7811365015175,,,19.7363756579472,50.1814152249655,6892.99249380368,1015.84669353987,1
1048749,48332445,3,267,05:34:46,-79.322819,43.780989,14951,25,19.7363756579472,50.1814152248218,6943.1739090285,1025,1
1048749,48332445,3,268,05:34:46,-79.322819,43.780989,14951,25,1e-12,0,6943.1739090285,1025,1
1048749,48332445,3,269,05:34:59,-79.323842,43.780731,,,24.8883457913046,87.0921061227592,7030.26601515126,1037.59752595335,1
1048749,48332445,3,270,05:35:00,-79.32393,43.780709,,,24.8883457913046,7.48473221980834,7037.75074737107,1038.68016263066,1
1048749,48332445,3,271,05:35:00,-79.323991,43.780693,,,24.8883457913046,5.21619648911173,7042.96694386018,1039.43466465817,1
1048749,48332445,3,272,05:35:09,-79.3246870020314,43.7805185021118,6888,26,24.8883457913046,59.2158410572105,7102.18278491739,1048,1
1048749,48332445,3,273,05:35:09,-79.3246870020314,43.7805185021118,6888,26,1e-12,0,7102.18278491739,1048,1
1048749,48332445,3,274,05:35:18,-79.325383,43.780344,,,22.9349585295728,59.2158410575171,7161.39862597491,1057.29485124345,1
1048749,48332445,3,275,05:35:32,-79.32503,43.779579,,,22.9349585295728,89.761212349947,7251.15983832486,1071.38427564956,1
1048749,48332445,3,276,05:35:40,-79.324827245646,43.7791510005376,,,22.9349585295728,50.3545365894107,7301.51437491427,1079.28820673748,1
1048749,48332445,3,277,05:35:48,-79.3246244941947,43.7787230007168,,,22.9349585295728,50.3545365872205,7351.86891150149,1087.19213782505,1
1048749,48332445,3,278,05:35:56,-79.3244217456461,43.7782950005376,,,22.9349585295728,50.3545365872896,7402.22344808878,1095.09606891263,1
1048749,48332445,3,279,05:36:04,-79.324219,43.777867,4225,27,22.9349585295728,50.354536585978,7452.57798467476,1103,1
1048749,48332445,3,280,05:36:04,-79.324219,43.777867,4225,27,1e-12,0,7452.57798467476,1103,1
1048749,48332445,3,281,05:36:07,-79.324158,43.777735,,,19.775389058138,15.4905581482267,7468.06854282298,1105.81997027566,1
1048749,48332445,3,282,05:36:20,-79.3238697409687,43.7771105010866,,,19.775389058138,73.2781662033605,7541.34670902634,1119.15985438902,1
1048749,48332445,3,283,05:36:33,-79.3235814879584,43.7764860014488,,,19.775389058138,73.2781662016779,7614.62487522802,1132.49973850207,1
1048749,48332445,3,284,05:36:47,-79.3232932409689,43.7758615010866,,,19.775389058138,73.2781662016797,7687.9030414297,1145.83962261512,1
1048749,48332445,3,285,05:37:00,-79.323005,43.775237,,,19.775389058138,73.2781662007292,7761.18120763043,1159.179506728,1
1048749,48332445,3,286,05:37:11,-79.3237120018503,43.775080502179,9120,28,19.775389058138,59.4387400707833,7820.61994770121,1170,1
1048749,48332445,3,287,05:37:11,-79.3237120018503,43.775080502179,9120,28,1e-12,0,7820.61994770121,1170,1
1048749,48332445,3,288,05:37:22,-79.324419,43.774924,,,18.7498696561046,59.4387400695144,7880.05868777073,1181.41231742806,1
1048749,48332445,3,289,05:37:36,-79.3253,43.774755,,,18.7498696561046,73.270989245845,7953.32967701657,1195.48044516031,1
1048749,48332445,3,290,05:37:48,-79.326047,43.774684,,,18.7498696561046,60.5617915731216,8013.89146858969,1207.10838997603,1
1048749,48332445,3,291,05:37:58,-79.326687,43.774659,8151,29,18.7498696561046,51.5184440662185,8065.40991265591,1217,1
1048749,48332445,3,292,05:37:58,-79.326687,43.774659,8151,29,1e-12,0,8065.40991265591,1217,1
1048749,48332445,3,293,05:38:16,-79.32771,43.774695,,,16.5553341011285,82.3263640451402,8147.73627670105,1234.90207970145,1
1048749,48332445,3,294,05:38:35,-79.328787,43.774813,,,16.5553341011285,87.5600881624163,8235.29636486347,1253.94224617947,1
1048749,48332445,3,295,05:38:42,-79.329193,43.774857,,,16.5553341011285,32.9997314368389,8268.29609630031,1261.11812269437,1
1048749,48332445,3,296,05:39:00,-79.3302084980047,43.7749745044955,,,16.5553341011285,82.666870484269,8350.96296678458,1279.09424639719,1
1048749,48332445,3,297,05:39:18,-79.331224,43.775092,,,16.5553341011285,82.6668704838791,8433.62983726846,1297.07037009992,1
1048749,48332445,3,298,05:39:28,-79.331782,43.775169,2901,30,16.5553341011285,45.6634279156682,8479.29326518412,1307,1
1048749,48332445,3,299,05:39:28,-79.331782,43.775169,2901,30,1e-12,0,8479.29326518412,1307,1
1048749,48332445,3,300,05:39:45,-79.3328014980564,43.775283004531,,,17.4971417549467,82.9234173541808,8562.2166825383,1324.0613181659,1
1048749,48332445,3,301,05:40:02,-79.333821,43.775397,,,17.4971417549467,82.9234173553084,8645.14009989361,1341.12263633204,1
1048749,48332445,3,302,05:40:15,-79.334596,43.775462,,,17.4971417549467,62.7125661428737,8707.85266603649,1354.02561450277,1
1048749,48332445,3,303,05:40:17,-79.334697,43.775471,,,17.4971417549467,8.17986255558097,8716.03252859207,1355.70860396543,1
1048749,48332445,3,304,05:40:23,-79.335077,43.77551,,,17.4971417549467,30.8509948037958,8746.88352339586,1362.0561310558,1
1048749,48332445,3,305,05:40:36,-79.335852,43.775589,2857,31,17.4971417549467,62.9113082705865,8809.79483166645,1375,1
1048749,48332445,3,306,05:40:36,-79.335852,43.775589,2857,31,1e-12,0,8809.79483166645,1375,1
1048749,48332445,3,307,05:40:52,-79.3367959981372,43.7757070038847,,,17.5831296336624,77.0060531777984,8886.80088484425,1390.76635088382,1
1048749,48332445,3,308,05:41:08,-79.33774,43.775825,,,17.5831296336624,77.0060531777014,8963.80693802195,1406.53270176763,1
1048749,48332445,3,309,05:41:22,-79.33863699853,43.7759230035076,,,17.5831296336624,72.9200511446827,9036.72698916663,1421.46247761471,1
1048749,48332445,3,310,05:41:37,-79.339534,43.776021,,,17.5831296336624,72.9200511446443,9109.64704031128,1436.39225346179,1
1048749,48332445,3,311,05:41:39,-79.339616,43.776028,,,17.5831296336624,6.63691723679919,9116.28395754808,1437.75110723528,1
1048749,48332445,3,312,05:41:43,-79.339901,43.776052,,,17.5831296336624,23.0630536043147,9139.34701115239,1442.47307623087,1
1048749,48332445,3,313,05:41:54,-79.340501,43.776153,,,17.5831296336624,49.5201142780269,9188.86712543042,1452.61190902771,1
1048749,48332445,3,314,05:42:02,-79.341001,43.7762,,,17.5831296336624,40.5281402780543,9229.39526570847,1460.90970970602,1
1048749,48332445,3,315,05:42:02,-79.341021,43.776202,,,17.5831296336624,1.62290352605451,9231.01816923453,1461.24198574649,1
1048749,48332445,3,316,05:42:04,-79.341157,43.776206,,,17.5831296336624,10.9404696446143,9241.95863887914,1463.4819561921,1
1048749,48332445,3,317,05:42:06,-79.34123,43.776209,,,17.5831296336624,5.8770878272392,9247.83572670638,1464.68524119419,1
1048749,48332445,3,318,05:42:09,-79.341412,43.776214,,,17.5831296336624,14.6393743412199,9262.4751010476,1467.68253170654,1
1048749,48332445,3,319,05:42:12,-79.341639,43.776208,,,17.5831296336624,18.2580189621717,9280.73312000977,1471.42070970063,1
1048749,48332445,3,320,05:42:16,-79.341882,43.776185,,,17.5831296336624,19.6989480182629,9300.43206802803,1475.45390597133,1
1048749,48332445,3,321,05:42:29,-79.342602,43.776067,,,17.5831296336624,59.3442506636405,9359.77631869167,1487.6041492352,1
1048749,48332445,3,322,05:42:36,-79.343036,43.775977,,,17.5831296336624,36.2943403259841,9396.07065901766,1495.03511447835,1
1048749,48332445,3,323,05:42:48,-79.34371,43.775827,,,17.5831296336624,56.6899843121098,9452.76064332977,1506.64191871489,1
1048749,48332445,3,324,05:43:03,-79.344592,43.775611,,,17.5831296336624,74.8606330427227,9527.62127637249,1521.96901261505,1
1048749,48332445,3,325,05:43:07,-79.344831,43.775568,,,17.5831296336624,19.7979152311909,9547.41919160368,1526.022471602,1
1048749,48332445,3,326,05:43:16,-79.345354,43.775456,5856,32,17.5831296336624,43.848068225539,9591.26725982922,1535,1
1048749,48332445,3,327,05:43:16,-79.345354,43.775456,5856,32,1e-12,0,9591.26725982922,1535,1
1048749,48332445,3,328,05:43:23,-79.34561,43.775576,,,13.4490540929778,24.5327957710692,9615.80005560029,1541.56686070004,1
1048749,48332445,3,329,05:43:24,-79.34568,43.775592,,,13.4490540929778,5.9016987021169,9621.70175430241,1543.14660862734,1
1048749,48332445,3,330,05:43:26,-79.345754,43.775598,,,13.4490540929778,5.98541407821282,9627.68716838062,1544.74876522011,1
1048749,48332445,3,331,05:43:28,-79.345849,43.775594,,,13.4490540929778,7.64895692235165,9635.33612530297,1546.79621366742,1
1048749,48332445,3,332,05:43:31,-79.346005,43.775563,,,13.4490540929778,13.0052929990055,9648.34141830198,1550.27742910999,1
1048749,48332445,3,333,05:43:36,-79.346231,43.775518,,,13.4490540929778,18.8436658506507,9667.18508415263,1555.32144161774,1
1048749,48332445,3,334,05:43:38,-79.346287,43.775519,,,13.4490540929778,4.50259445368019,9671.68767860631,1556.52668177227,1
1048749,48332445,3,335,05:43:39,-79.346361,43.775536,,,13.4490540929778,6.24183025289913,9677.92950885921,1558.19747503067,1
1048749,48332445,3,336,05:43:41,-79.346449,43.775521,,,13.4490540929778,7.26776225142752,9685.19727111063,1560.14288650156,1
1048749,48332445,3,337,05:43:44,-79.346575,43.775518,,,13.4490540929778,10.1332452371017,9695.33051634774,1562.85532133909,1
1048749,48332445,3,338,05:43:47,-79.346697,43.775544,,,13.4490540929778,10.2244327444719,9705.55494909221,1565.59216495839,1
1048749,48332445,3,339,05:43:48,-79.346764,43.775562,,,13.4490540929778,5.74607398574663,9711.30102307795,1567.13025575688,1
1048749,48332445,3,340,05:43:49,-79.346802,43.775585,,,13.4490540929778,3.98556313320082,9715.28658621116,1568.19709861291,1
1048749,48332445,3,341,05:43:51,-79.346844,43.775633,,,13.4490540929778,6.32044247261854,9721.60702868377,1569.88893454012,1
1048749,48332445,3,342,05:44:00,-79.346974,43.775924,14154,33,13.4490540929778,34.0375589485097,9755.64458763228,1579,1
1048749,48332445,3,343,05:44:00,-79.346974,43.775924,14154,33,1e-12,0,9755.64458763228,1579,1
1048749,48332445,3,344,,-79.34699,43.776032,,,,12.0910941308954,9767.73568176318,,1
