shape_id,trip_id,route_type,id,timestamp,shape_pt_lon,shape_pt_lat,stop_id,stop_sequence,speed,dist,cumdist,cumtime,trip_number
1049358,48339416,3,1,18:35:00,-79.415162,43.781066,14210,1,1e-12,0,0,0,1
1049358,48339416,3,2,18:35:00,-79.415162,43.781066,14210,1,1e-12,0,0,0,1
1049358,48339416,3,3,18:35:04,-79.41524,43.781281,,,23.0083954067357,24.7410875320816,24.7410875320816,3.87110502670774,1
1049358,48339416,3,4,18:35:07,-79.41531,43.781456,,,23.0083954067357,20.277017827191,45.0181053592726,7.04374105314346,1
1049358,48339416,3,5,18:35:10,-79.415333,43.781608,,,23.0083954067357,17.0212366384349,62.0393419977075,9.70696249102031,1
1049358,48339416,3,6,18:35:12,-79.415307,43.781727,,,23.0083954067357,13.4108203712292,75.4501623689367,11.8052814951475,1
1049358,48339416,3,7,18:35:13,-79.415214,43.781745,,,23.0083954067357,7.73838288829824,83.1885452572349,13.0160646856049,1
1049358,48339416,3,8,18:35:14,-79.415114,43.781745,,,23.0083954067357,8.0370525550389,91.2255978122738,14.2735791139978,1
1049358,48339416,3,9,18:35:16,-79.41501,43.781675,,,23.0083954067357,11.4274286525504,102.653026464824,16.0615674731138,1
1049358,48339416,3,10,18:35:28,-79.4147314969046,43.7810105003381,,,23.0083954067357,77.2841962905452,179.937222755369,28.1538104012979,1
1049358,48339416,3,11,18:35:40,-79.414453,43.780346,,,23.0083954067357,77.2841962930926,257.221419048462,40.2460533298806,1
1049358,48339416,3,12,18:35:43,-79.414461,43.780205,,,23.0083954067357,15.7092123359638,272.930631384426,42.703989374952,1
1049358,48339416,3,13,18:35:44,-79.414587,43.780161,,,23.0083954067357,11.2492711113413,284.179902495767,44.4641023808756,1
1049358,48339416,3,14,18:35:48,-79.414542,43.779983,,,23.0083954067357,20.1422468361881,304.322149331955,47.615651514504,1
1049358,48339416,3,15,18:35:53,-79.41413,43.780073,,,23.0083954067357,34.5960465339376,338.918195865893,53.0287090233173,1
1049358,48339416,3,16,18:36:05,-79.4132170030159,43.7802705036338,,,23.0083954067357,76.6029084999644,415.521104365857,65.014354511622,1
1049358,48339416,3,17,18:36:17,-79.412304,43.780468,5410,2,23.0083954067357,76.602908500433,492.12401286629,77,1
1049358,48339416,3,18,18:36:17,-79.412304,43.780468,5410,2,1e-12,0,492.12401286629,77,1
1049358,48339416,3,19,18:36:26,-79.4116545047338,43.780613255517,,,21.2685395391383,54.6483307601159,546.772343626406,86.2499999999712,1
1049358,48339416,3,20,18:36:35,-79.4110050063117,43.780758507356,,,21.2685395391383,54.6483307598136,601.42067438622,95.4999999998913,1
1049358,48339416,3,21,18:36:45,-79.4103555047337,43.780903755517,,,21.2685395391383,54.6483307601878,656.069005146408,104.749999999875,1
1049358,48339416,3,22,18:36:54,-79.409706,43.781049,4707,3,21.2685395391383,54.6483307610262,710.717335907434,114,1
1049358,48339416,3,23,18:36:54,-79.409706,43.781049,4707,3,1e-12,0,710.717335907434,114,1
1049358,48339416,3,24,18:37:03,-79.4090530046611,43.7811912555766,,,22.5541930949986,54.8192193288341,765.536555236268,122.750000000114,1
1049358,48339416,3,25,18:37:11,-79.4084000062147,43.7813335074355,,,22.5541930949986,54.8192193273136,820.355774563581,131.499999999985,1
1049358,48339416,3,26,18:37:20,-79.407747004661,43.7814757555767,,,22.5541930949986,54.8192193268024,875.174993890384,140.249999999774,1
1049358,48339416,3,27,18:37:29,-79.407094,43.781618,6717,4,22.5541930949986,54.8192193295363,929.99421321992,149,1
1049358,48339416,3,28,18:37:29,-79.407094,43.781618,6717,4,1e-12,0,929.99421321992,149,1
1049358,48339416,3,29,18:37:38,-79.4064362547694,43.781762505658,,,22.1026901178728,55.2567252935525,985.250938513473,157.999999999816,1
1049358,48339416,3,30,18:37:47,-79.4057785063591,43.7819070075441,,,22.1026901178728,55.2567252952676,1040.50766380874,166.999999999911,1
1049358,48339416,3,31,18:37:56,-79.4051207547693,43.7820515056581,,,22.1026901178728,55.2567252940721,1095.76438910281,175.999999999812,1
1049358,48339416,3,32,18:38:05,-79.404463,43.782196,2290,5,22.1026901178728,55.2567252958353,1151.02111439865,185,1
1049358,48339416,3,33,18:38:05,-79.404463,43.782196,2290,5,1e-12,0,1151.02111439865,185,1
1049358,48339416,3,34,18:38:14,-79.4038147545298,43.7823352554958,,,22.3639049761925,54.3567134831706,1205.37782788182,193.749999999898,1
1049358,48339416,3,35,18:38:22,-79.4031665060397,43.7824745073277,,,22.3639049761925,54.3567134843711,1259.73454136619,202.49999999999,1
1049358,48339416,3,36,18:38:31,-79.4025182545297,43.7826137554958,,,22.3639049761925,54.3567134839263,1314.09125485012,211.25000000001,1
1049358,48339416,3,37,18:38:40,-79.40187,43.782753,8607,6,22.3639049761925,54.3567134837371,1368.44796833385,220,1
1049358,48339416,3,38,18:38:40,-79.40187,43.782753,8607,6,1e-12,0,1368.44796833385,220,1
1049358,48339416,3,39,18:38:48,-79.4012325015249,43.7828960017717,,,23.8654629296801,53.6512137898385,1422.09918212369,228.093049366464,1
1049358,48339416,3,40,18:38:56,-79.400595,43.783039,,,23.8654629296801,53.6512137909435,1475.75039591463,236.186098733095,1
1049358,48339416,3,41,18:39:05,-79.3999400016106,43.7831860018703,,,23.8654629296801,55.1262099314611,1530.8766058461,244.50164477291,1
1049358,48339416,3,42,18:39:13,-79.399285,43.783333,,,23.8654629296801,55.126209934464,1586.00281578056,252.817190813178,1
1049358,48339416,3,43,18:39:23,-79.3984810023603,43.783508502818,2572,7,23.8654629296801,67.5048486578057,1653.50766443837,263,1
1049358,48339416,3,44,18:39:23,-79.3984810023603,43.783508502818,2572,7,1e-12,0,1653.50766443837,263,1
1049358,48339416,3,45,18:39:35,-79.397677,43.783684,,,20.3289995046317,67.5048486563884,1721.01251309475,274.954226035946,1
1049358,48339416,3,46,18:39:45,-79.3970020016372,43.7838290019863,,,20.3289995046317,56.5986845819673,1777.61119767672,284.977113018095,1
1049358,48339416,3,47,18:39:55,-79.396327,43.783974,6763,8,20.3289995046317,56.5986845805931,1834.20988225731,295,1
1049358,48339416,3,48,18:39:55,-79.396327,43.783974,6763,8,1e-12,0,1834.20988225731,295,1
1049358,48339416,3,49,18:40:00,-79.395941,43.784073,,,21.9354536171589,32.9212524890801,1867.13113474639,300.402965948604,1
1049358,48339416,3,50,18:40:09,-79.3953150013927,43.7842060017084,,,21.9354536171589,52.4431732225821,1919.57430796898,309.009828012929,1
1049358,48339416,3,51,18:40:18,-79.394689,43.784339,,,21.9354536171589,52.4431732231164,1972.01748119209,317.616690077342,1
1049358,48339416,3,52,18:40:33,-79.393595,43.78458,,,21.9354536171589,91.9233781839681,2063.94085937606,332.702959421844,1
1049358,48339416,3,53,18:40:37,-79.393268,43.784653,,,21.9354536171589,27.5076397110101,2091.44849908707,337.217454753829,1
1049358,48339416,3,54,18:40:42,-79.392947,43.78474,,,21.9354536171589,27.5556670832238,2119.00416617029,341.739832236007,1
1049358,48339416,3,55,18:40:47,-79.392572,43.784838,5464,9,21.9354536171589,32.0511572237599,2151.05532339405,347,1
1049358,48339416,3,56,18:40:47,-79.392572,43.784838,5464,9,1e-12,0,2151.05532339405,347,1
1049358,48339416,3,57,18:40:50,-79.392391,43.784885,,,20.7199327737802,15.4586232718853,2166.51394666594,349.685869900563,1
1049358,48339416,3,58,18:40:54,-79.392136,43.784998,,,20.7199327737802,24.046055384379,2190.56000205032,353.86376952644,1
1049358,48339416,3,59,18:40:59,-79.391751,43.785085,,,20.7199327737802,32.4212494550521,2222.98125150537,359.496823422536,1
1049358,48339416,3,60,18:41:03,-79.391519,43.785137,,,20.7199327737802,19.5228275075944,2242.50407901297,362.888831485239,1
1049358,48339416,3,61,18:41:18,-79.390515,43.785373,,,20.7199327737802,84.8564788546559,2327.36055786762,377.632282982502,1
1049358,48339416,3,62,18:41:31,-79.389597,43.785596,,,20.7199327737802,77.8400389496548,2405.20059681728,391.156657954092,1
1049358,48339416,3,63,18:41:39,-79.389054,43.785721,,,20.7199327737802,45.8031663359824,2451.00376315326,399.114762867357,1
1049358,48339416,3,64,18:41:51,-79.388241,43.785903,7669,10,20.7199327737802,68.405920663555,2519.40968381681,411,1
1049358,48339416,3,65,18:41:51,-79.388241,43.785903,7669,10,1e-12,0,2519.40968381681,411,1
1049358,48339416,3,66,18:42:04,-79.3874380023105,43.786075002811,,,18.6406373151485,67.3134125279695,2586.72309634478,424.000000000202,1
1049358,48339416,3,67,18:42:17,-79.386635,43.786247,3454,11,18.6406373151485,67.3134125258811,2654.03650887066,437,1
1049358,48339416,3,68,18:42:17,-79.386635,43.786247,3454,11,1e-12,0,2654.03650887066,437,1
1049358,48339416,3,69,18:42:30,-79.385678,43.786454,,,21.521350113339,80.286544443132,2734.3230533138,450.429992006688,1
1049358,48339416,3,70,18:42:40,-79.3850180016231,43.786601001899,,,21.521350113339,55.5071727286657,2789.83022604246,459.714996003688,1
1049358,48339416,3,71,18:42:49,-79.384358,43.786748,5923,12,21.521350113339,55.5071727245483,2845.33739876701,469,1
1049358,48339416,3,72,18:42:49,-79.384358,43.786748,5923,12,1e-12,0,2845.33739876701,469,1
1049358,48339416,3,73,18:43:00,-79.3835775021806,43.7869150026557,,,21.6144100066026,65.4207357734832,2910.75813454049,479.896186789859,1
1049358,48339416,3,74,18:43:11,-79.382797,43.787082,,,21.6144100066026,65.4207357753913,2976.17887031588,490.792373580036,1
1049358,48339416,3,75,18:43:20,-79.3821497545967,43.7872235054789,,,21.6144100066026,54.3476724164579,3030.52654273234,499.844280184911,1
1049358,48339416,3,76,18:43:29,-79.3815025061288,43.7873650073052,,,21.6144100066026,54.3476724172032,3084.87421514955,508.89618678991,1
1049358,48339416,3,77,18:43:38,-79.3808552545966,43.7875065054789,,,21.6144100066026,54.3476724185675,3139.22188756811,517.948093395137,1
1049358,48339416,3,78,18:43:47,-79.380208,43.787648,8541,13,21.6144100066026,54.3476724163839,3193.5695599845,527,1
1049358,48339416,3,79,18:43:47,-79.380208,43.787648,8541,13,1e-12,0,3193.5695599845,527,1
1049358,48339416,3,80,18:43:56,-79.3796055039539,43.7877787547475,,,20.9321555236907,50.5586341628894,3244.12819414739,535.695286196417,1
1049358,48339416,3,81,18:44:04,-79.3790030052718,43.78790950633,,,20.9321555236907,50.5586341619894,3294.68682830938,544.390572392679,1
1049358,48339416,3,82,18:44:13,-79.3784005039538,43.7880402547475,,,20.9321555236907,50.5586341641137,3345.24546247349,553.085858589307,1
1049358,48339416,3,83,18:44:22,-79.377798,43.788171,,,20.9321555236907,50.5586341633475,3395.80409663684,561.781144785803,1
1049358,48339416,3,84,18:44:36,-79.376840503292,43.7883765039967,,,20.9321555236907,80.2747943393659,3476.0788909762,575.587140985986,1
1049358,48339416,3,85,18:44:49,-79.375883,43.788582,,,20.9321555236907,80.2747943407184,3556.35368531692,589.393137186402,1
1049358,48339416,3,86,18:44:53,-79.375657,43.788632,,,20.9321555236907,18.9954137573048,3575.34909907423,592.66004820514,1
1049358,48339416,3,87,18:45:04,-79.37487,43.788807,,,20.9321555236907,66.1765653123803,3641.52566438661,604.04137177953,1
1049358,48339416,3,88,18:45:08,-79.374607,43.788865,,,20.9321555236907,22.099151950637,3663.62481633724,607.842076725194,1
1049358,48339416,3,89,18:45:09,-79.374531,43.788881,,,20.9321555236907,6.36184570029287,3669.98666203754,608.93621366179,1
1049358,48339416,3,90,18:45:18,-79.3739030013712,43.7890115017193,,,20.9321555236907,52.5158312474521,3722.50249328499,617.968106830979,1
1049358,48339416,3,91,18:45:27,-79.373275,43.789142,1641,14,20.9321555236907,52.5158312464723,3775.01832453146,627,1
1049358,48339416,3,92,18:45:27,-79.373275,43.789142,1641,14,1e-12,0,3775.01832453146,627,1
1049358,48339416,3,93,18:45:31,-79.373046,43.789207,,,18.2875352357581,19.7739892084899,3794.79231373995,630.892616486194,1
1049358,48339416,3,94,18:45:44,-79.3722810020863,43.7893700025512,,,18.2875352357581,64.0975384785526,3858.8898522185,643.510562838614,1
1049358,48339416,3,95,18:45:56,-79.371516,43.789533,,,18.2875352357581,64.0975384806248,3922.98739069913,656.128509191442,1
1049358,48339416,3,96,18:46:06,-79.3709145013133,43.7896635015773,,,18.2875352357581,50.4723039369607,3973.45969463609,666.064254595655,1
1049358,48339416,3,97,18:46:16,-79.370313,43.789794,3561,15,18.2875352357581,50.4723039376341,4023.93199857372,676,1
1049358,48339416,3,98,18:46:16,-79.370313,43.789794,3561,15,1e-12,0,4023.93199857372,676,1
1049358,48339416,3,99,18:46:26,-79.369506,43.789977,,,23.4452922257181,67.9745745578687,4091.90657313159,686.437424539324,1
1049358,48339416,3,100,18:46:33,-79.36895,43.790048,,,23.4452922257181,45.3735124599172,4137.28008559151,693.404479728191,1
1049358,48339416,3,101,18:46:41,-79.368373,43.790028,,,23.4452922257181,46.4207808869094,4183.70086647842,700.532341884226,1
1049358,48339416,3,102,18:46:44,-79.368055,43.790004,,,23.4452922257181,25.6935712064261,4209.39443768484,704.477562760666,1
1049358,48339416,3,103,18:46:47,-79.367867,43.790014,,,23.4452922257181,15.1485272088604,4224.5429648937,706.803603205241,1
1049358,48339416,3,104,18:46:49,-79.367679,43.790014,,,23.4452922257181,15.107568817538,4239.65053371124,709.123354531841,1
1049358,48339416,3,105,18:46:52,-79.367474,43.790012,,,23.4452922257181,16.4751834337365,4256.12571714498,711.653101646547,1
1049358,48339416,3,106,18:46:54,-79.367276,43.790013,,,23.4452922257181,15.9115527096508,4272.03726985463,714.096303855471,1
1049358,48339416,3,107,18:46:57,-79.367042,43.790031,9220,16,23.4452922257181,18.9105568453265,4290.94782669996,717,1
1049358,48339416,3,108,18:46:57,-79.367042,43.790031,9220,16,1e-12,0,4290.94782669996,717,1
1049358,48339416,3,109,18:47:01,-79.366799,43.790046,,,18.9912365373473,19.5985906762242,4310.54641737618,720.715130728621,1
1049358,48339416,3,110,18:47:04,-79.366577,43.790076,,,18.9912365373473,18.1496662979994,4328.69608367418,724.155601734514,1
1049358,48339416,3,111,18:47:09,-79.36625,43.790134,,,18.9912365373473,27.0590666478713,4355.75515032205,729.28494861726,1
1049358,48339416,3,112,18:47:15,-79.365863,43.790218,,,18.9912365373473,32.4743958043832,4388.22954612643,735.440831340635,1
1049358,48339416,3,113,18:47:20,-79.365571,43.790281,,,18.9912365373473,24.4904752187443,4412.72002134518,740.083273164478,1
1049358,48339416,3,114,18:47:24,-79.365325,43.790335,5212,17,18.9912365373473,20.6620793848824,4433.38210073006,744,1
1049358,48339416,3,115,18:47:24,-79.365325,43.790335,5212,17,1e-12,0,4433.38210073006,744,1
1049358,48339416,3,116,18:47:37,-79.3644150030375,43.7905345036101,,,21.3488963693904,76.4243409117291,4509.80644164179,756.887206088868,1
1049358,48339416,3,117,18:47:50,-79.363505,43.790734,,,21.3488963693904,76.4243409109174,4586.23078255271,769.7744121776,1
1049358,48339416,3,118,18:47:56,-79.363064,43.790827,8806,18,21.3488963693904,36.9192859052687,4623.15006845798,776,1
1049358,48339416,3,119,18:47:56,-79.363064,43.790827,8806,18,1e-12,0,4623.15006845798,776,1
1049358,48339416,3,120,18:48:06,-79.3624327543648,43.7909647552114,,,19.9463585838424,52.9930355373593,4676.14310399534,785.564398791519,1
1049358,48339416,3,121,18:48:15,-79.3618015058197,43.7911025069485,,,19.9463585838424,52.9930355376964,4729.13613953303,795.128797583098,1
1049358,48339416,3,122,18:48:25,-79.3611702543647,43.7912402552114,,,19.9463585838424,52.9930355390276,4782.12917507206,804.693196374917,1
1049358,48339416,3,123,18:48:34,-79.360539,43.791378,,,19.9463585838424,52.9930355380536,4835.12221061011,814.257595166561,1
1049358,48339416,3,124,18:48:44,-79.3599197544762,43.7915220050151,,,19.9463585838424,52.2794125428354,4887.40162315295,823.693196374827,1
1049358,48339416,3,125,18:48:53,-79.3593005059682,43.7916660066869,,,19.9463585838424,52.2794125427606,4939.68103569571,833.128797583079,1
1049358,48339416,3,126,18:49:03,-79.3586812544761,43.7918100050152,,,19.9463585838424,52.2794125448103,4991.96044824052,842.564398791701,1
1049358,48339416,3,127,18:49:12,-79.358062,43.791954,2980,19,19.9463585838424,52.2794125430178,5044.23986078354,852,1
1049358,48339416,3,128,18:49:12,-79.358062,43.791954,2980,19,1e-12,0,5044.23986078354,852,1
1049358,48339416,3,129,18:49:21,-79.3572277573182,43.7921287591021,,,27.1664584575236,69.8027057600456,5114.04256654358,861.25000000015,1
1049358,48339416,3,130,18:49:30,-79.3563935097575,43.7923035121362,,,27.1664584575236,69.8027057571882,5183.84527230077,870.499999999921,1
1049358,48339416,3,131,18:49:40,-79.355559257318,43.7924782591022,,,27.1664584575236,69.8027057606301,5253.6479780614,879.750000000148,1
1049358,48339416,3,132,18:49:49,-79.354725,43.792653,9985,20,27.1664584575236,69.8027057577958,5323.4506838192,889,1
1049358,48339416,3,133,18:49:49,-79.354725,43.792653,9985,20,1e-12,0,5323.4506838192,889,1
1049358,48339416,3,134,18:50:08,-79.353625,43.792859,,,17.4552831049569,91.3175175095714,5414.76820132877,907.833442062083,1
1049358,48339416,3,135,18:50:22,-79.352828,43.793024,,,17.4552831049569,66.6252110010493,5481.39341232982,921.574311125138,1
1049358,48339416,3,136,18:50:28,-79.352447,43.79311,,,17.4552831049569,32.0772874465263,5513.47069977634,928.189972075071,1
1049358,48339416,3,137,18:50:31,-79.352277,43.793154,,,17.4552831049569,14.5119652293567,5527.9826650057,931.182938417213,1
1049358,48339416,3,138,18:50:36,-79.352002,43.793218,,,17.4552831049569,23.217763191878,5551.20042819758,935.971399709315,1
1049358,48339416,3,139,18:50:46,-79.351454,43.793353,,,17.4552831049569,46.5283345827005,5597.72876278028,945.567463175633,1
1049358,48339416,3,140,18:50:57,-79.350803,43.793521,,,17.4552831049569,55.5534979328,5653.28226071308,957.024887919508,1
1049358,48339416,3,141,18:51:01,-79.350578,43.793581,7082,21,17.4552831049569,19.274085205256,5672.55634591834,961,1
1049358,48339416,3,142,18:51:01,-79.350578,43.793581,7082,21,1e-12,0,5672.55634591834,961,1
1049358,48339416,3,143,18:51:03,-79.350429,43.793623,,,20.0418491201002,12.853336949773,5685.40968286811,963.308769652036,1
1049358,48339416,3,144,18:51:13,-79.3498120015229,43.7937705016596,,,20.0418491201002,52.2268656943606,5737.63654856247,972.689975716058,1
1049358,48339416,3,145,18:51:22,-79.349195,43.793918,,,20.0418491201002,52.2268656925953,5789.86341425506,982.071181779763,1
1049358,48339416,3,146,18:51:28,-79.348812,43.79401,,,20.0418491201002,32.4349330396935,5822.29834729476,987.897278875056,1
1049358,48339416,3,147,18:51:33,-79.34848,43.794089,,,20.0418491201002,28.0896572636905,5850.38800455845,992.942859526986,1
1049358,48339416,3,148,18:51:40,-79.348034,43.79419,,,20.0418491201002,37.5600930946443,5887.94809765309,999.689559111961,1
1049358,48339416,3,149,18:51:49,-79.347441,43.794337,,,20.0418491201002,50.3813177402529,5938.32941539335,1008.73926020381,1
1049358,48339416,3,150,18:51:50,-79.347388,43.794348,,,20.0418491201002,4.4312869010181,5942.76070229436,1009.53522632191,1
1049358,48339416,3,151,18:52:03,-79.3465210027928,43.794540503277,,,20.0418491201002,72.8875828485538,6015.64828514292,1022.62759602704,1
1049358,48339416,3,152,18:52:16,-79.345654,43.794733,,,20.0418491201002,72.8875828484185,6088.53586799134,1035.71996573215,1
1049358,48339416,3,153,18:52:25,-79.3450290014642,43.7948730017029,,,20.0418491201002,52.5831447972917,6141.11901278863,1045.1651681252,1
1049358,48339416,3,154,18:52:35,-79.344404,43.795013,,,20.0418491201002,52.5831447962567,6193.70215758488,1054.61037051806,1
1049358,48339416,3,155,18:52:44,-79.343748,43.79512,,,20.0418491201002,54.0403471887555,6247.74250477364,1064.31732164386,1
1049358,48339416,3,156,18:52:45,-79.343721,43.795124,,,20.0418491201002,2.21474228589846,6249.95724705954,1064.71514283199,1
1049358,48339416,3,157,18:52:46,-79.343646,43.795137,,,20.0418491201002,6.19775992817757,6256.15500698772,1065.82841015616,1
1049358,48339416,3,158,18:52:47,-79.343571,43.795146,,,20.0418491201002,6.10915020291709,6262.26415719063,1066.92576103425,1
1049358,48339416,3,159,18:52:48,-79.343496,43.79515,,,20.0418491201002,6.04286574478633,6268.30702293542,1068.01120562327,1
1049358,48339416,3,160,18:52:49,-79.343444,43.795158,,,20.0418491201002,4.27218098201774,6272.57920391744,1068.7785924768,1
1049358,48339416,3,161,18:52:49,-79.343421,43.795159,,,20.0418491201002,1.85145689437423,6274.43066081181,1069.11115883731,1
1049358,48339416,3,162,18:52:50,-79.343346,43.795164,,,20.0418491201002,6.05208544806491,6280.48274625988,1070.19825950763,1
1049358,48339416,3,163,18:52:51,-79.34327,43.795173,,,20.0418491201002,6.18842613242578,6286.6711723923,1071.30985025673,1
1049358,48339416,3,164,18:52:52,-79.343195,43.795177,,,20.0418491201002,6.0428630301019,6292.7140354224,1072.39529435812,1
1049358,48339416,3,165,18:52:53,-79.34312,43.795181,,,20.0418491201002,6.04286262699543,6298.7568980494,1073.48073838711,1
1049358,48339416,3,166,18:52:55,-79.343044,43.795186,,,20.0418491201002,6.13209961265207,6304.88899766205,1074.58221153328,1
1049358,48339416,3,167,18:52:56,-79.342969,43.79519,,,20.0418491201002,6.04286172264078,6310.93185938469,1075.66765539982,1
1049358,48339416,3,168,18:52:57,-79.342893,43.795195,,,20.0418491201002,6.13209869601727,6317.06395808071,1076.76912838135,1
1049358,48339416,3,169,18:52:58,-79.342817,43.795194,,,20.0418491201002,6.1078001971199,6323.17175827783,1077.86623676581,1
1049358,48339416,3,170,18:52:59,-79.342741,43.795199,,,20.0418491201002,6.13209828861224,6329.30385656644,1078.96770967415,1
1049358,48339416,3,171,18:53:00,-79.342666,43.795203,,,20.0418491201002,6.04286041538806,6335.34671698183,1080.05315330588,1
1049358,48339416,3,172,18:53:01,-79.342591,43.795203,,,20.0418491201002,6.02643236836435,6341.37314935019,1081.13564606371,1
1049358,48339416,3,173,18:53:02,-79.342515,43.795203,,,20.0418491201002,6.10678480031055,6347.4799341505,1082.23257205838,1
1049358,48339416,3,174,18:53:03,-79.342439,43.795203,,,20.0418491201002,6.10678480031055,6353.58671895081,1083.32949805306,1
1049358,48339416,3,175,18:53:04,-79.342362,43.795203,,,20.0418491201002,6.18713723225675,6359.77385618307,1084.44085728456,1
1049358,48339416,3,176,18:53:06,-79.342286,43.795203,,,20.0418491201002,6.10678479928829,6365.88064098236,1085.53778327905,1
1049358,48339416,3,177,18:53:07,-79.34221,43.795203,,,20.0418491201002,6.10678480133281,6371.98742578369,1086.63470927391,1
1049358,48339416,3,178,18:53:08,-79.342134,43.795203,,,20.0418491201002,6.10678479928829,6378.09421058298,1087.73163526839,1
1049358,48339416,3,179,18:53:09,-79.342058,43.795202,,,20.0418491201002,6.10779937970066,6384.20200996268,1088.82874350602,1
1049358,48339416,3,180,18:53:10,-79.341981,43.795198,,,20.0418491201002,6.20313980403595,6390.40514976672,1089.94297718579,1
1049358,48339416,3,181,18:53:11,-79.341905,43.795193,,,20.0418491201002,6.1320983916583,6396.53724815838,1091.04445011265,1
1049358,48339416,3,182,18:53:12,-79.34183,43.795189,,,20.0418491201002,6.04286141989945,6402.58010957828,1092.12989392481,1
1049358,48339416,3,183,18:53:13,-79.341754,43.795184,,,20.0418491201002,6.13209930835742,6408.71220888663,1093.23136701633,1
1049358,48339416,3,184,18:53:14,-79.341678,43.795179,,,20.0418491201002,6.13209981549718,6414.84430870213,1094.33284019894,1
1049358,48339416,3,185,18:53:15,-79.341602,43.795175,,,20.0418491201002,6.1229997162277,6420.96730841836,1095.43267878401,1
1049358,48339416,3,186,18:53:17,-79.341526,43.79517,,,20.0418491201002,6.13210073143513,6427.09940914979,1096.53415213115,1
1049358,48339416,3,187,18:53:18,-79.341451,43.795161,,,20.0418491201002,6.10914781432477,6433.20855696412,1097.63150258019,1
1049358,48339416,3,188,18:53:19,-79.341375,43.795152,,,20.0418491201002,6.1884273445782,6439.3969843087,1098.74309354702,1
1049358,48339416,3,189,18:53:20,-79.3413,43.795143,,,20.0418491201002,6.10914960559342,6445.50613391429,1099.84044431782,1
1049358,48339416,3,190,18:53:21,-79.341249,43.79514,,,20.0418491201002,4.11156342776586,6449.61769734205,1100.5789803806,1
1049358,48339416,3,191,18:53:26,-79.340867,43.795066,,,20.0418491201002,31.7808455726629,6481.39854291472,1106.28758757428,1
1049358,48339416,3,192,18:53:34,-79.340358,43.794957,,,20.0418491201002,42.6614618833926,6524.06000479811,1113.9506161631,1
1049358,48339416,3,193,18:53:44,-79.339678,43.794785,,,20.0418491201002,57.8975879633629,6581.95759276147,1124.35042086271,1
1049358,48339416,3,194,18:53:58,-79.338812,43.79446,,,20.0418491201002,78.4289678546025,6660.38656061608,1138.43815710823,1
1049358,48339416,3,195,18:54:12,-79.338024,43.79409,,,20.0418491201002,75.5362592541377,6735.92281987021,1152.00629304646,1
1049358,48339416,3,196,18:54:16,-79.337821,43.793981,,,20.0418491201002,20.3299421572896,6756.2527620275,1155.65804151177,1
1049358,48339416,3,197,18:54:24,-79.337351,43.793711,,,20.0418491201002,48.2668361320242,6804.51959815953,1164.32793065393,1
1049358,48339416,3,198,18:54:31,-79.336971,43.793521,2766,22,20.0418491201002,37.1446130979871,6841.66421125751,1171,1
1049358,48339416,3,199,18:54:31,-79.336971,43.793521,2766,22,1e-12,0,6841.66421125751,1171,1
1049358,48339416,3,200,18:54:38,-79.336583,43.793332,,,18.5736736567377,37.6125350434722,6879.27674630099,1178.29016395243,1
1049358,48339416,3,201,18:54:50,-79.335964,43.793034,,,18.5736736567377,59.7872316881076,6939.06397798909,1189.87828798513,1
1049358,48339416,3,202,18:54:53,-79.3358,43.79297,,,18.5736736567377,14.9808185244679,6954.04479651356,1192.78191102087,1
1049358,48339416,3,203,18:54:56,-79.335614,43.792916,,,18.5736736567377,16.1096736417302,6970.15447015529,1195.90433182906,1
1049358,48339416,3,204,18:54:59,-79.335441,43.792862,,,18.5736736567377,15.1455309393887,6985.30000109468,1198.83987987353,1
1049358,48339416,3,205,18:55:02,-79.335223,43.792799,,,18.5736736567377,18.8692253083478,7004.16922640303,1202.49716449937,1
1049358,48339416,3,206,18:55:06,-79.335,43.792753,,,18.5736736567377,18.6366188398495,7022.80584524288,1206.10936470614,1
1049358,48339416,3,207,18:55:10,-79.334775,43.792726,,,18.5736736567377,18.3281674644009,7041.13401270728,1209.66178002749,1
1049358,48339416,3,208,18:55:13,-79.334565,43.792708,,,18.5736736567377,16.9932616861279,7058.12727439341,1212.95546027625,1
1049358,48339416,3,209,18:55:18,-79.334245,43.792698,,,18.5736736567377,25.7379385334935,7083.8652129269,1217.94405760131,1
1049358,48339416,3,210,18:55:18,-79.334226,43.792698,,,18.5736736567377,1.52676019658806,7085.39197312349,1218.23997841963,1
1049358,48339416,3,211,18:55:22,-79.334015,43.792707,,,18.5736736567377,16.9846471094282,7102.37662023292,1221.53198896767,1
1049358,48339416,3,212,18:55:25,-79.333809,43.792706,,,18.5736736567377,16.553666713424,7118.93028694634,1224.74046572191,1
1049358,48339416,3,213,18:55:28,-79.333591,43.792706,,,18.5736736567377,17.5175620192887,7136.44784896563,1228.13576728879,1
1049358,48339416,3,214,18:55:32,-79.333355,43.792733,,,18.5736736567377,19.2006677368173,7155.64851670245,1231.85729298855,1
1049358,48339416,3,215,18:55:36,-79.333123,43.792759,,,18.5736736567377,18.8658675474703,7174.51438424992,1235.51392680403,1
1049358,48339416,3,216,18:55:36,-79.333068,43.792768,,,18.5736736567377,4.5316996377424,7179.04608388766,1236.39227316659,1
1049358,48339416,3,217,18:55:54,-79.331965,43.792947,3598,23,18.5736736567377,90.8444922335295,7269.89057612119,1254,1
1049358,48339416,3,218,18:55:54,-79.331965,43.792947,3598,23,1e-12,0,7269.89057612119,1254,1
1049358,48339416,3,219,18:56:02,-79.3314,43.793099,,,21.712636057314,48.4513804090034,7318.34195653019,1262.03333915845,1
1049358,48339416,3,220,18:56:10,-79.330841,43.793233,,,21.712636057314,47.3306089111828,7365.67256544138,1269.88085208274,1
1049358,48339416,3,221,18:56:24,-79.329802,43.793448,,,21.712636057314,86.8515841322252,7452.5241495736,1284.28102450081,1
1049358,48339416,3,222,18:56:37,-79.3288825031619,43.7936535036859,,,21.712636057314,77.3463381358882,7529.87048770949,1297.10520745834,1
1049358,48339416,3,223,18:56:50,-79.327963,43.793859,,,21.712636057314,77.3463381346661,7607.21682584415,1309.92939041566,1
1049358,48339416,3,224,18:57:00,-79.3272380020078,43.7940245022915,,,21.712636057314,61.1004043559763,7668.31723020013,1320.05996392598,1
1049358,48339416,3,225,18:57:10,-79.326513,43.79419,,,21.712636057314,61.1004043571255,7729.41763455726,1330.1905374365,1
1049358,48339416,3,226,18:57:18,-79.325957,43.794324,4329,24,21.712636057314,47.1011162345919,7776.51875079185,1338,1
1049358,48339416,3,227,18:57:18,-79.325957,43.794324,4329,24,1e-12,0,7776.51875079185,1338,1
1049358,48339416,3,228,18:57:33,-79.324967,43.794548,,,19.7808392024443,83.3665012945503,7859.8852520864,1353.17222811372,1
1049358,48339416,3,229,18:57:44,-79.324290001773,43.7947045019981,,,19.7808392024443,57.1206207149767,7917.00587280138,1363.56785554234,1
1049358,48339416,3,230,18:57:54,-79.323613,43.794861,,,19.7808392024443,57.1206207141735,7974.12649351555,1373.9634829708,1
1049358,48339416,3,231,18:58:09,-79.3226325036672,43.7950845041911,7027,25,19.7808392024443,82.6208126442612,8056.74730615981,1389,1
1049358,48339416,3,232,18:58:09,-79.3226325036672,43.7950845041911,7027,25,1e-12,0,8056.74730615981,1389,1
1049358,48339416,3,233,18:58:24,-79.321652,43.795308,,,19.823068010499,82.6208126453676,8139.36811880518,1404.0044849448,1
1049358,48339416,3,234,18:58:35,-79.3209275020854,43.7954800022883,,,19.823068010499,61.2829486252002,8200.65106743038,1415.13387293529,1
1049358,48339416,3,235,18:58:46,-79.320203,43.795652,,,19.823068010499,61.2829486249856,8261.93401605536,1426.26326092574,1
1049358,48339416,3,236,18:59:00,-79.3193,43.795844,10189,26,19.823068010499,75.6400869198489,8337.57410297521,1440,1
1049358,48339416,3,237,18:59:00,-79.3193,43.795844,10189,26,1e-12,0,8337.57410297521,1440,1
1049358,48339416,3,238,18:59:15,-79.318425,43.79605,,,17.6864132614067,73.9527755966624,8411.52687857188,1455.05279720727,1
1049358,48339416,3,239,18:59:24,-79.31788,43.796175,,,17.6864132614067,45.9490253339431,8457.47590390582,1464.40554096359,1
1049358,48339416,3,240,18:59:35,-79.317275,43.796363,,,17.6864132614067,52.9258426969403,8510.40174660276,1475.17838851006,1
1049358,48339416,3,241,18:59:43,-79.316842,43.796488,,,17.6864132614067,37.4713375683765,8547.87308417114,1482.8055321967,1
1049358,48339416,3,242,18:59:53,-79.316251,43.796631,5950,27,17.6864132614067,50.0843251525654,8597.9574093237,1493,1
1049358,48339416,3,243,18:59:53,-79.316251,43.796631,5950,27,1e-12,0,8597.9574093237,1493,1
1049358,48339416,3,244,18:59:59,-79.315754,43.796765,,,25.9257508492057,42.629196092582,8640.58660541628,1498.91940834524,1
1049358,48339416,3,245,19:00:08,-79.314965,43.796935,,,25.9257508492057,66.1605862599557,8706.74719167624,1508.10634036202,1
1049358,48339416,3,246,19:00:21,-79.313839,43.797167,,,25.9257508492057,94.0879400826708,8800.83513175891,1521.17121112576,1
1049358,48339416,3,247,19:00:30,-79.3130700020141,43.797323502578,,,25.9257508492057,64.197880318611,8865.03301207752,1530.08560556283,1
1049358,48339416,3,248,19:00:39,-79.312301,43.79748,2397,28,25.9257508492057,64.1978803193639,8929.23089239688,1539,1
1049358,48339416,3,249,19:00:39,-79.312301,43.79748,2397,28,1e-12,0,8929.23089239688,1539,1
1049358,48339416,3,250,19:00:49,-79.311695,43.797632,,,18.6493348298808,51.5478691793181,8980.7787615762,1548.95061382823,1
1049358,48339416,3,251,19:01:07,-79.310588,43.797891,4355,29,18.6493348298808,93.5025128308667,9074.28127440707,1567,1
1049358,48339416,3,252,19:01:07,-79.310588,43.797891,4355,29,1e-12,0,9074.28127440707,1567,1
1049358,48339416,3,253,19:01:18,-79.309499,43.79815,,,29.3135629595463,92.127424417839,9166.40869882491,1578.31417318195,1
1049358,48339416,3,254,19:01:22,-79.309172,43.798218,,,29.3135629595463,27.3426474313892,9193.7513462563,1581.67212495631,1
1049358,48339416,3,255,19:01:23,-79.309066,43.79824,,,29.3135629595463,8.86204140810743,9202.6133876644,1582.76047266462,1
1049358,48339416,3,256,19:01:32,-79.30814,43.798456,,,29.3135629595463,78.1913353586532,9280.80472302306,1592.36315411551,1
1049358,48339416,3,257,19:01:33,-79.308033,43.798481,,,29.3135629595463,9.03645724421127,9289.84118026727,1593.47292184057,1
1049358,48339416,3,258,19:01:42,-79.307223,43.798678,,,29.3135629595463,68.6772298054112,9358.51841007268,1601.90717555585,1
1049358,48339416,3,259,19:01:48,-79.3065960016423,43.7988345017138,,,29.3135629595463,53.3051852296806,9411.82359530236,1608.45358777778,1
1049358,48339416,3,260,19:01:55,-79.305969,43.798991,4149,30,29.3135629595463,53.3051852319917,9465.12878053435,1615,1
1049358,48339416,3,261,19:01:55,-79.305969,43.798991,4149,30,1e-12,0,9465.12878053435,1615,1
1049358,48339416,3,262,19:02:16,-79.304912,43.799232,,,15.2979418980606,89.0636334442099,9554.19241397856,1635.95896837207,1
1049358,48339416,3,263,19:02:35,-79.3039590037084,43.7994645039593,,,15.2979418980606,80.8263182753216,9635.01873225388,1654.9794841859,1
1049358,48339416,3,264,19:02:54,-79.303006,43.799697,8689,31,15.2979418980606,80.8263182764621,9715.84505053034,1674,1
1049358,48339416,3,265,19:02:54,-79.303006,43.799697,8689,31,1e-12,0,9715.84505053034,1674,1
1049358,48339416,3,266,19:03:10,-79.3021632586007,43.7999002592887,,,16.3180843451573,71.3916190110787,9787.23666954142,1689.75000000022,1
1049358,48339416,3,267,19:03:26,-79.3013205114676,43.800103512385,,,16.3180843451573,71.3916190092642,9858.62828855069,1705.50000000005,1
1049358,48339416,3,268,19:03:41,-79.3004777586006,43.8003067592888,,,16.3180843451573,71.3916190110004,9930.01990756169,1721.25000000025,1
1049358,48339416,3,269,19:03:57,-79.299635,43.80051,3528,32,16.3180843451573,71.3916190089091,10001.4115265706,1737,1
1049358,48339416,3,270,19:03:57,-79.299635,43.80051,3528,32,1e-12,0,10001.4115265706,1737,1
1049358,48339416,3,271,19:04:13,-79.2989925016346,43.8006620017997,,,12.5326099655799,54.324096882818,10055.7356234534,1752.60463058495,1
1049358,48339416,3,272,19:04:28,-79.29835,43.800814,,,12.5326099655799,54.3240968790164,10110.0597203324,1768.20926116881,1
1049358,48339416,3,273,19:04:54,-79.297296,43.801082,3236,33,12.5326099655799,89.7847973598454,10199.8445176923,1794,1
1049358,48339416,3,274,19:04:54,-79.297296,43.801082,3236,33,1e-12,0,10199.8445176923,1794,1
1049358,48339416,3,275,,-79.296585,43.801261,,,,60.5004466981978,10260.3449643905,,1
