shape_id,trip_id,route_type,id,timestamp,shape_pt_lon,shape_pt_lat,stop_id,stop_sequence,speed,dist,cumdist,cumtime,trip_number
1049795,48347308,3,1,,-79.398505,43.704718,,,1e-12,0,0,0,1
1049795,48347308,3,2,05:24:00,-79.398639,43.705256,14192,1,,60.852950821068,60.852950821068,,1
1049795,48347308,3,3,05:24:00,-79.398639,43.705256,14192,1,1e-12,0,60.852950821068,0,1
1049795,48347308,3,4,05:25:03,-79.398786,43.705389,24066,2,1.08291528654906,18.9510175146085,79.8039683356765,63,1
1049795,48347308,3,5,05:25:03,-79.398786,43.705389,24066,2,1e-12,0,79.8039683356765,63,1
1049795,48347308,3,6,05:25:03,-79.39888,43.705422,,,92.6973440755364,8.40928750454364,88.2132558402201,63.3265836288868,1
1049795,48347308,3,7,05:25:05,-79.399284,43.705466,,,92.6973440755364,32.8779982787548,121.091254118975,64.603435678791,1
1049795,48347308,3,8,05:25:05,-79.399464,43.70548,,,92.6973440755364,14.5687355105995,135.659989629574,65.1692280254996,1
1049795,48347308,3,9,05:25:06,-79.399373,43.70539,,,92.6973440755364,12.4097721742738,148.069761803848,65.6511747336057,1
1049795,48347308,3,10,05:25:06,-79.399315,43.705226,,,92.6973440755364,18.8435948208382,166.913356624686,66.3829857906705,1
1049795,48347308,3,11,05:25:08,-79.399237,43.704844,,,92.6973440755364,42.9848159728657,209.898172597552,68.0523468607808,1
1049795,48347308,3,12,05:25:09,-79.399065,43.704657,,,92.6973440755364,24.9984911194656,234.896663717018,69.0231898652658,1
1049795,48347308,3,13,05:25:10,-79.398797,43.704582,,,92.6973440755364,23.1266853513744,258.023349068392,69.9213393008862,1
1049795,48347308,3,14,05:25:10,-79.398651,43.704599,,,92.6973440755364,11.9006589103357,269.924007978728,70.3835140536202,1
1049795,48347308,3,15,05:25:11,-79.398601,43.704602,,,92.6973440755364,4.03754305431811,273.961551033046,70.5403163346402,1
1049795,48347308,3,16,05:25:13,-79.398288,43.704055,,,92.6973440755364,65.8958910294855,339.857442062531,73.0994533851348,1
1049795,48347308,3,17,05:25:15,-79.397825,43.704148,,,92.6973440755364,38.6713687961029,378.528810858634,74.6012971440296,1
1049795,48347308,3,18,05:25:17,-79.3979602456292,43.7047937502392,,,92.6973440755364,72.7038589079184,451.232669766553,77.4248288717049,1
1049795,48347308,3,19,05:25:20,-79.3980954941722,43.705439500319,,,92.6973440755364,72.7038589074063,523.936528673959,80.2483605993602,1
1049795,48347308,3,20,05:25:23,-79.3982307456291,43.7060852502392,,,92.6973440755364,72.7038589029138,596.640387576873,83.0718923268411,1
1049795,48347308,3,21,05:25:26,-79.398366,43.706731,,,92.6973440755364,72.7038589075899,669.344246484463,85.8954240545036,1
1049795,48347308,3,22,05:25:29,-79.3993240030365,43.7065410040004,344,3,92.6973440755364,79.9405401745323,749.284786658995,89,1
1049795,48347308,3,23,05:25:29,-79.3993240030365,43.7065410040004,344,3,1e-12,0,749.284786658995,89,1
1049795,48347308,3,24,05:25:40,-79.400282,43.706351,,,26.7226921106352,79.9405401784219,829.225326837417,99.7693470197857,1
1049795,48347308,3,25,05:25:53,-79.401452,43.7061,4420,4,26.7226921106352,98.2107405591459,927.436067396563,113,1
1049795,48347308,3,26,05:25:53,-79.401452,43.7061,4420,4,1e-12,0,927.436067396563,113,1
1049795,48347308,3,27,05:25:56,-79.401734,43.706032,,,30.2216230188258,23.9223778906325,951.358445287195,115.849633864886,1
1049795,48347308,3,28,05:26:06,-79.402765,43.705822,,,30.2216230188258,86.1975359956217,1037.55598128282,126.117485111358,1
1049795,48347308,3,29,05:26:16,-79.40375,43.705602,10274,5,30.2216230188258,82.9626776229109,1120.51865890573,136,1
1049795,48347308,3,30,05:26:16,-79.40375,43.705602,10274,5,1e-12,0,1120.51865890573,136,1
1049795,48347308,3,31,05:26:22,-79.404311,43.705483,,,27.855922717766,47.0487095631504,1167.56736846888,142.080407249239,1
1049795,48347308,3,32,05:26:28,-79.404892,43.70536,,,27.855922717766,48.7185245442092,1216.28589301309,148.376615425007,1
1049795,48347308,3,33,05:26:40,-79.405967,43.705139,4903,6,27.855922717766,89.9389173444138,1306.2248103575,160,1
1049795,48347308,3,34,05:26:40,-79.405967,43.705139,4903,6,1e-12,0,1306.2248103575,160,1
1049795,48347308,3,35,05:26:42,-79.406132,43.705105,,,29.0259008269992,13.8070154394374,1320.03182579694,161.712444891142,1
1049795,48347308,3,36,05:26:46,-79.406528,43.705024,,,29.0259008269992,33.1186194136316,1353.15044521057,165.820053147633,1
1049795,48347308,3,37,05:26:55,-79.407405,43.704836,,,29.0259008269992,73.6130283673041,1426.76347357787,174.950067878331,1
1049795,48347308,3,38,05:27:07,-79.408516,43.704598,,,29.0259008269992,93.2495427962655,1520.01301637414,186.515543694823,1
1049795,48347308,3,39,05:27:08,-79.408569,43.704693,,,29.0259008269992,11.4030422287989,1531.41605860294,187.929830619744,1
1049795,48347308,3,40,05:27:11,-79.40864,43.704886,,,29.0259008269992,22.2314294181331,1553.64748802107,190.687131637972,1
1049795,48347308,3,41,05:27:13,-79.408717,43.705044,10232,7,29.0259008269992,18.6480799172549,1572.29556793833,193,1
1049795,48347308,3,42,05:27:13,-79.408717,43.705044,10232,7,1e-12,0,1572.29556793833,193,1
1049795,48347308,3,43,05:27:15,-79.408814,43.705192,,,28.9038174952898,18.2309485465483,1590.52651648488,195.270683267989,1
1049795,48347308,3,44,05:27:17,-79.40891,43.705278,,,28.9038174952898,12.3017816191065,1602.82829810398,196.80288273735,1
1049795,48347308,3,45,05:27:18,-79.408972,43.705323,,,28.9038174952898,7.07017456309029,1609.89847266707,197.683480202764,1
1049795,48347308,3,46,05:27:18,-79.409031,43.705363,,,28.9038174952898,6.50922101304673,1616.40769368012,198.494210330394,1
1049795,48347308,3,47,05:27:20,-79.409158,43.705422,,,28.9038174952898,12.1485288357384,1628.55622251586,200.007322009009,1
1049795,48347308,3,48,05:27:22,-79.4093,43.705481,,,28.9038174952898,13.1801680389465,1641.7363905548,201.648925404406,1
1049795,48347308,3,49,05:27:23,-79.409432,43.705548,,,28.9038174952898,12.979359541387,1654.71575009619,203.265517896266,1
1049795,48347308,3,50,05:27:25,-79.409536,43.705625,,,28.9038174952898,11.979792491213,1666.6955425874,204.757613290772,1
1049795,48347308,3,51,05:27:27,-79.409621,43.705737,,,28.9038174952898,14.2208887711501,1680.91643135855,206.528839516667,1
1049795,48347308,3,52,05:27:28,-79.409695,43.705828,,,28.9038174952898,11.7507473834141,1692.66717874197,207.992407108982,1
1049795,48347308,3,53,05:27:29,-79.409738,43.705931,,,28.9038174952898,11.9766779936775,1704.64385673565,209.484114589638,1
1049795,48347308,3,54,05:27:31,-79.409755,43.706008,,,28.9038174952898,8.68008321680804,1713.32393995245,210.565227822712,1
1049795,48347308,3,55,05:27:32,-79.409746,43.706084,,,28.9038174952898,8.4912247423443,1721.8151646948,211.622818539835,1
1049795,48347308,3,56,05:27:43,-79.409967,43.706903,,,28.9038174952898,92.8890118552807,1814.70417655008,223.192239870893,1
1049795,48347308,3,57,05:27:55,-79.41016,43.707714,,,28.9038174952898,91.606243285155,1906.31041983523,234.60189106594,1
1049795,48347308,3,58,05:27:58,-79.410214,43.707952,,,28.9038174952898,26.8480229103779,1933.15844274561,237.945839749989,1
1049795,48347308,3,59,05:28:01,-79.410271,43.708177,,,28.9038174952898,25.4634022577763,1958.62184500339,241.117332517093,1
1049795,48347308,3,60,05:28:04,-79.410358,43.708375,,,28.9038174952898,23.1263620545053,1981.74820705789,243.997744539131,1
1049795,48347308,3,61,05:28:06,-79.410407,43.708515,8514,8,28.9038174952898,16.0757851166444,1997.82399217454,246,1
1049795,48347308,3,62,05:28:06,-79.410407,43.708515,8514,8,1e-12,0,1997.82399217454,246,1
1049795,48347308,3,63,05:28:07,-79.410435,43.708573,,,30.2691551892601,6.83837498038582,2004.66236715492,246.813308127546,1
1049795,48347308,3,64,05:28:13,-79.4106094987146,43.7090145001328,,,30.2691551892601,51.1141047604058,2055.77647191533,252.892459527277,1
1049795,48347308,3,65,05:28:19,-79.410784,43.709456,,,30.2691551892601,51.1141047538657,2106.89057666919,258.97161092623,1
1049795,48347308,3,66,05:28:25,-79.4109579987328,43.709892500132,,,30.2691551892601,50.5679410511959,2157.45851772039,264.985805463411,1
1049795,48347308,3,67,05:28:31,-79.411132,43.710329,8463,9,30.2691551892601,50.5679410462305,2208.02645876662,271,1
1049795,48347308,3,68,05:28:31,-79.411132,43.710329,8463,9,1e-12,0,2208.02645876662,271,1
1049795,48347308,3,69,05:28:45,-79.411491,43.711185,,,26.4169459639193,99.571880202306,2307.59833896893,284.569273647979,1
1049795,48347308,3,70,05:28:47,-79.411558,43.711369,,,26.4169459639193,21.1803972568304,2328.77873622576,287.455656889582,1
1049795,48347308,3,71,05:28:50,-79.411611,43.711509,,,26.4169459639193,16.1576903027006,2344.93642652846,289.657564906094,1
1049795,48347308,3,72,05:28:52,-79.411655,43.711648,,,26.4169459639193,15.8732852453009,2360.80971177376,291.820715293014,1
1049795,48347308,3,73,05:28:54,-79.411686,43.711765,,,26.4169459639193,13.2610909255589,2374.07080269932,293.627885864405,1
1049795,48347308,3,74,05:28:56,-79.411709,43.711896,,,26.4169459639193,14.6998175251121,2388.77062022443,295.631120574529,1
1049795,48347308,3,75,05:28:57,-79.411718,43.711986,3754,10,26.4169459639193,10.0448927260534,2398.81551295048,297,1
1049795,48347308,3,76,05:28:57,-79.411718,43.711986,3754,10,1e-12,0,2398.81551295048,297,1
1049795,48347308,3,77,05:28:58,-79.411722,43.712062,,,31.9539327413007,8.46640132475825,2407.28191427524,297.953843303605,1
1049795,48347308,3,78,05:28:58,-79.411723,43.712094,,,31.9539327413007,3.56313235668888,2410.84504663193,298.355273593514,1
1049795,48347308,3,79,05:29:01,-79.411729,43.712306,,,31.9539327413007,23.604669713332,2434.44971634526,301.014627346805,1
1049795,48347308,3,80,05:29:08,-79.411769,43.712868,,,31.9539327413007,62.644289414084,2497.09400575935,308.072270101346,1
1049795,48347308,3,81,05:29:10,-79.411775,43.713048,,,31.9539327413007,20.0433234363236,2517.13732919567,310.330394788374,1
1049795,48347308,3,82,05:29:17,-79.411834,43.71357,,,31.9539327413007,58.3023700614355,2575.43969925711,316.898867405514,1
1049795,48347308,3,83,05:29:22,-79.411886,43.713975,2812,11,31.9539327413007,45.2781243968544,2620.71782365396,322,1
1049795,48347308,3,84,05:29:22,-79.411886,43.713975,2812,11,1e-12,0,2620.71782365396,322,1
1049795,48347308,3,85,05:29:26,-79.41192,43.714286,,,28.51478120388,34.7282798113094,2655.44610346527,326.384456132657,1
1049795,48347308,3,86,05:29:35,-79.411996,43.714889,,,28.51478120388,67.4036105273741,2722.84971399264,334.894182935874,1
1049795,48347308,3,87,05:29:38,-79.412012,43.715121,,,28.51478120388,25.858187745172,2748.70790173781,338.158787185054,1
1049795,48347308,3,88,05:29:38,-79.412013,43.715128,,,28.51478120388,0.783379368366381,2749.49128110618,338.257689074076,1
1049795,48347308,3,89,05:29:40,-79.412029,43.715276,,,28.51478120388,16.5255044217261,2766.01678552791,340.344039149599,1
1049795,48347308,3,90,05:29:42,-79.412063,43.71541,,,28.51478120388,15.1655843985231,2781.18236992643,342.258698899022,1
1049795,48347308,3,91,05:29:44,-79.412103,43.715564,,,28.51478120388,17.4426873256747,2798.62505725211,344.46084360157,1
1049795,48347308,3,92,05:29:46,-79.412121,43.715659,,,28.51478120388,10.6740594117452,2809.29911666385,345.808446923774,1
1049795,48347308,3,93,05:29:47,-79.412165,43.715767,,,28.51478120388,12.5329042456114,2821.83202090946,347.390729984675,1
1049795,48347308,3,94,05:29:49,-79.412218,43.715866,,,28.51478120388,11.8168865081695,2833.64890741763,348.882615583419,1
1049795,48347308,3,95,05:29:50,-79.412288,43.715947,,,28.51478120388,10.631320469278,2844.28022788691,350.224823100838,1
1049795,48347308,3,96,05:29:51,-79.41233,43.715983,,,28.51478120388,5.24209513626384,2849.52232302317,350.886639242986,1
1049795,48347308,3,97,05:29:54,-79.412516,43.71615,,,28.51478120388,23.865506673364,2873.38782969654,353.899666886783,1
1049795,48347308,3,98,05:30:00,-79.4129329975261,43.716505500758,,,28.51478120388,51.8823795024463,2925.27020919898,360.449833443327,1
1049795,48347308,3,99,05:30:07,-79.41335,43.716861,7227,12,28.51478120388,51.8823795034767,2977.15258870246,367,1
1049795,48347308,3,100,05:30:07,-79.41335,43.716861,7227,12,1e-12,0,2977.15258870246,367,1
1049795,48347308,3,101,05:30:08,-79.413472,43.716938,,,31.7080658932669,13.0316121584342,2990.18420086089,368.479554253744,1
1049795,48347308,3,102,05:30:14,-79.4138809976622,43.7172805007292,,,31.7080658932669,50.3639852803804,3040.54818614127,374.197668616811,1
1049795,48347308,3,103,05:30:20,-79.41429,43.717623,,,31.7080658932669,50.3639852789917,3090.91217142027,379.91578297972,1
1049795,48347308,3,104,05:30:21,-79.414382,43.717717,,,31.7080658932669,12.817398153492,3103.72956957376,381.371016279282,1
1049795,48347308,3,105,05:30:23,-79.414439,43.717798,,,31.7080658932669,10.1161101036452,3113.8456796774,382.519556732544,1
1049795,48347308,3,106,05:30:23,-79.414462,43.717839,,,31.7080658932669,4.92497124080895,3118.77065091821,383.078717184859,1
1049795,48347308,3,107,05:30:24,-79.414479,43.717875,,,31.7080658932669,4.234481305228,3123.00513222344,383.559482323614,1
1049795,48347308,3,108,05:30:24,-79.414519,43.717938,,,31.7080658932669,7.71628846746627,3130.72142069091,384.435557155058,1
1049795,48347308,3,109,05:30:25,-79.414537,43.717992,,,31.7080658932669,6.18324140600459,3136.90466209691,385.137576292288,1
1049795,48347308,3,110,05:30:26,-79.414542,43.718028,,,31.7080658932669,4.0276419190083,3140.93230401592,385.594857759951,1
1049795,48347308,3,111,05:30:27,-79.414575,43.718153,,,31.7080658932669,14.1659712535811,3155.0982752695,387.203202358595,1
1049795,48347308,3,112,05:30:32,-79.414672,43.718526,6592,13,31.7080658932669,42.2492154695349,3197.34749073904,392,1
1049795,48347308,3,113,05:30:32,-79.414672,43.718526,6592,13,1e-12,0,3197.34749073904,392,1
1049795,48347308,3,114,05:30:44,-79.4148389978957,43.7192810001216,,,24.5126570009163,85.113392363383,3282.46088310242,404.499999999866,1
1049795,48347308,3,115,05:30:57,-79.415006,43.720036,4470,14,24.5126570009163,85.1133923652029,3367.57427546762,417,1
1049795,48347308,3,116,05:30:57,-79.415006,43.720036,4470,14,1e-12,0,3367.57427546762,417,1
1049795,48347308,3,117,05:31:10,-79.4152,43.72086,,,25.8151366475719,93.0456638376275,3460.61993930525,429.975503263391,1
1049795,48347308,3,118,05:31:16,-79.415291,43.721251,,,25.8151366475719,44.1373407629702,3504.75728006822,436.130590835304,1
1049795,48347308,3,119,05:31:23,-79.415426,43.721715,,,25.8151366475719,52.7817633775651,3557.53904344578,443.491169659786,1
1049795,48347308,3,120,05:31:32,-79.415597,43.722249,24689,15,25.8151366475719,61.0157272065641,3618.55477065235,452,1
1049795,48347308,3,121,05:31:32,-79.415597,43.722249,24689,15,1e-12,0,3618.55477065235,452,1
1049795,48347308,3,122,05:31:41,-79.416748,43.722011,,,39.5577847114543,96.3143150360691,3714.86908568842,460.765190888696,1
1049795,48347308,3,123,05:31:48,-79.417645,43.721832,,,39.5577847114543,74.864960517415,3789.73404620583,467.578359518553,1
1049795,48347308,3,124,05:31:54,-79.418488,43.721657,4877,16,39.5577847114543,70.5627421276256,3860.29678833346,474,1
1049795,48347308,3,125,05:31:54,-79.418488,43.721657,4877,16,1e-12,0,3860.29678833346,474,1
1049795,48347308,3,126,05:32:02,-79.419228502027,43.7214930023902,,,29.274441295682,62.3088725999358,3922.60566093339,481.662381635029,1
1049795,48347308,3,127,05:32:09,-79.419969,43.721329,,,29.274441295682,62.3088726025523,3984.91453353595,489.32476327038,1
1049795,48347308,3,128,05:32:17,-79.4207005018314,43.7211790023325,,,29.274441295682,61.1736026227033,4046.08813615865,496.847536026908,1
1049795,48347308,3,129,05:32:24,-79.421432,43.721029,,,29.274441295682,61.1736026259669,4107.26173878462,504.370308783837,1
1049795,48347308,3,130,05:32:35,-79.422464,43.720813,6081,17,29.274441295682,86.4384087496639,4193.70014753428,515,1
1049795,48347308,3,131,05:32:35,-79.422464,43.720813,6081,17,1e-12,0,4193.70014753428,515,1
1049795,48347308,3,132,05:32:45,-79.42341750335,43.720602503963,,,28.9865648638959,80.2107680966273,4273.91091563091,524.961813912884,1
1049795,48347308,3,133,05:32:55,-79.424371,43.720392,,,28.9865648638959,80.2107680962489,4354.12168372716,534.92362782572,1
1049795,48347308,3,134,05:33:07,-79.425543,43.720154,,,28.9865648638959,97.9425176196795,4452.06420134684,547.087644675817,1
1049795,48347308,3,135,05:33:16,-79.426403,43.719983,9417,18,28.9865648638959,71.7607126929255,4523.82491403976,556,1
1049795,48347308,3,136,05:33:16,-79.426403,43.719983,9417,18,1e-12,0,4523.82491403976,556,1
1049795,48347308,3,137,05:33:19,-79.426625,43.719934,,,25.7340450195029,18.6750463232227,4542.49996036298,558.6124989955,1
1049795,48347308,3,138,05:33:28,-79.4274555023911,43.7197615030065,,,25.7340450195029,69.5214808234528,4612.02144118644,568.338033040955,1
1049795,48347308,3,139,05:33:38,-79.428286,43.719589,,,25.7340450195029,69.5214808272065,4681.54292201364,578.063567086934,1
1049795,48347308,3,140,05:33:47,-79.4290450021345,43.7194205025111,4078,19,25.7340450195029,63.8807130273924,4745.42363504104,587,1
1049795,48347308,3,141,05:33:47,-79.4290450021345,43.7194205025111,4078,19,1e-12,0,4745.42363504104,587,1
1049795,48347308,3,142,05:34:01,-79.429804,43.719252,,,16.8276501845499,63.8807130261179,4809.30434806715,600.666231730035,1
1049795,48347308,3,143,05:34:15,-79.4305935075699,43.719060508151,6101,20,16.8276501845499,67.0010106314926,4876.30535869865,615,1
1049795,48347308,3,144,05:34:15,-79.4305935075699,43.719060508151,6101,20,1e-12,0,4876.30535869865,615,1
1049795,48347308,3,145,05:34:33,-79.4313830100932,43.7188690108679,,,13.6530361285776,67.0010106311943,4943.30636932984,632.666666666723,1
1049795,48347308,3,146,05:34:50,-79.43217250757,43.7186775081509,,,13.6530361285776,67.0010106319705,5010.30737996181,650.33333333365,1
1049795,48347308,3,147,05:35:08,-79.432962,43.718486,7952,21,13.6530361285776,67.0010106297832,5077.30839059159,668,1
1049795,48347308,3,148,05:35:08,-79.432962,43.718486,7952,21,1e-12,0,5077.30839059159,668,1
1049795,48347308,3,149,05:35:32,-79.4340255039936,43.7182610049301,,,13.1003768900511,89.1553427238907,5166.46373331549,692.499999999982,1
1049795,48347308,3,150,05:35:57,-79.435089,43.718036,8638,22,13.1003768900511,89.1553427240267,5255.61907603951,717,1
1049795,48347308,3,151,05:35:57,-79.435089,43.718036,8638,22,1e-12,0,5255.61907603951,717,1
1049795,48347308,3,152,05:36:14,-79.4357352543923,43.7179002554614,,,11.466313771508,54.1464816978651,5309.76555773738,733.99999999971,1
1049795,48347308,3,153,05:36:31,-79.4363815058564,43.7177645072819,,,11.466313771508,54.1464816995958,5363.91203943697,750.999999999964,1
1049795,48347308,3,154,05:36:48,-79.4370277543924,43.7176287554614,,,11.466313771508,54.1464816980763,5418.05852113505,767.999999999741,1
1049795,48347308,3,155,05:37:05,-79.437674,43.717493,452,23,11.466313771508,54.1464816996147,5472.20500283466,785,1
1049795,48347308,3,156,05:37:05,-79.437674,43.717493,452,23,1e-12,0,5472.20500283466,785,1
1049795,48347308,3,157,05:37:20,-79.438361,43.717316,,,13.7412846577163,58.6808148799615,5530.88581771463,800.373448613426,1
1049795,48347308,3,158,05:37:37,-79.4391027558397,43.7171587571948,,,13.7412846577163,62.1936525892657,5593.07947030389,816.667205339849,1
1049795,48347308,3,159,05:37:53,-79.4398445077863,43.7170015095931,,,13.7412846577163,62.1936525870554,5655.27312289095,832.960962065693,1
1049795,48347308,3,160,05:38:09,-79.4405862558398,43.7168442571948,,,13.7412846577163,62.1936525868897,5717.46677547784,849.254718791493,1
1049795,48347308,3,161,05:38:26,-79.441328,43.716687,,,13.7412846577163,62.1936525863912,5779.66042806423,865.548475517163,1
1049795,48347308,3,162,05:38:46,-79.4422675029633,43.7164980038475,,,13.7412846577163,78.4638397443611,5858.12426780859,886.104764839143,1
1049795,48347308,3,163,05:39:07,-79.443207,43.716309,,,13.7412846577163,78.4638397433027,5936.58810755189,906.661054160845,1
1049795,48347308,3,164,05:39:09,-79.443326,43.716284,,,13.7412846577163,9.970814737628,5946.55892228952,909.273250469238,1
1049795,48347308,3,165,05:39:14,-79.443536,43.716245,,,13.7412846577163,17.4451345048052,5964.00405679432,913.843600751738,1
1049795,48347308,3,166,05:39:18,-79.443461,43.71611,,,13.7412846577163,16.194402317989,5980.19845911231,918.086278914439,1
1049795,48347308,3,167,05:39:22,-79.443373,43.71601,,,13.7412846577163,13.192875324302,5993.39133443662,921.542604312721,1
1049795,48347308,3,168,05:39:23,-79.443362,43.71595,,,13.7412846577163,6.73755251312818,6000.12888694974,923.307736878666,1
1049795,48347308,3,169,05:39:29,-79.443368,43.715741,,,13.7412846577163,23.2707814903031,6023.39966844005,929.404314851676,1
1049795,48347308,3,170,05:39:31,-79.44339,43.715691,,,13.7412846577163,5.84066244948063,6029.24033088953,930.934476357087,1
1049795,48347308,3,171,05:39:32,-79.443442,43.715661,,,13.7412846577163,5.35328903608199,6034.59361992561,932.336953709819,1
1049795,48347308,3,172,05:39:53,-79.444389,43.715478,14253,24,13.7412846577163,78.8713336024832,6113.46495352809,953,1
1049795,48347308,3,173,05:39:53,-79.444389,43.715478,14253,24,1e-12,0,6113.46495352809,953,1
1049795,48347308,3,174,05:40:00,-79.444571,43.715446,14254,25,7.7506409183339,15.070690674539,6128.53564420263,960,1
1049795,48347308,3,175,05:40:00,-79.444571,43.715446,14254,25,1e-12,0,6128.53564420263,960,1
1049795,48347308,3,176,05:40:03,-79.444677,43.715444,,,12.1592171957823,8.53162302066614,6137.0672672233,962.525972057235,1
1049795,48347308,3,177,05:40:05,-79.444744,43.715481,,,12.1592171957823,6.7841964762291,6143.85146369953,964.534580582042,1
1049795,48347308,3,178,05:40:08,-79.444804,43.715568,,,12.1592171957823,10.8213074797499,6154.67277117928,967.738463389614,1
1049795,48347308,3,179,05:40:11,-79.444844,43.715655,,,12.1592171957823,10.2055477832336,6164.87831896251,970.760037182406,1
1049795,48347308,3,180,05:40:20,-79.44497,43.715932,,,12.1592171957823,32.459266922435,6197.33758588495,980.370307238385,1
1049795,48347308,3,181,05:40:47,-79.44606,43.715698,,,12.1592171957823,91.4871683685292,6288.82475425347,1007.45706790921,1
1049795,48347308,3,182,05:40:59,-79.446509,43.715608,,,12.1592171957823,37.4897356449212,6326.3144898984,1018.55671734787,1
1049795,48347308,3,183,05:41:22,-79.4474530031664,43.7154070038844,1492,26,12.1592171957823,79.1811015414992,6405.4955914399,1042,1
1049795,48347308,3,184,05:41:22,-79.4474530031664,43.7154070038844,1492,26,1e-12,0,6405.4955914399,1042,1
1049795,48347308,3,185,05:41:51,-79.448397,43.715206,,,9.80182634446349,79.1811015443052,6484.6766929842,1071.08151558107,1
1049795,48347308,3,186,05:42:24,-79.449459,43.714963,6966,27,9.80182634446349,89.6281299436775,6574.30482292788,1104,1
1049795,48347308,3,187,05:42:24,-79.449459,43.714963,6966,27,1e-12,0,6574.30482292788,1104,1
1049795,48347308,3,188,05:42:45,-79.4501987559531,43.714802257156,,,10.6547250661771,62.1525628856143,6636.45738581349,1124.99999999986,1
1049795,48347308,3,189,05:43:06,-79.4509385079375,43.7146415095414,,,10.6547250661771,62.1525628868509,6698.60994870034,1146.00000000014,1
1049795,48347308,3,190,05:43:27,-79.4516782559531,43.714480757156,,,10.6547250661771,62.1525628851085,6760.76251158545,1166.99999999982,1
1049795,48347308,3,191,05:43:48,-79.452418,43.71432,1489,28,10.6547250661771,62.1525628865592,6822.91507447201,1188,1
1049795,48347308,3,192,05:43:48,-79.452418,43.71432,1489,28,1e-12,0,6822.91507447201,1188,1
1049795,48347308,3,193,05:43:51,-79.452505,43.714319,,,9.56214345584729,7.00100171498633,6829.916076187,1190.63576951029,1
1049795,48347308,3,194,05:43:54,-79.452602,43.71431,,,9.56214345584729,7.86876990090066,6837.7848460879,1193.59824040126,1
1049795,48347308,3,195,05:43:57,-79.452718,43.714296,,,9.56214345584729,9.46271102093526,6847.24755710883,1197.16080561822,1
1049795,48347308,3,196,05:44:01,-79.452853,43.71427,,,9.56214345584729,11.2412467960101,6858.48880390484,1201.39296221078,1
1049795,48347308,3,197,05:44:06,-79.453,43.714249,,,9.56214345584729,12.0566007839954,6870.54540468884,1205.93208704433,1
1049795,48347308,3,198,05:44:10,-79.453116,43.714231,,,9.56214345584729,9.54616481749266,6880.09156950633,1209.52607133265,1
1049795,48347308,3,199,05:44:13,-79.453224,43.71422,,,9.56214345584729,8.77566498375827,6888.86723449009,1212.82997427945,1
1049795,48347308,3,200,05:44:17,-79.453348,43.714205,,,9.56214345584729,10.1159595534303,6898.98319404352,1216.63847752566,1
1049795,48347308,3,201,05:44:21,-79.45349,43.714185,,,9.56214345584729,11.6403992842183,6910.62359332774,1221.02090889334,1
1049795,48347308,3,202,05:44:25,-79.453635,43.714174,,,9.56214345584729,11.7309726230306,6922.35456595077,1225.43743973059,1
1049795,48347308,3,203,05:44:30,-79.453786,43.714152,,,9.56214345584729,12.3940294921386,6934.74859544291,1230.10360128503,1
1049795,48347308,3,204,05:44:35,-79.453935,43.714151,,,9.56214345584729,11.9892559301248,6946.73785137303,1234.61737181647,1
1049795,48347308,3,205,05:44:40,-79.454096,43.714133,,,9.56214345584729,13.1083300030811,6959.84618137611,1239.55245653142,1
1049795,48347308,3,206,05:44:43,-79.454205,43.714121,,,9.56214345584729,8.87143876270903,6968.71762013882,1242.89241683354,1
1049795,48347308,3,207,05:44:47,-79.454339,43.714106,5733,29,9.56214345584729,10.9103609706861,6979.62798110951,1247,1
1049795,48347308,3,208,05:44:47,-79.454339,43.714106,5733,29,1e-12,0,6979.62798110951,1247,1
1049795,48347308,3,209,05:44:50,-79.454478,43.714096,,,14.830266359006,11.2393986787123,6990.86737978822,1249.72832828918,1
1049795,48347308,3,210,05:44:53,-79.45465,43.714081,,,14.830266359006,13.9397350668681,7004.80711485509,1253.11215464981,1
1049795,48347308,3,211,05:44:55,-79.45474,43.71408,,,14.830266359006,7.2423844257243,7012.04949928081,1254.87022043915,1
1049795,48347308,3,212,05:45:11,-79.455527,43.713937,,,14.830266359006,65.2934541251545,7077.34295340597,1270.71999880188,1
1049795,48347308,3,213,05:45:24,-79.4561685014772,43.7137990017938,,,14.830266359006,53.853794271637,7131.1967476776,1283.79283611206,1
1049795,48347308,3,214,05:45:37,-79.45681,43.713661,,,14.830266359006,53.8537942729574,7185.05054195056,1296.86567342256,1
1049795,48347308,3,215,05:45:55,-79.4576950028723,43.713466503414,,,14.830266359006,74.4280122024332,7259.47855415299,1314.93283671164,1
1049795,48347308,3,216,05:46:13,-79.45858,43.713272,8765,30,14.830266359006,74.4280121994351,7333.90656635243,1333,1
1049795,48347308,3,217,05:46:13,-79.45858,43.713272,8765,30,1e-12,0,7333.90656635243,1333,1
1049795,48347308,3,218,05:46:36,-79.459721505,43.7130095056798,,,14.7653158586564,96.3847007439542,7430.29126709638,1356.49999999999,1
1049795,48347308,3,219,05:47:00,-79.460863,43.712747,6925,31,14.7653158586564,96.3847007440605,7526.67596784044,1380,1
1049795,48347308,3,220,05:47:00,-79.460863,43.712747,6925,31,1e-12,0,7526.67596784044,1380,1
1049795,48347308,3,221,05:47:12,-79.4614685013286,43.7126155015981,,,15.5077075879455,50.8722099834777,7577.54817782392,1391.80960853833,1
1049795,48347308,3,222,05:47:24,-79.462074,43.712484,,,15.5077075879455,50.8722099834229,7628.42038780734,1403.61921707665,1
1049795,48347308,3,223,05:47:46,-79.463222,43.712236,4030,32,15.5077075879455,96.4096214346257,7724.83000924197,1426,1
1049795,48347308,3,224,05:47:46,-79.463222,43.712236,4030,32,1e-12,0,7724.83000924197,1426,1
1049795,48347308,3,225,05:48:02,-79.4640645080234,43.712045759282,,,16.4457270449907,71.022439877957,7795.85244911993,1441.54694315801,1
1049795,48347308,3,226,05:48:17,-79.4649070106979,43.7118555123759,,,16.4457270449907,71.0224398764805,7866.87488899641,1457.0938863157,1
1049795,48347308,3,227,05:48:33,-79.4657495080235,43.7116652592819,,,16.4457270449907,71.0224398783558,7937.89732887476,1472.6408294738,1
1049795,48347308,3,228,05:48:48,-79.466592,43.711475,,,16.4457270449907,71.022439878196,8008.91976875296,1488.18777263186,1
1049795,48347308,3,229,05:49:08,-79.467669004214,43.711240505056,7121,33,16.4457270449907,90.5073565137975,8099.42712526676,1508,1
1049795,48347308,3,230,05:49:08,-79.467669004214,43.711240505056,7121,33,1e-12,0,8099.42712526676,1508,1
1049795,48347308,3,231,05:49:29,-79.468746,43.711006,,,15.4859937561266,90.5073565139829,8189.93448178074,1529.04007586348,1
1049795,48347308,3,232,05:49:49,-79.469766,43.710797,,,15.4859937561266,85.3088748211528,8275.24335660189,1548.87167041225,1
1049795,48347308,3,233,05:50:12,-79.470936,43.710508,8467,34,15.4859937561266,99.4903243293359,8374.73368093123,1572,1
1049795,48347308,3,234,05:50:12,-79.470936,43.710508,8467,34,1e-12,0,8374.73368093123,1572,1
1049795,48347308,3,235,05:50:25,-79.471898,43.710295,,,23.2694764683149,80.9587111718098,8455.69239210304,1584.525050171,1
1049795,48347308,3,236,05:50:34,-79.472634501874,43.7101425023644,,,23.2694764683149,61.6472450442874,8517.33963714733,1594.06244060011,1
1049795,48347308,3,237,05:50:44,-79.473371,43.70999,,,23.2694764683149,61.6472450454817,8578.98688219281,1603.59983102941,1
1049795,48347308,3,238,05:50:59,-79.474549,43.709717,1344,35,23.2694764683149,99.5427415192,8678.52962371201,1619,1
1049795,48347308,3,239,05:50:59,-79.474549,43.709717,1344,35,1e-12,0,8678.52962371201,1619,1
1049795,48347308,3,240,05:51:19,-79.475739,43.709465,,,17.9541631852257,99.7807993306092,8778.31042304262,1639.00710776015,1
1049795,48347308,3,241,05:51:24,-79.476042,43.709394,,,17.9541631852257,25.6307588518179,8803.94118189443,1644.14634654921,1
1049795,48347308,3,242,05:51:29,-79.476353,43.709326,,,17.9541631852257,26.1452711969047,8830.08645309134,1649.38875051635,1
1049795,48347308,3,243,05:51:34,-79.476598,43.709261,,,17.9541631852257,21.0005422943772,8851.08699538572,1653.59958181379,1
1049795,48347308,3,244,05:51:38,-79.476877,43.709176,,,17.9541631852257,24.3630885611102,8875.45008394683,1658.48463927457,1
1049795,48347308,3,245,05:51:43,-79.477128,43.70908,,,17.9541631852257,22.8504589305524,8898.30054287738,1663.0663984633,1
1049795,48347308,3,246,05:51:49,-79.477448,43.708949,8990,36,17.9541631852257,29.5924584072078,8927.89300128459,1669,1
1049795,48347308,3,247,05:51:49,-79.477448,43.708949,8990,36,1e-12,0,8927.89300128459,1669,1
1049795,48347308,3,248,05:51:58,-79.47789,43.70877,,,15.926365296844,40.7684697373353,8968.66147102192,1678.21531613265,1
1049795,48347308,3,249,05:52:02,-79.478051,43.708652,,,15.926365296844,18.4496700994912,8987.11114112141,1682.3856846455,1
1049795,48347308,3,250,05:52:08,-79.478308,43.708559,,,15.926365296844,23.1270575483626,9010.23819866978,1687.61333110609,1
1049795,48347308,3,251,05:52:10,-79.478412,43.708521,,,15.926365296844,9.37711447719461,9019.61531314697,1689.73293664626,1
1049795,48347308,3,252,05:52:12,-79.478538,43.708481,,,15.926365296844,11.0737652117739,9030.68907835874,1692.23605358596,1
1049795,48347308,3,253,05:52:15,-79.478681,43.708432,,,15.926365296844,12.7344334264723,9043.42351178522,1695.11454842648,1
1049795,48347308,3,254,05:52:17,-79.478789,43.708388,,,15.926365296844,9.97589517583739,9053.39940696105,1697.36950252076,1
1049795,48347308,3,255,05:52:20,-79.47892,43.708336,,,15.926365296844,12.0262331789395,9065.42564013999,1700.08791558219,1
1049795,48347308,3,256,05:52:22,-79.479032,43.708312,,,15.926365296844,9.40020176717188,9074.82584190717,1702.21273977975,1
1049795,48347308,3,257,05:52:38,-79.4798805082917,43.7081167594146,,,15.926365296844,71.6545536707868,9146.48039557795,1718.40955483497,1
1049795,48347308,3,258,05:52:55,-79.4807290110557,43.7079215125528,,,15.926365296844,71.6545536695656,9218.13494924752,1734.60636988991,1
1049795,48347308,3,259,05:53:11,-79.4815775082918,43.7077262594145,,,15.926365296844,71.6545536714556,9289.78950291897,1750.80318494528,1
1049795,48347308,3,260,05:53:27,-79.482426,43.707531,2742,37,15.926365296844,71.6545536685894,9361.44405658756,1767,1
1049795,48347308,3,261,05:53:27,-79.482426,43.707531,2742,37,1e-12,0,9361.44405658756,1767,1
1049795,48347308,3,262,05:53:38,-79.483079761108,43.7073855130407,,,18.0146785388634,55.0448510914862,9416.48890767905,1778.0000000001,1
1049795,48347308,3,263,05:53:49,-79.4837335190423,43.7072400223554,,,18.0146785388634,55.0448510915422,9471.53375877059,1789.00000000022,1
1049795,48347308,3,264,05:54:00,-79.484387273803,43.7070945279442,,,18.0146785388634,55.0448510909104,9526.5786098615,1800.0000000002,1
1049795,48347308,3,265,05:54:11,-79.48504102539,43.706949029807,,,18.0146785388634,55.0448510915477,9581.62346095305,1811.00000000032,1
1049795,48347308,3,266,05:54:22,-79.4856947738033,43.706803527944,,,18.0146785388634,55.0448510894766,9636.66831204253,1822.00000000002,1
1049795,48347308,3,267,05:54:33,-79.4863485190427,43.7066580223551,,,18.0146785388634,55.0448510902777,9691.7131631328,1832.99999999988,1
1049795,48347308,3,268,05:54:44,-79.4870022611083,43.7065125130404,,,18.0146785388634,55.0448510915137,9746.75801422432,1843.99999999999,1
1049795,48347308,3,269,05:54:55,-79.487656,43.706367,449,38,18.0146785388634,55.0448510910191,9801.80286531534,1855,1
1049795,48347308,3,270,05:54:55,-79.487656,43.706367,449,38,1e-12,0,9801.80286531534,1855,1
1049795,48347308,3,271,05:55:13,-79.4882970045553,43.7062250053729,,,11.0983642755994,53.9503818960487,9855.75324721139,1872.50000000025,1
1049795,48347308,3,272,05:55:30,-79.4889380060738,43.7060830071639,,,11.0983642755994,53.9503818953539,9909.70362910674,1890.00000000028,1
1049795,48347308,3,273,05:55:48,-79.4895790045554,43.7059410053729,,,11.0983642755994,53.9503818953875,9963.65401100213,1907.50000000031,1
1049795,48347308,3,274,05:56:05,-79.49022,43.705799,9548,39,11.0983642755994,53.9503818943089,10017.6043928964,1925,1
1049795,48347308,3,275,05:56:05,-79.49022,43.705799,9548,39,1e-12,0,10017.6043928964,1925,1
1049795,48347308,3,276,05:56:22,-79.4909695019755,43.7056410024486,,,13.4009944405487,62.8265361829848,10080.4309290794,1941.87751840075,1
1049795,48347308,3,277,05:56:39,-79.491719,43.705483,,,13.4009944405487,62.8265361814895,10143.2574652609,1958.7550368011,1
1049795,48347308,3,278,05:56:42,-79.491859,43.705454,,,13.4009944405487,11.7196155976782,10154.9770808586,1961.90335660221,1
1049795,48347308,3,279,05:56:56,-79.4924610013708,43.7053175015797,,,13.4009944405487,50.7720026799051,10205.7490835385,1975.54258393407,1
1049795,48347308,3,280,05:57:09,-79.493063,43.705181,,,13.4009944405487,50.7720026806012,10256.5210862191,1989.18181126612,1
1049795,48347308,3,281,05:57:18,-79.493437,43.70511,,,13.4009944405487,31.1175408584418,10287.6386270775,1997.54112725474,1
1049795,48347308,3,282,05:57:32,-79.494086,43.704943,,,13.4009944405487,55.4373360087114,10343.0759630862,2012.43363471132,1
1049795,48347308,3,283,05:57:49,-79.4948390020098,43.7047830024715,,,13.4009944405487,63.1602331280585,10406.2361962143,2029.40079638501,1
1049795,48347308,3,284,05:58:06,-79.495592,43.704623,,,13.4009944405487,63.1602331282064,10469.3964293425,2046.36795805874,1
1049795,48347308,3,285,05:58:19,-79.49613,43.704501,,,13.4009944405487,45.3752227272124,10514.7716520697,2058.55741179985,1
1049795,48347308,3,286,05:58:31,-79.496671,43.704359,9872,40,13.4009944405487,46.3175153600762,10561.0891674298,2071,1
1049795,48347308,3,287,05:58:31,-79.496671,43.704359,9872,40,1e-12,0,10561.0891674298,2071,1
1049795,48347308,3,288,05:58:50,-79.497724,43.704128,,,16.4786691200667,88.5555405101249,10649.6447079399,2090.34621925555,1
1049795,48347308,3,289,05:59:10,-79.498798,43.703893,,,16.4786691200667,90.3023340467676,10739.9470419867,2110.07405044141,1
1049795,48347308,3,290,05:59:22,-79.4994195014773,43.7037505016837,,,16.4786691200667,52.470713477984,10792.4177554647,2121.53702522077,1
1049795,48347308,3,291,05:59:33,-79.500041,43.703608,5047,41,16.4786691200667,52.4707134773818,10844.8884689421,2133,1
1049795,48347308,3,292,05:59:33,-79.500041,43.703608,5047,41,1e-12,0,10844.8884689421,2133,1
1049795,48347308,3,293,05:59:55,-79.5010140034733,43.7033940041267,,,13.1431834224709,81.8465308319077,10926.734999774,2155.41827581065,1
1049795,48347308,3,294,06:00:18,-79.501987,43.70318,,,13.1431834224709,81.846530833132,11008.5815306071,2177.83655162163,1
1049795,48347308,3,295,06:00:34,-79.502697,43.703031,,,13.1431834224709,59.4968517405403,11068.0783823476,2194.13311078702,1
1049795,48347308,3,296,06:00:39,-79.502901,43.703,,,13.1431834224709,16.7759340689773,11084.8543164166,2198.72814387049,1
1049795,48347308,3,297,06:00:42,-79.503058,43.702975,,,13.1431834224709,12.9376488328615,11097.7919652495,2202.27184666312,1
1049795,48347308,3,298,06:00:46,-79.503213,43.702957,,,13.1431834224709,12.6337472842868,11110.4257125338,2205.73230892417,1
1049795,48347308,3,299,06:00:50,-79.503405,43.702939,4523,42,13.1431834224709,15.5808462778114,11126.0065588116,2210,1
1049795,48347308,3,300,06:00:50,-79.503405,43.702939,4523,42,1e-12,0,11126.0065588116,2210,1
1049795,48347308,3,301,06:00:52,-79.503574,43.702931,,,20.8683254314359,13.629636146691,11139.6361949583,2212.35125191474,1
1049795,48347308,3,302,06:00:54,-79.503676,43.702909,,,20.8683254314359,8.56614048003716,11148.2023354383,2213.82899893519,1
1049795,48347308,3,303,06:00:56,-79.503828,43.702871,,,20.8683254314359,12.9431919515333,11161.1455273898,2216.06183219144,1
1049795,48347308,3,304,06:01:03,-79.504319,43.702833,,,20.8683254314359,39.7397468848165,11200.8852742747,2222.91734579053,1
1049795,48347308,3,305,06:01:05,-79.504442,43.702824,,,20.8683254314359,9.94918671075244,11210.8344609854,2224.63368245953,1
1049795,48347308,3,306,06:01:11,-79.504872,43.702784,,,20.8683254314359,34.8902293692547,11245.7246903547,2230.65260458829,1
1049795,48347308,3,307,06:01:12,-79.504979,43.702763,,,20.8683254314359,8.92267681916518,11254.6473671738,2232.1918577811,1
1049795,48347308,3,308,06:01:28,-79.50603,43.702512,,,20.8683254314359,89.076789853757,11343.7241570276,2247.55851690893,1
1049795,48347308,3,309,06:01:42,-79.507026,43.702272,,,20.8683254314359,84.4904692191238,11428.2146262467,2262.13398872569,1
1049795,48347308,3,310,06:01:52,-79.5076730016188,43.7021220018247,,,20.8683254314359,54.6808420636677,11482.8954683104,2271.56699436268,1
1049795,48347308,3,311,06:02:01,-79.50832,43.701972,8066,43,20.8683254314359,54.6808420656303,11537.576310376,2281,1
1049795,48347308,3,312,06:02:01,-79.50832,43.701972,8066,43,1e-12,0,11537.576310376,2281,1
1049795,48347308,3,313,06:02:12,-79.5090055054968,43.7018117561448,,,19.5786102213209,57.9802438957723,11595.5565542718,2291.66106713731,1
1049795,48347308,3,314,06:02:22,-79.5096910073291,43.7016515081931,,,19.5786102213209,57.9802438955023,11653.5367981673,2302.32213427458,1
1049795,48347308,3,315,06:02:33,-79.5103765054969,43.7014912561448,,,19.5786102213209,57.9802438978325,11711.5170420651,2312.98320141227,1
1049795,48347308,3,316,06:02:44,-79.511062,43.701331,,,19.5786102213209,57.9802438960458,11769.4972859612,2323.64426854963,1
1049795,48347308,3,317,06:03:00,-79.512114,43.701085,,,19.5786102213209,88.9822579063276,11858.4795438675,2340.00580416639,1
1049795,48347308,3,318,06:03:13,-79.5129525026363,43.7008965030646,9512,44,19.5786102213209,70.6689709349379,11929.1485148024,2353,1
1049795,48347308,3,319,06:03:13,-79.5129525026363,43.7008965030646,9512,44,1e-12,0,11929.1485148024,2353,1
1049795,48347308,3,320,06:03:39,-79.513791,43.700708,,,9.84597501124824,70.6689709360886,11999.8174857385,2378.83881180678,1
1049795,48347308,3,321,06:04:02,-79.5145525022799,43.7005285025276,,,9.84597501124824,64.4604859098397,12064.2779716484,2402.40760504568,1
1049795,48347308,3,322,06:04:26,-79.515314,43.700349,,,9.84597501124824,64.4604859088552,12128.7384575572,2425.97639828421,1
1049795,48347308,3,323,06:04:53,-79.516191,43.700152,453,45,9.84597501124824,73.9093631132249,12202.6478206704,2453,1
1049795,48347308,3,324,06:04:53,-79.516191,43.700152,453,45,1e-12,0,12202.6478206704,2453,1
1049795,48347308,3,325,06:05:13,-79.5171122600833,43.6999332610981,2143,46,14.047084929696,78.0393607205329,12280.687181391,2473,1
1049795,48347308,3,326,06:05:13,-79.5171122600833,43.6999332610981,2143,46,1e-12,0,12280.687181391,2473,1
1049795,48347308,3,327,06:05:28,-79.5180335134445,43.6997145147974,,,19.1551158135525,78.0393607235608,12358.7265421145,2487.66666666698,1
1049795,48347308,3,328,06:05:42,-79.5189547600834,43.699495761098,,,19.1551158135525,78.0393607212555,12436.7659028358,2502.33333333353,1
1049795,48347308,3,329,06:05:57,-79.519876,43.699277,10259,47,19.1551158135525,78.0393607208243,12514.8052635566,2517,1
1049795,48347308,3,330,06:05:57,-79.519876,43.699277,10259,47,1e-12,0,12514.8052635566,2517,1
1049795,48347308,3,331,06:06:12,-79.520786,43.698977,,,18.9978784922721,80.4929330519757,12595.2981966086,2532.25299570186,1
1049795,48347308,3,332,06:06:24,-79.5214840028172,43.6987350021236,,,18.9978784922721,62.3018563142005,12657.6000529228,2544.05887617543,1
1049795,48347308,3,333,06:06:36,-79.522182,43.698493,,,18.9978784922721,62.3018563145049,12719.9019092373,2555.86475664905,1
1049795,48347308,3,334,06:06:54,-79.523284,43.69817,4043,48,18.9978784922721,95.703097113628,12815.6050063509,2574,1
1049795,48347308,3,335,06:06:54,-79.523284,43.69817,4043,48,1e-12,0,12815.6050063509,2574,1
1049795,48347308,3,336,06:07:03,-79.5237119974267,43.6985305007985,,,20.5676816418012,52.886931749948,12868.4919381009,2583.25689913018,1
1049795,48347308,3,337,06:07:13,-79.52414,43.698891,,,20.5676816418012,52.886931752989,12921.3788698539,2592.51379826089,1
1049795,48347308,3,338,06:07:25,-79.524685,43.699364,,,20.5676816418012,68.5300532654765,12989.9089231193,2604.50874237041,1
1049795,48347308,3,339,06:07:33,-79.52507,43.6997,,,20.5676816418012,48.5704777416602,13038.479400861,2613.01012443744,1
1049795,48347308,3,340,06:07:43,-79.5255144970382,43.7000995008612,4130,49,20.5676816418012,57.0746056144419,13095.5540064754,2623,1
1049795,48347308,3,341,06:07:43,-79.5255144970382,43.7000995008612,4130,49,1e-12,0,13095.5540064754,2623,1
1049795,48347308,3,342,06:07:55,-79.525959,43.700499,,,17.292608954782,57.07460561376,13152.6286120892,2634.88187281322,1
1049795,48347308,3,343,06:08:04,-79.526297,43.70082,,,17.292608954782,44.9092284019709,13197.5378404912,2644.23114004467,1
1049795,48347308,3,344,06:08:09,-79.526476,43.700974,,,17.292608954782,22.392306866391,13219.9301473576,2648.89280243059,1
1049795,48347308,3,345,06:08:12,-79.52662,43.701059,,,17.292608954782,14.9611722264736,13234.891319584,2652.00744060671,1
1049795,48347308,3,346,06:08:14,-79.526751,43.701106,,,17.292608954782,11.7695888287299,13246.6609084128,2654.45765039832,1
1049795,48347308,3,347,06:08:18,-79.526947,43.701164,,,17.292608954782,17.0440908638685,13263.7049992766,2658.00591354764,1
1049795,48347308,3,348,06:08:21,-79.527091,43.701199,,,17.292608954782,12.2263551842466,13275.9313544609,2660.55121361072,1
1049795,48347308,3,349,06:08:24,-79.52727,43.701213,,,17.292608954782,14.4897462086812,13290.4211006696,2663.56770964597,1
1049795,48347308,3,350,06:08:26,-79.527404,43.701217,,,17.292608954782,10.793335143184,13301.2144358127,2665.8146815527,1
1049795,48347308,3,351,06:08:30,-79.527651,43.70119,5929,50,17.292608954782,20.1041875723475,13321.3186233851,2670,1
1049795,48347308,3,352,06:08:30,-79.527651,43.70119,5929,50,1e-12,0,13321.3186233851,2670,1
1049795,48347308,3,353,06:08:38,-79.5283165015485,43.7010505019305,,,23.9607080989502,55.7645848230664,13377.0832082082,2678.37840453354,1
1049795,48347308,3,354,06:08:47,-79.528982,43.700911,,,23.9607080989502,55.7645848266402,13432.8477930348,2686.75680906761,1
1049795,48347308,3,355,06:08:52,-79.529438,43.700816,,,23.9607080989502,38.1918611439719,13471.0396541788,2692.49498256192,1
1049795,48347308,3,356,06:09:00,-79.5300550012967,43.7006900016594,,,23.9607080989502,51.5987773456263,13522.6384315244,2700.24749128066,1
1049795,48347308,3,357,06:09:08,-79.530672,43.700564,4913,51,23.9607080989502,51.5987773496127,13574.237208874,2708,1
1049795,48347308,3,358,06:09:08,-79.530672,43.700564,4913,51,1e-12,0,13574.237208874,2708,1
1049795,48347308,3,359,06:09:26,-79.531834,43.700325,,,19.546581986393,97.2283886268425,13671.4655975008,2725.90707957536,1
1049795,48347308,3,360,06:09:35,-79.5324407538632,43.7001977548141,,,19.546581986393,50.8444974359391,13722.3100949368,2735.27138638341,1
1049795,48347308,3,361,06:09:45,-79.533047505151,43.7000705064187,,,19.546581986393,50.8444974378413,13773.1545923746,2744.63569319182,1
1049795,48347308,3,362,06:09:54,-79.5336542538633,43.699943254814,3191,52,19.546581986393,50.8444974366212,13823.9990898112,2754,1
1049795,48347308,3,363,06:09:54,-79.5336542538633,43.699943254814,3191,52,1e-12,0,13823.9990898112,2754,1
1049795,48347308,3,364,06:10:02,-79.534261,43.699816,,,22.1594021080676,50.8444974373866,13874.8435872486,2762.26015927153,1
1049795,48347308,3,365,06:10:12,-79.5350060061319,43.6996515072578,,,22.1594021080676,62.6923967019791,13937.5359839506,2772.44511945351,1
1049795,48347308,3,366,06:10:23,-79.5357510081759,43.699487009677,,,22.1594021080676,62.6923967039156,14000.2283806545,2782.63007963581,1
1049795,48347308,3,367,06:10:33,-79.536496006132,43.6993225072578,,,22.1594021080676,62.6923967019897,14062.9207773565,2792.81503981779,1
1049795,48347308,3,368,06:10:43,-79.537241,43.699158,1938,53,22.1594021080676,62.6923967034273,14125.6131740599,2803,1
1049795,48347308,3,369,06:10:43,-79.537241,43.699158,1938,53,1e-12,0,14125.6131740599,2803,1
1049795,48347308,3,370,06:10:51,-79.5378885047381,43.6990117554824,,,23.8236750680176,54.5959220311093,14180.2090960911,2811.25000000004,1
1049795,48347308,3,371,06:10:59,-79.5385360063175,43.6988655073098,,,23.8236750680176,54.5959220305429,14234.8050181216,2819.49999999999,1
1049795,48347308,3,372,06:11:08,-79.5391835047381,43.6987192554824,,,23.8236750680176,54.5959220321623,14289.4009401538,2827.75000000018,1
1049795,48347308,3,373,06:11:16,-79.539831,43.698573,2962,54,23.8236750680176,54.5959220296809,14343.9968621834,2836,1
1049795,48347308,3,374,06:11:16,-79.539831,43.698573,2962,54,1e-12,0,14343.9968621834,2836,1
1049795,48347308,3,375,06:11:17,-79.539876,43.698563,,,21.2000285399095,3.78892135410608,14347.7857835375,2836.64340087322,1
1049795,48347308,3,376,06:11:29,-79.5407310025739,43.6983825031864,,,21.2000285399095,71.686131080759,14419.4719146183,2848.81650108414,1
1049795,48347308,3,377,06:11:41,-79.541586,43.698202,,,21.2000285399095,71.6861310778244,14491.1580456961,2860.98960129456,1
1049795,48347308,3,378,06:11:50,-79.5422105015258,43.6980555016999,,,21.2000285399095,52.8411690754969,14543.9992147716,2869.96261792582,1
1049795,48347308,3,379,06:11:59,-79.542835,43.697909,,,21.2000285399095,52.8411690758598,14596.8403838475,2878.93563455714,1
1049795,48347308,3,380,06:12:07,-79.543397,43.697779,2635,55,21.2000285399095,47.4902159846711,14644.3305998322,2887,1
1049795,48347308,3,381,06:12:07,-79.543397,43.697779,2635,55,1e-12,0,14644.3305998322,2887,1
1049795,48347308,3,382,06:12:18,-79.544156,43.697616,,,20.7531396656754,63.724842679294,14708.0554425115,2898.05420371766,1
1049795,48347308,3,383,06:12:32,-79.545151,43.697422,,,20.7531396656754,82.9421028739325,14790.9975453854,2912.44198191201,1
1049795,48347308,3,384,06:12:44,-79.5459365024759,43.6972330026894,2109,56,20.7531396656754,66.6292121217698,14857.6267575072,2924,1
1049795,48347308,3,385,06:12:44,-79.5459365024759,43.6972330026894,2109,56,1e-12,0,14857.6267575072,2924,1
1049795,48347308,3,386,06:12:57,-79.546722,43.697044,,,18.1306946689966,66.6292121233783,14924.2559696305,2937.22978341554,1
1049795,48347308,3,387,06:13:12,-79.547629,43.696859,,,18.1306946689966,75.8487040912875,15000.1046737218,2952.2901735282,1
1049795,48347308,3,388,06:13:31,-79.548747,43.696615,,,18.1306946689966,93.9921064973477,15094.0967802192,2970.9530868676,1
1049795,48347308,3,389,06:13:46,-79.549627,43.696381,,,18.1306946689966,75.4650774891249,15169.5618577083,2985.93730473242,1
1049795,48347308,3,390,06:13:58,-79.550324,43.696205,,,18.1306946689966,59.4211276371436,15228.9829853454,2997.73586311085,1
1049795,48347308,3,391,06:14:13,-79.5512350031524,43.6959975036175,1503,57,18.1306946689966,76.8748348119141,15305.8578201573,3013,1
1049795,48347308,3,392,06:14:13,-79.5512350031524,43.6959975036175,1503,57,1e-12,0,15305.8578201573,3013,1
1049795,48347308,3,393,06:14:25,-79.552146,43.69579,,,23.2887083333993,76.8748348133473,15382.7326549707,3024.88341583252,1
1049795,48347308,3,394,06:14:37,-79.5530985036136,43.6955625039546,,,23.2887083333993,80.7379090338348,15463.4705640045,3037.36399089752,1
1049795,48347308,3,395,06:14:50,-79.554051,43.695335,,,23.2887083333993,80.7379090358741,15544.2084730404,3049.84456596283,1
1049795,48347308,3,396,06:14:56,-79.554501,43.695224,,,23.2887083333993,38.268763759765,15582.4772368002,3055.76020317048,1
1049795,48347308,3,397,06:15:06,-79.55528,43.695032,2033,58,23.2887083333993,66.2421227100022,15648.7193595102,3066,1
1049795,48347308,3,398,06:15:06,-79.55528,43.695032,2033,58,1e-12,0,15648.7193595102,3066,1
1049795,48347308,3,399,06:15:18,-79.5559370050698,43.6948777556444,,,17.4046637895564,55.5982315502327,15704.3175910604,3077.50000000005,1
1049795,48347308,3,400,06:15:29,-79.5565940067598,43.6947235075259,,,17.4046637895564,55.5982315493467,15759.9158226098,3088.99999999993,1
1049795,48347308,3,401,06:15:40,-79.5572510050699,43.6945692556444,,,17.4046637895564,55.5982315493948,15815.5140541591,3100.49999999981,1
1049795,48347308,3,402,06:15:52,-79.557908,43.694415,8213,59,17.4046637895564,55.5982315509132,15871.1122857101,3112,1
1049795,48347308,3,403,06:15:52,-79.557908,43.694415,8213,59,1e-12,0,15871.1122857101,3112,1
1049795,48347308,3,404,06:16:01,-79.558639,43.694243,,,25.33900572235,61.8737564338646,15932.9860421439,3120.79061813248,1
1049795,48347308,3,405,06:16:10,-79.5594095065236,43.6940737577631,,,25.33900572235,64.8152043707736,15997.8012465147,3129.9991379257,1
1049795,48347308,3,406,06:16:19,-79.5601800086983,43.6939045103507,,,25.33900572235,64.8152043715636,16062.6164508863,3139.20765771903,1
1049795,48347308,3,407,06:16:28,-79.5609505065237,43.693735257763,,,25.33900572235,64.8152043694212,16127.4316552557,3148.41617751206,1
1049795,48347308,3,408,06:16:38,-79.561721,43.693566,,,25.33900572235,64.8152043703812,16192.2468596261,3157.62469730523,1
1049795,48347308,3,409,06:16:47,-79.562506,43.693395,8796,60,25.33900572235,65.9891246198985,16258.235984246,3167,1
1049795,48347308,3,410,06:16:47,-79.562506,43.693395,8796,60,1e-12,0,16258.235984246,3167,1
1049795,48347308,3,411,06:16:52,-79.562914,43.693291,,,23.5402192409568,34.8205824574094,16293.0565667034,3172.32510320161,1
1049795,48347308,3,412,06:17:06,-79.563993,43.693021,,,23.5402192409568,91.9020539382834,16384.9586206417,3186.379661946,1
1049795,48347308,3,413,06:17:20,-79.5650715042081,43.69278700507,,,23.5402192409568,90.6325025959821,16475.5911232376,3200.24006851256,1
1049795,48347308,3,414,06:17:34,-79.56615,43.692553,,,23.5402192409568,90.6325025935791,16566.2236258312,3214.10047507875,1
1049795,48347308,3,415,06:17:35,-79.566234,43.692535,,,23.5402192409568,7.05185724082327,16573.275483072,3215.17891389051,1
1049795,48347308,3,416,06:17:39,-79.566557,43.69247,,,23.5402192409568,26.9865345450017,16600.262017617,3219.3059580513,1
1049795,48347308,3,417,06:17:43,-79.566877,43.692402,,,23.5402192409568,26.8462570450226,16627.1082746621,3223.41154960815,1
1049795,48347308,3,418,06:17:48,-79.567198,43.69233,,,23.5402192409568,27.052088099367,16654.1603627614,3227.54861885805,1
1049795,48347308,3,419,06:17:52,-79.567517,43.692258,,,23.5402192409568,26.8984065390862,16681.0587693005,3231.66218562434,1
1049795,48347308,3,420,06:17:54,-79.567718,43.692217,,,23.5402192409568,16.8100993420245,16697.8688686425,3234.23295002597,1
1049795,48347308,3,421,06:18:08,-79.568796,43.691998,,,23.5402192409568,90.1289725861903,16787.9978412287,3248.01635187067,1
1049795,48347308,3,422,06:18:11,-79.568997,43.691954,,,23.5402192409568,16.903895700539,16804.9017369293,3250.60146052658,1
1049795,48347308,3,423,06:18:16,-79.569442,43.691864,,,23.5402192409568,37.1933625109328,16842.0950994402,3256.28943240436,1
1049795,48347308,3,424,06:18:19,-79.569643,43.691827,,,23.5402192409568,16.6948060358006,16858.789905476,3258.84256502873,1
1049795,48347308,3,425,06:18:34,-79.570828,43.691585,4200,61,23.5402192409568,99.1137062095073,16957.9036116855,3274,1
1049795,48347308,3,426,06:18:34,-79.570828,43.691585,4200,61,1e-12,0,16957.9036116855,3274,1
1049795,48347308,3,427,06:18:45,-79.5715455017945,43.6914350022439,,,19.621111337158,60.1183563512563,17018.0219680368,3285.03026628541,1
1049795,48347308,3,428,06:18:56,-79.572263,43.691285,,,19.621111337158,60.118356354588,17078.1403243914,3296.06053257143,1
1049795,48347308,3,429,06:19:12,-79.573288,43.691077,,,19.621111337158,85.6919905949184,17163.8323149863,3311.78294303233,1
1049795,48347308,3,430,06:19:26,-79.5742145029197,43.6908880037416,9011,62,19.621111337158,77.4873493470744,17241.3196643333,3326,1
1049795,48347308,3,431,06:19:26,-79.5742145029197,43.6908880037416,9011,62,1e-12,0,17241.3196643333,3326,1
1049795,48347308,3,432,06:19:35,-79.575141,43.690699,,,29.9401791895902,77.4873493454359,17318.8070136788,3335.31706039156,1
1049795,48347308,3,433,06:19:45,-79.5760985039512,43.6904515039961,,,29.9401791895902,81.8487137291202,17400.6557274079,3345.1585301957,1
1049795,48347308,3,434,06:19:55,-79.577056,43.690204,7257,63,29.9401791895902,81.8487137304768,17482.5044411384,3355,1
1049795,48347308,3,435,06:19:55,-79.577056,43.690204,7257,63,1e-12,0,17482.5044411384,3355,1
1049795,48347308,3,436,06:20:04,-79.5777315017795,43.6900460019889,,,23.3826699504032,57.1474505835558,17539.6518917219,3363.79843159644,1
1049795,48347308,3,437,06:20:13,-79.578407,43.689888,,,23.3826699504032,57.1474505844165,17596.7993423064,3372.59686319302,1
1049795,48347308,3,438,06:20:22,-79.579166,43.68972,,,23.3826699504032,63.893245786742,17660.6925880931,3382.43387861171,1
1049795,48347308,3,439,06:20:26,-79.579436,43.689656,,,23.3826699504032,22.8713710195347,17683.5639591126,3385.9551589379,1
1049795,48347308,3,440,06:20:32,-79.579925,43.689549,,,23.3826699504032,41.1244498679114,17724.6884089805,3392.28668651104,1
1049795,48347308,3,441,06:20:37,-79.580293,43.689453,,,23.3826699504032,31.490709583965,17756.1791185645,3397.13500172666,1
1049795,48347308,3,442,06:20:49,-79.5812140032707,43.6892400036973,,,23.3826699504032,77.8351742606491,17834.0142928252,3409.11851891835,1
1049795,48347308,3,443,06:21:01,-79.582135,43.689027,,,23.3826699504032,77.8351742592482,17911.8494670844,3421.10203610983,1
1049795,48347308,3,444,06:21:03,-79.582256,43.688999,,,23.3826699504032,10.2264899320771,17922.0759570165,3422.67650830798,1
1049795,48347308,3,445,06:21:11,-79.582881,43.688854,,,23.3826699504032,52.835480669094,17974.9114376856,3430.81106825396,1
1049795,48347308,3,446,06:21:24,-79.5838775039707,43.6886150043283,,,23.3826699504032,84.5110153244296,18059.42245301,3443.82239911623,1
1049795,48347308,3,447,06:21:37,-79.584874,43.688376,,,23.3826699504032,84.5110153251685,18143.9334683352,3456.83372997862,1
1049795,48347308,3,448,06:21:51,-79.585972,43.688123,,,23.3826699504032,92.7634670645831,18236.6969353998,3471.11560976997,1
1049795,48347308,3,449,06:22:02,-79.586813,43.68794,2588,64,23.3826699504032,70.6961401000687,18307.3930754998,3482,1
1049795,48347308,3,450,06:22:02,-79.586813,43.68794,2588,64,1e-12,0,18307.3930754998,3482,1
1049795,48347308,3,451,06:22:13,-79.5876460075408,43.6877590090735,,,23.1767184157327,70.015820159516,18377.4088956593,3492.87543749952,1
1049795,48347308,3,452,06:22:24,-79.5884790100545,43.687578012098,,,23.1767184157327,70.0158201580791,18447.4247158174,3503.75087499882,1
1049795,48347308,3,453,06:22:35,-79.5893120075409,43.6873970090734,,,23.1767184157327,70.0158201597227,18517.4405359771,3514.62631249837,1
1049795,48347308,3,454,06:22:46,-79.590145,43.687216,,,23.1767184157327,70.0158201594661,18587.4563561366,3525.50174999788,1
1049795,48347308,3,455,06:22:59,-79.591148,43.687011,,,23.1767184157327,83.9022110057418,18671.3585671424,3538.53413681825,1
1049795,48347308,3,456,06:23:05,-79.591636,43.68692,,,23.1767184157327,40.5680638225724,18711.9266309649,3544.83550473158,1
1049795,48347308,3,457,06:23:10,-79.592067,43.68687,,,23.1767184157327,35.1382368287594,18747.0648677937,3550.29346691219,1
1049795,48347308,3,458,06:23:20,-79.59281,43.686824,,,23.1767184157327,60.0288116201979,18807.0936794139,3559.61763947002,1
1049795,48347308,3,459,06:23:29,-79.593561,43.68678,,,23.1767184157327,60.6521328463624,18867.7458122602,3569.03863144699,1
1049795,48347308,3,460,06:23:39,-79.594348,43.686747,,,23.1767184157327,63.4584226524911,18931.2042349127,3578.89551961602,1
1049795,48347308,3,461,06:23:54,-79.595556,43.68675,5652,65,23.1767184157327,97.2423024098857,19028.4465373226,3594,1
1049795,48347308,3,462,06:23:54,-79.595556,43.68675,5652,65,1e-12,0,19028.4465373226,3594,1
1049795,48347308,3,463,06:24:06,-79.596367,43.68671,,,19.0320367947605,65.4356730553284,19093.8822103779,3606.37746782121,1
1049795,48347308,3,464,06:24:21,-79.597337,43.686663,,,19.0320367947605,78.2583479991603,19172.1405583771,3621.18040540667,1
1049795,48347308,3,465,06:24:37,-79.5983730009758,43.6866065046782,694,66,19.0320367947605,83.6330851051493,19255.7736434823,3637,1
1049795,48347308,3,466,06:24:37,-79.5983730009758,43.6866065046782,694,66,1e-12,0,19255.7736434823,3637,1
1049795,48347308,3,467,06:24:48,-79.599409,43.68655,,,28.4564726310264,83.6330851054835,19339.4067285877,3647.58033826903,1
1049795,48347308,3,468,06:24:48,-79.599444,43.686548,,,28.4564726310264,2.82622652938932,19342.2329551171,3647.93788137136,1
1049795,48347308,3,469,06:24:50,-79.599675,43.686528,,,28.4564726310264,18.7279392216159,19360.9608943387,3650.30713430274,1
1049795,48347308,3,470,06:25:01,-79.600682,43.686436,,,28.4564726310264,81.7063560786375,19442.6672504174,3660.64372400228,1
1049795,48347308,3,471,06:25:02,-79.600778,43.686421,,,28.4564726310264,7.90620251555054,19450.5734529329,3661.64392980519,1
1049795,48347308,3,472,06:25:02,-79.600822,43.686414,,,28.4564726310264,3.62664112969547,19454.2000940626,3662.10273256112,1
1049795,48347308,3,473,06:25:06,-79.601215,43.686377,,,28.4564726310264,31.9029442394938,19486.1030383021,3666.13874225042,1
1049795,48347308,3,474,06:25:16,-79.6021765013304,43.6862940040296,2607,67,28.4564726310264,77.9490586829216,19564.052096985,3676,1
1049795,48347308,3,475,06:25:16,-79.6021765013304,43.6862940040296,2607,67,1e-12,0,19564.052096985,3676,1
1049795,48347308,3,476,06:25:28,-79.603138,43.686211,,,24.0249099801034,77.9490586818796,19642.0011556669,3687.68023570066,1
1049795,48347308,3,477,06:25:39,-79.6040807535243,43.6861362616219,,,24.0249099801034,76.345300724718,19718.3464563916,3699.12015713373,1
1049795,48347308,3,478,06:25:51,-79.6050235046992,43.6860615154958,,,24.0249099801034,76.3453007252134,19794.6917571169,3710.56007856688,1
1049795,48347308,3,479,06:26:02,-79.6059662535245,43.6859867616218,368,68,24.0249099801034,76.3453007250656,19871.0370578419,3722,1
1049795,48347308,3,480,06:26:02,-79.6059662535245,43.6859867616218,368,68,1e-12,0,19871.0370578419,3722,1
1049795,48347308,3,481,06:26:11,-79.606909,43.685912,,,29.5137484690809,76.3453007249063,19947.3823585668,3731.31237463441,1
1049795,48347308,3,482,06:26:16,-79.607407,43.685867,,,29.5137484690809,40.400405217091,19987.7827637839,3736.24029691896,1
1049795,48347308,3,483,06:26:25,-79.6082600002773,43.6858475031715,,,29.5137484690809,68.7002307157295,20056.4829944997,3744.62014845953,1
1049795,48347308,3,484,06:26:33,-79.609113,43.685828,367,69,29.5137484690809,68.700230714913,20125.1832252146,3753,1
1049795,48347308,3,485,06:26:33,-79.609113,43.685828,367,69,1e-12,0,20125.1832252146,3753,1
1049795,48347308,3,486,06:26:42,-79.6099014938679,43.6859835081299,,,26.3060942786289,65.791461912788,20190.9746871274,3762.00358906865,1
1049795,48347308,3,487,06:26:51,-79.6106899918239,43.6861390108399,,,26.3060942786289,65.7914619133909,20256.7661490407,3771.00717813739,1
1049795,48347308,3,488,06:27:00,-79.611478493868,43.68629450813,,,26.3060942786289,65.7914619129345,20322.5576109537,3780.01076720606,1
1049795,48347308,3,489,06:27:09,-79.612267,43.68645,,,26.3060942786289,65.7914619133788,20388.3490728671,3789.0143562748,1
1049795,48347308,3,490,06:27:21,-79.6132909624762,43.6867640319927,,,26.3060942786289,89.5338193399382,20477.882892207,3801.26709688349,1
1049795,48347308,3,491,06:27:34,-79.6143149356736,43.6870780548449,,,26.3060942786289,89.5338193408693,20567.4167115479,3813.51983749231,1
1049795,48347308,3,492,06:27:46,-79.6153389195922,43.6873920685566,,,26.3060942786289,89.5338193399058,20656.9505308878,3825.77257810099,1
1049795,48347308,3,493,06:27:58,-79.6163629142319,43.6877060731276,,,26.3060942786289,89.5338193410968,20746.4843502289,3838.02531870984,1
1049795,48347308,3,494,06:28:10,-79.6173869195926,43.6880200685577,,,26.3060942786289,89.5338193406229,20836.0181695695,3850.27805931862,1
1049795,48347308,3,495,06:28:23,-79.6184109356742,43.6883340548465,,,26.3060942786289,89.533819340258,20925.5519889097,3862.53079992736,1
1049795,48347308,3,496,06:28:35,-79.6194349624767,43.688648031994,,,26.3060942786289,89.5338193404429,21015.0858082502,3874.78354053612,1
1049795,48347308,3,497,06:28:47,-79.620459,43.688962,,,26.3060942786289,89.5338193399105,21104.6196275901,3887.0362811448,1
1049795,48347308,3,498,06:28:58,-79.6213692366145,43.6892560108343,,,26.3060942786289,80.2471748478686,21184.866802438,3898.01814057222,1
1049795,48347308,3,499,06:29:09,-79.6222794821527,43.6895500144459,5880,70,26.3060942786289,80.2471748505131,21265.1139772885,3909,1
1049795,48347308,3,500,06:29:09,-79.6222794821527,43.6895500144459,5880,70,1e-12,0,21265.1139772885,3909,1
1049795,48347308,3,501,06:29:21,-79.6231897366146,43.6898440108345,,,23.6567627845457,80.247174847903,21345.3611521364,3921.21172279925,1
1049795,48347308,3,502,06:29:33,-79.6241,43.690138,,,23.6567627845457,80.2471748474654,21425.6083269838,3933.42344559843,1
1049795,48347308,3,503,06:29:47,-79.624937,43.690675,,,23.6567627845457,90.0698259729548,21515.6781529568,3947.12994367071,1
1049795,48347308,3,504,06:29:55,-79.6253850876838,43.691007950629,1637,71,23.6567627845457,51.7166821342063,21567.394835091,3955,1
1049795,48347308,3,505,06:29:55,-79.6253850876838,43.691007950629,1637,71,1e-12,0,21567.394835091,3955,1
1049795,48347308,3,506,06:30:02,-79.6258331803427,43.6913408995077,,,26.5971508125097,51.7166821365802,21619.1115172276,3962.00000000016,1
1049795,48347308,3,507,06:30:09,-79.6262812779768,43.691673846636,,,26.5971508125097,51.7166821354425,21670.828199363,3969.00000000016,1
1049795,48347308,3,508,06:30:16,-79.6267293805861,43.6920067920138,,,26.5971508125097,51.7166821343456,21722.5448814974,3976.00000000001,1
1049795,48347308,3,509,06:30:23,-79.6271774881708,43.6923397356412,,,26.5971508125097,51.7166821345113,21774.2615636319,3982.99999999988,1
1049795,48347308,3,510,06:30:30,-79.6276256007309,43.692672677518,,,26.5971508125097,51.7166821361463,21825.978245768,3989.99999999998,1
1049795,48347308,3,511,06:30:37,-79.6280737182665,43.6930056176444,5066,72,26.5971508125097,51.7166821355856,21877.6949279036,3997,1
1049795,48347308,3,512,06:30:37,-79.6280737182665,43.6930056176444,5066,72,1e-12,0,21877.6949279036,3997,1
1049795,48347308,3,513,06:30:45,-79.6285218407778,43.6933385560201,,,22.1642923436931,51.7166821353852,21929.411610039,4005.40000000002,1
1049795,48347308,3,514,06:30:54,-79.6289699682647,43.6936714926452,,,22.1642923436931,51.7166821356205,21981.1282921746,4013.80000000007,1
1049795,48347308,3,515,06:31:02,-79.6294181007274,43.6940044275196,,,22.1642923436931,51.7166821379454,22032.8449743126,4022.2000000005,1
1049795,48347308,3,516,06:31:11,-79.629866238166,43.6943373606433,,,22.1642923436931,51.7166821316658,22084.5616564442,4030.59999999992,1
1049795,48347308,3,517,06:31:19,-79.6303143805806,43.6946702920163,3733,73,22.1642923436931,51.7166821358018,22136.27833858,4039,1
1049795,48347308,3,518,06:31:19,-79.6303143805806,43.6946702920163,3733,73,1e-12,0,22136.27833858,4039,1
1049795,48347308,3,519,06:31:26,-79.6307625279711,43.6950032216385,,,27.7359398597899,51.7166821357125,22187.9950207158,4045.71259227665,1
1049795,48347308,3,520,06:31:32,-79.6312106803379,43.6953361495099,,,27.7359398597899,51.716682135871,22239.7117028516,4052.42518455333,1
1049795,48347308,3,521,06:31:39,-79.6316588376808,43.6956690756304,,,27.7359398597899,51.7166821350557,22291.4283849867,4059.1377768299,1
1049795,48347308,3,522,06:31:46,-79.632107,43.696002,,,27.7359398597899,51.7166821346951,22343.1450671214,4065.85036910642,1
1049795,48347308,3,523,06:31:53,-79.6325832302424,43.6963573819203,6777,74,27.7359398597899,55.0838145789056,22398.2288817003,4073,1
1049795,48347308,3,524,06:31:53,-79.6325832302424,43.6963573819203,6777,74,1e-12,0,22398.2288817003,4073,1
1049795,48347308,3,525,06:32:01,-79.6330594661295,43.6967127618635,,,25.7057801366231,55.08381457884,22453.3126962791,4080.71428571434,1
1049795,48347308,3,526,06:32:08,-79.6335357076616,43.6970681398295,,,25.7057801366231,55.0838145767019,22508.3965108558,4088.42857142837,1
1049795,48347308,3,527,06:32:16,-79.6340119548388,43.6974235158182,,,25.7057801366231,55.0838145786948,22563.4803254345,4096.14285714269,1
1049795,48347308,3,528,06:32:24,-79.6344882076611,43.6977788898297,,,25.7057801366231,55.0838145790205,22618.5641400135,4103.85714285705,1
1049795,48347308,3,529,06:32:32,-79.6349644661287,43.6981342618639,,,25.7057801366231,55.0838145798167,22673.6479545934,4111.57142857152,1
1049795,48347308,3,530,06:32:39,-79.6354407302416,43.6984896319207,,,25.7057801366231,55.0838145789458,22728.7317691723,4119.28571428588,1
1049795,48347308,3,531,06:32:47,-79.635917,43.698845,7713,75,25.7057801366231,55.0838145773244,22783.8155837496,4127,1
1049795,48347308,3,532,06:32:47,-79.635917,43.698845,7713,75,1e-12,0,22783.8155837496,4127,1
1049795,48347308,3,533,06:32:56,-79.6364182282887,43.6992160076659,,,22.4687616741421,57.7322348551062,22841.5478186047,4136.24999999967,1
1049795,48347308,3,534,06:33:05,-79.6369194627804,43.6995870131418,,,22.4687616741421,57.7322348591672,22899.2800534639,4145.49999999999,1
1049795,48347308,3,535,06:33:15,-79.6374207034752,43.6999580164273,,,22.4687616741421,57.7322348581886,22957.0122883221,4154.75000000015,1
1049795,48347308,3,536,06:33:24,-79.6379219503732,43.7003290175226,3859,76,22.4687616741421,57.732234856223,23014.7445231783,4164,1
1049795,48347308,3,537,06:33:24,-79.6379219503732,43.7003290175226,3859,76,1e-12,0,23014.7445231783,4164,1
1049795,48347308,3,538,06:33:32,-79.6384232034746,43.7007000164276,,,27.7114727315916,57.7322348581272,23072.4767580364,4171.50000000008,1
1049795,48347308,3,539,06:33:39,-79.6389244627794,43.7010710131422,,,27.7114727315916,57.7322348578538,23130.2089928943,4179.00000000013,1
1049795,48347308,3,540,06:33:46,-79.6394257282879,43.7014420076663,,,27.7114727315916,57.7322348556694,23187.94122775,4186.4999999999,1
1049795,48347308,3,541,06:33:54,-79.639927,43.701813,3539,77,27.7114727315916,57.732234858279,23245.6734626082,4194,1
1049795,48347308,3,542,06:33:54,-79.639927,43.701813,3539,77,1e-12,0,23245.6734626082,4194,1
1049795,48347308,3,543,06:34:08,-79.6405642357539,43.7022597553102,,,18.028850823242,71.4373569543006,23317.1108195625,4208.26460774216,1
1049795,48347308,3,544,06:34:23,-79.6412014810051,43.7027065070803,,,18.028850823242,71.4373569527932,23388.5481765153,4222.52921548402,1
1049795,48347308,3,545,06:34:37,-79.6418387357537,43.7031532553103,,,18.028850823242,71.4373569530979,23459.9855334684,4236.79382322594,1
1049795,48347308,3,546,06:34:51,-79.642476,43.7036,,,18.028850823242,71.4373569532605,23531.4228904217,4251.05843096789,1
1049795,48347308,3,547,06:35:08,-79.643213,43.704145,1578,78,18.028850823242,84.8436168865199,23616.2665073082,4268,1
1049795,48347308,3,548,06:35:08,-79.643213,43.704145,1578,78,1e-12,0,23616.2665073082,4268,1
1049795,48347308,3,549,06:35:23,-79.643601,43.704682,,,16.4473049091288,67.4419723210269,23683.7084796292,4282.76175590452,1
1049795,48347308,3,550,06:35:35,-79.643989,43.705121,,,16.4473049091288,57.9925078447429,23741.700987474,4295.45520503764,1
1049795,48347308,3,551,06:35:46,-79.644377,43.70546,,,16.4473049091288,48.979775988956,23790.6807634629,4306.17593980449,1
1049795,48347308,3,552,06:35:59,-79.6449449968257,43.7057950014063,,,16.4473049091288,58.9911377800808,23849.671901243,4319.08796990192,1
1049795,48347308,3,553,06:36:12,-79.645513,43.70613,14783,79,16.4473049091288,58.9911377830412,23908.6630390261,4332,1
1049795,48347308,3,554,06:36:12,-79.645513,43.70613,14783,79,1e-12,0,23908.6630390261,4332,1
1049795,48347308,3,555,06:36:25,-79.64615,43.706541,,,19.4333194032083,68.7089404268704,23977.3719794529,4344.72825194732,1
1049795,48347308,3,556,06:36:40,-79.6468559937871,43.7070685021726,,,19.4333194032083,81.7056317782289,24059.0776112312,4359.86412597371,1
1049795,48347308,3,557,06:36:55,-79.647562,43.707596,369,80,19.4333194032083,81.7056317776649,24140.7832430088,4375,1
1049795,48347308,3,558,06:36:55,-79.647562,43.707596,369,80,1e-12,0,24140.7832430088,4375,1
1049795,48347308,3,559,06:37:04,-79.6480524908921,43.7079670031461,,,22.7166586152003,57.1274116116651,24197.9106546205,4384.05321003787,1
1049795,48347308,3,560,06:37:13,-79.648542987856,43.7083380041948,,,22.7166586152003,57.1274116064549,24255.0380662269,4393.10642007491,1
1049795,48347308,3,561,06:37:22,-79.6490334908919,43.7087090031461,,,22.7166586152003,57.1274116106303,24312.1654778376,4402.15963011262,1
1049795,48347308,3,562,06:37:31,-79.649524,43.70908,,,22.7166586152003,57.1274116100254,24369.2928894476,4411.21284015023,1
1049795,48347308,3,563,06:37:46,-79.650423,43.709607,,,22.7166586152003,93.1385002316578,24462.4313896793,4425.97287183066,1
1049795,48347308,3,564,06:37:48,-79.650332,43.70971,,,22.7166586152003,13.6046495542459,24476.0360392335,4428.12885520942,1
1049795,48347308,3,565,06:37:59,-79.649716,43.710136,585,81,22.7166586152003,68.5989124899927,24544.6349517235,4439,1
1049795,48347308,3,566,06:37:59,-79.649716,43.710136,585,81,1e-12,0,24544.6349517235,4439,1
1049795,48347308,3,567,06:38:03,-79.649523,43.710304,,,23.749208221568,24.3091605569096,24568.9441122804,4442.68487981529,1
1049795,48347308,3,568,06:38:13,-79.648953,43.710789,,,23.749208221568,70.8419321575113,24639.7860444379,4453.42338332193,1
1049795,48347308,3,569,06:38:28,-79.648209,43.711433,,,23.749208221568,93.3990953023333,24733.1851397402,4467.58119186659,1
1049795,48347308,3,570,06:38:31,-79.648043,43.71162,,,23.749208221568,24.7335959773774,24757.9187357176,4471.33040930104,1
1049795,48347308,3,571,06:38:36,-79.647914,43.711852,,,23.749208221568,27.833999571794,24785.7527352894,4475.54959831667,1
1049795,48347308,3,572,06:38:46,-79.647652,43.71247,,,23.749208221568,71.9530812239845,24857.7058165134,4486.45653424438,1
1049795,48347308,3,573,06:38:54,-79.647444,43.712891,586,82,23.749208221568,49.7642608173784,24907.4700773308,4494,1
1049795,48347308,3,574,06:38:54,-79.647444,43.712891,586,82,1e-12,0,24907.4700773308,4494,1
1049795,48347308,3,575,06:39:02,-79.6472192552879,43.7133610006605,,,24.1558800931089,55.357225213991,24962.8273025448,4502.25000000009,1
1049795,48347308,3,576,06:39:10,-79.6469945070507,43.7138310008807,,,24.1558800931089,55.3572252112249,25018.184527756,4510.49999999977,1
1049795,48347308,3,577,06:39:19,-79.6467697552881,43.7143010006606,,,24.1558800931089,55.3572252160914,25073.5417529721,4518.75000000018,1
1049795,48347308,3,578,06:39:27,-79.646545,43.714771,589,83,24.1558800931089,55.3572252121923,25128.8989781843,4527,1
1049795,48347308,3,579,06:39:27,-79.646545,43.714771,589,83,1e-12,0,25128.8989781843,4527,1
1049795,48347308,3,580,06:39:39,-79.6462195036719,43.7154470004618,,,23.9037223959154,79.6790746543689,25208.5780528387,4539.0000000002,1
1049795,48347308,3,581,06:39:51,-79.645894,43.716123,6571,84,23.9037223959154,79.6790746517323,25288.2571274904,4551,1
1049795,48347308,3,582,06:39:51,-79.645894,43.716123,6571,84,1e-12,0,25288.2571274904,4551,1
1049795,48347308,3,583,06:40:02,-79.6455940031842,43.7167590003923,,,24.4802140885245,74.8006541573471,25363.0577816477,4561.9999999997,1
1049795,48347308,3,584,06:40:13,-79.645294,43.717395,14784,85,24.4802140885245,74.8006541614164,25437.8584358091,4573,1
1049795,48347308,3,585,06:40:13,-79.645294,43.717395,14784,85,1e-12,0,25437.8584358091,4573,1
1049795,48347308,3,586,06:40:21,-79.6450605017595,43.7178465002377,,,24.6913078261375,53.6570402498739,25491.515476059,4580.82321237335,1
1049795,48347308,3,587,06:40:29,-79.644827,43.718298,,,24.6913078261375,53.6570402491094,25545.1725163081,4588.64642474658,1
1049795,48347308,3,588,06:40:32,-79.644699,43.718468,,,24.6913078261375,21.5449555976085,25566.7174719057,4591.78768565903,1
1049795,48347308,3,589,06:40:42,-79.6441915040656,43.7189480011227,,,24.6913078261375,67.2479188715147,25633.9653907773,4601.59245216399,1
1049795,48347308,3,590,06:40:51,-79.643684,43.719428,,,24.6913078261375,67.2479188728192,25701.2133096501,4611.39721866914,1
1049795,48347308,3,591,06:41:02,-79.643114,43.719935,583,86,24.6913078261375,72.7212604592767,25773.9345701094,4622,1
1049795,48347308,3,592,06:41:02,-79.643114,43.719935,583,86,1e-12,0,25773.9345701094,4622,1
1049795,48347308,3,593,06:41:20,-79.6425070058559,43.7205130016061,24492,87,16.155272619905,80.7763630995273,25854.7109332089,4640,1
1049795,48347308,3,594,06:41:20,-79.6425070058559,43.7205130016061,24492,87,1e-12,0,25854.7109332089,4640,1
1049795,48347308,3,595,06:41:38,-79.6419,43.721091,,,16.4480046734755,80.7763630975919,25935.4872963065,4657.67964643275,1
1049795,48347308,3,596,06:41:51,-79.641336,43.721467,,,16.4480046734755,61.7317390570514,25997.2190353635,4671.19096680365,1
1049795,48347308,3,597,06:41:54,-79.641214,43.721569,,,16.4480046734755,15.0087438692123,26012.2277792327,4674.47595358483,1
1049795,48347308,3,598,06:41:56,-79.641174,43.721606,,,16.4480046734755,5.22690728103135,26017.4546865138,4675.61997479502,1
1049795,48347308,3,599,06:42:00,-79.641048,43.721761,485,88,16.4480046734755,20.0118541781729,26037.4665406919,4680,1
1049795,48347308,3,600,06:42:00,-79.641048,43.721761,485,88,1e-12,0,26037.4665406919,4680,1
1049795,48347308,3,601,,-79.64088,43.722024,,,,32.2462397319392,26069.7127804239,,1
1049795,48347308,3,602,,-79.640556,43.721914,,,,28.7990218415894,26098.5118022655,,1
1049795,48347308,3,603,,-79.640515,43.721898,,,,3.74865065724627,26102.2604529227,,1
1049795,48347308,3,604,,-79.6405,43.721889,,,,1.56844954418356,26103.8289024669,,1
1049795,48347308,3,605,,-79.640494,43.721877,,,,1.42037213391262,26105.2492746008,,1
1049795,48347308,3,606,,-79.640492,43.721848,,,,3.2322725523545,26108.4815471532,,1
1049795,48347308,3,607,,-79.6405,43.721817,,,,3.51040900501553,26111.9919561582,,1
1049795,48347308,3,608,,-79.640507,43.721801,,,,1.86802185694633,26113.8599780151,,1
1049795,48347308,3,609,,-79.640515,43.721782,,,,2.21082666388407,26116.070804679,,1
1049795,48347308,3,610,,-79.640534,43.721754,,,,3.47158181237608,26119.5423864914,,1
