shape_id,trip_id,route_type,id,timestamp,shape_pt_lon,shape_pt_lat,stop_id,stop_sequence,speed,dist,cumdist,cumtime,trip_number
1049057,48336165,3,1,,-79.498813,43.68447,,,1e-12,0,0,0,1
1049057,48336165,3,2,05:57:05,-79.4995785022969,43.6842900025542,24484,1,,64.7996832655465,64.7996832655465,,1
1049057,48336165,3,3,05:57:05,-79.4995785022969,43.6842900025542,24484,1,1e-12,0,64.7996832655465,0,1
1049057,48336165,3,4,05:57:16,-79.500344,43.68411,,,21.0828110461853,64.7996832665395,129.599366532086,11.0648840540527,1
1049057,48336165,3,5,05:57:18,-79.500499,43.684087,,,21.0828110461853,12.7377342227699,142.337100754856,13.239918640357,1
1049057,48336165,3,6,05:57:21,-79.500687,43.68406,,,21.0828110461853,15.4298889885716,157.766989743427,15.8746527010651,1
1049057,48336165,3,7,05:57:24,-79.500891,43.684033,,,21.0828110461853,16.695136160331,174.462125903758,18.7254343186363,1
1049057,48336165,3,8,05:57:26,-79.50109,43.684015,,,21.0828110461853,16.1446809214219,190.60680682518,21.4822228317902,1
1049057,48336165,3,9,05:57:29,-79.501297,43.683997,,,21.0828110461853,16.7839110285038,207.390717853684,24.348163221345,1
1049057,48336165,3,10,05:57:32,-79.501472,43.683997,,,21.0828110461853,14.0878171664301,221.478535020114,26.7537315152526,1
1049057,48336165,3,11,05:57:34,-79.501619,43.683997,,,21.0828110461853,11.8337664190236,233.312301439138,28.7744088820022,1
1049057,48336165,3,12,05:57:36,-79.501784,43.683979,,,21.0828110461853,13.4330867901428,246.745388229281,31.068178547659,1
1049057,48336165,3,13,05:57:40,-79.502072,43.684006,,,21.0828110461853,23.3785356351578,270.123923864438,35.0601855007259,1
1049057,48336165,3,14,05:57:42,-79.502203,43.684015,,,21.0828110461853,10.5932186813308,280.717142545769,36.8690328678654,1
1049057,48336165,3,15,05:57:44,-79.502322,43.684024,,,21.0828110461853,9.63195919320847,290.349101738978,38.5137401613847,1
1049057,48336165,3,16,05:57:45,-79.502424,43.684024,,,21.0828110461853,8.21118116662269,298.5602829056,39.9158421929916,1
1049057,48336165,3,17,05:57:47,-79.502579,43.684029,,,21.0828110461853,12.4901827132478,311.050465618848,42.0486060672772,1
1049057,48336165,3,18,05:57:49,-79.502722,43.684038,,,21.0828110461853,11.5552668630499,322.605732481898,44.021728181584,1
1049057,48336165,3,19,05:57:51,-79.502885,43.684065,,,21.0828110461853,13.4616117636596,336.067344245558,46.3203686353172,1
1049057,48336165,3,20,05:57:53,-79.503032,43.684087,,,21.0828110461853,12.0845107824455,348.151855028003,48.3838619105498,1
1049057,48336165,3,21,05:57:56,-79.5032,43.68411,,,21.0828110461853,13.7645042069787,361.916359234982,50.7342228295265,1
1049057,48336165,3,22,05:57:58,-79.503346,43.684137,,,21.0828110461853,12.131464686663,374.047823921645,52.8057337289181,1
1049057,48336165,3,23,05:58:00,-79.503495,43.684164,,,21.0828110461853,12.3655796984672,386.413403620112,54.9172209882291,1
1049057,48336165,3,24,05:58:03,-79.503686,43.684218,,,21.0828110461853,16.5090966670839,402.922500287196,57.7362353915411,1
1049057,48336165,3,25,05:58:05,-79.503831,43.684263,,,21.0828110461853,12.7022101969441,415.62471048414,59.905204065065,1
1049057,48336165,3,26,05:58:07,-79.503973,43.684303,15160,2,21.0828110461853,12.2678296879313,427.892540172071,62,1
1049057,48336165,3,27,05:58:07,-79.503973,43.684303,15160,2,1e-12,0,427.892540172071,62,1
1049057,48336165,3,28,05:58:08,-79.504073,43.684335,,,22.8658288043525,8.80307673311645,436.695616905188,63.3859579073376,1
1049057,48336165,3,29,05:58:10,-79.504208,43.684375,,,22.8658288043525,11.7445183373309,448.440135242519,65.2350168842133,1
1049057,48336165,3,30,05:58:16,-79.504056,43.68469,,,22.8658288043525,37.1392359066312,485.57937114915,71.0822245410126,1
1049057,48336165,3,31,05:58:17,-79.504024,43.684755,,,22.8658288043525,7.68064039635432,493.260011545504,72.2914658794072,1
1049057,48336165,3,32,05:58:19,-79.504005,43.684854,,,22.8658288043525,11.1262612318113,504.386272777315,74.0431863517872,1
1049057,48336165,3,33,05:58:21,-79.504016,43.684947,,,22.8658288043525,10.3905139856167,514.776786762932,75.6790706518174,1
1049057,48336165,3,34,05:58:23,-79.504037,43.685056,,,22.8658288043525,12.2510211815486,527.027807944481,77.6078735231649,1
1049057,48336165,3,35,05:58:24,-79.504083,43.685137,,,22.8658288043525,9.74763695168269,536.775444896164,79.1425431529567,1
1049057,48336165,3,36,05:58:26,-79.504145,43.685219,,,22.8658288043525,10.4035678940182,547.179012790182,80.7804826625596,1
1049057,48336165,3,37,05:58:27,-79.504213,43.685275,,,22.8658288043525,8.29615449869475,555.475167288876,82.0866306465599,1
1049057,48336165,3,38,05:58:29,-79.50431,43.685333,,,22.8658288043525,10.1321047405897,565.607272029466,83.6818309508314,1
1049057,48336165,3,39,05:58:30,-79.504407,43.685381,,,22.8658288043525,9.46170639508802,575.068978424554,85.1714836248615,1
1049057,48336165,3,40,05:58:31,-79.504494,43.685417,,,22.8658288043525,8.06901466995943,583.137993094514,86.4418706753551,1
1049057,48336165,3,41,05:58:33,-79.504584,43.685437,,,22.8658288043525,7.57935997282616,590.71735306734,87.6351664065372,1
1049057,48336165,3,42,05:58:34,-79.5047,43.685435,,,22.8658288043525,9.34063996893753,600.057993036277,89.1057583617159,1
1049057,48336165,3,43,05:58:36,-79.504848,43.685438,,,22.8658288043525,11.9186619796777,611.976655015955,90.982234543444,1
1049057,48336165,3,44,05:58:50,-79.5059465011812,43.6853735052597,,,22.8658288043525,88.7202312502273,700.696886266182,104.950362934225,1
1049057,48336165,3,45,05:59:04,-79.507045,43.685309,,,22.8658288043525,88.7202312484965,789.417117514679,118.918491324734,1
1049057,48336165,3,46,05:59:06,-79.507212,43.685301,,,22.8658288043525,13.4729743775635,802.890091892242,121.039678716376,1
1049057,48336165,3,47,05:59:08,-79.507349,43.68529,,,22.8658288043525,11.0962813103753,813.986373202618,122.786679144794,1
1049057,48336165,3,48,05:59:09,-79.507482,43.685288,,,22.8658288043525,10.7088250608079,824.695198263425,124.472678394975,1
1049057,48336165,3,49,05:59:13,-79.507773,43.685283,,,22.8658288043525,23.4321357662526,848.127334029678,128.161837859969,1
1049057,48336165,3,50,05:59:14,-79.507866,43.685286,,,22.8658288043525,7.49395278728741,855.621286816965,129.341687069244,1
1049057,48336165,3,51,05:59:16,-79.507987,43.685299,,,22.8658288043525,9.84742440058965,865.468711217555,130.892067252069,1
1049057,48336165,3,52,05:59:18,-79.508115,43.685331,,,22.8658288043525,10.9023836389716,876.371094856527,132.60854039792,1
1049057,48336165,3,53,05:59:19,-79.508226,43.685359,,,22.8658288043525,9.46353622263112,885.834631079158,134.098481160311,1
1049057,48336165,3,54,05:59:21,-79.508336,43.685403,,,22.8658288043525,10.1193826777669,895.954013756925,135.691678500835,1
1049057,48336165,3,55,05:59:23,-79.508447,43.685472,,,22.8658288043525,11.7830968338221,907.737110590747,137.5468112828,1
1049057,48336165,3,56,05:59:24,-79.508536,43.685537,,,22.8658288043525,10.1826378843138,917.91974847506,139.149967533867,1
1049057,48336165,3,57,05:59:26,-79.508614,43.685605,,,22.8658288043525,9.83495243839871,927.754700913459,140.69838412883,1
1049057,48336165,3,58,05:59:27,-79.508672,43.68567,,,22.8658288043525,8.61136881616806,936.366069729627,142.054159508916,1
1049057,48336165,3,59,05:59:28,-79.508716,43.685743,,,22.8658288043525,8.86469043267144,945.230760162299,143.449817887656,1
1049057,48336165,3,60,05:59:30,-79.50876,43.685835,,,22.8658288043525,10.8365913894026,956.067351551701,145.155932690475,1
1049057,48336165,3,61,05:59:32,-79.508775,43.685927,,,22.8658288043525,10.3123306728214,966.379682224523,146.77950779636,1
1049057,48336165,3,62,05:59:33,-79.50879,43.686009,,,22.8658288043525,9.20771574491032,975.587397969433,148.22917213896,1
1049057,48336165,3,63,05:59:34,-79.508803,43.686077,,,22.8658288043525,7.64171963771948,983.229117607152,149.432285786455,1
1049057,48336165,3,64,05:59:36,-79.50882,43.686148,,,22.8658288043525,8.02128186405243,991.250399471205,150.695157775818,1
1049057,48336165,3,65,05:59:38,-79.508791,43.6863,,,22.8658288043525,17.080842176146,1008.33124164735,153.384368491085,1
1049057,48336165,3,66,05:59:40,-79.508773,43.686377,,,22.8658288043525,8.69320836228078,1017.02445000963,154.753028703316,1
1049057,48336165,3,67,05:59:41,-79.508749,43.686446,4170,3,22.8658288043525,7.92028672053162,1024.94473673016,156,1
1049057,48336165,3,68,05:59:41,-79.508749,43.686446,4170,3,1e-12,0,1024.94473673016,156,1
1049057,48336165,3,69,05:59:43,-79.508701,43.686542,,,23.2440073190815,11.3637522310329,1036.3084889612,157.76000237266,1
1049057,48336165,3,70,05:59:45,-79.508633,43.686644,,,23.2440073190815,12.6051617061931,1048.91365066739,159.712272543606,1
1049057,48336165,3,71,05:59:47,-79.508535,43.686736,,,23.2440073190815,12.9274772895862,1061.84112795698,161.714462510407,1
1049057,48336165,3,72,05:59:48,-79.508456,43.686808,,,23.2440073190815,10.2314025409326,1072.07253049791,163.299088114837,1
1049057,48336165,3,73,05:59:50,-79.508366,43.686882,,,23.2440073190815,10.9702395300465,1083.04277002795,164.998143779638,1
1049057,48336165,3,74,05:59:52,-79.50824,43.686971,,,23.2440073190815,14.1785857890543,1097.22135581701,167.194103716318,1
1049057,48336165,3,75,05:59:54,-79.508145,43.687024,,,23.2440073190815,9.65868772561445,1106.88004354262,168.690028034999,1
1049057,48336165,3,76,05:59:55,-79.508032,43.687078,,,23.2440073190815,10.9030623867585,1117.78310592938,170.378679395907,1
1049057,48336165,3,77,05:59:57,-79.507935,43.687102,,,23.2440073190815,8.25269282466429,1126.03579875405,171.656845151104,1
1049057,48336165,3,78,05:59:59,-79.50772,43.687155,,,23.2440073190815,18.2849932824831,1144.32079203653,174.488799852946,1
1049057,48336165,3,79,06:00:01,-79.507599,43.687197,,,23.2440073190815,10.8042165689952,1155.12500860552,176.162142109058,1
1049057,48336165,3,80,06:00:03,-79.50747,43.687224,,,23.2440073190815,10.8104084798366,1165.93541708536,177.836443359835,1
1049057,48336165,3,81,06:00:05,-79.507303,43.687251,,,23.2440073190815,13.774980709376,1179.71039779474,179.969893494874,1
1049057,48336165,3,82,06:00:07,-79.507151,43.687286,,,23.2440073190815,12.8409634679173,1192.55136126265,181.958684319534,1
1049057,48336165,3,83,06:00:09,-79.50699,43.687301,,,23.2440073190815,13.0672058552464,1205.6185671179,183.9825152551,1
1049057,48336165,3,84,06:00:11,-79.506844,43.687306,,,23.2440073190815,11.7657894697298,1217.38435658763,185.804784604338,1
1049057,48336165,3,85,06:00:13,-79.50667,43.687309,,,23.2440073190815,14.0105230757269,1231.39487966336,187.974715218291,1
1049057,48336165,3,86,06:00:14,-79.506581,43.687306,,,23.2440073190815,7.17204533887853,1238.56692500224,189.085511771808,1
1049057,48336165,3,87,06:00:16,-79.506419,43.687324,,,23.2440073190815,13.1936175029076,1251.76054250514,191.12892117013,1
1049057,48336165,3,88,06:00:18,-79.506271,43.687342,3917,4,23.2440073190815,12.0809361155794,1263.84147862072,193,1
1049057,48336165,3,89,06:00:18,-79.506271,43.687342,3917,4,1e-12,0,1263.84147862072,193,1
1049057,48336165,3,90,06:00:20,-79.506157,43.687354,,,20.2542386987998,9.2734116844803,1273.1148903052,194.648261510126,1
1049057,48336165,3,91,06:00:21,-79.50605,43.687352,,,20.2542386987998,8.61608900351331,1281.73097930872,196.179690110031,1
1049057,48336165,3,92,06:00:23,-79.505909,43.687376,,,20.2542386987998,11.660317218084,1293.3912965268,198.252201578338,1
1049057,48336165,3,93,06:00:26,-79.505718,43.687406,,,20.2542386987998,15.7334904037761,1309.12478693058,201.048681184207,1
1049057,48336165,3,94,06:00:31,-79.505413,43.687489,,,20.2542386987998,26.2326464293295,1335.35743335991,205.71128680222,1
1049057,48336165,3,95,06:00:33,-79.505243,43.687549,,,20.2542386987998,15.227507055467,1350.58494041537,208.417832637632,1
1049057,48336165,3,96,06:00:36,-79.505082,43.687617,,,20.2542386987998,15.0087568838928,1365.59369729927,211.085497692118,1
1049057,48336165,3,97,06:00:39,-79.504885,43.687712,,,20.2542386987998,19.0607097721626,1384.65440707143,214.473359176334,1
1049057,48336165,3,98,06:00:43,-79.504712,43.687803,,,20.2542386987998,17.2206332989239,1401.87504037035,217.534164413107,1
1049057,48336165,3,99,06:00:44,-79.504645,43.68784,,,20.2542386987998,6.78617201216173,1408.66121238251,218.740342517704,1
1049057,48336165,3,100,06:00:45,-79.504562,43.687898,,,20.2542386987998,9.29115035590916,1417.95236273842,220.391756909461,1
1049057,48336165,3,101,06:00:46,-79.504537,43.687915,,,20.2542386987998,2.76244585504076,1420.71480859346,220.882755619708,1
1049057,48336165,3,102,06:00:47,-79.504476,43.687959,,,20.2542386987998,6.93555309184956,1427.65036168531,222.115484803064,1
1049057,48336165,3,103,06:00:48,-79.504436,43.687991,,,20.2542386987998,4.80176315969898,1432.45212484501,222.968952940374,1
1049057,48336165,3,104,06:00:51,-79.504345,43.688106,,,20.2542386987998,14.7493288528349,1447.20145369785,225.590507107866,1
1049057,48336165,3,105,06:00:53,-79.504272,43.688199,,,20.2542386987998,11.9041455690015,1459.10559926685,227.706356767076,1
1049057,48336165,3,106,06:00:55,-79.504191,43.688306,,,20.2542386987998,13.5789963786507,1472.6845956455,230.119895369543,1
1049057,48336165,3,107,06:00:57,-79.504141,43.68842,,,20.2542386987998,13.313369420752,1485.99796506625,232.486221284204,1
1049057,48336165,3,108,06:01:00,-79.504097,43.688543,7204,5,20.2542386987998,14.1429650404691,1500.14093010672,235,1
1049057,48336165,3,109,06:01:00,-79.504097,43.688543,7204,5,1e-12,0,1500.14093010672,235,1
1049057,48336165,3,110,,-79.504064,43.688641,,,,11.2280575127373,1511.36898761946,,1
1049057,48336164,3,1,,-79.498813,43.68447,,,1e-12,0,0,0,2
1049057,48336164,3,2,06:22:05,-79.4995785022969,43.6842900025542,24484,1,,64.7996832655465,64.7996832655465,,2
1049057,48336164,3,3,06:22:05,-79.4995785022969,43.6842900025542,24484,1,1e-12,0,64.7996832655465,0,2
1049057,48336164,3,4,06:22:16,-79.500344,43.68411,,,21.0828110461853,64.7996832665395,129.599366532086,11.0648840540527,2
1049057,48336164,3,5,06:22:18,-79.500499,43.684087,,,21.0828110461853,12.7377342227699,142.337100754856,13.239918640357,2
1049057,48336164,3,6,06:22:21,-79.500687,43.68406,,,21.0828110461853,15.4298889885716,157.766989743427,15.8746527010651,2
1049057,48336164,3,7,06:22:24,-79.500891,43.684033,,,21.0828110461853,16.695136160331,174.462125903758,18.7254343186363,2
1049057,48336164,3,8,06:22:26,-79.50109,43.684015,,,21.0828110461853,16.1446809214219,190.60680682518,21.4822228317902,2
1049057,48336164,3,9,06:22:29,-79.501297,43.683997,,,21.0828110461853,16.7839110285038,207.390717853684,24.348163221345,2
1049057,48336164,3,10,06:22:32,-79.501472,43.683997,,,21.0828110461853,14.0878171664301,221.478535020114,26.7537315152526,2
1049057,48336164,3,11,06:22:34,-79.501619,43.683997,,,21.0828110461853,11.8337664190236,233.312301439138,28.7744088820022,2
1049057,48336164,3,12,06:22:36,-79.501784,43.683979,,,21.0828110461853,13.4330867901428,246.745388229281,31.068178547659,2
1049057,48336164,3,13,06:22:40,-79.502072,43.684006,,,21.0828110461853,23.3785356351578,270.123923864438,35.0601855007259,2
1049057,48336164,3,14,06:22:42,-79.502203,43.684015,,,21.0828110461853,10.5932186813308,280.717142545769,36.8690328678654,2
1049057,48336164,3,15,06:22:44,-79.502322,43.684024,,,21.0828110461853,9.63195919320847,290.349101738978,38.5137401613847,2
1049057,48336164,3,16,06:22:45,-79.502424,43.684024,,,21.0828110461853,8.21118116662269,298.5602829056,39.9158421929916,2
1049057,48336164,3,17,06:22:47,-79.502579,43.684029,,,21.0828110461853,12.4901827132478,311.050465618848,42.0486060672772,2
1049057,48336164,3,18,06:22:49,-79.502722,43.684038,,,21.0828110461853,11.5552668630499,322.605732481898,44.021728181584,2
1049057,48336164,3,19,06:22:51,-79.502885,43.684065,,,21.0828110461853,13.4616117636596,336.067344245558,46.3203686353172,2
1049057,48336164,3,20,06:22:53,-79.503032,43.684087,,,21.0828110461853,12.0845107824455,348.151855028003,48.3838619105498,2
1049057,48336164,3,21,06:22:56,-79.5032,43.68411,,,21.0828110461853,13.7645042069787,361.916359234982,50.7342228295265,2
1049057,48336164,3,22,06:22:58,-79.503346,43.684137,,,21.0828110461853,12.131464686663,374.047823921645,52.8057337289181,2
1049057,48336164,3,23,06:23:00,-79.503495,43.684164,,,21.0828110461853,12.3655796984672,386.413403620112,54.9172209882291,2
1049057,48336164,3,24,06:23:03,-79.503686,43.684218,,,21.0828110461853,16.5090966670839,402.922500287196,57.7362353915411,2
1049057,48336164,3,25,06:23:05,-79.503831,43.684263,,,21.0828110461853,12.7022101969441,415.62471048414,59.905204065065,2
1049057,48336164,3,26,06:23:07,-79.503973,43.684303,15160,2,21.0828110461853,12.2678296879313,427.892540172071,62,2
1049057,48336164,3,27,06:23:07,-79.503973,43.684303,15160,2,1e-12,0,427.892540172071,62,2
1049057,48336164,3,28,06:23:08,-79.504073,43.684335,,,22.8658288043525,8.80307673311645,436.695616905188,63.3859579073376,2
1049057,48336164,3,29,06:23:10,-79.504208,43.684375,,,22.8658288043525,11.7445183373309,448.440135242519,65.2350168842133,2
1049057,48336164,3,30,06:23:16,-79.504056,43.68469,,,22.8658288043525,37.1392359066312,485.57937114915,71.0822245410126,2
1049057,48336164,3,31,06:23:17,-79.504024,43.684755,,,22.8658288043525,7.68064039635432,493.260011545504,72.2914658794072,2
1049057,48336164,3,32,06:23:19,-79.504005,43.684854,,,22.8658288043525,11.1262612318113,504.386272777315,74.0431863517872,2
1049057,48336164,3,33,06:23:21,-79.504016,43.684947,,,22.8658288043525,10.3905139856167,514.776786762932,75.6790706518174,2
1049057,48336164,3,34,06:23:23,-79.504037,43.685056,,,22.8658288043525,12.2510211815486,527.027807944481,77.6078735231649,2
1049057,48336164,3,35,06:23:24,-79.504083,43.685137,,,22.8658288043525,9.74763695168269,536.775444896164,79.1425431529567,2
1049057,48336164,3,36,06:23:26,-79.504145,43.685219,,,22.8658288043525,10.4035678940182,547.179012790182,80.7804826625596,2
1049057,48336164,3,37,06:23:27,-79.504213,43.685275,,,22.8658288043525,8.29615449869475,555.475167288876,82.0866306465599,2
1049057,48336164,3,38,06:23:29,-79.50431,43.685333,,,22.8658288043525,10.1321047405897,565.607272029466,83.6818309508314,2
1049057,48336164,3,39,06:23:30,-79.504407,43.685381,,,22.8658288043525,9.46170639508802,575.068978424554,85.1714836248615,2
1049057,48336164,3,40,06:23:31,-79.504494,43.685417,,,22.8658288043525,8.06901466995943,583.137993094514,86.4418706753551,2
1049057,48336164,3,41,06:23:33,-79.504584,43.685437,,,22.8658288043525,7.57935997282616,590.71735306734,87.6351664065372,2
1049057,48336164,3,42,06:23:34,-79.5047,43.685435,,,22.8658288043525,9.34063996893753,600.057993036277,89.1057583617159,2
1049057,48336164,3,43,06:23:36,-79.504848,43.685438,,,22.8658288043525,11.9186619796777,611.976655015955,90.982234543444,2
1049057,48336164,3,44,06:23:50,-79.5059465011812,43.6853735052597,,,22.8658288043525,88.7202312502273,700.696886266182,104.950362934225,2
1049057,48336164,3,45,06:24:04,-79.507045,43.685309,,,22.8658288043525,88.7202312484965,789.417117514679,118.918491324734,2
1049057,48336164,3,46,06:24:06,-79.507212,43.685301,,,22.8658288043525,13.4729743775635,802.890091892242,121.039678716376,2
1049057,48336164,3,47,06:24:08,-79.507349,43.68529,,,22.8658288043525,11.0962813103753,813.986373202618,122.786679144794,2
1049057,48336164,3,48,06:24:09,-79.507482,43.685288,,,22.8658288043525,10.7088250608079,824.695198263425,124.472678394975,2
1049057,48336164,3,49,06:24:13,-79.507773,43.685283,,,22.8658288043525,23.4321357662526,848.127334029678,128.161837859969,2
1049057,48336164,3,50,06:24:14,-79.507866,43.685286,,,22.8658288043525,7.49395278728741,855.621286816965,129.341687069244,2
1049057,48336164,3,51,06:24:16,-79.507987,43.685299,,,22.8658288043525,9.84742440058965,865.468711217555,130.892067252069,2
1049057,48336164,3,52,06:24:18,-79.508115,43.685331,,,22.8658288043525,10.9023836389716,876.371094856527,132.60854039792,2
1049057,48336164,3,53,06:24:19,-79.508226,43.685359,,,22.8658288043525,9.46353622263112,885.834631079158,134.098481160311,2
1049057,48336164,3,54,06:24:21,-79.508336,43.685403,,,22.8658288043525,10.1193826777669,895.954013756925,135.691678500835,2
1049057,48336164,3,55,06:24:23,-79.508447,43.685472,,,22.8658288043525,11.7830968338221,907.737110590747,137.5468112828,2
1049057,48336164,3,56,06:24:24,-79.508536,43.685537,,,22.8658288043525,10.1826378843138,917.91974847506,139.149967533867,2
1049057,48336164,3,57,06:24:26,-79.508614,43.685605,,,22.8658288043525,9.83495243839871,927.754700913459,140.69838412883,2
1049057,48336164,3,58,06:24:27,-79.508672,43.68567,,,22.8658288043525,8.61136881616806,936.366069729627,142.054159508916,2
1049057,48336164,3,59,06:24:28,-79.508716,43.685743,,,22.8658288043525,8.86469043267144,945.230760162299,143.449817887656,2
1049057,48336164,3,60,06:24:30,-79.50876,43.685835,,,22.8658288043525,10.8365913894026,956.067351551701,145.155932690475,2
1049057,48336164,3,61,06:24:32,-79.508775,43.685927,,,22.8658288043525,10.3123306728214,966.379682224523,146.77950779636,2
1049057,48336164,3,62,06:24:33,-79.50879,43.686009,,,22.8658288043525,9.20771574491032,975.587397969433,148.22917213896,2
1049057,48336164,3,63,06:24:34,-79.508803,43.686077,,,22.8658288043525,7.64171963771948,983.229117607152,149.432285786455,2
1049057,48336164,3,64,06:24:36,-79.50882,43.686148,,,22.8658288043525,8.02128186405243,991.250399471205,150.695157775818,2
1049057,48336164,3,65,06:24:38,-79.508791,43.6863,,,22.8658288043525,17.080842176146,1008.33124164735,153.384368491085,2
1049057,48336164,3,66,06:24:40,-79.508773,43.686377,,,22.8658288043525,8.69320836228078,1017.02445000963,154.753028703316,2
1049057,48336164,3,67,06:24:41,-79.508749,43.686446,4170,3,22.8658288043525,7.92028672053162,1024.94473673016,156,2
1049057,48336164,3,68,06:24:41,-79.508749,43.686446,4170,3,1e-12,0,1024.94473673016,156,2
1049057,48336164,3,69,06:24:43,-79.508701,43.686542,,,23.2440073190815,11.3637522310329,1036.3084889612,157.76000237266,2
1049057,48336164,3,70,06:24:45,-79.508633,43.686644,,,23.2440073190815,12.6051617061931,1048.91365066739,159.712272543606,2
1049057,48336164,3,71,06:24:47,-79.508535,43.686736,,,23.2440073190815,12.9274772895862,1061.84112795698,161.714462510407,2
1049057,48336164,3,72,06:24:48,-79.508456,43.686808,,,23.2440073190815,10.2314025409326,1072.07253049791,163.299088114837,2
1049057,48336164,3,73,06:24:50,-79.508366,43.686882,,,23.2440073190815,10.9702395300465,1083.04277002795,164.998143779638,2
1049057,48336164,3,74,06:24:52,-79.50824,43.686971,,,23.2440073190815,14.1785857890543,1097.22135581701,167.194103716318,2
1049057,48336164,3,75,06:24:54,-79.508145,43.687024,,,23.2440073190815,9.65868772561445,1106.88004354262,168.690028034999,2
1049057,48336164,3,76,06:24:55,-79.508032,43.687078,,,23.2440073190815,10.9030623867585,1117.78310592938,170.378679395907,2
1049057,48336164,3,77,06:24:57,-79.507935,43.687102,,,23.2440073190815,8.25269282466429,1126.03579875405,171.656845151104,2
1049057,48336164,3,78,06:24:59,-79.50772,43.687155,,,23.2440073190815,18.2849932824831,1144.32079203653,174.488799852946,2
1049057,48336164,3,79,06:25:01,-79.507599,43.687197,,,23.2440073190815,10.8042165689952,1155.12500860552,176.162142109058,2
1049057,48336164,3,80,06:25:03,-79.50747,43.687224,,,23.2440073190815,10.8104084798366,1165.93541708536,177.836443359835,2
1049057,48336164,3,81,06:25:05,-79.507303,43.687251,,,23.2440073190815,13.774980709376,1179.71039779474,179.969893494874,2
1049057,48336164,3,82,06:25:07,-79.507151,43.687286,,,23.2440073190815,12.8409634679173,1192.55136126265,181.958684319534,2
1049057,48336164,3,83,06:25:09,-79.50699,43.687301,,,23.2440073190815,13.0672058552464,1205.6185671179,183.9825152551,2
1049057,48336164,3,84,06:25:11,-79.506844,43.687306,,,23.2440073190815,11.7657894697298,1217.38435658763,185.804784604338,2
1049057,48336164,3,85,06:25:13,-79.50667,43.687309,,,23.2440073190815,14.0105230757269,1231.39487966336,187.974715218291,2
1049057,48336164,3,86,06:25:14,-79.506581,43.687306,,,23.2440073190815,7.17204533887853,1238.56692500224,189.085511771808,2
1049057,48336164,3,87,06:25:16,-79.506419,43.687324,,,23.2440073190815,13.1936175029076,1251.76054250514,191.12892117013,2
1049057,48336164,3,88,06:25:18,-79.506271,43.687342,3917,4,23.2440073190815,12.0809361155794,1263.84147862072,193,2
1049057,48336164,3,89,06:25:18,-79.506271,43.687342,3917,4,1e-12,0,1263.84147862072,193,2
1049057,48336164,3,90,06:25:20,-79.506157,43.687354,,,20.2542386987998,9.2734116844803,1273.1148903052,194.648261510126,2
1049057,48336164,3,91,06:25:21,-79.50605,43.687352,,,20.2542386987998,8.61608900351331,1281.73097930872,196.179690110031,2
1049057,48336164,3,92,06:25:23,-79.505909,43.687376,,,20.2542386987998,11.660317218084,1293.3912965268,198.252201578338,2
1049057,48336164,3,93,06:25:26,-79.505718,43.687406,,,20.2542386987998,15.7334904037761,1309.12478693058,201.048681184207,2
1049057,48336164,3,94,06:25:31,-79.505413,43.687489,,,20.2542386987998,26.2326464293295,1335.35743335991,205.71128680222,2
1049057,48336164,3,95,06:25:33,-79.505243,43.687549,,,20.2542386987998,15.227507055467,1350.58494041537,208.417832637632,2
1049057,48336164,3,96,06:25:36,-79.505082,43.687617,,,20.2542386987998,15.0087568838928,1365.59369729927,211.085497692118,2
1049057,48336164,3,97,06:25:39,-79.504885,43.687712,,,20.2542386987998,19.0607097721626,1384.65440707143,214.473359176334,2
1049057,48336164,3,98,06:25:43,-79.504712,43.687803,,,20.2542386987998,17.2206332989239,1401.87504037035,217.534164413107,2
1049057,48336164,3,99,06:25:44,-79.504645,43.68784,,,20.2542386987998,6.78617201216173,1408.66121238251,218.740342517704,2
1049057,48336164,3,100,06:25:45,-79.504562,43.687898,,,20.2542386987998,9.29115035590916,1417.95236273842,220.391756909461,2
1049057,48336164,3,101,06:25:46,-79.504537,43.687915,,,20.2542386987998,2.76244585504076,1420.71480859346,220.882755619708,2
1049057,48336164,3,102,06:25:47,-79.504476,43.687959,,,20.2542386987998,6.93555309184956,1427.65036168531,222.115484803064,2
1049057,48336164,3,103,06:25:48,-79.504436,43.687991,,,20.2542386987998,4.80176315969898,1432.45212484501,222.968952940374,2
1049057,48336164,3,104,06:25:51,-79.504345,43.688106,,,20.2542386987998,14.7493288528349,1447.20145369785,225.590507107866,2
1049057,48336164,3,105,06:25:53,-79.504272,43.688199,,,20.2542386987998,11.9041455690015,1459.10559926685,227.706356767076,2
1049057,48336164,3,106,06:25:55,-79.504191,43.688306,,,20.2542386987998,13.5789963786507,1472.6845956455,230.119895369543,2
1049057,48336164,3,107,06:25:57,-79.504141,43.68842,,,20.2542386987998,13.313369420752,1485.99796506625,232.486221284204,2
1049057,48336164,3,108,06:26:00,-79.504097,43.688543,7204,5,20.2542386987998,14.1429650404691,1500.14093010672,235,2
1049057,48336164,3,109,06:26:00,-79.504097,43.688543,7204,5,1e-12,0,1500.14093010672,235,2
1049057,48336164,3,110,,-79.504064,43.688641,,,,11.2280575127373,1511.36898761946,,2
1049057,48336454,3,1,,-79.498813,43.68447,,,1e-12,0,0,0,3
1049057,48336454,3,2,14:22:05,-79.4995785022969,43.6842900025542,24484,1,,64.7996832655465,64.7996832655465,,3
1049057,48336454,3,3,14:22:05,-79.4995785022969,43.6842900025542,24484,1,1e-12,0,64.7996832655465,0,3
1049057,48336454,3,4,14:22:16,-79.500344,43.68411,,,21.0828110461853,64.7996832665395,129.599366532086,11.0648840540527,3
1049057,48336454,3,5,14:22:18,-79.500499,43.684087,,,21.0828110461853,12.7377342227699,142.337100754856,13.239918640357,3
1049057,48336454,3,6,14:22:21,-79.500687,43.68406,,,21.0828110461853,15.4298889885716,157.766989743427,15.8746527010651,3
1049057,48336454,3,7,14:22:24,-79.500891,43.684033,,,21.0828110461853,16.695136160331,174.462125903758,18.7254343186363,3
1049057,48336454,3,8,14:22:26,-79.50109,43.684015,,,21.0828110461853,16.1446809214219,190.60680682518,21.4822228317902,3
1049057,48336454,3,9,14:22:29,-79.501297,43.683997,,,21.0828110461853,16.7839110285038,207.390717853684,24.348163221345,3
1049057,48336454,3,10,14:22:32,-79.501472,43.683997,,,21.0828110461853,14.0878171664301,221.478535020114,26.7537315152526,3
1049057,48336454,3,11,14:22:34,-79.501619,43.683997,,,21.0828110461853,11.8337664190236,233.312301439138,28.7744088820022,3
1049057,48336454,3,12,14:22:36,-79.501784,43.683979,,,21.0828110461853,13.4330867901428,246.745388229281,31.068178547659,3
1049057,48336454,3,13,14:22:40,-79.502072,43.684006,,,21.0828110461853,23.3785356351578,270.123923864438,35.0601855007259,3
1049057,48336454,3,14,14:22:42,-79.502203,43.684015,,,21.0828110461853,10.5932186813308,280.717142545769,36.8690328678654,3
1049057,48336454,3,15,14:22:44,-79.502322,43.684024,,,21.0828110461853,9.63195919320847,290.349101738978,38.5137401613847,3
1049057,48336454,3,16,14:22:45,-79.502424,43.684024,,,21.0828110461853,8.21118116662269,298.5602829056,39.9158421929916,3
1049057,48336454,3,17,14:22:47,-79.502579,43.684029,,,21.0828110461853,12.4901827132478,311.050465618848,42.0486060672772,3
1049057,48336454,3,18,14:22:49,-79.502722,43.684038,,,21.0828110461853,11.5552668630499,322.605732481898,44.021728181584,3
1049057,48336454,3,19,14:22:51,-79.502885,43.684065,,,21.0828110461853,13.4616117636596,336.067344245558,46.3203686353172,3
1049057,48336454,3,20,14:22:53,-79.503032,43.684087,,,21.0828110461853,12.0845107824455,348.151855028003,48.3838619105498,3
1049057,48336454,3,21,14:22:56,-79.5032,43.68411,,,21.0828110461853,13.7645042069787,361.916359234982,50.7342228295265,3
1049057,48336454,3,22,14:22:58,-79.503346,43.684137,,,21.0828110461853,12.131464686663,374.047823921645,52.8057337289181,3
1049057,48336454,3,23,14:23:00,-79.503495,43.684164,,,21.0828110461853,12.3655796984672,386.413403620112,54.9172209882291,3
1049057,48336454,3,24,14:23:03,-79.503686,43.684218,,,21.0828110461853,16.5090966670839,402.922500287196,57.7362353915411,3
1049057,48336454,3,25,14:23:05,-79.503831,43.684263,,,21.0828110461853,12.7022101969441,415.62471048414,59.905204065065,3
1049057,48336454,3,26,14:23:07,-79.503973,43.684303,15160,2,21.0828110461853,12.2678296879313,427.892540172071,62,3
1049057,48336454,3,27,14:23:07,-79.503973,43.684303,15160,2,1e-12,0,427.892540172071,62,3
1049057,48336454,3,28,14:23:08,-79.504073,43.684335,,,22.8658288043525,8.80307673311645,436.695616905188,63.3859579073376,3
1049057,48336454,3,29,14:23:10,-79.504208,43.684375,,,22.8658288043525,11.7445183373309,448.440135242519,65.2350168842133,3
1049057,48336454,3,30,14:23:16,-79.504056,43.68469,,,22.8658288043525,37.1392359066312,485.57937114915,71.0822245410126,3
1049057,48336454,3,31,14:23:17,-79.504024,43.684755,,,22.8658288043525,7.68064039635432,493.260011545504,72.2914658794072,3
1049057,48336454,3,32,14:23:19,-79.504005,43.684854,,,22.8658288043525,11.1262612318113,504.386272777315,74.0431863517872,3
1049057,48336454,3,33,14:23:21,-79.504016,43.684947,,,22.8658288043525,10.3905139856167,514.776786762932,75.6790706518174,3
1049057,48336454,3,34,14:23:23,-79.504037,43.685056,,,22.8658288043525,12.2510211815486,527.027807944481,77.6078735231649,3
1049057,48336454,3,35,14:23:24,-79.504083,43.685137,,,22.8658288043525,9.74763695168269,536.775444896164,79.1425431529567,3
1049057,48336454,3,36,14:23:26,-79.504145,43.685219,,,22.8658288043525,10.4035678940182,547.179012790182,80.7804826625596,3
1049057,48336454,3,37,14:23:27,-79.504213,43.685275,,,22.8658288043525,8.29615449869475,555.475167288876,82.0866306465599,3
1049057,48336454,3,38,14:23:29,-79.50431,43.685333,,,22.8658288043525,10.1321047405897,565.607272029466,83.6818309508314,3
1049057,48336454,3,39,14:23:30,-79.504407,43.685381,,,22.8658288043525,9.46170639508802,575.068978424554,85.1714836248615,3
1049057,48336454,3,40,14:23:31,-79.504494,43.685417,,,22.8658288043525,8.06901466995943,583.137993094514,86.4418706753551,3
1049057,48336454,3,41,14:23:33,-79.504584,43.685437,,,22.8658288043525,7.57935997282616,590.71735306734,87.6351664065372,3
1049057,48336454,3,42,14:23:34,-79.5047,43.685435,,,22.8658288043525,9.34063996893753,600.057993036277,89.1057583617159,3
1049057,48336454,3,43,14:23:36,-79.504848,43.685438,,,22.8658288043525,11.9186619796777,611.976655015955,90.982234543444,3
1049057,48336454,3,44,14:23:50,-79.5059465011812,43.6853735052597,,,22.8658288043525,88.7202312502273,700.696886266182,104.950362934225,3
1049057,48336454,3,45,14:24:04,-79.507045,43.685309,,,22.8658288043525,88.7202312484965,789.417117514679,118.918491324734,3
1049057,48336454,3,46,14:24:06,-79.507212,43.685301,,,22.8658288043525,13.4729743775635,802.890091892242,121.039678716376,3
1049057,48336454,3,47,14:24:08,-79.507349,43.68529,,,22.8658288043525,11.0962813103753,813.986373202618,122.786679144794,3
1049057,48336454,3,48,14:24:09,-79.507482,43.685288,,,22.8658288043525,10.7088250608079,824.695198263425,124.472678394975,3
1049057,48336454,3,49,14:24:13,-79.507773,43.685283,,,22.8658288043525,23.4321357662526,848.127334029678,128.161837859969,3
1049057,48336454,3,50,14:24:14,-79.507866,43.685286,,,22.8658288043525,7.49395278728741,855.621286816965,129.341687069244,3
1049057,48336454,3,51,14:24:16,-79.507987,43.685299,,,22.8658288043525,9.84742440058965,865.468711217555,130.892067252069,3
1049057,48336454,3,52,14:24:18,-79.508115,43.685331,,,22.8658288043525,10.9023836389716,876.371094856527,132.60854039792,3
1049057,48336454,3,53,14:24:19,-79.508226,43.685359,,,22.8658288043525,9.46353622263112,885.834631079158,134.098481160311,3
1049057,48336454,3,54,14:24:21,-79.508336,43.685403,,,22.8658288043525,10.1193826777669,895.954013756925,135.691678500835,3
1049057,48336454,3,55,14:24:23,-79.508447,43.685472,,,22.8658288043525,11.7830968338221,907.737110590747,137.5468112828,3
1049057,48336454,3,56,14:24:24,-79.508536,43.685537,,,22.8658288043525,10.1826378843138,917.91974847506,139.149967533867,3
1049057,48336454,3,57,14:24:26,-79.508614,43.685605,,,22.8658288043525,9.83495243839871,927.754700913459,140.69838412883,3
1049057,48336454,3,58,14:24:27,-79.508672,43.68567,,,22.8658288043525,8.61136881616806,936.366069729627,142.054159508916,3
1049057,48336454,3,59,14:24:28,-79.508716,43.685743,,,22.8658288043525,8.86469043267144,945.230760162299,143.449817887656,3
1049057,48336454,3,60,14:24:30,-79.50876,43.685835,,,22.8658288043525,10.8365913894026,956.067351551701,145.155932690475,3
1049057,48336454,3,61,14:24:32,-79.508775,43.685927,,,22.8658288043525,10.3123306728214,966.379682224523,146.77950779636,3
1049057,48336454,3,62,14:24:33,-79.50879,43.686009,,,22.8658288043525,9.20771574491032,975.587397969433,148.22917213896,3
1049057,48336454,3,63,14:24:34,-79.508803,43.686077,,,22.8658288043525,7.64171963771948,983.229117607152,149.432285786455,3
1049057,48336454,3,64,14:24:36,-79.50882,43.686148,,,22.8658288043525,8.02128186405243,991.250399471205,150.695157775818,3
1049057,48336454,3,65,14:24:38,-79.508791,43.6863,,,22.8658288043525,17.080842176146,1008.33124164735,153.384368491085,3
1049057,48336454,3,66,14:24:40,-79.508773,43.686377,,,22.8658288043525,8.69320836228078,1017.02445000963,154.753028703316,3
1049057,48336454,3,67,14:24:41,-79.508749,43.686446,4170,3,22.8658288043525,7.92028672053162,1024.94473673016,156,3
1049057,48336454,3,68,14:24:41,-79.508749,43.686446,4170,3,1e-12,0,1024.94473673016,156,3
1049057,48336454,3,69,14:24:43,-79.508701,43.686542,,,23.2440073190815,11.3637522310329,1036.3084889612,157.76000237266,3
1049057,48336454,3,70,14:24:45,-79.508633,43.686644,,,23.2440073190815,12.6051617061931,1048.91365066739,159.712272543606,3
1049057,48336454,3,71,14:24:47,-79.508535,43.686736,,,23.2440073190815,12.9274772895862,1061.84112795698,161.714462510407,3
1049057,48336454,3,72,14:24:48,-79.508456,43.686808,,,23.2440073190815,10.2314025409326,1072.07253049791,163.299088114837,3
1049057,48336454,3,73,14:24:50,-79.508366,43.686882,,,23.2440073190815,10.9702395300465,1083.04277002795,164.998143779638,3
1049057,48336454,3,74,14:24:52,-79.50824,43.686971,,,23.2440073190815,14.1785857890543,1097.22135581701,167.194103716318,3
1049057,48336454,3,75,14:24:54,-79.508145,43.687024,,,23.2440073190815,9.65868772561445,1106.88004354262,168.690028034999,3
1049057,48336454,3,76,14:24:55,-79.508032,43.687078,,,23.2440073190815,10.9030623867585,1117.78310592938,170.378679395907,3
1049057,48336454,3,77,14:24:57,-79.507935,43.687102,,,23.2440073190815,8.25269282466429,1126.03579875405,171.656845151104,3
1049057,48336454,3,78,14:24:59,-79.50772,43.687155,,,23.2440073190815,18.2849932824831,1144.32079203653,174.488799852946,3
1049057,48336454,3,79,14:25:01,-79.507599,43.687197,,,23.2440073190815,10.8042165689952,1155.12500860552,176.162142109058,3
1049057,48336454,3,80,14:25:03,-79.50747,43.687224,,,23.2440073190815,10.8104084798366,1165.93541708536,177.836443359835,3
1049057,48336454,3,81,14:25:05,-79.507303,43.687251,,,23.2440073190815,13.774980709376,1179.71039779474,179.969893494874,3
1049057,48336454,3,82,14:25:07,-79.507151,43.687286,,,23.2440073190815,12.8409634679173,1192.55136126265,181.958684319534,3
1049057,48336454,3,83,14:25:09,-79.50699,43.687301,,,23.2440073190815,13.0672058552464,1205.6185671179,183.9825152551,3
1049057,48336454,3,84,14:25:11,-79.506844,43.687306,,,23.2440073190815,11.7657894697298,1217.38435658763,185.804784604338,3
1049057,48336454,3,85,14:25:13,-79.50667,43.687309,,,23.2440073190815,14.0105230757269,1231.39487966336,187.974715218291,3
1049057,48336454,3,86,14:25:14,-79.506581,43.687306,,,23.2440073190815,7.17204533887853,1238.56692500224,189.085511771808,3
1049057,48336454,3,87,14:25:16,-79.506419,43.687324,,,23.2440073190815,13.1936175029076,1251.76054250514,191.12892117013,3
1049057,48336454,3,88,14:25:18,-79.506271,43.687342,3917,4,23.2440073190815,12.0809361155794,1263.84147862072,193,3
1049057,48336454,3,89,14:25:18,-79.506271,43.687342,3917,4,1e-12,0,1263.84147862072,193,3
1049057,48336454,3,90,14:25:20,-79.506157,43.687354,,,20.2542386987998,9.2734116844803,1273.1148903052,194.648261510126,3
1049057,48336454,3,91,14:25:21,-79.50605,43.687352,,,20.2542386987998,8.61608900351331,1281.73097930872,196.179690110031,3
1049057,48336454,3,92,14:25:23,-79.505909,43.687376,,,20.2542386987998,11.660317218084,1293.3912965268,198.252201578338,3
1049057,48336454,3,93,14:25:26,-79.505718,43.687406,,,20.2542386987998,15.7334904037761,1309.12478693058,201.048681184207,3
1049057,48336454,3,94,14:25:31,-79.505413,43.687489,,,20.2542386987998,26.2326464293295,1335.35743335991,205.71128680222,3
1049057,48336454,3,95,14:25:33,-79.505243,43.687549,,,20.2542386987998,15.227507055467,1350.58494041537,208.417832637632,3
1049057,48336454,3,96,14:25:36,-79.505082,43.687617,,,20.2542386987998,15.0087568838928,1365.59369729927,211.085497692118,3
1049057,48336454,3,97,14:25:39,-79.504885,43.687712,,,20.2542386987998,19.0607097721626,1384.65440707143,214.473359176334,3
1049057,48336454,3,98,14:25:43,-79.504712,43.687803,,,20.2542386987998,17.2206332989239,1401.87504037035,217.534164413107,3
1049057,48336454,3,99,14:25:44,-79.504645,43.68784,,,20.2542386987998,6.78617201216173,1408.66121238251,218.740342517704,3
1049057,48336454,3,100,14:25:45,-79.504562,43.687898,,,20.2542386987998,9.29115035590916,1417.95236273842,220.391756909461,3
1049057,48336454,3,101,14:25:46,-79.504537,43.687915,,,20.2542386987998,2.76244585504076,1420.71480859346,220.882755619708,3
1049057,48336454,3,102,14:25:47,-79.504476,43.687959,,,20.2542386987998,6.93555309184956,1427.65036168531,222.115484803064,3
1049057,48336454,3,103,14:25:48,-79.504436,43.687991,,,20.2542386987998,4.80176315969898,1432.45212484501,222.968952940374,3
1049057,48336454,3,104,14:25:51,-79.504345,43.688106,,,20.2542386987998,14.7493288528349,1447.20145369785,225.590507107866,3
1049057,48336454,3,105,14:25:53,-79.504272,43.688199,,,20.2542386987998,11.9041455690015,1459.10559926685,227.706356767076,3
1049057,48336454,3,106,14:25:55,-79.504191,43.688306,,,20.2542386987998,13.5789963786507,1472.6845956455,230.119895369543,3
1049057,48336454,3,107,14:25:57,-79.504141,43.68842,,,20.2542386987998,13.313369420752,1485.99796506625,232.486221284204,3
1049057,48336454,3,108,14:26:00,-79.504097,43.688543,7204,5,20.2542386987998,14.1429650404691,1500.14093010672,235,3
1049057,48336454,3,109,14:26:00,-79.504097,43.688543,7204,5,1e-12,0,1500.14093010672,235,3
1049057,48336454,3,110,,-79.504064,43.688641,,,,11.2280575127373,1511.36898761946,,3
