shape_id,trip_id,route_type,id,timestamp,shape_pt_lon,shape_pt_lat,stop_id,stop_sequence,speed,dist,cumdist,cumtime,trip_number
1049023,48335893,3,1,,-79.501649,43.697542,,,1e-12,0,0,0,1
1049023,48335893,3,2,05:25:00,-79.500809,43.697473,4453,1,,68.0412307221524,68.0412307221524,,1
1049023,48335893,3,3,05:25:00,-79.500809,43.697473,4453,1,1e-12,0,68.0412307221524,0,1
1049023,48335893,3,4,05:25:21,-79.4999099988905,43.6973990035228,,,12.2559651120734,72.8223791095461,140.863609831698,21.3904463987181,1
1049023,48335893,3,5,05:25:43,-79.499011,43.697325,,,12.2559651120734,72.8223791078912,213.68598893959,42.7808927969501,1
1049023,48335893,3,6,05:26:05,-79.498076,43.697256,23977,2,12.2559651120734,75.6435007505556,289.329489690145,65,1
1049023,48335893,3,7,05:26:05,-79.498076,43.697256,23977,2,1e-12,0,289.329489690145,65,1
1049023,48335893,3,8,05:26:14,-79.497528,43.697215,,,17.2920100863506,44.3407789510819,333.670268641227,74.231246305477,1
1049023,48335893,3,9,05:26:30,-79.496616,43.697136,,,17.2920100863506,73.9264647478027,407.59673338903,89.6218961930897,1
1049023,48335893,3,10,05:26:45,-79.495705,43.697077,,,17.2920100863506,73.6146977556835,481.211431144713,104.947639735747,1
1049023,48335893,3,11,05:26:46,-79.495635,43.697071,,,17.2920100863506,5.67335205760487,486.884783202318,106.128767164276,1
1049023,48335893,3,12,05:26:56,-79.49506,43.697017,,,17.2920100863506,46.667250781046,533.552033983364,115.84435846759,1
1049023,48335893,3,13,05:27:16,-79.493863,43.696931,7843,3,17.2920100863506,96.8143212986958,630.36635528206,136,1
1049023,48335893,3,14,05:27:16,-79.493863,43.696931,7843,3,1e-12,0,630.36635528206,136,1
1049023,48335893,3,15,05:27:19,-79.493723,43.696919,,,14.8159676727803,11.3467319201427,641.713087202203,138.757041309395,1
1049023,48335893,3,16,05:27:30,-79.493149,43.696872,,,14.8159676727803,46.4934274758312,688.206514678034,150.054065075213,1
1049023,48335893,3,17,05:27:46,-79.4923369991063,43.696806002874,,,14.8159676727803,65.7651984017442,753.971713079778,166.033764779961,1
1049023,48335893,3,18,05:28:02,-79.491525,43.69674,,,14.8159676727803,65.7651984005189,819.736911480297,182.013464484411,1
1049023,48335893,3,19,05:28:08,-79.491233,43.696717,,,14.8159676727803,23.6405956378689,843.377507118166,187.757682221378,1
1049023,48335893,3,20,05:28:13,-79.490967,43.696693,8102,4,14.8159676727803,21.5750029829163,864.952510101082,193,1
1049023,48335893,3,21,05:28:13,-79.490967,43.696693,8102,4,1e-12,0,864.952510101082,193,1
1049023,48335893,3,22,05:28:18,-79.490717,43.696654,,,14.8439621186597,20.5842406086302,885.536750709712,197.992148699835,1
1049023,48335893,3,23,05:28:22,-79.49053,43.696608,,,14.8439621186597,15.8979289957863,901.434679705499,201.847759750802,1
1049023,48335893,3,24,05:28:27,-79.490324,43.696515,,,14.8439621186597,19.5466552753935,920.981334980892,206.588270298384,1
1049023,48335893,3,25,05:28:28,-79.490248,43.696473,,,14.8439621186597,7.69906183470757,928.6803968156,208.45546871774,1
1049023,48335893,3,26,05:28:31,-79.49016,43.696427,,,14.8439621186597,8.7399092383407,937.42030605394,210.575096415959,1
1049023,48335893,3,27,05:28:31,-79.490153,43.696422,,,14.8439621186597,0.791969512182583,938.212275566123,210.767167119257,1
1049023,48335893,3,28,05:28:35,-79.489998,43.696324,,,14.8439621186597,16.5723813220749,954.784656888198,214.786348270661,1
1049023,48335893,3,29,05:28:40,-79.489829,43.696192,,,14.8439621186597,20.0233315928249,974.807988481023,219.642463717328,1
1049023,48335893,3,30,05:28:43,-79.489723,43.696111,,,14.8439621186597,12.4132978576437,987.221286338666,222.652972093077,1
1049023,48335893,3,31,05:28:56,-79.4891454975683,43.6958585014537,,,14.8439621186597,54.3186505803798,1041.53993691905,235.826486046171,1
1049023,48335893,3,32,05:29:09,-79.488568,43.695606,9080,5,14.8439621186597,54.3186505834085,1095.85858750245,249,1
1049023,48335893,3,33,05:29:09,-79.488568,43.695606,9080,5,1e-12,0,1095.85858750245,249,1
1049023,48335893,3,34,05:29:29,-79.487616,43.695214,,,15.7114801183623,88.1777460340964,1184.03633353655,269.204327239147,1
1049023,48335893,3,35,05:29:35,-79.487324,43.69513,10398,6,15.7114801183623,25.2940548207422,1209.33038835729,275,1
1049023,48335893,3,36,05:29:35,-79.487324,43.69513,10398,6,1e-12,0,1209.33038835729,275,1
1049023,48335893,3,37,05:29:48,-79.486493,43.694784,,,21.3088731449087,77.1822411063286,1286.51262946362,288.039453850668,1
1049023,48335893,3,38,05:29:54,-79.486095,43.694605,,,21.3088731449087,37.7257290527797,1324.2383585164,294.412978328778,1
1049023,48335893,3,39,05:30:05,-79.485446,43.694286,,,21.3088731449087,63.1639541779064,1387.40231269431,305.084130833846,1
1049023,48335893,3,40,05:30:17,-79.484773,43.693918,,,21.3088731449087,67.914759810518,1455.31707250483,316.55790204902,1
1049023,48335893,3,41,05:30:26,-79.484211,43.693596,,,21.3088731449087,57.7150704691088,1513.03214297393,326.308499946706,1
1049023,48335893,3,42,05:30:29,-79.484009,43.69353,,,21.3088731449087,17.8417312152183,1530.87387418915,329.322748139841,1
1049023,48335893,3,43,05:30:34,-79.483696,43.693429,,,21.3088731449087,27.5880875345379,1558.46196172369,333.983581889657,1
1049023,48335893,3,44,05:30:37,-79.483448,43.693399,,,21.3088731449087,20.2387483106714,1578.70071003436,337.402791034267,1
1049023,48335893,3,45,05:30:40,-79.483255,43.693402,,,21.3088731449087,15.5380034664975,1594.23871350086,340.027838923895,1
1049023,48335893,3,46,05:30:55,-79.482234,43.6937,24328,7,21.3088731449087,88.6221891877388,1682.8609026886,355,1
1049023,48335893,3,47,05:30:55,-79.482234,43.6937,24328,7,1e-12,0,1682.8609026886,355,1
1049023,48335893,3,48,05:30:58,-79.482022,43.693787,,,22.4719976157979,19.6204509571071,1702.48135364571,358.143184004075,1
1049023,48335893,3,49,05:31:02,-79.48171,43.693798,,,22.4719976157979,25.1423006146683,1727.62365426037,362.170964878757,1
1049023,48335893,3,50,05:31:10,-79.481111,43.693836,,,22.4719976157979,48.3979102030938,1776.02156446347,369.924279902636,1
1049023,48335893,3,51,05:31:12,-79.480912,43.693847,,,22.4719976157979,16.063970291408,1792.08553475488,372.497717922601,1
1049023,48335893,3,52,05:31:17,-79.48058,43.693865,,,22.4719976157979,26.7972287624849,1818.88276351736,376.790617254218,1
1049023,48335893,3,53,05:31:21,-79.480251,43.693854,,,22.4719976157979,26.5090383689217,1845.39180188628,381.037348664559,1
1049023,48335893,3,54,05:31:24,-79.480021,43.693822,,,22.4719976157979,18.8519925390612,1864.24379442534,384.057426109428,1
1049023,48335893,3,55,05:31:27,-79.479786,43.693784,,,22.4719976157979,19.3820795782101,1883.62587400355,387.1624231673,1
1049023,48335893,3,56,05:31:29,-79.479617,43.69375,,,22.4719976157979,14.1193360854052,1897.74521008896,389.424332000528,1
1049023,48335893,3,57,05:31:30,-79.479549,43.693727,,,22.4719976157979,6.04248926122354,1903.78769935018,390.392335010866,1
1049023,48335893,3,58,05:31:33,-79.479352,43.693661,,,22.4719976157979,17.4757465273308,1921.26344587751,393.191938703159,1
1049023,48335893,3,59,05:31:39,-79.478967,43.693517,,,22.4719976157979,34.8888555210265,1956.15230139854,398.781111593931,1
1049023,48335893,3,60,05:31:44,-79.478649,43.693352,,,22.4719976157979,31.5040490170946,1987.65635041563,403.828040594217,1
1049023,48335893,3,61,05:31:47,-79.478493,43.69324,,,22.4719976157979,17.6948349443733,2005.35118536001,406.662742114253,1
1049023,48335893,3,62,05:31:53,-79.478141,43.692992,6312,8,22.4719976157979,39.5585678053345,2044.90975316534,413,1
1049023,48335893,3,63,05:31:53,-79.478141,43.692992,6312,8,1e-12,0,2044.90975316534,413,1
1049023,48335893,3,64,05:32:09,-79.477281,43.692387,,,21.1381374163186,96.5785282562111,2141.48828142155,429.448123828259,1
1049023,48335893,3,65,05:32:18,-79.4768244975528,43.6920655009083,,,21.1381374163186,51.2932686565954,2192.78155007815,438.183792611507,1
1049023,48335893,3,66,05:32:27,-79.476368,43.691744,,,21.1381374163186,51.2932686571468,2244.0748187353,446.919461394849,1
1049023,48335893,3,67,05:32:36,-79.47589,43.691393,,,21.1381374163186,54.8364542123136,2298.91127294761,456.258564045016,1
1049023,48335893,3,68,05:32:45,-79.47554,43.691,,,21.1381374163186,52.0347221805855,2350.94599512819,465.120508508746,1
1049023,48335893,3,69,05:32:49,-79.475406,43.690845,,,21.1381374163186,20.3483718823271,2371.29436701052,468.586004892539,1
1049023,48335893,3,70,05:32:55,-79.475227,43.690526,,,21.1381374163186,38.3226043280683,2409.61697133859,475.112662036633,1
1049023,48335893,3,71,05:32:55,-79.475221,43.690517,,,21.1381374163186,1.11220641443011,2410.72917775302,475.302080007246,1
1049023,48335893,3,72,05:33:02,-79.475052,43.690158,,,21.1381374163186,42.2155033179634,2452.94468107098,482.491730114608,1
1049023,48335893,3,73,05:33:19,-79.473901,43.690414,8646,9,21.1381374163186,96.9316881508579,2549.87636922184,499,1
1049023,48335893,3,74,05:33:19,-79.473901,43.690414,8646,9,1e-12,0,2549.87636922184,499,1
1049023,48335893,3,75,05:33:40,-79.472732,43.690677,8252,10,16.8935585614969,98.5457582753984,2648.42212749724,520,1
1049023,48335893,3,76,05:33:40,-79.472732,43.690677,8252,10,1e-12,0,2648.42212749724,520,1
1049023,48335893,3,77,05:33:50,-79.4721180014998,43.6908235016433,,,17.9808673205119,52.043665597774,2700.46579309501,530.419808611693,1
1049023,48335893,3,78,05:34:01,-79.471504,43.69097,,,17.9808673205119,52.0436655970246,2752.50945869204,540.839617223237,1
1049023,48335893,3,79,05:34:20,-79.47039,43.691218,,,17.9808673205119,93.8220812416281,2846.33153993367,559.623999892284,1
1049023,48335893,3,80,05:34:31,-79.46971,43.691355,4242,11,17.9808673205119,56.8195412708259,2903.15108120449,571,1
1049023,48335893,3,81,05:34:31,-79.46971,43.691355,4242,11,1e-12,0,2903.15108120449,571,1
1049023,48335893,3,82,05:34:37,-79.469424,43.69142,,,14.6395962644542,24.131061130823,2927.28214233532,576.934031137313,1
1049023,48335893,3,83,05:34:50,-79.468772,43.691548,,,14.6395962644542,54.3805810322158,2981.66272336753,590.306673946549,1
1049023,48335893,3,84,05:34:59,-79.46836,43.691613,,,14.6395962644542,33.9427649377956,3015.60548830533,598.65348567337,1
1049023,48335893,3,85,05:35:09,-79.467853,43.691705,6344,12,14.6395962644542,42.0746645795161,3057.68015288484,609,1
1049023,48335893,3,86,05:35:09,-79.467853,43.691705,6344,12,1e-12,0,3057.68015288484,609,1
1049023,48335893,3,87,05:35:12,-79.467685,43.691709,,,16.5215928948505,13.5298953810349,3071.21004826588,611.948119087652,1
1049023,48335893,3,88,05:35:16,-79.467474,43.691713,,,16.5215928948505,16.9895342184157,3088.19958248429,615.650081941691,1
1049023,48335893,3,89,05:35:30,-79.466639,43.691782,,,16.5215928948505,67.6478135388545,3155.84739602315,630.390314937977,1
1049023,48335893,3,90,05:35:46,-79.465741,43.691871,,,16.5215928948505,72.9570282655725,3228.80442428872,646.287408119466,1
1049023,48335893,3,91,05:35:53,-79.465368,43.691933,759,13,16.5215928948505,30.8063084220736,3259.61073271079,653,1
1049023,48335893,3,92,05:35:53,-79.465368,43.691933,759,13,1e-12,0,3259.61073271079,653,1
1049023,48335893,3,93,05:35:59,-79.465062,43.692014,,,15.8003153188363,26.228891420576,3285.83962413137,658.976083844448,1
1049023,48335893,3,94,05:36:03,-79.464852,43.692072,,,15.8003153188363,18.0942536824934,3303.93387781386,663.098742914379,1
1049023,48335893,3,95,05:36:08,-79.464609,43.692148,,,15.8003153188363,21.3106163165212,3325.24449413038,667.954229478499,1
1049023,48335893,3,96,05:36:11,-79.464445,43.692211,,,15.8003153188363,14.9478114335649,3340.19230556395,671.359991963295,1
1049023,48335893,3,97,05:36:16,-79.464211,43.692296,,,15.8003153188363,21.0780283529826,3361.27033391693,676.162484859135,1
1049023,48335893,3,98,05:36:21,-79.463987,43.692397,,,15.8003153188363,21.2482525884229,3382.51858650535,681.003762249791,1
1049023,48335893,3,99,05:36:29,-79.46363,43.692578,3760,14,15.8003153188363,35.0952993938016,3417.61388589916,689,1
1049023,48335893,3,100,05:36:29,-79.46363,43.692578,3760,14,1e-12,0,3417.61388589916,689,1
1049023,48335893,3,101,05:36:32,-79.463463,43.692674,,,18.963093265252,17.1723258470141,3434.78621174617,692.260036333974,1
1049023,48335893,3,102,05:36:33,-79.463419,43.692701,,,18.963093265252,4.64504929721664,3439.43126104339,693.141863852094,1
1049023,48335893,3,103,05:36:35,-79.463337,43.692736,,,18.963093265252,7.66438049653563,3447.09564153992,694.596888588912,1
1049023,48335893,3,104,05:36:36,-79.463252,43.692772,,,18.963093265252,7.92895418102984,3455.02459572095,696.102140641013,1
1049023,48335893,3,105,05:36:40,-79.463042,43.692836,,,18.963093265252,18.3430022261214,3473.36759794707,699.584421041703,1
1049023,48335893,3,106,05:36:42,-79.462891,43.692869,,,18.963093265252,12.6970125813802,3486.06461052845,701.994852960884,1
1049023,48335893,3,107,05:36:43,-79.462803,43.692889,,,18.963093265252,7.42477383705449,3493.48938436551,703.404390183504,1
1049023,48335893,3,108,05:36:53,-79.462203,43.693023,3304,15,18.963093265252,50.545123301994,3544.0345076675,713,1
1049023,48335893,3,109,05:36:53,-79.462203,43.693023,3304,15,1e-12,0,3544.0345076675,713,1
1049023,48335893,3,110,05:37:06,-79.4615880013998,43.6931595016486,,,14.5057249858328,51.7807451374813,3595.81525280498,725.850835285861,1
1049023,48335893,3,111,05:37:19,-79.460973,43.693296,,,14.5057249858328,51.7807451373449,3647.59599794233,738.701670571688,1
1049023,48335893,3,112,05:37:22,-79.460815,43.69334,,,14.5057249858328,13.6279470135571,3661.22394495589,742.083825499947,1
1049023,48335893,3,113,05:37:46,-79.459667,43.693598,,,14.5057249858328,96.7620685818584,3757.98601353774,766.098030045732,1
1049023,48335893,3,114,05:38:10,-79.458517,43.693837,1387,16,14.5057249858328,96.3098341045149,3854.29584764226,790,1
1049023,48335893,3,115,05:38:10,-79.458517,43.693837,1387,16,1e-12,0,3854.29584764226,790,1
1049023,48335893,3,116,05:38:25,-79.457771,43.694012,,,15.0844876694316,63.1255686831051,3917.42141632536,805.06528111788,1
1049023,48335893,3,117,05:38:33,-79.457373,43.694105,,,15.0844876694316,33.66568069193,3951.08709701729,813.099790021788,1
1049023,48335893,3,118,05:38:37,-79.457176,43.694141,,,15.0844876694316,16.3547702747511,3967.44186729205,817.002950293411,1
1049023,48335893,3,119,05:38:56,-79.456223,43.694356,,,15.0844876694316,80.3523262922818,4047.79419358433,836.179496490496,1
1049023,48335893,3,120,05:39:03,-79.455883,43.69443,6912,17,15.0844876694316,28.5788336356757,4076.37302722,843,1
1049023,48335893,3,121,05:39:03,-79.455883,43.69443,6912,17,1e-12,0,4076.37302722,843,1
1049023,48335893,3,122,05:39:19,-79.455087,43.694618,,,15.161409516314,67.3996864814022,4143.77271370141,859.003714632994,1
1049023,48335893,3,123,05:39:42,-79.453945,43.694868,,,15.161409516314,96.0373011110474,4239.81001481245,881.807286004624,1
1049023,48335893,3,124,05:39:51,-79.453486,43.694972,4316,18,15.161409516314,38.7151392917365,4278.52515410419,891,1
1049023,48335893,3,125,05:39:51,-79.453486,43.694972,4316,18,1e-12,0,4278.52515410419,891,1
1049023,48335893,3,126,05:40:05,-79.452787,43.695138,,,15.737565093856,59.2174519570799,4337.74260606127,904.546112487803,1
1049023,48335893,3,127,05:40:14,-79.452318,43.695235,,,15.737565093856,39.2623393026479,4377.00494536392,913.527452399446,1
1049023,48335893,3,128,05:40:28,-79.451561,43.695411,,,15.737565093856,64.0009469427761,4441.00589230669,928.167799087126,1
1049023,48335893,3,129,05:40:35,-79.451191,43.695469,,,15.737565093856,30.4718640115493,4471.47775631824,935.138299910307,1
1049023,48335893,3,130,05:40:53,-79.450268,43.695685,783,19,15.737565093856,78.0832410690222,4549.56099738726,953,1
1049023,48335893,3,131,05:40:53,-79.450268,43.695685,783,19,1e-12,0,4549.56099738726,953,1
1049023,48335893,3,132,05:41:15,-79.449325,43.695891,,,13.0867414611171,79.286935129231,4628.8479325165,974.810850876309,1
1049023,48335893,3,133,05:41:34,-79.4484995024848,43.6960715029703,,,13.0867414611171,69.4127112776016,4698.2606437941,993.905425438037,1
1049023,48335893,3,134,05:41:53,-79.447674,43.696252,10009,20,13.0867414611171,69.4127112784528,4767.67335507255,1013,1
1049023,48335893,3,135,05:41:53,-79.447674,43.696252,10009,20,1e-12,0,4767.67335507255,1013,1
1049023,48335893,3,136,05:42:01,-79.447321,43.696352,,,14.0598701149105,30.5143055222349,4798.18766059479,1020.81312337754,1
1049023,48335893,3,137,05:42:22,-79.4463115034176,43.696555004442,,,14.0598701149105,84.333593885136,4882.52125447992,1042.40656168851,1
1049023,48335893,3,138,05:42:44,-79.445302,43.696758,10299,21,14.0598701149105,84.333593887194,4966.85484836712,1064,1
1049023,48335893,3,139,05:42:44,-79.445302,43.696758,10299,21,1e-12,0,4966.85484836712,1064,1
1049023,48335893,3,140,05:42:46,-79.445197,43.69678,,,14.3625070656349,8.79859603855467,4975.65344440567,1066.2053911336,1
1049023,48335893,3,141,05:43:04,-79.444364,43.696961,,,14.3625070656349,70.0058708228272,5045.6593152285,1083.75254594511,1
1049023,48335893,3,142,05:43:20,-79.443573002203,43.6971280027273,,,14.3625070656349,66.3217769149481,5111.98109214345,1100.3762729729,1
1049023,48335893,3,143,05:43:37,-79.442782,43.697295,340,22,14.3625070656349,66.3217769121835,5178.30286905563,1117,1
1049023,48335893,3,144,05:43:37,-79.442782,43.697295,340,22,1e-12,0,5178.30286905563,1117,1
1049023,48335893,3,145,05:43:51,-79.4421475043174,43.6974310052644,,,13.9146030281222,53.2637359208977,5231.56660497653,1130.78044698276,1
1049023,48335893,3,146,05:44:05,-79.4415130057565,43.6975670070192,,,13.9146030281222,53.2637359190665,5284.83034089559,1144.56089396505,1
1049023,48335893,3,147,05:44:18,-79.4408785043173,43.6977030052645,,,13.9146030281222,53.2637359223624,5338.09407681796,1158.34134094819,1
1049023,48335893,3,148,05:44:32,-79.440244,43.697839,,,13.9146030281222,53.2637359194857,5391.35781273744,1172.12178793059,1
1049023,48335893,3,149,05:44:51,-79.439378,43.698033,1440,23,13.9146030281222,72.9674518962554,5464.3252646337,1191,1
1049023,48335893,3,150,05:44:51,-79.439378,43.698033,1440,23,1e-12,0,5464.3252646337,1191,1
1049023,48335893,3,151,05:44:54,-79.439237,43.698062,,,14.0808558655789,11.7983471378427,5476.12361177154,1194.01643949073,1
1049023,48335893,3,152,05:44:58,-79.439043,43.698102,,,14.0808558655789,16.2362060071007,5492.35981777864,1198.16748983764,1
1049023,48335893,3,153,05:45:12,-79.438405,43.698237,,,14.0808558655789,53.5019998951651,5545.86181767381,1211.84614697761,1
1049023,48335893,3,154,05:45:14,-79.438313,43.698269,,,14.0808558655789,8.21673131834342,5554.07854899215,1213.94688808514,1
1049023,48335893,3,155,05:45:36,-79.437281,43.698482,,,14.0808558655789,86.376142230332,5640.45469122248,1236.03035481455,1
1049023,48335893,3,156,05:45:38,-79.437177,43.698507,,,14.0808558655789,8.82069609010581,5649.27538731259,1238.28550934689,1
1049023,48335893,3,157,05:45:54,-79.436449,43.698678,,,14.0808558655789,61.6057424857374,5710.88112979832,1254.03602018699,1
1049023,48335893,3,158,05:46:03,-79.436006,43.698762,,,14.0808558655789,36.8593778650073,5747.74050766333,1263.45972010841,1
1049023,48335893,3,159,05:46:10,-79.435716,43.698827,,,14.0808558655789,24.4356504376151,5772.17615810095,1269.70709188859,1
1049023,48335893,3,160,05:46:25,-79.435021,43.698983,,,14.0808558655789,58.5685949314328,5830.74475303238,1284.68110651994,1
1049023,48335893,3,161,05:46:30,-79.434792,43.699022,,,14.0808558655789,18.9347393203744,5849.67949235275,1289.52208083316,1
1049023,48335893,3,162,05:46:50,-79.433814,43.699226,,,14.0808558655789,81.9213962227974,5931.60088857555,1310.46661923462,1
1049023,48335893,3,163,05:47:11,-79.432856,43.699428,2480,24,14.0808558655789,80.3132152751032,6011.91410385065,1331,1
1049023,48335893,3,164,05:47:11,-79.432856,43.699428,2480,24,1e-12,0,6011.91410385065,1331,1
1049023,48335893,3,165,05:47:13,-79.432773,43.699448,,,12.8515168242893,7.0411846641188,6018.95528851477,1332.97239478712,1
1049023,48335893,3,166,05:47:34,-79.431883,43.699638,,,12.8515168242893,74.6855333370607,6093.64082185183,1353.89349878515,1
1049023,48335893,3,167,05:47:54,-79.431027,43.699819,4814,25,12.8515168242893,71.7775107333874,6165.41833258522,1374,1
1049023,48335893,3,168,05:47:54,-79.431027,43.699819,4814,25,1e-12,0,6165.41833258522,1374,1
1049023,48335893,3,169,05:47:57,-79.430894,43.699845,,,14.1330812774499,11.088318039249,6176.50665062447,1376.82443326814,1
1049023,48335893,3,170,05:48:18,-79.429891,43.700056,,,14.1330812774499,84.0697408590203,6260.57639148349,1398.23880577128,1
1049023,48335893,3,171,05:48:41,-79.428819,43.70029,,,14.1330812774499,90.1213435787755,6350.69773506227,1421.19465174106,1
1049023,48335893,3,172,05:49:04,-79.427753,43.70052,2530,26,14.1330812774499,89.5305112511477,6440.22824631341,1444,1
1049023,48335893,3,173,05:49:04,-79.427753,43.70052,2530,26,1e-12,0,6440.22824631341,1444,1
1049023,48335893,3,174,05:49:09,-79.4276,43.70056,,,9.88604669972761,13.0937611239416,6453.32200743735,1448.7680879403,1
1049023,48335893,3,175,05:49:37,-79.426674,43.700752,5557,27,9.88604669972761,77.5283336235619,6530.85034106092,1477,1
1049023,48335893,3,176,05:49:37,-79.426674,43.700752,5557,27,1e-12,0,6530.85034106092,1477,1
1049023,48335893,3,177,05:49:57,-79.425549,43.700986,,,16.9909353363549,94.211783030216,6625.06212409113,1496.96137423836,1
1049023,48335893,3,178,05:50:08,-79.4249437539069,43.7011150047903,,,16.9909353363549,50.7823963393191,6675.84452043045,1507.72103067884,1
1049023,48335893,3,179,05:50:18,-79.4243385052091,43.7012440063871,,,16.9909353363549,50.7823963400074,6726.62691677046,1518.48068711946,1
1049023,48335893,3,180,05:50:29,-79.4237332539068,43.7013730047903,,,16.9909353363549,50.7823963374547,6777.40931310791,1529.24034355955,1
1049023,48335893,3,181,05:50:40,-79.423128,43.701502,1242,28,16.9909353363549,50.7823963392132,6828.19170944713,1540,1
1049023,48335893,3,182,05:50:40,-79.423128,43.701502,1242,28,1e-12,0,6828.19170944713,1540,1
1049023,48335893,3,183,05:50:52,-79.42208,43.701731,,,26.5345083051409,88.1094452138516,6916.30115466098,1551.95401848499,1
1049023,48335893,3,184,05:50:59,-79.4214790013182,43.7018625015744,,,26.5345083051409,50.5338502325661,6966.83500489354,1558.81006641869,1
1049023,48335893,3,185,05:51:06,-79.420878,43.701994,,,26.5345083051409,50.5338502336955,7017.36885512724,1565.66611435255,1
1049023,48335893,3,186,05:51:17,-79.419872,43.702179,9665,29,26.5345083051409,83.5386341227239,7100.90748924996,1577,1
1049023,48335893,3,187,05:51:17,-79.419872,43.702179,9665,29,1e-12,0,7100.90748924996,1577,1
1049023,48335893,3,188,05:51:29,-79.419096,43.702345,,,19.6111048663696,65.1269923713227,7166.03448162129,1588.95532705242,1
1049023,48335893,3,189,05:51:41,-79.418316,43.702516,,,19.6111048663696,65.5949227077553,7231.62940432904,1600.99655182568,1
1049023,48335893,3,190,05:51:44,-79.418091,43.702565,,,19.6111048663696,18.9110513615907,7250.54045569063,1604.46804337935,1
1049023,48335893,3,191,05:51:56,-79.417367,43.702713,,,19.6111048663696,60.5497170947543,7311.09017278539,1615.58312246472,1
1049023,48335893,3,192,05:52:00,-79.417081,43.702776,24626,30,19.6111048663696,24.0610690351032,7335.15124182049,1620,1
1049023,48335893,3,193,05:52:00,-79.417081,43.702776,24626,30,1e-12,0,7335.15124182049,1620,1
1049023,48335893,3,194,05:52:14,-79.41595,43.703022,,,24.2579387429484,95.0491892557564,7430.20043107625,1634.1057772858,1
1049023,48335893,3,195,05:52:20,-79.415492,43.703112,,,24.2579387429484,38.195491012863,7468.39592208911,1639.77418007565,1
1049023,48335893,3,196,05:52:27,-79.414934,43.703238,,,24.2579387429484,47.0452241938733,7515.44114628298,1646.75592773742,1
1049023,48335893,3,197,05:52:34,-79.414381,43.70335,,,24.2579387429484,46.2166487728086,7561.65779505579,1653.6147106433,1
1049023,48335893,3,198,05:52:40,-79.413871,43.703466,24902,31,24.2579387429484,43.0260994641256,7604.68389451992,1660,1
1049023,48335893,3,199,05:52:40,-79.413871,43.703466,24902,31,1e-12,0,7604.68389451992,1660,1
1049023,48335893,3,200,05:52:49,-79.413219,43.703606,,,21.5187681443957,54.7356685927807,7659.4195631127,1669.15704865686,1
1049023,48335893,3,201,05:53:05,-79.412063,43.703839,,,21.5187681443957,96.577621242131,7755.99718435483,1685.31408116628,1
1049023,48335893,3,202,05:53:11,-79.411633,43.703933,,,21.5187681443957,36.1518132602828,7792.14899761511,1691.36212847381,1
1049023,48335893,3,203,05:53:21,-79.410945,43.704076,1362,32,21.5187681443957,57.60975632709,7849.7587539422,1701,1
1049023,48335893,3,204,05:53:21,-79.410945,43.704076,1362,32,1e-12,0,7849.7587539422,1701,1
1049023,48335893,3,205,05:53:35,-79.4102775015477,43.7042150019421,,,14.7359698241223,55.9010375185754,7905.65979146078,1714.65663322257,1
1049023,48335893,3,206,05:53:48,-79.40961,43.704354,,,14.7359698241223,55.9010375191352,7961.56082897991,1728.31326644527,1
1049023,48335893,3,207,05:54:11,-79.408504,43.704592,330,33,14.7359698241223,92.8641725195427,8054.42500149946,1751,1
1049023,48335893,3,208,05:54:11,-79.408504,43.704592,330,33,1e-12,0,8054.42500149946,1751,1
1049023,48335893,3,209,05:54:31,-79.407394,43.70483,,,16.7877151125044,93.1723966005833,8147.59739810004,1770.98012388906,1
1049023,48335893,3,210,05:54:47,-79.406517,43.705018,,,16.7877151125044,73.6130351390846,8221.21043323912,1786.76588893956,1
1049023,48335893,3,211,05:54:54,-79.406121,43.705099,,,16.7877151125044,33.1186224825692,8254.32905572169,1793.86792993431,1
1049023,48335893,3,212,05:55:05,-79.4055005013198,43.7052265016783,7677,34,16.7877151125044,51.9116724653287,8306.24072818702,1805,1
1049023,48335893,3,213,05:55:05,-79.4055005013198,43.7052265016783,7677,34,1e-12,0,8306.24072818702,1805,1
1049023,48335893,3,214,05:55:17,-79.40488,43.705354,,,15.6662216915074,51.9116724641071,8358.15240065113,1816.92897844489,1
1049023,48335893,3,215,05:55:39,-79.403738,43.705596,,,15.6662216915074,95.7672394572837,8453.91964010841,1838.9356925611,1
1049023,48335893,3,216,05:55:58,-79.402753,43.705816,8258,35,15.6662216915074,82.9626852035785,8536.88232531199,1858,1
1049023,48335893,3,217,05:55:58,-79.402753,43.705816,8258,35,1e-12,0,8536.88232531199,1858,1
1049023,48335893,3,218,05:56:22,-79.401722,43.706027,,,13.1574276855701,86.2278001519235,8623.11012546391,1881.59276356786,1
1049023,48335893,3,219,05:56:28,-79.40144,43.706094,,,13.1574276855701,23.8873886101355,8646.99751407405,1888.12858508644,1
1049023,48335893,3,220,05:56:55,-79.40027,43.706345,9386,36,13.1574276855701,98.2107495928019,8745.20826366685,1915,1
1049023,48335893,3,221,05:56:55,-79.40027,43.706345,9386,36,1e-12,0,8745.20826366685,1915,1
1049023,48335893,3,222,05:57:20,-79.400073,43.705677,,,10.8605550559288,76.0324898671335,8821.24075353398,1940.20285216659,1
1049023,48335893,3,223,05:57:38,-79.399464,43.70548,14195,37,10.8605550559288,53.690806634238,8874.93156016822,1958,1
1049023,48335893,3,224,05:57:38,-79.399464,43.70548,14195,37,1e-12,0,8874.93156016822,1958,1
1049023,48335893,3,225,05:59:00,-79.399373,43.70539,14196,38,0.544819266187666,12.4097721742738,8887.3413323425,2040,1
1049023,48335893,3,226,05:59:00,-79.399373,43.70539,14196,38,1e-12,0,8887.3413323425,2040,1
1049023,48335893,3,227,,-79.399315,43.705226,,,,18.8435948208382,8906.18492716333,,1
1049023,48335893,3,228,,-79.399237,43.704844,,,,42.9848159728657,8949.1697431362,,1
1049023,48335893,3,229,,-79.399065,43.704657,,,,24.9984911194656,8974.16823425567,,1
1049023,48335893,3,230,,-79.398797,43.704582,,,,23.1266853513744,8997.29491960704,,1
1049023,48335893,3,231,,-79.398651,43.704599,,,,11.9006589103357,9009.19557851737,,1
1049023,48335893,3,232,,-79.398601,43.704602,,,,4.03754305431811,9013.23312157169,,1
1049023,48335893,3,233,,-79.398505,43.704718,,,,15.0476134949965,9028.28073506669,,1
1049023,48335893,3,234,,-79.398639,43.705256,,,,60.852950821068,9089.13368588776,,1
1049023,48335893,3,235,,-79.398786,43.705389,,,,18.9510175146085,9108.08470340237,,1
1049023,48335893,3,236,,-79.39888,43.705422,,,,8.40928750454364,9116.49399090691,,1
1049023,48335893,3,237,,-79.399291,43.705467,,,,33.451617276462,9149.94560818337,,1
1049023,48335893,3,238,,-79.399464,43.70548,,,,13.9968393976725,9163.94244758104,,1
