shape_id,trip_id,route_type,id,timestamp,shape_pt_lon,shape_pt_lat,stop_id,stop_sequence,speed,dist,cumdist,cumtime,trip_number
1049866,48348848,3,1,,-79.487656,43.706367,,,1e-12,0,0,0,1
1049866,48348848,3,2,05:46:08,-79.4878799979522,43.7069150002187,2578,1,,63.6104951644913,63.6104951644913,,1
1049866,48348848,3,3,05:46:08,-79.4878799979522,43.7069150002187,2578,1,1e-12,0,63.6104951644913,0,1
1049866,48348848,3,4,05:46:18,-79.488104,43.707463,,,24.1030858633634,63.6104951633105,127.220990327802,9.50076616272584,1
1049866,48348848,3,5,05:46:24,-79.488266,43.707806,,,24.1030858633634,40.3466371702792,167.567627498081,15.5268781152116,1
1049866,48348848,3,6,05:46:26,-79.488326,43.707943,,,24.1030858633634,15.9967925210448,183.564420019126,17.9161345532553,1
1049866,48348848,3,7,05:46:28,-79.488378,43.708035,,,24.1030858633634,11.0632500645446,194.62767008367,19.568524643808,1
1049866,48348848,3,8,05:46:29,-79.488441,43.708092,,,24.1030858633634,8.12171994358175,202.749390027252,20.781572299309,1
1049866,48348848,3,9,05:46:30,-79.488471,43.708162,6388,2,24.1030858633634,8.15774096890401,210.907130996156,22,1
1049866,48348848,3,10,05:46:30,-79.488471,43.708162,6388,2,1e-12,0,210.907130996156,22,1
1049866,48348848,3,11,05:46:32,-79.488538,43.708278,,,23.9210264361623,13.9933841887884,224.900515184945,24.105937352399,1
1049866,48348848,3,12,05:46:39,-79.488794,43.708619,,,23.9210264361623,43.189351587491,268.089866772436,30.6057280754225,1
1049866,48348848,3,13,05:46:48,-79.489083,43.709111,,,23.9210264361623,59.5019049359665,327.591771708402,39.5604800105508,1
1049866,48348848,3,14,05:46:51,-79.48919,43.709274,,,23.9210264361623,20.0842529642051,347.676024672607,42.5830639646338,1
1049866,48348848,3,15,05:46:52,-79.489235,43.709374,,,23.9210264361623,11.7060798861525,359.38210455876,44.3447729658179,1
1049866,48348848,3,16,05:46:54,-79.48928,43.709454,,,23.9210264361623,9.61358218676015,368.99568674552,45.7915710772909,1
1049866,48348848,3,17,05:46:56,-79.489332,43.709549,,,23.9210264361623,11.3730623264827,380.368749072003,47.5031625294638,1
1049866,48348848,3,18,05:46:57,-79.489382,43.709656,,,23.9210264361623,12.5723452054705,392.941094277473,49.3952403155271,1
1049866,48348848,3,19,05:46:59,-79.489431,43.709745,6620,3,23.9210264361623,10.6631941211013,403.604288398574,51,1
1049866,48348848,3,20,05:46:59,-79.489431,43.709745,6620,3,1e-12,0,403.604288398574,51,1
1049866,48348848,3,21,05:47:02,-79.489512,43.709891,,,24.4015362320064,17.5108744080579,421.115162806632,53.5834089816986,1
1049866,48348848,3,22,05:47:04,-79.489565,43.710037,,,24.4015362320064,16.8028739460859,437.918036752718,56.0623654552081,1
1049866,48348848,3,23,05:47:05,-79.489577,43.710109,,,24.4015362320064,8.07295888343279,445.990995636151,57.2533827626446,1
1049866,48348848,3,24,05:47:06,-79.489594,43.710183,,,24.4015362320064,8.35044877402481,454.341444410176,58.4853386239751,1
1049866,48348848,3,25,05:47:09,-79.489594,43.710323,,,24.4015362320064,15.5847287039932,469.926173114169,60.784580065208,1
1049866,48348848,3,26,05:47:12,-79.489616,43.710501,,,24.4015362320064,19.8937896644679,489.819962778637,63.7195445736371,1
1049866,48348848,3,27,05:47:15,-79.489657,43.710671,,,24.4015362320064,19.2097311893559,509.029693967993,66.5535887757793,1
1049866,48348848,3,28,05:47:16,-79.489687,43.710729,,,24.4015362320064,6.89304582889001,515.922739796883,67.5705315103705,1
1049866,48348848,3,29,05:47:18,-79.489708,43.710876,,,24.4015362320064,16.4509792951249,532.373719092008,69.9975723695755,1
1049866,48348848,3,30,05:47:20,-79.489736,43.710999,,,24.4015362320064,13.876425634919,546.250144726927,72.044784963518,1
1049866,48348848,3,31,05:47:22,-79.48976,43.711102,,,24.4015362320064,11.627401302193,557.87754602912,73.7601951856413,1
1049866,48348848,3,32,05:47:23,-79.489776,43.711193,,,24.4015362320064,10.2115576342582,568.089103663378,75.266723591632,1
1049866,48348848,3,33,05:47:25,-79.489803,43.711311,,,24.4015362320064,13.3141516482821,581.40325531166,77.2309829512926,1
1049866,48348848,3,34,05:47:27,-79.489807,43.711405,,,24.4015362320064,10.4689809682671,591.872236279927,78.7754894580726,1
1049866,48348848,3,35,05:47:29,-79.489833,43.711551,,,24.4015362320064,16.3867422914739,608.258978571401,81.1930533232496,1
1049866,48348848,3,36,05:47:31,-79.489862,43.711667,,,24.4015362320064,13.1222048800949,621.381183451496,83.1289944508569,1
1049866,48348848,3,37,05:47:33,-79.489894,43.711785,,,24.4015362320064,13.3856845890747,634.766868040571,85.1038071865183,1
1049866,48348848,3,38,05:47:35,-79.489935,43.71188,,,24.4015362320064,11.0779846081089,645.844852648679,86.7381610325226,1
1049866,48348848,3,39,05:47:37,-79.489979,43.712014,6408,4,24.4015362320064,15.3312070877403,661.17605973642,89,1
1049866,48348848,3,40,05:47:37,-79.489979,43.712014,6408,4,1e-12,0,661.17605973642,89,1
1049866,48348848,3,41,05:47:38,-79.490024,43.712101,,,25.3588273766409,10.3395400157592,671.515599752179,90.4678259173379,1
1049866,48348848,3,42,05:47:43,-79.490145,43.712354,,,25.3588273766409,29.7992230760231,701.314822828202,94.698195148547,1
1049866,48348848,3,43,05:47:51,-79.4908725019908,43.712190002307,,,25.3588273766409,61.3183445968091,762.633167425011,103.40309452224,1
1049866,48348848,3,44,05:48:00,-79.4916,43.712026,,,25.3588273766409,61.3183445956501,823.951512020661,112.107993895769,1
1049866,48348848,3,45,05:48:08,-79.4922580050147,43.7118737556618,5163,5,25.3588273766409,55.5922279035,879.543739924161,120,1
1049866,48348848,3,46,05:48:08,-79.4922580050147,43.7118737556618,5163,5,1e-12,0,879.543739924161,120,1
1049866,48348848,3,47,05:48:17,-79.4929160066863,43.711721507549,,,23.0807363063175,55.5922279011619,935.135967825323,128.670954764533,1
1049866,48348848,3,48,05:48:25,-79.4935740050147,43.7115692556618,,,23.0807363063175,55.5922279009182,990.728195726241,137.341909529027,1
1049866,48348848,3,49,05:48:34,-79.494232,43.711417,,,23.0807363063175,55.5922279036392,1046.32042362988,146.012864293946,1
1049866,48348848,3,50,05:48:35,-79.494309,43.711395,,,23.0807363063175,6.66226411587505,1052.98268774576,147.052005788344,1
1049866,48348848,3,51,05:48:36,-79.49441,43.711381,,,23.0807363063175,8.27505132854515,1061.2577390743,148.342700521276,1
1049866,48348848,3,52,05:48:37,-79.49448,43.711376,,,23.0807363063175,5.65998826205815,1066.91772733636,149.225512814307,1
1049866,48348848,3,53,05:48:38,-79.494547,43.711369,,,23.0807363063175,5.44718371636127,1072.36491105272,150.075133082856,1
1049866,48348848,3,54,05:48:39,-79.494624,43.711361,,,23.0807363063175,6.25948588114566,1078.62439693387,151.051451553509,1
1049866,48348848,3,55,05:48:40,-79.494704,43.711356,,,23.0807363063175,6.46122538460619,1085.08562231847,152.059236187235,1
1049866,48348848,3,56,05:48:41,-79.494772,43.711347,,,23.0807363063175,5.56259391010186,1090.64821622857,152.926857471521,1
1049866,48348848,3,57,05:48:42,-79.494833,43.711357,,,23.0807363063175,5.0330216362422,1095.68123786482,153.711879129843,1
1049866,48348848,3,58,05:48:43,-79.494899,43.711355,,,23.0807363063175,5.31536068999513,1100.99659855481,154.540938403777,1
1049866,48348848,3,59,05:48:43,-79.494959,43.711359,,,23.0807363063175,4.848395822167,1105.84499437698,155.297163193496,1
1049866,48348848,3,60,05:48:44,-79.495026,43.711358,,,23.0807363063175,5.39230995252497,1111.2373043295,156.138224569159,1
1049866,48348848,3,61,05:48:45,-79.495081,43.711352,,,23.0807363063175,4.47569787177035,1115.71300220127,156.836318084224,1
1049866,48348848,3,62,05:48:45,-79.49512,43.711351,,,23.0807363063175,3.14011253570892,1118.85311473698,157.326094709134,1
1049866,48348848,3,63,05:48:47,-79.495229,43.711346,,,23.0807363063175,8.78833925248924,1127.64145398947,158.696849129144,1
1049866,48348848,3,64,05:48:48,-79.495307,43.711338,,,23.0807363063175,6.33914514627214,1133.98059913574,159.685592392084,1
1049866,48348848,3,65,05:48:49,-79.495371,43.711329,,,23.0807363063175,5.24631884710529,1139.22691798285,160.503882917955,1
1049866,48348848,3,66,05:48:49,-79.495423,43.711316,,,23.0807363063175,4.42737775295797,1143.65429573581,161.194439739848,1
1049866,48348848,3,67,05:48:50,-79.495477,43.711306,,,23.0807363063175,4.48544916853962,1148.13974490435,161.894054205888,1
1049866,48348848,3,68,05:48:51,-79.495561,43.711292,,,23.0807363063175,6.93641971774318,1155.07616462209,162.975956908318,1
1049866,48348848,3,69,05:48:52,-79.49565,43.711285,,,23.0807363063175,7.20367089703559,1162.27983551913,164.099543906807,1
1049866,48348848,3,70,05:48:54,-79.495793,43.711249,1907,6,23.0807363063175,12.1844238746478,1174.46425939377,166,1
1049866,48348848,3,71,05:48:54,-79.495793,43.711249,1907,6,1e-12,0,1174.46425939377,166,1
1049866,48348848,3,72,05:49:00,-79.496299,43.711143,,,26.9297613694896,42.3908507130359,1216.85511010681,171.666855360249,1
1049866,48348848,3,73,05:49:10,-79.497213,43.710939,,,26.9297613694896,76.9717096667656,1293.82681977357,181.956517826932,1
1049866,48348848,3,74,05:49:21,-79.49819,43.710711,5541,7,26.9297613694896,82.6106498913708,1376.43746966495,193,1
1049866,48348848,3,75,05:49:21,-79.49819,43.710711,5541,7,1e-12,0,1376.43746966495,193,1
1049866,48348848,3,76,05:49:34,-79.4992210038791,43.7104855046333,,,24.0024066573649,86.6753573740578,1463.112827039,206.000000000036,1
1049866,48348848,3,77,05:49:47,-79.500252,43.71026,1952,8,24.0024066573649,86.6753573735772,1549.78818441258,219,1
1049866,48348848,3,78,05:49:47,-79.500252,43.71026,1952,8,1e-12,0,1549.78818441258,219,1
1049866,48348848,3,79,05:50:02,-79.501375,43.710027,,,22.022487476024,94.0129019602024,1643.80108637278,234.368220661957,1
1049866,48348848,3,80,05:50:04,-79.501515,43.709984,,,22.022487476024,12.240152845412,1656.04123921819,236.369109539359,1
1049866,48348848,3,81,05:50:16,-79.5023685023781,43.7098170031753,6301,9,22.022487476024,71.1503165290231,1727.19155574722,248,1
1049866,48348848,3,82,05:50:16,-79.5023685023781,43.7098170031753,6301,9,1e-12,0,1727.19155574722,248,1
1049866,48348848,3,83,05:50:26,-79.503222,43.70965,,,24.9168176474979,71.1503165293077,1798.34187227653,258.279849663355,1
1049866,48348848,3,84,05:50:38,-79.504214,43.709459,,,24.9168176474979,82.606946365188,1880.94881864171,270.214961567364,1
1049866,48348848,3,85,05:50:40,-79.504376,43.709418,,,24.9168176474979,13.8116646586823,1894.7604833004,272.21048095811,1
1049866,48348848,3,86,05:50:43,-79.504588,43.709398,,,24.9168176474979,17.2038230742191,1911.96430637461,274.696101872601,1
1049866,48348848,3,87,05:50:45,-79.504813,43.709349,,,24.9168176474979,18.9090751652189,1930.87338153983,277.42809885383,1
1049866,48348848,3,88,05:50:47,-79.50497,43.709327,,,24.9168176474979,12.868630868638,1943.74201240847,279.287368034288,1
1049866,48348848,3,89,05:50:49,-79.505127,43.709302,,,24.9168176474979,12.9363465349337,1956.67835894341,281.156420823637,1
1049866,48348848,3,90,05:50:51,-79.505278,43.709267,1434,10,24.9168176474979,12.7600350433754,1969.43839398678,283,1
1049866,48348848,3,91,05:50:51,-79.505278,43.709267,1434,10,1e-12,0,1969.43839398678,283,1
1049866,48348848,3,92,05:50:55,-79.50547,43.709247,,,15.0564498747327,15.6094303076502,1985.04782429443,286.73221772563,1
1049866,48348848,3,93,05:50:56,-79.505556,43.709238,,,15.0564498747327,6.99238872340267,1992.04021301783,288.40409918598,1
1049866,48348848,3,94,05:51:11,-79.5062965060691,43.7090742571705,,,15.0564498747327,62.3126870379919,2054.35290005583,303.303074389506,1
1049866,48348848,3,95,05:51:26,-79.5070370080922,43.7089105095606,,,15.0564498747327,62.3126870377204,2116.66558709355,318.202049592967,1
1049866,48348848,3,96,05:51:41,-79.5077775060692,43.7087467571704,,,15.0564498747327,62.3126870380944,2178.97827413164,333.101024796517,1
1049866,48348848,3,97,05:51:56,-79.508518,43.708583,413,11,15.0564498747327,62.3126870378137,2241.29096116945,348,1
1049866,48348848,3,98,05:51:56,-79.508518,43.708583,413,11,1e-12,0,2241.29096116945,348,1
1049866,48348848,3,99,05:52:05,-79.5087169985043,43.7090335001726,,,19.9492922036719,52.6439655361093,2293.93492670556,357.499999999755,1
1049866,48348848,3,100,05:52:15,-79.508916,43.709484,6803,12,19.9492922036719,52.6439655388253,2346.57889224439,367,1
1049866,48348848,3,101,05:52:15,-79.508916,43.709484,6803,12,1e-12,0,2346.57889224439,367,1
1049866,48348848,3,102,05:52:24,-79.5091124984296,43.7099630001683,,,21.2813225402597,55.6170046682277,2402.19589691262,376.408307046089,1
1049866,48348848,3,103,05:52:34,-79.509309,43.710442,,,21.2813225402597,55.6170046710945,2457.81290158371,385.816614092663,1
1049866,48348848,3,104,05:52:38,-79.509605,43.710495,,,21.2813225402597,24.5378737879713,2482.35077537168,389.967500179258,1
1049866,48348848,3,105,05:52:46,-79.510131,43.710624,,,21.2813225402597,44.6949469286639,2527.04572230035,397.528205517885,1
1049866,48348848,3,106,05:52:50,-79.510425,43.71072,,,21.2813225402597,25.958792133798,2553.00451443414,401.919457589032,1
1049866,48348848,3,107,05:52:53,-79.510641,43.710797,,,21.2813225402597,19.3793377390332,2572.38385217318,405.197713239194,1
1049866,48348848,3,108,05:52:56,-79.51083,43.710856,10295,13,21.2813225402597,16.5656578908367,2588.94951006401,408,1
1049866,48348848,3,109,05:52:56,-79.51083,43.710856,10295,13,1e-12,0,2588.94951006401,408,1
1049866,48348848,3,110,05:52:58,-79.511001,43.710929,,,24.3537801936933,15.9801353560052,2604.92964542002,410.362199495277,1
1049866,48348848,3,111,05:53:01,-79.511159,43.711003,,,24.3537801936933,15.1490440046455,2620.07868942467,412.60154624075,1
1049866,48348848,3,112,05:53:04,-79.511382,43.71114,,,24.3537801936933,23.5492241351706,2643.62791355984,416.082615964315,1
1049866,48348848,3,113,05:53:10,-79.511746,43.71136,,,24.3537801936933,38.1790505717672,2681.8069641316,421.726281176254,1
1049866,48348848,3,114,05:53:13,-79.511924,43.711482,,,24.3537801936933,19.7379004094429,2701.54486454105,424.643957237582,1
1049866,48348848,3,115,05:53:17,-79.512203,43.711684,,,24.3537801936933,31.7747110006032,2733.31957554165,429.340926607118,1
1049866,48348848,3,116,05:53:21,-79.512417,43.711822,,,24.3537801936933,23.0760061084035,2756.39558165005,432.752044771507,1
1049866,48348848,3,117,05:53:24,-79.512625,43.711933,,,24.3537801936933,20.8037433034611,2777.19932495351,435.827274789057,1
1049866,48348848,3,118,05:53:31,-79.513152,43.712195,,,24.3537801936933,51.4663837166659,2828.66570867018,443.435086796327,1
1049866,48348848,3,119,05:53:35,-79.513373,43.712296,,,24.3537801936933,21.03875322488,2849.70446189506,446.545056214101,1
1049866,48348848,3,120,05:53:35,-79.513428,43.712294,,,24.3537801936933,4.43110732651665,2854.13556922158,447.200066904375,1
1049866,48348848,3,121,05:53:36,-79.513525,43.712274,,,24.3537801936933,8.11632459179127,2862.25189381337,448.39983007453,1
1049866,48348848,3,122,05:53:41,-79.513893,43.712188,3975,14,24.3537801936933,31.1198686718133,2893.37176248518,453,1
1049866,48348848,3,123,05:53:41,-79.513893,43.712188,3975,14,1e-12,0,2893.37176248518,453,1
1049866,48348848,3,124,05:53:59,-79.515016,43.711931,,,18.5875095718207,94.7820337338915,2988.15379621907,471.357237160986,1
1049866,48348848,3,125,05:54:18,-79.516162,43.711683,3311,15,18.5875095718207,96.2562590875996,3084.41005530667,490,1
1049866,48348848,3,126,05:54:18,-79.516162,43.711683,3311,15,1e-12,0,3084.41005530667,490,1
1049866,48348848,3,127,05:54:29,-79.517308,43.711427,,,31.4165274124859,96.5158203706829,3180.92587567735,501.059686793913,1
1049866,48348848,3,128,05:54:40,-79.518443,43.711177,1517,16,31.4165274124859,95.4740693722864,3276.39994504964,512,1
1049866,48348848,3,129,05:54:40,-79.518443,43.711177,1517,16,1e-12,0,3276.39994504964,512,1
1049866,48348848,3,130,05:54:59,-79.519591,43.710912,,,18.6390523646898,96.9704108418746,3373.37035589152,530.729143102365,1
1049866,48348848,3,131,05:55:17,-79.520708,43.710647,14818,17,18.6390523646898,94.5976273507708,3467.96798324229,549,1
1049866,48348848,3,132,05:55:17,-79.520708,43.710647,14818,17,1e-12,0,3467.96798324229,549,1
1049866,48348848,3,133,05:55:33,-79.521847,43.710391,,,22.1593541412792,95.9793360346644,3563.94731927695,564.59276536319,1
1049866,48348848,3,134,05:55:49,-79.523017,43.710135,,,22.1593541412792,98.3644712045871,3662.31179048154,580.573018852476,1
1049866,48348848,3,135,05:56:04,-79.524144,43.709882,5169,18,22.1593541412792,94.9588718274484,3757.27066230899,596,1
1049866,48348848,3,136,05:56:04,-79.524144,43.709882,5169,18,1e-12,0,3757.27066230899,596,1
1049866,48348848,3,137,05:56:15,-79.5250055027382,43.7096915032351,,,23.3393563809635,72.4936734872843,3829.76433579627,607.18185181692,1
1049866,48348848,3,138,05:56:26,-79.525867,43.709501,,,23.3393563809635,72.4936734872356,3902.25800928351,618.363703633833,1
1049866,48348848,3,139,05:56:40,-79.526942,43.70925,,,23.3393563809635,90.9035190691808,3993.16152835269,632.385198627413,1
1049866,48348848,3,140,05:56:49,-79.527618,43.709085,,,23.3393563809635,57.4137604719013,4050.57528882459,641.241035708997,1
1049866,48348848,3,141,05:56:50,-79.527676,43.709071,3005,19,23.3393563809635,4.92048279670907,4055.4957716213,642,1
1049866,48348848,3,142,05:56:50,-79.527676,43.709071,3005,19,1e-12,0,4055.4957716213,642,1
1049866,48348848,3,143,05:56:59,-79.5283607552694,43.7089172561315,,,23.079133442216,57.6978336041883,4113.19360522548,650.999999999789,1
1049866,48348848,3,144,05:57:08,-79.5290455070259,43.7087635081753,,,23.079133442216,57.6978336058555,4170.89143883134,659.999999999838,1
1049866,48348848,3,145,05:57:17,-79.5297302552695,43.7086097561314,3369,20,23.079133442216,57.6978336065763,4228.58927243792,669,1
1049866,48348848,3,146,05:57:17,-79.5297302552695,43.7086097561314,3369,20,1e-12,0,4228.58927243792,669,1
1049866,48348848,3,147,05:57:30,-79.530415,43.708456,,,15.7612960565975,57.6978336052273,4286.28710604314,682.178624412164,1
1049866,48348848,3,148,05:57:45,-79.5311685022062,43.7082805024748,,,15.7612960565975,63.7032631772938,4349.99036922044,696.728934654085,1
1049866,48348848,3,149,05:57:59,-79.531922,43.708105,,,15.7612960565975,63.7032631784692,4413.69363239891,711.279244896274,1
1049866,48348848,3,150,05:58:00,-79.53196,43.708098,9096,21,15.7612960565975,3.15556515947998,4416.84919755839,712,1
1049866,48348848,3,151,05:58:00,-79.53196,43.708098,9096,21,1e-12,0,4416.84919755839,712,1
1049866,48348848,3,152,,-79.532934,43.707895,,,,81.5700830237598,4498.41928058215,,1
