shape_id,trip_id,route_type,id,timestamp,shape_pt_lon,shape_pt_lat,stop_id,stop_sequence,speed,dist,cumdist,cumtime,trip_number
1049310,48338662,3,1,,-79.436495,43.699211,,,1e-12,0,0,0,1
1049310,48338662,3,2,04:51:00,-79.436588,43.699519,14197,1,,35.0938588500544,35.0938588500544,,1
1049310,48338662,3,3,04:51:00,-79.436588,43.699519,14197,1,1e-12,0,35.0938588500544,0,1
1049310,48338662,3,4,04:51:02,-79.436574,43.699607,,,15.1393859404431,9.86069975939677,44.9545586094511,2.34477932417313,1
1049310,48338662,3,5,04:51:04,-79.436528,43.699678,,,15.1393859404431,8.72776557640352,53.6823241858547,4.42015782358227,1
1049310,48338662,3,6,04:51:07,-79.436441,43.69974,,,15.1393859404431,9.83160648396528,63.5139306698199,6.7580190473803,1
1049310,48338662,3,7,04:51:10,-79.436294,43.699776,,,15.1393859404431,12.4909772601781,76.004907929998,9.72825299963828,1
1049310,48338662,3,8,04:51:12,-79.436162,43.699783,,,15.1393859404431,10.6519836390265,86.6568915690245,12.2611920006882,1
1049310,48338662,3,9,04:51:15,-79.43604,43.699757,,,15.1393859404431,10.2363408090578,96.8932323780824,14.6952951444733,1
1049310,48338662,3,10,04:51:16,-79.435963,43.699719,,,15.1393859404431,7.50313654504456,104.396368923127,16.479468668315,1
1049310,48338662,3,11,04:51:19,-79.435873,43.699645,,,15.1393859404431,10.9692155522181,115.365584475345,19.0878423595157,1
1049310,48338662,3,12,04:51:28,-79.435738,43.699323,,,15.1393859404431,37.4553337838238,152.820918259169,27.9943595823549,1
1049310,48338662,3,13,04:51:35,-79.435639,43.699056,,,15.1393859404431,30.7717236370111,183.59264189618,35.3115787568333,1
1049310,48338662,3,14,04:51:39,-79.435663,43.698921,,,15.1393859404431,15.1517541965326,198.744396092712,38.9145198088745,1
1049310,48338662,3,15,04:51:42,-79.435716,43.698827,,,15.1393859404431,11.3000345750539,210.044430667766,41.60155907389,1
1049310,48338662,3,16,04:51:47,-79.436006,43.698762,,,15.1393859404431,24.4356504376151,234.480081105381,47.4121211350907,1
1049310,48338662,3,17,04:51:56,-79.436449,43.698678,,,15.1393859404431,36.8593778650073,271.339458970389,56.1769257867477,1
1049310,48338662,3,18,04:52:11,-79.437177,43.698507,,,15.1393859404431,61.6057424857374,332.945201456126,70.8261773363891,1
1049310,48338662,3,19,04:52:13,-79.437281,43.698482,,,15.1393859404431,8.82069609010581,341.765897546232,72.9236538159042,1
1049310,48338662,3,20,04:52:33,-79.438313,43.698269,,,15.1393859404431,86.376142230332,428.142039776564,93.4630675842339,1
1049310,48338662,3,21,04:52:35,-79.438405,43.698237,,,15.1393859404431,8.21673131834342,436.358771094907,95.4169270645591,1
1049310,48338662,3,22,04:52:48,-79.439043,43.698102,,,15.1393859404431,53.5019998951651,489.860770990072,108.139186763882,1
1049310,48338662,3,23,04:52:52,-79.439237,43.698062,338,2,15.1393859404431,16.2362060071007,506.096976997173,112,1
1049310,48338662,3,24,04:52:52,-79.439237,43.698062,338,2,1e-12,0,506.096976997173,112,1
1049310,48338662,3,25,04:52:55,-79.439378,43.698033,,,16.9814718846046,11.7983471378427,517.895324135016,114.501199541763,1
1049310,48338662,3,26,04:53:10,-79.440244,43.697839,,,16.9814718846046,72.9674518962554,590.862776031271,129.969989798082,1
1049310,48338662,3,27,04:53:21,-79.4408785043173,43.6977030052645,,,16.9814718846046,53.2637359194857,644.126511950757,141.261675855283,1
1049310,48338662,3,28,04:53:33,-79.4415130057565,43.6975670070192,,,16.9814718846046,53.2637359223624,697.390247873119,152.553361913094,1
1049310,48338662,3,29,04:53:44,-79.4421475043174,43.6974310052644,,,16.9814718846046,53.2637359190665,750.653983792186,163.845047970207,1
1049310,48338662,3,30,04:53:55,-79.442782,43.697295,,,16.9814718846046,53.2637359208977,803.917719713084,175.136734027708,1
1049310,48338662,3,31,04:54:03,-79.442643,43.696959,,,16.9814718846046,39.0405717918035,842.958291504887,183.413169627964,1
1049310,48338662,3,32,04:54:04,-79.442634,43.696935,597,3,16.9814718846046,2.76812318437784,845.726414689265,184,1
1049310,48338662,3,33,04:54:04,-79.442634,43.696935,597,3,1e-12,0,845.726414689265,184,1
1049310,48338662,3,34,04:54:08,-79.442497,43.696604,,,32.7913413074879,38.4612088410552,884.18762353032,188.222466855791,1
1049310,48338662,3,35,04:54:10,-79.442442,43.696501,,,32.7913413074879,12.2907472872139,896.478370817534,189.571807519202,1
1049310,48338662,3,36,04:54:19,-79.44215,43.695777,,,32.7913413074879,83.9519948570942,980.430365674628,198.788483917142,1
1049310,48338662,3,37,04:54:29,-79.441803,43.69498,5003,4,32.7913413074879,93.0136969833024,1073.44406265793,209,1
1049310,48338662,3,38,04:54:29,-79.441803,43.69498,5003,4,1e-12,0,1073.44406265793,209,1
1049310,48338662,3,39,04:54:39,-79.441494,43.694188,,,31.7872829775849,91.6058071226177,1165.04986978055,219.37461760648,1
1049310,48338662,3,40,04:54:49,-79.441205,43.69349,,,31.7872829775849,81.1081366809019,1246.15800646145,228.560344246192,1
1049310,48338662,3,41,04:54:57,-79.440911,43.692815,,,31.7872829775849,78.7788001477704,1324.93680660922,237.482266913567,1
1049310,48338662,3,42,04:55:00,-79.440833,43.692647,,,31.7872829775849,19.7273607611984,1344.66416737042,239.716446500114,1
1049310,48338662,3,43,04:55:05,-79.440628,43.692255,2095,5,31.7872829775849,46.6527250633612,1391.31689243378,245,1
1049310,48338662,3,44,04:55:05,-79.440628,43.692255,2095,5,1e-12,0,1391.31689243378,245,1
1049310,48338662,3,45,04:55:07,-79.440579,43.69214,,,29.8383096312211,13.3955257672205,1404.712418201,246.61617374972,1
1049310,48338662,3,46,04:55:16,-79.440312,43.691475,,,29.8383096312211,77.0839547234684,1481.79637292447,255.916373406946,1
1049310,48338662,3,47,04:55:26,-79.440012,43.69078,,,29.8383096312211,81.0479483100281,1562.8443212345,265.69482994561,1
1049310,48338662,3,48,04:55:28,-79.439946,43.6906,,,29.8383096312211,20.7298017612079,1583.5741229957,268.195886046398,1
1049310,48338662,3,49,04:55:38,-79.439646,43.689903,4196,6,29.8383096312211,81.2606077242683,1664.83473071997,278,1
1049310,48338662,3,50,04:55:38,-79.439646,43.689903,4196,6,1e-12,0,1664.83473071997,278,1
1049310,48338662,3,51,04:55:40,-79.439599,43.689772,,,33.759568708006,15.0656011945863,1679.90033191456,279.606541978353,1
1049310,48338662,3,52,04:55:42,-79.439538,43.689555,,,33.759568708006,24.6503102406809,1704.55064215524,282.235163144518,1
1049310,48338662,3,53,04:55:49,-79.439365,43.688998,,,33.759568708006,63.5494815607588,1768.100123716,289.011853202305,1
1049310,48338662,3,54,04:55:54,-79.439259,43.688604,,,33.759568708006,44.6821297819869,1812.78225349799,293.776596158781,1
1049310,48338662,3,55,04:55:59,-79.439108,43.688162,,,33.759568708006,50.6823202274829,1863.46457372547,299.181178024061,1
1049310,48338662,3,56,04:56:06,-79.4388949981623,43.6876445001977,,,33.759568708006,60.1052640651633,1923.56983779063,305.590589012279,1
1049310,48338662,3,57,04:56:12,-79.438682,43.687127,9353,7,33.759568708006,60.1052640605087,1983.67510185114,312,1
1049310,48338662,3,58,04:56:12,-79.438682,43.687127,9353,7,1e-12,0,1983.67510185114,312,1
1049310,48338662,3,59,04:56:22,-79.438405,43.686366,,,31.3162994906096,87.5995670506585,2071.2746689018,322.070105552444,1
1049310,48338662,3,60,04:56:25,-79.438296,43.686119,,,31.3162994906096,28.8619966612014,2100.136665563,325.387968443986,1
1049310,48338662,3,61,04:56:28,-79.438214,43.685903,,,31.3162994906096,24.9346093404753,2125.07127490348,328.254354162791,1
1049310,48338662,3,62,04:56:33,-79.438079,43.685547,,,31.3162994906096,41.0927884130387,2166.16406331652,332.978221308439,1
1049310,48338662,3,63,04:56:34,-79.438053,43.685455,,,31.3162994906096,10.453074197477,2176.61713751399,334.179866066057,1
1049310,48338662,3,64,04:56:40,-79.437873996097,43.685019000419,9182,8,31.3162994906096,50.6291825974456,2227.24632011144,340,1
1049310,48338662,3,65,04:56:40,-79.437873996097,43.685019000419,9182,8,1e-12,0,2227.24632011144,340,1
1049310,48338662,3,66,04:56:46,-79.4376949947961,43.6845830005586,,,31.5861814175974,50.6291826036638,2277.8755027151,345.770404942702,1
1049310,48338662,3,67,04:56:52,-79.4375159960971,43.684147000419,,,31.5861814175974,50.6291826027316,2328.50468531783,351.540809885298,1
1049310,48338662,3,68,04:56:57,-79.437337,43.683711,,,31.5861814175974,50.6291825982388,2379.13386791607,357.311214827382,1
1049310,48338662,3,69,04:57:04,-79.437118,43.68318,,,31.5861814175974,61.6837731787555,2440.81764109483,364.341554472041,1
1049310,48338662,3,70,04:57:11,-79.436911,43.682677,24364,9,31.5861814175974,58.4207967792539,2499.23843787408,371,1
1049310,48338662,3,71,04:57:11,-79.436911,43.682677,24364,9,1e-12,0,2499.23843787408,371,1
1049310,48338662,3,72,04:57:23,-79.436588,43.68186,,,29.2774226676023,94.5922325707618,2593.83067044484,382.63121635128,1
1049310,48338662,3,73,04:57:33,-79.4363094967483,43.6811595003381,,,29.2774226676023,81.1385524175097,2674.96922286235,392.608146083768,1
1049310,48338662,3,74,04:57:43,-79.436031,43.680459,,,29.2774226676023,81.138552422378,2756.10777528473,402.585075816855,1
1049310,48338662,3,75,04:57:47,-79.435905,43.680146,,,29.2774226676023,36.2895638498564,2792.39733913459,407.047300219007,1
1049310,48338662,3,76,04:57:49,-79.43585,43.680009,9023,10,29.2774226676023,15.8805602308522,2808.27789936544,409,1
1049310,48338662,3,77,04:57:49,-79.43585,43.680009,9023,10,1e-12,0,2808.27789936544,409,1
1049310,48338662,3,78,04:57:55,-79.435678,43.679585,,,28.9064887837551,49.1887853267195,2857.46668469216,415.125947308955,1
1049310,48338662,3,79,04:57:57,-79.435901,43.67954,,,28.9064887837551,18.6390012169395,2876.1056859091,417.44723942032,1
1049310,48338662,3,80,04:58:04,-79.435717,43.679095,,,28.9064887837551,51.7046516103352,2927.81033751943,423.886511487905,1
1049310,48338662,3,81,04:58:10,-79.435544,43.678677,,,28.9064887837551,48.5713296310733,2976.38166715051,429.935561165988,1
1049310,48338662,3,82,04:58:20,-79.435254,43.677982,8430,11,28.9064887837551,80.8132189639346,3057.19488611444,440,1
1049310,48338662,3,83,04:58:20,-79.435254,43.677982,8430,11,1e-12,0,3057.19488611444,440,1
1049310,48338662,3,84,04:58:28,-79.4350344980649,43.67745300021,,,28.0913127030969,61.4825181267869,3118.67740424123,447.879199793751,1
1049310,48338662,3,85,04:58:36,-79.434815,43.676924,,,28.0913127030969,61.4825181279299,3180.15992236916,455.758399587648,1
1049310,48338662,3,86,04:58:47,-79.434503,43.676169,7474,12,28.0913127030969,87.7198090185106,3267.87973138767,467,1
1049310,48338662,3,87,04:58:47,-79.434503,43.676169,7474,12,1e-12,0,3267.87973138767,467,1
1049310,48338662,3,88,04:58:56,-79.434294998253,43.6756650001886,,,24.7871129199946,58.551051949377,3326.43078333705,475.503765149984,1
1049310,48338662,3,89,04:59:04,-79.434087,43.675161,,,24.7871129199946,58.5510519499497,3384.981835287,484.00753030005,1
1049310,48338662,3,90,04:59:06,-79.434032,43.675031,,,24.7871129199946,15.1338939693572,3400.11572925635,486.205528044505,1
1049310,48338662,3,91,04:59:11,-79.433914,43.674747,3604,13,24.7871129199946,33.0114215979466,3433.1271508543,491,1
1049310,48338662,3,92,04:59:11,-79.433914,43.674747,3604,13,1e-12,0,3433.1271508543,491,1
1049310,48338662,3,93,04:59:16,-79.433771,43.6744,,,27.2525860450073,40.3072456825481,3473.43439653685,496.324488627154,1
1049310,48338662,3,94,04:59:20,-79.433429,43.674449,,,27.2525860450073,28.0710750075618,3501.50547154441,500.032609018383,1
1049310,48338662,3,95,04:59:29,-79.432609,43.674564,,,27.2525860450073,67.2516141289976,3568.75708567341,508.916382854178,1
1049310,48338662,3,96,04:59:34,-79.432161,43.674596,,,27.2525860450073,36.2459438103939,3605.0030294838,513.704383431515,1
1049310,48338662,3,97,04:59:41,-79.43148,43.674674,,,27.2525860450073,55.5135450790944,3660.5165745629,521.037587038494,1
1049310,48338662,3,98,04:59:46,-79.430972,43.674715,,,27.2525860450073,41.1551236367085,3701.6716981996,526.474078270829,1
1049310,48338662,3,99,04:59:52,-79.430823,43.674355,2952,14,27.2525860450073,41.8321270561673,3743.50382525577,532,1
1049310,48338662,3,100,04:59:52,-79.430823,43.674355,2952,14,1e-12,0,3743.50382525577,532,1
1049310,48338662,3,101,04:59:53,-79.430791,43.674278,,,28.2969285059365,8.95045007163168,3752.4542753274,533.138696740571,1
1049310,48338662,3,102,04:59:57,-79.430691,43.674036,,,28.2969285059365,28.116782619208,3780.57105794661,536.71577816861,1
1049310,48338662,3,103,05:00:05,-79.4304504977919,43.6734850002521,,,28.2969285059365,64.321069036974,3844.89212698358,544.89885176561,1
1049310,48338662,3,104,05:00:13,-79.43021,43.672934,,,28.2969285059365,64.3210690351933,3909.21319601878,553.081925362382,1
1049310,48338662,3,105,05:00:23,-79.4299304968774,43.6722635003405,24790,15,28.2969285059365,77.9586247047798,3987.17182072356,563,1
1049310,48338662,3,106,05:00:23,-79.4299304968774,43.6722635003405,24790,15,1e-12,0,3987.17182072356,563,1
1049310,48338662,3,107,05:00:33,-79.429651,43.671593,,,27.5607514656093,77.9586247058403,4065.1304454294,573.182996980007,1
1049310,48338662,3,108,05:00:36,-79.429581,43.671427,,,27.5607514656093,19.31948823839,4084.44993366779,575.706518798525,1
1049310,48338662,3,109,05:00:43,-79.429385,43.670965,,,27.5607514656093,53.7965331698044,4138.24646683759,582.733450544307,1
1049310,48338662,3,110,05:00:51,-79.429166,43.670419,2197,16,27.5607514656093,63.2867541740376,4201.53322101163,591,1
1049310,48338662,3,111,05:00:51,-79.429166,43.670419,2197,16,1e-12,0,4201.53322101163,591,1
1049310,48338662,3,112,05:00:59,-79.429008,43.670025,,,20.2764159122931,45.6677518304609,4247.20097284209,599.108134460291,1
1049310,48338662,3,113,05:01:14,-79.428709,43.669297,,,20.2764159122931,84.5412380193547,4331.74221086145,614.118107533745,1
1049310,48338662,3,114,05:01:28,-79.428421,43.668608,,,20.2764159122931,80.1283224867631,4411.87053334821,628.344584352928,1
1049310,48338662,3,115,05:01:42,-79.428143,43.667947,7017,17,20.2764159122931,76.9119130875737,4488.78244643578,642,1
1049310,48338662,3,116,05:01:42,-79.428143,43.667947,7017,17,1e-12,0,4488.78244643578,642,1
1049310,48338662,3,117,05:01:49,-79.428012,43.667621,,,18.5102294423713,37.7921680453175,4526.5746144811,649.350087441472,1
1049310,48338662,3,118,05:01:59,-79.427849,43.667213,,,18.5102294423713,47.2768802526396,4573.85149473374,658.544828621714,1
1049310,48338662,3,119,05:02:14,-79.427559,43.666513,,,18.5102294423713,81.3475205832608,4655.199015317,674.365868280433,1
1049310,48338662,3,120,05:02:29,-79.427284,43.665867,2502,18,18.5102294423713,75.2447599497411,4730.44377526674,689,1
1049310,48338662,3,121,05:02:29,-79.427284,43.665867,2502,18,1e-12,0,4730.44377526674,689,1
1049310,48338662,3,122,05:02:41,-79.4270952457811,43.6654197504658,,,15.9490960120271,52.0560772618607,4782.4998525286,700.750000000087,1
1049310,48338662,3,123,05:02:53,-79.4269064943749,43.6649725006211,,,15.9490960120271,52.0560772637496,4834.55592979235,712.500000000599,1
1049310,48338662,3,124,05:03:04,-79.4267177457812,43.6645252504658,,,15.9490960120271,52.0560772619491,4886.6120070543,724.250000000706,1
1049310,48338662,3,125,05:03:16,-79.426529,43.664078,7691,19,15.9490960120271,52.0560772583498,4938.66808431265,736,1
1049310,48338662,3,126,05:03:16,-79.426529,43.664078,7691,19,1e-12,0,4938.66808431265,736,1
1049310,48338662,3,127,05:03:26,-79.4263089980394,43.663543000211,,,21.9894684071098,62.1351801462933,5000.80326445894,746.172444571436,1
1049310,48338662,3,128,05:03:36,-79.426089,43.663008,,,21.9894684071098,62.1351801502125,5062.93844460916,756.344889143513,1
1049310,48338662,3,129,05:03:47,-79.425852,43.662456,,,21.9894684071098,64.3441094323837,5127.28255404154,766.878967988351,1
1049310,48338662,3,130,05:03:48,-79.425825,43.662392,,,21.9894684071098,7.44885652574012,5134.73141056728,768.098455562866,1
1049310,48338662,3,131,05:03:49,-79.425795,43.662322,,,21.9894684071098,8.1582864366324,5142.88969700391,769.434087267468,1
1049310,48338662,3,132,05:03:56,-79.425647,43.661978,607,20,21.9894684071098,40.1058140544033,5182.99551105832,776,1
1049310,48338662,3,133,05:03:56,-79.425647,43.661978,607,20,1e-12,0,5182.99551105832,776,1
1049310,48338662,3,134,05:04:04,-79.42548,43.661552,,,20.9884849385505,49.2922473099915,5232.28775836831,784.454735576937,1
1049310,48338662,3,135,05:04:13,-79.4253044960735,43.6611042504027,,,20.9884849385505,51.8084199294599,5284.09617829777,793.34105168275,1
1049310,48338662,3,136,05:04:22,-79.4251289947647,43.660656500537,,,20.9884849385505,51.8084199280978,5335.90459822587,802.22736778833,1
1049310,48338662,3,137,05:04:31,-79.4249534960736,43.6602087504027,,,20.9884849385505,51.8084199312192,5387.71301815708,811.113683894444,1
1049310,48338662,3,138,05:04:40,-79.424778,43.659761,1172,21,20.9884849385505,51.808419927959,5439.52143808504,820,1
1049310,48338662,3,139,05:04:40,-79.424778,43.659761,1172,21,1e-12,0,5439.52143808504,820,1
1049310,48338662,3,140,05:04:46,-79.424676,43.659499,,,17.5312137097709,30.3004417188393,5469.82187980388,826.222135671475,1
1049310,48338662,3,141,05:04:57,-79.424495998615,43.6590370001412,,,17.5312137097709,53.433589765056,5523.25546956894,837.194617459601,1
1049310,48338662,3,142,05:05:08,-79.424316,43.658575,,,17.5312137097709,53.433589767831,5576.68905933677,848.167099248297,1
1049310,48338662,3,143,05:05:09,-79.424302,43.65854,10175,22,17.5312137097709,4.05604474365082,5580.74510408042,849,1
1049310,48338662,3,144,05:05:09,-79.424302,43.65854,10175,22,1e-12,0,5580.74510408042,849,1
1049310,48338662,3,145,05:05:20,-79.424082997932,43.657973000209,,,21.0635562827082,65.5361269867486,5646.28123106717,860.200865323297,1
1049310,48338662,3,146,05:05:31,-79.423864,43.657406,,,21.0635562827082,65.5361269844533,5711.81735805162,871.401730646201,1
1049310,48338662,3,147,05:05:38,-79.423744,43.657097,,,21.0635562827082,35.7296282168791,5747.5469862685,877.50832821474,1
1049310,48338662,3,148,05:05:40,-79.42369,43.656972,6506,23,21.0635562827082,14.5787413574626,5762.12572762596,880,1
1049310,48338662,3,149,05:05:40,-79.42369,43.656972,6506,23,1e-12,0,5762.12572762596,880,1
1049310,48338662,3,150,05:05:52,-79.4233844959834,43.6561825004068,,,26.8319438375952,91.2659308740385,5853.3916585,892.245007411136,1
1049310,48338662,3,151,05:06:04,-79.423079,43.655393,,,26.8319438375952,91.2659308713849,5944.65758937139,904.490014821916,1
1049310,48338662,3,152,05:06:13,-79.422864,43.654837,,,26.8319438375952,64.2703179292462,6008.92790730063,913.113063004549,1
1049310,48338662,3,153,05:06:14,-79.422838,43.65477,,,26.8319438375952,7.74680115786714,6016.6747084585,914.152439217362,1
1049310,48338662,3,154,05:06:20,-79.422692,43.654393,2867,24,26.8319438375952,43.5837284740767,6060.25843693258,920,1
1049310,48338662,3,155,05:06:20,-79.422692,43.654393,2867,24,1e-12,0,6060.25843693258,920,1
1049310,48338662,3,156,05:06:27,-79.422533,43.653988,,,22.9006513520653,46.8678987920401,6107.12633572462,927.367669725085,1
1049310,48338662,3,157,05:06:29,-79.422504,43.653914,,,22.9006513520653,8.56237968209841,6115.68871540672,928.713682394405,1
1049310,48338662,3,158,05:06:36,-79.42234,43.653496,,,22.9006513520653,48.3700480844037,6164.05876349112,936.317491143196,1
1049310,48338662,3,159,05:06:44,-79.4221764988116,43.6530595001165,,,22.9006513520653,50.3438110589065,6214.40257455003,944.231576949132,1
1049310,48338662,3,160,05:06:52,-79.422013,43.652623,,,22.9006513520653,50.3438110591756,6264.7463856092,952.14566275511,1
1049310,48338662,3,161,05:07:04,-79.421769,43.651969,8564,25,22.9006513520653,75.4089011819525,6340.15528679115,964,1
1049310,48338662,3,162,05:07:04,-79.421769,43.651969,8564,25,1e-12,0,6340.15528679115,964,1
1049310,48338662,3,163,05:07:12,-79.421604,43.651537,,,21.9640231150264,49.8926089695386,6390.04789576069,972.177618068862,1
1049310,48338662,3,164,05:07:14,-79.421563,43.651436,,,21.9640231150264,11.7182202486682,6401.76611600936,974.098285911646,1
1049310,48338662,3,165,05:07:23,-79.42137,43.65095,,,21.9640231150264,56.2903666641483,6458.05648267351,983.324524607976,1
1049310,48338662,3,166,05:07:38,-79.421076,43.650173,,,21.9640231150264,89.6783350706696,6547.73481774418,998.023198187205,1
1049310,48338662,3,167,05:07:46,-79.420914,43.649727,,,21.9640231150264,51.3346006875316,6599.06941843171,1006.43716504142,1
1049310,48338662,3,168,05:07:54,-79.420769,43.649326,7989,26,21.9640231150264,46.1417449570317,6645.21116338874,1014,1
1049310,48338662,3,169,05:07:54,-79.420769,43.649326,7989,26,1e-12,0,6645.21116338874,1014,1
1049310,48338662,3,170,05:08:04,-79.420591,43.648878,,,17.9046673028464,51.8912145057994,6697.10237789454,1024.43350144748,1
1049310,48338662,3,171,05:08:17,-79.420368,43.648321,,,17.9046673028464,64.5543629617406,6761.65674085628,1037.41311747337,1
1049310,48338662,3,172,05:08:19,-79.420345,43.648263,,,17.9046673028464,6.71707324284493,6768.37381409913,1038.76368508042,1
1049310,48338662,3,173,05:08:29,-79.420166,43.647827,,,17.9046673028464,50.6316804019155,6819.00549450104,1048.94393843916,1
1049310,48338662,3,174,05:08:42,-79.419957,43.647269,,,17.9046673028464,64.3572237117397,6883.36271821278,1061.88391668301,1
1049310,48338662,3,175,05:08:50,-79.419826,43.646919,3353,27,17.9046673028464,40.3654921091257,6923.72821032191,1070,1
1049310,48338662,3,176,05:08:50,-79.419826,43.646919,3353,27,1e-12,0,6923.72821032191,1070,1
1049310,48338662,3,177,05:09:06,-79.419513,43.646082,,,21.2807974042395,96.5254226733489,7020.25363299526,1086.32887692239,1
1049310,48338662,3,178,05:09:15,-79.419381,43.645656,,,21.2807974042395,48.5995508944593,7068.85318388972,1094.55029738406,1
1049310,48338662,3,179,05:09:15,-79.419376,43.645636,,,21.2807974042395,2.26252785516522,7071.11571174488,1094.93304151361,1
1049310,48338662,3,180,05:09:27,-79.419166,43.645012,,,21.2807974042395,71.493489539293,7142.60920128417,1107.02735158351,1
1049310,48338662,3,181,05:09:43,-79.418877,43.64419,9390,28,21.2807974042395,94.4196374890368,7237.02883877321,1123,1
1049310,48338662,3,182,05:09:43,-79.418877,43.64419,9390,28,1e-12,0,7237.02883877321,1123,1
1049310,48338662,3,183,05:09:56,-79.4182015015236,43.6443255019888,,,15.6046273408284,56.4668441861757,7293.49568295939,1136.02694608659,1
1049310,48338662,3,184,05:10:09,-79.417526,43.644461,,,15.6046273408284,56.4668441883125,7349.9625271477,1149.05389217366,1
1049310,48338662,3,185,05:10:21,-79.4169080013168,43.6445890016646,491,29,15.6046273408284,51.7818224453674,7401.74434959307,1161,1
1049310,48338662,3,186,05:10:21,-79.4169080013168,43.6445890016646,491,29,1e-12,0,7401.74434959307,1161,1
1049310,48338662,3,187,05:10:31,-79.41629,43.644717,,,19.3039877704467,51.7818224486117,7453.52617204168,1170.65679024623,1
1049310,48338662,3,188,05:10:41,-79.416108,43.644259,,,19.3039877704467,53.0504079205494,7506.57657996223,1180.55015895248,1
1049310,48338662,3,189,05:10:53,-79.4158769977525,43.6436745002326,,,19.3039877704467,67.6748767125171,7574.25145667475,1193.17084432911,1
1049310,48338662,3,190,05:11:06,-79.415646,43.64309,,,19.3039877704467,67.6748767124859,7641.92633338723,1205.79152970573,1
1049310,48338662,3,191,05:11:14,-79.415495,43.64271,5704,30,19.3039877704467,44.0156139374135,7685.94194732464,1214,1
1049310,48338662,3,192,05:11:14,-79.415495,43.64271,5704,30,1e-12,0,7685.94194732464,1214,1
1049310,48338662,3,193,05:11:26,-79.415266,43.64211,,,21.0635597394813,69.2924794298574,7755.2344267545,1225.84286649706,1
1049310,48338662,3,194,05:11:39,-79.415006,43.641429,,,21.0635597394813,78.6488468740978,7833.8832736286,1239.28484174952,1
1049310,48338662,3,195,05:11:48,-79.4143955012296,43.6415500016244,435,31,21.0635597394813,50.992293457812,7884.87556708641,1248,1
1049310,48338662,3,196,05:11:48,-79.4143955012296,43.6415500016244,435,31,1e-12,0,7884.87556708641,1248,1
1049310,48338662,3,197,05:11:58,-79.413785,43.641671,,,19.1907667116774,50.9922934595323,7935.86786054594,1257.56565515137,1
1049310,48338662,3,198,05:12:15,-79.412696,43.641903,,,19.1907667116774,91.4506093746806,8027.31846992062,1274.7208943711,1
1049310,48338662,3,199,05:12:26,-79.411957,43.642034,,,19.1907667116774,61.2925640453451,8088.61103396597,1286.21877946753,1
1049310,48338662,3,200,05:12:39,-79.411732,43.641444,8626,32,19.1907667116774,68.1337282025377,8156.74476216851,1299,1
1049310,48338662,3,201,05:12:39,-79.411732,43.641444,8626,32,1e-12,0,8156.74476216851,1299,1
1049310,48338662,3,202,,-79.411698,43.641354,,,,10.3864132484593,8167.13117541697,,1
1049310,48338662,3,203,,-79.411456,43.64075,,,,70.0062873597597,8237.13746277673,,1
1049310,48338660,3,1,,-79.436495,43.699211,,,1e-12,0,0,0,2
1049310,48338660,3,2,05:06:00,-79.436588,43.699519,14197,1,,35.0938588500544,35.0938588500544,,2
1049310,48338660,3,3,05:06:00,-79.436588,43.699519,14197,1,1e-12,0,35.0938588500544,0,2
1049310,48338660,3,4,05:06:02,-79.436574,43.699607,,,15.1393859404431,9.86069975939677,44.9545586094511,2.34477932417313,2
1049310,48338660,3,5,05:06:04,-79.436528,43.699678,,,15.1393859404431,8.72776557640352,53.6823241858547,4.42015782358227,2
1049310,48338660,3,6,05:06:07,-79.436441,43.69974,,,15.1393859404431,9.83160648396528,63.5139306698199,6.7580190473803,2
1049310,48338660,3,7,05:06:10,-79.436294,43.699776,,,15.1393859404431,12.4909772601781,76.004907929998,9.72825299963828,2
1049310,48338660,3,8,05:06:12,-79.436162,43.699783,,,15.1393859404431,10.6519836390265,86.6568915690245,12.2611920006882,2
1049310,48338660,3,9,05:06:15,-79.43604,43.699757,,,15.1393859404431,10.2363408090578,96.8932323780824,14.6952951444733,2
1049310,48338660,3,10,05:06:16,-79.435963,43.699719,,,15.1393859404431,7.50313654504456,104.396368923127,16.479468668315,2
1049310,48338660,3,11,05:06:19,-79.435873,43.699645,,,15.1393859404431,10.9692155522181,115.365584475345,19.0878423595157,2
1049310,48338660,3,12,05:06:28,-79.435738,43.699323,,,15.1393859404431,37.4553337838238,152.820918259169,27.9943595823549,2
1049310,48338660,3,13,05:06:35,-79.435639,43.699056,,,15.1393859404431,30.7717236370111,183.59264189618,35.3115787568333,2
1049310,48338660,3,14,05:06:39,-79.435663,43.698921,,,15.1393859404431,15.1517541965326,198.744396092712,38.9145198088745,2
1049310,48338660,3,15,05:06:42,-79.435716,43.698827,,,15.1393859404431,11.3000345750539,210.044430667766,41.60155907389,2
1049310,48338660,3,16,05:06:47,-79.436006,43.698762,,,15.1393859404431,24.4356504376151,234.480081105381,47.4121211350907,2
1049310,48338660,3,17,05:06:56,-79.436449,43.698678,,,15.1393859404431,36.8593778650073,271.339458970389,56.1769257867477,2
1049310,48338660,3,18,05:07:11,-79.437177,43.698507,,,15.1393859404431,61.6057424857374,332.945201456126,70.8261773363891,2
1049310,48338660,3,19,05:07:13,-79.437281,43.698482,,,15.1393859404431,8.82069609010581,341.765897546232,72.9236538159042,2
1049310,48338660,3,20,05:07:33,-79.438313,43.698269,,,15.1393859404431,86.376142230332,428.142039776564,93.4630675842339,2
1049310,48338660,3,21,05:07:35,-79.438405,43.698237,,,15.1393859404431,8.21673131834342,436.358771094907,95.4169270645591,2
1049310,48338660,3,22,05:07:48,-79.439043,43.698102,,,15.1393859404431,53.5019998951651,489.860770990072,108.139186763882,2
1049310,48338660,3,23,05:07:52,-79.439237,43.698062,338,2,15.1393859404431,16.2362060071007,506.096976997173,112,2
1049310,48338660,3,24,05:07:52,-79.439237,43.698062,338,2,1e-12,0,506.096976997173,112,2
1049310,48338660,3,25,05:07:55,-79.439378,43.698033,,,16.9814718846046,11.7983471378427,517.895324135016,114.501199541763,2
1049310,48338660,3,26,05:08:10,-79.440244,43.697839,,,16.9814718846046,72.9674518962554,590.862776031271,129.969989798082,2
1049310,48338660,3,27,05:08:21,-79.4408785043173,43.6977030052645,,,16.9814718846046,53.2637359194857,644.126511950757,141.261675855283,2
1049310,48338660,3,28,05:08:33,-79.4415130057565,43.6975670070192,,,16.9814718846046,53.2637359223624,697.390247873119,152.553361913094,2
1049310,48338660,3,29,05:08:44,-79.4421475043174,43.6974310052644,,,16.9814718846046,53.2637359190665,750.653983792186,163.845047970207,2
1049310,48338660,3,30,05:08:55,-79.442782,43.697295,,,16.9814718846046,53.2637359208977,803.917719713084,175.136734027708,2
1049310,48338660,3,31,05:09:03,-79.442643,43.696959,,,16.9814718846046,39.0405717918035,842.958291504887,183.413169627964,2
1049310,48338660,3,32,05:09:04,-79.442634,43.696935,597,3,16.9814718846046,2.76812318437784,845.726414689265,184,2
1049310,48338660,3,33,05:09:04,-79.442634,43.696935,597,3,1e-12,0,845.726414689265,184,2
1049310,48338660,3,34,05:09:08,-79.442497,43.696604,,,32.7913413074879,38.4612088410552,884.18762353032,188.222466855791,2
1049310,48338660,3,35,05:09:10,-79.442442,43.696501,,,32.7913413074879,12.2907472872139,896.478370817534,189.571807519202,2
1049310,48338660,3,36,05:09:19,-79.44215,43.695777,,,32.7913413074879,83.9519948570942,980.430365674628,198.788483917142,2
1049310,48338660,3,37,05:09:29,-79.441803,43.69498,5003,4,32.7913413074879,93.0136969833024,1073.44406265793,209,2
1049310,48338660,3,38,05:09:29,-79.441803,43.69498,5003,4,1e-12,0,1073.44406265793,209,2
1049310,48338660,3,39,05:09:39,-79.441494,43.694188,,,31.7872829775849,91.6058071226177,1165.04986978055,219.37461760648,2
1049310,48338660,3,40,05:09:49,-79.441205,43.69349,,,31.7872829775849,81.1081366809019,1246.15800646145,228.560344246192,2
1049310,48338660,3,41,05:09:57,-79.440911,43.692815,,,31.7872829775849,78.7788001477704,1324.93680660922,237.482266913567,2
1049310,48338660,3,42,05:10:00,-79.440833,43.692647,,,31.7872829775849,19.7273607611984,1344.66416737042,239.716446500114,2
1049310,48338660,3,43,05:10:05,-79.440628,43.692255,2095,5,31.7872829775849,46.6527250633612,1391.31689243378,245,2
1049310,48338660,3,44,05:10:05,-79.440628,43.692255,2095,5,1e-12,0,1391.31689243378,245,2
1049310,48338660,3,45,05:10:07,-79.440579,43.69214,,,29.8383096312211,13.3955257672205,1404.712418201,246.61617374972,2
1049310,48338660,3,46,05:10:16,-79.440312,43.691475,,,29.8383096312211,77.0839547234684,1481.79637292447,255.916373406946,2
1049310,48338660,3,47,05:10:26,-79.440012,43.69078,,,29.8383096312211,81.0479483100281,1562.8443212345,265.69482994561,2
1049310,48338660,3,48,05:10:28,-79.439946,43.6906,,,29.8383096312211,20.7298017612079,1583.5741229957,268.195886046398,2
1049310,48338660,3,49,05:10:38,-79.439646,43.689903,4196,6,29.8383096312211,81.2606077242683,1664.83473071997,278,2
1049310,48338660,3,50,05:10:38,-79.439646,43.689903,4196,6,1e-12,0,1664.83473071997,278,2
1049310,48338660,3,51,05:10:40,-79.439599,43.689772,,,33.759568708006,15.0656011945863,1679.90033191456,279.606541978353,2
1049310,48338660,3,52,05:10:42,-79.439538,43.689555,,,33.759568708006,24.6503102406809,1704.55064215524,282.235163144518,2
1049310,48338660,3,53,05:10:49,-79.439365,43.688998,,,33.759568708006,63.5494815607588,1768.100123716,289.011853202305,2
1049310,48338660,3,54,05:10:54,-79.439259,43.688604,,,33.759568708006,44.6821297819869,1812.78225349799,293.776596158781,2
1049310,48338660,3,55,05:10:59,-79.439108,43.688162,,,33.759568708006,50.6823202274829,1863.46457372547,299.181178024061,2
1049310,48338660,3,56,05:11:06,-79.4388949981623,43.6876445001977,,,33.759568708006,60.1052640651633,1923.56983779063,305.590589012279,2
1049310,48338660,3,57,05:11:12,-79.438682,43.687127,9353,7,33.759568708006,60.1052640605087,1983.67510185114,312,2
1049310,48338660,3,58,05:11:12,-79.438682,43.687127,9353,7,1e-12,0,1983.67510185114,312,2
1049310,48338660,3,59,05:11:22,-79.438405,43.686366,,,31.3162994906096,87.5995670506585,2071.2746689018,322.070105552444,2
1049310,48338660,3,60,05:11:25,-79.438296,43.686119,,,31.3162994906096,28.8619966612014,2100.136665563,325.387968443986,2
1049310,48338660,3,61,05:11:28,-79.438214,43.685903,,,31.3162994906096,24.9346093404753,2125.07127490348,328.254354162791,2
1049310,48338660,3,62,05:11:33,-79.438079,43.685547,,,31.3162994906096,41.0927884130387,2166.16406331652,332.978221308439,2
1049310,48338660,3,63,05:11:34,-79.438053,43.685455,,,31.3162994906096,10.453074197477,2176.61713751399,334.179866066057,2
1049310,48338660,3,64,05:11:40,-79.437873996097,43.685019000419,9182,8,31.3162994906096,50.6291825974456,2227.24632011144,340,2
1049310,48338660,3,65,05:11:40,-79.437873996097,43.685019000419,9182,8,1e-12,0,2227.24632011144,340,2
1049310,48338660,3,66,05:11:46,-79.4376949947961,43.6845830005586,,,31.5861814175974,50.6291826036638,2277.8755027151,345.770404942702,2
1049310,48338660,3,67,05:11:52,-79.4375159960971,43.684147000419,,,31.5861814175974,50.6291826027316,2328.50468531783,351.540809885298,2
1049310,48338660,3,68,05:11:57,-79.437337,43.683711,,,31.5861814175974,50.6291825982388,2379.13386791607,357.311214827382,2
1049310,48338660,3,69,05:12:04,-79.437118,43.68318,,,31.5861814175974,61.6837731787555,2440.81764109483,364.341554472041,2
1049310,48338660,3,70,05:12:11,-79.436911,43.682677,24364,9,31.5861814175974,58.4207967792539,2499.23843787408,371,2
1049310,48338660,3,71,05:12:11,-79.436911,43.682677,24364,9,1e-12,0,2499.23843787408,371,2
1049310,48338660,3,72,05:12:23,-79.436588,43.68186,,,29.2774226676023,94.5922325707618,2593.83067044484,382.63121635128,2
1049310,48338660,3,73,05:12:33,-79.4363094967483,43.6811595003381,,,29.2774226676023,81.1385524175097,2674.96922286235,392.608146083768,2
1049310,48338660,3,74,05:12:43,-79.436031,43.680459,,,29.2774226676023,81.138552422378,2756.10777528473,402.585075816855,2
1049310,48338660,3,75,05:12:47,-79.435905,43.680146,,,29.2774226676023,36.2895638498564,2792.39733913459,407.047300219007,2
1049310,48338660,3,76,05:12:49,-79.43585,43.680009,9023,10,29.2774226676023,15.8805602308522,2808.27789936544,409,2
1049310,48338660,3,77,05:12:49,-79.43585,43.680009,9023,10,1e-12,0,2808.27789936544,409,2
1049310,48338660,3,78,05:12:55,-79.435678,43.679585,,,28.9064887837551,49.1887853267195,2857.46668469216,415.125947308955,2
1049310,48338660,3,79,05:12:57,-79.435901,43.67954,,,28.9064887837551,18.6390012169395,2876.1056859091,417.44723942032,2
1049310,48338660,3,80,05:13:04,-79.435717,43.679095,,,28.9064887837551,51.7046516103352,2927.81033751943,423.886511487905,2
1049310,48338660,3,81,05:13:10,-79.435544,43.678677,,,28.9064887837551,48.5713296310733,2976.38166715051,429.935561165988,2
1049310,48338660,3,82,05:13:20,-79.435254,43.677982,8430,11,28.9064887837551,80.8132189639346,3057.19488611444,440,2
1049310,48338660,3,83,05:13:20,-79.435254,43.677982,8430,11,1e-12,0,3057.19488611444,440,2
1049310,48338660,3,84,05:13:28,-79.4350344980649,43.67745300021,,,28.0913127030969,61.4825181267869,3118.67740424123,447.879199793751,2
1049310,48338660,3,85,05:13:36,-79.434815,43.676924,,,28.0913127030969,61.4825181279299,3180.15992236916,455.758399587648,2
1049310,48338660,3,86,05:13:47,-79.434503,43.676169,7474,12,28.0913127030969,87.7198090185106,3267.87973138767,467,2
1049310,48338660,3,87,05:13:47,-79.434503,43.676169,7474,12,1e-12,0,3267.87973138767,467,2
1049310,48338660,3,88,05:13:56,-79.434294998253,43.6756650001886,,,24.7871129199946,58.551051949377,3326.43078333705,475.503765149984,2
1049310,48338660,3,89,05:14:04,-79.434087,43.675161,,,24.7871129199946,58.5510519499497,3384.981835287,484.00753030005,2
1049310,48338660,3,90,05:14:06,-79.434032,43.675031,,,24.7871129199946,15.1338939693572,3400.11572925635,486.205528044505,2
1049310,48338660,3,91,05:14:11,-79.433914,43.674747,3604,13,24.7871129199946,33.0114215979466,3433.1271508543,491,2
1049310,48338660,3,92,05:14:11,-79.433914,43.674747,3604,13,1e-12,0,3433.1271508543,491,2
1049310,48338660,3,93,05:14:16,-79.433771,43.6744,,,27.2525860450073,40.3072456825481,3473.43439653685,496.324488627154,2
1049310,48338660,3,94,05:14:20,-79.433429,43.674449,,,27.2525860450073,28.0710750075618,3501.50547154441,500.032609018383,2
1049310,48338660,3,95,05:14:29,-79.432609,43.674564,,,27.2525860450073,67.2516141289976,3568.75708567341,508.916382854178,2
1049310,48338660,3,96,05:14:34,-79.432161,43.674596,,,27.2525860450073,36.2459438103939,3605.0030294838,513.704383431515,2
1049310,48338660,3,97,05:14:41,-79.43148,43.674674,,,27.2525860450073,55.5135450790944,3660.5165745629,521.037587038494,2
1049310,48338660,3,98,05:14:46,-79.430972,43.674715,,,27.2525860450073,41.1551236367085,3701.6716981996,526.474078270829,2
1049310,48338660,3,99,05:14:52,-79.430823,43.674355,2952,14,27.2525860450073,41.8321270561673,3743.50382525577,532,2
1049310,48338660,3,100,05:14:52,-79.430823,43.674355,2952,14,1e-12,0,3743.50382525577,532,2
1049310,48338660,3,101,05:14:53,-79.430791,43.674278,,,28.2969285059365,8.95045007163168,3752.4542753274,533.138696740571,2
1049310,48338660,3,102,05:14:57,-79.430691,43.674036,,,28.2969285059365,28.116782619208,3780.57105794661,536.71577816861,2
1049310,48338660,3,103,05:15:05,-79.4304504977919,43.6734850002521,,,28.2969285059365,64.321069036974,3844.89212698358,544.89885176561,2
1049310,48338660,3,104,05:15:13,-79.43021,43.672934,,,28.2969285059365,64.3210690351933,3909.21319601878,553.081925362382,2
1049310,48338660,3,105,05:15:23,-79.4299304968774,43.6722635003405,24790,15,28.2969285059365,77.9586247047798,3987.17182072356,563,2
1049310,48338660,3,106,05:15:23,-79.4299304968774,43.6722635003405,24790,15,1e-12,0,3987.17182072356,563,2
1049310,48338660,3,107,05:15:33,-79.429651,43.671593,,,27.5607514656093,77.9586247058403,4065.1304454294,573.182996980007,2
1049310,48338660,3,108,05:15:36,-79.429581,43.671427,,,27.5607514656093,19.31948823839,4084.44993366779,575.706518798525,2
1049310,48338660,3,109,05:15:43,-79.429385,43.670965,,,27.5607514656093,53.7965331698044,4138.24646683759,582.733450544307,2
1049310,48338660,3,110,05:15:51,-79.429166,43.670419,2197,16,27.5607514656093,63.2867541740376,4201.53322101163,591,2
1049310,48338660,3,111,05:15:51,-79.429166,43.670419,2197,16,1e-12,0,4201.53322101163,591,2
1049310,48338660,3,112,05:15:59,-79.429008,43.670025,,,20.2764159122931,45.6677518304609,4247.20097284209,599.108134460291,2
1049310,48338660,3,113,05:16:14,-79.428709,43.669297,,,20.2764159122931,84.5412380193547,4331.74221086145,614.118107533745,2
1049310,48338660,3,114,05:16:28,-79.428421,43.668608,,,20.2764159122931,80.1283224867631,4411.87053334821,628.344584352928,2
1049310,48338660,3,115,05:16:42,-79.428143,43.667947,7017,17,20.2764159122931,76.9119130875737,4488.78244643578,642,2
1049310,48338660,3,116,05:16:42,-79.428143,43.667947,7017,17,1e-12,0,4488.78244643578,642,2
1049310,48338660,3,117,05:16:49,-79.428012,43.667621,,,18.5102294423713,37.7921680453175,4526.5746144811,649.350087441472,2
1049310,48338660,3,118,05:16:59,-79.427849,43.667213,,,18.5102294423713,47.2768802526396,4573.85149473374,658.544828621714,2
1049310,48338660,3,119,05:17:14,-79.427559,43.666513,,,18.5102294423713,81.3475205832608,4655.199015317,674.365868280433,2
1049310,48338660,3,120,05:17:29,-79.427284,43.665867,2502,18,18.5102294423713,75.2447599497411,4730.44377526674,689,2
1049310,48338660,3,121,05:17:29,-79.427284,43.665867,2502,18,1e-12,0,4730.44377526674,689,2
1049310,48338660,3,122,05:17:41,-79.4270952457811,43.6654197504658,,,15.9490960120271,52.0560772618607,4782.4998525286,700.750000000087,2
1049310,48338660,3,123,05:17:53,-79.4269064943749,43.6649725006211,,,15.9490960120271,52.0560772637496,4834.55592979235,712.500000000599,2
1049310,48338660,3,124,05:18:04,-79.4267177457812,43.6645252504658,,,15.9490960120271,52.0560772619491,4886.6120070543,724.250000000706,2
1049310,48338660,3,125,05:18:16,-79.426529,43.664078,7691,19,15.9490960120271,52.0560772583498,4938.66808431265,736,2
1049310,48338660,3,126,05:18:16,-79.426529,43.664078,7691,19,1e-12,0,4938.66808431265,736,2
1049310,48338660,3,127,05:18:26,-79.4263089980394,43.663543000211,,,21.9894684071098,62.1351801462933,5000.80326445894,746.172444571436,2
1049310,48338660,3,128,05:18:36,-79.426089,43.663008,,,21.9894684071098,62.1351801502125,5062.93844460916,756.344889143513,2
1049310,48338660,3,129,05:18:47,-79.425852,43.662456,,,21.9894684071098,64.3441094323837,5127.28255404154,766.878967988351,2
1049310,48338660,3,130,05:18:48,-79.425825,43.662392,,,21.9894684071098,7.44885652574012,5134.73141056728,768.098455562866,2
1049310,48338660,3,131,05:18:49,-79.425795,43.662322,,,21.9894684071098,8.1582864366324,5142.88969700391,769.434087267468,2
1049310,48338660,3,132,05:18:56,-79.425647,43.661978,607,20,21.9894684071098,40.1058140544033,5182.99551105832,776,2
1049310,48338660,3,133,05:18:56,-79.425647,43.661978,607,20,1e-12,0,5182.99551105832,776,2
1049310,48338660,3,134,05:19:04,-79.42548,43.661552,,,20.9884849385505,49.2922473099915,5232.28775836831,784.454735576937,2
1049310,48338660,3,135,05:19:13,-79.4253044960735,43.6611042504027,,,20.9884849385505,51.8084199294599,5284.09617829777,793.34105168275,2
1049310,48338660,3,136,05:19:22,-79.4251289947647,43.660656500537,,,20.9884849385505,51.8084199280978,5335.90459822587,802.22736778833,2
1049310,48338660,3,137,05:19:31,-79.4249534960736,43.6602087504027,,,20.9884849385505,51.8084199312192,5387.71301815708,811.113683894444,2
1049310,48338660,3,138,05:19:40,-79.424778,43.659761,1172,21,20.9884849385505,51.808419927959,5439.52143808504,820,2
1049310,48338660,3,139,05:19:40,-79.424778,43.659761,1172,21,1e-12,0,5439.52143808504,820,2
1049310,48338660,3,140,05:19:46,-79.424676,43.659499,,,17.5312137097709,30.3004417188393,5469.82187980388,826.222135671475,2
1049310,48338660,3,141,05:19:57,-79.424495998615,43.6590370001412,,,17.5312137097709,53.433589765056,5523.25546956894,837.194617459601,2
1049310,48338660,3,142,05:20:08,-79.424316,43.658575,,,17.5312137097709,53.433589767831,5576.68905933677,848.167099248297,2
1049310,48338660,3,143,05:20:09,-79.424302,43.65854,10175,22,17.5312137097709,4.05604474365082,5580.74510408042,849,2
1049310,48338660,3,144,05:20:09,-79.424302,43.65854,10175,22,1e-12,0,5580.74510408042,849,2
1049310,48338660,3,145,05:20:20,-79.424082997932,43.657973000209,,,21.0635562827082,65.5361269867486,5646.28123106717,860.200865323297,2
1049310,48338660,3,146,05:20:31,-79.423864,43.657406,,,21.0635562827082,65.5361269844533,5711.81735805162,871.401730646201,2
1049310,48338660,3,147,05:20:38,-79.423744,43.657097,,,21.0635562827082,35.7296282168791,5747.5469862685,877.50832821474,2
1049310,48338660,3,148,05:20:40,-79.42369,43.656972,6506,23,21.0635562827082,14.5787413574626,5762.12572762596,880,2
1049310,48338660,3,149,05:20:40,-79.42369,43.656972,6506,23,1e-12,0,5762.12572762596,880,2
1049310,48338660,3,150,05:20:52,-79.4233844959834,43.6561825004068,,,26.8319438375952,91.2659308740385,5853.3916585,892.245007411136,2
1049310,48338660,3,151,05:21:04,-79.423079,43.655393,,,26.8319438375952,91.2659308713849,5944.65758937139,904.490014821916,2
1049310,48338660,3,152,05:21:13,-79.422864,43.654837,,,26.8319438375952,64.2703179292462,6008.92790730063,913.113063004549,2
1049310,48338660,3,153,05:21:14,-79.422838,43.65477,,,26.8319438375952,7.74680115786714,6016.6747084585,914.152439217362,2
1049310,48338660,3,154,05:21:20,-79.422692,43.654393,2867,24,26.8319438375952,43.5837284740767,6060.25843693258,920,2
1049310,48338660,3,155,05:21:20,-79.422692,43.654393,2867,24,1e-12,0,6060.25843693258,920,2
1049310,48338660,3,156,05:21:27,-79.422533,43.653988,,,22.9006513520653,46.8678987920401,6107.12633572462,927.367669725085,2
1049310,48338660,3,157,05:21:29,-79.422504,43.653914,,,22.9006513520653,8.56237968209841,6115.68871540672,928.713682394405,2
1049310,48338660,3,158,05:21:36,-79.42234,43.653496,,,22.9006513520653,48.3700480844037,6164.05876349112,936.317491143196,2
1049310,48338660,3,159,05:21:44,-79.4221764988116,43.6530595001165,,,22.9006513520653,50.3438110589065,6214.40257455003,944.231576949132,2
1049310,48338660,3,160,05:21:52,-79.422013,43.652623,,,22.9006513520653,50.3438110591756,6264.7463856092,952.14566275511,2
1049310,48338660,3,161,05:22:04,-79.421769,43.651969,8564,25,22.9006513520653,75.4089011819525,6340.15528679115,964,2
1049310,48338660,3,162,05:22:04,-79.421769,43.651969,8564,25,1e-12,0,6340.15528679115,964,2
1049310,48338660,3,163,05:22:12,-79.421604,43.651537,,,21.9640231150264,49.8926089695386,6390.04789576069,972.177618068862,2
1049310,48338660,3,164,05:22:14,-79.421563,43.651436,,,21.9640231150264,11.7182202486682,6401.76611600936,974.098285911646,2
1049310,48338660,3,165,05:22:23,-79.42137,43.65095,,,21.9640231150264,56.2903666641483,6458.05648267351,983.324524607976,2
1049310,48338660,3,166,05:22:38,-79.421076,43.650173,,,21.9640231150264,89.6783350706696,6547.73481774418,998.023198187205,2
1049310,48338660,3,167,05:22:46,-79.420914,43.649727,,,21.9640231150264,51.3346006875316,6599.06941843171,1006.43716504142,2
1049310,48338660,3,168,05:22:54,-79.420769,43.649326,7989,26,21.9640231150264,46.1417449570317,6645.21116338874,1014,2
1049310,48338660,3,169,05:22:54,-79.420769,43.649326,7989,26,1e-12,0,6645.21116338874,1014,2
1049310,48338660,3,170,05:23:04,-79.420591,43.648878,,,17.9046673028464,51.8912145057994,6697.10237789454,1024.43350144748,2
1049310,48338660,3,171,05:23:17,-79.420368,43.648321,,,17.9046673028464,64.5543629617406,6761.65674085628,1037.41311747337,2
1049310,48338660,3,172,05:23:19,-79.420345,43.648263,,,17.9046673028464,6.71707324284493,6768.37381409913,1038.76368508042,2
1049310,48338660,3,173,05:23:29,-79.420166,43.647827,,,17.9046673028464,50.6316804019155,6819.00549450104,1048.94393843916,2
1049310,48338660,3,174,05:23:42,-79.419957,43.647269,,,17.9046673028464,64.3572237117397,6883.36271821278,1061.88391668301,2
1049310,48338660,3,175,05:23:50,-79.419826,43.646919,3353,27,17.9046673028464,40.3654921091257,6923.72821032191,1070,2
1049310,48338660,3,176,05:23:50,-79.419826,43.646919,3353,27,1e-12,0,6923.72821032191,1070,2
1049310,48338660,3,177,05:24:06,-79.419513,43.646082,,,21.2807974042395,96.5254226733489,7020.25363299526,1086.32887692239,2
1049310,48338660,3,178,05:24:15,-79.419381,43.645656,,,21.2807974042395,48.5995508944593,7068.85318388972,1094.55029738406,2
1049310,48338660,3,179,05:24:15,-79.419376,43.645636,,,21.2807974042395,2.26252785516522,7071.11571174488,1094.93304151361,2
1049310,48338660,3,180,05:24:27,-79.419166,43.645012,,,21.2807974042395,71.493489539293,7142.60920128417,1107.02735158351,2
1049310,48338660,3,181,05:24:43,-79.418877,43.64419,9390,28,21.2807974042395,94.4196374890368,7237.02883877321,1123,2
1049310,48338660,3,182,05:24:43,-79.418877,43.64419,9390,28,1e-12,0,7237.02883877321,1123,2
1049310,48338660,3,183,05:24:56,-79.4182015015236,43.6443255019888,,,15.6046273408284,56.4668441861757,7293.49568295939,1136.02694608659,2
1049310,48338660,3,184,05:25:09,-79.417526,43.644461,,,15.6046273408284,56.4668441883125,7349.9625271477,1149.05389217366,2
1049310,48338660,3,185,05:25:21,-79.4169080013168,43.6445890016646,491,29,15.6046273408284,51.7818224453674,7401.74434959307,1161,2
1049310,48338660,3,186,05:25:21,-79.4169080013168,43.6445890016646,491,29,1e-12,0,7401.74434959307,1161,2
1049310,48338660,3,187,05:25:31,-79.41629,43.644717,,,19.3039877704467,51.7818224486117,7453.52617204168,1170.65679024623,2
1049310,48338660,3,188,05:25:41,-79.416108,43.644259,,,19.3039877704467,53.0504079205494,7506.57657996223,1180.55015895248,2
1049310,48338660,3,189,05:25:53,-79.4158769977525,43.6436745002326,,,19.3039877704467,67.6748767125171,7574.25145667475,1193.17084432911,2
1049310,48338660,3,190,05:26:06,-79.415646,43.64309,,,19.3039877704467,67.6748767124859,7641.92633338723,1205.79152970573,2
1049310,48338660,3,191,05:26:14,-79.415495,43.64271,5704,30,19.3039877704467,44.0156139374135,7685.94194732464,1214,2
1049310,48338660,3,192,05:26:14,-79.415495,43.64271,5704,30,1e-12,0,7685.94194732464,1214,2
1049310,48338660,3,193,05:26:26,-79.415266,43.64211,,,21.0635597394813,69.2924794298574,7755.2344267545,1225.84286649706,2
1049310,48338660,3,194,05:26:39,-79.415006,43.641429,,,21.0635597394813,78.6488468740978,7833.8832736286,1239.28484174952,2
1049310,48338660,3,195,05:26:48,-79.4143955012296,43.6415500016244,435,31,21.0635597394813,50.992293457812,7884.87556708641,1248,2
1049310,48338660,3,196,05:26:48,-79.4143955012296,43.6415500016244,435,31,1e-12,0,7884.87556708641,1248,2
1049310,48338660,3,197,05:26:58,-79.413785,43.641671,,,19.1907667116774,50.9922934595323,7935.86786054594,1257.56565515137,2
1049310,48338660,3,198,05:27:15,-79.412696,43.641903,,,19.1907667116774,91.4506093746806,8027.31846992062,1274.7208943711,2
1049310,48338660,3,199,05:27:26,-79.411957,43.642034,,,19.1907667116774,61.2925640453451,8088.61103396597,1286.21877946753,2
1049310,48338660,3,200,05:27:39,-79.411732,43.641444,8626,32,19.1907667116774,68.1337282025377,8156.74476216851,1299,2
1049310,48338660,3,201,05:27:39,-79.411732,43.641444,8626,32,1e-12,0,8156.74476216851,1299,2
1049310,48338660,3,202,,-79.411698,43.641354,,,,10.3864132484593,8167.13117541697,,2
1049310,48338660,3,203,,-79.411456,43.64075,,,,70.0062873597597,8237.13746277673,,2
