shape_id,trip_id,route_type,id,timestamp,shape_pt_lon,shape_pt_lat,stop_id,stop_sequence,speed,dist,cumdist,cumtime,trip_number
1049715,48346639,0,1,,-79.402705,43.643926,,,1e-12,0,0,0,1
1049715,48346639,0,2,,-79.4029,43.644412,,,,56.3355791754886,56.3355791754886,,1
1049715,48346639,0,3,,-79.402955,43.644541,,,,15.0281476607171,71.3637268362058,,1
1049715,48346639,0,4,,-79.403105,43.64489,,,,40.6861729085457,112.049899744751,,1
1049715,48346639,0,5,,-79.403233,43.645192,,,,35.1641536817439,147.214053426495,,1
1049715,48346639,0,6,,-79.403369,43.645516,,,,37.6946170741484,184.908670500644,,1
1049715,48346639,0,7,,-79.403564498446,43.6459935001666,,,,55.4388113371009,240.347481837745,,1
1049715,48346639,0,8,,-79.40376,43.646471,,,,55.4388113340817,295.786293171826,,1
1049715,48346639,0,9,,-79.403889,43.646822,,,,40.4312669443568,336.217560116183,,1
1049715,48346639,0,10,05:07:53,-79.40401,43.647188,5399,1,,41.8925442356662,378.110104351849,,1
1049715,48346639,0,11,05:07:53,-79.40401,43.647188,5399,1,1e-12,0,378.110104351849,0,1
1049715,48346639,0,12,05:08:16,-79.404189,43.647676,,,8.86704703140764,56.2048353256342,434.314939677483,22.8190294306088,1
1049715,48346639,0,13,05:08:32,-79.404327,43.648026,,,8.86704703140764,40.5165115957646,474.831451273248,39.2686367494951,1
1049715,48346639,0,14,05:08:34,-79.40434,43.648057,,,8.86704703140764,3.60628121987855,478.437732493127,40.7327783454038,1
1049715,48346639,0,15,05:08:45,-79.404432,43.648288,,,8.86704703140764,26.7613130418082,505.199045534935,51.5978077750735,1
1049715,48346639,0,16,05:09:03,-79.404589,43.648679,15126,2,8.86704703140764,45.3258622053966,550.524907740331,70,1
1049715,48346639,0,17,05:09:03,-79.404589,43.648679,15126,2,1e-12,0,550.524907740331,70,1
1049715,48346639,0,18,05:09:04,-79.404602,43.648711,,,9.40175223910621,3.71294198793922,554.237849728271,71.4217127633915,1
1049715,48346639,0,19,05:09:10,-79.404649,43.648831,,,9.40175223910621,13.8844353955721,568.122285123843,76.7381650749247,1
1049715,48346639,0,20,05:09:16,-79.404702,43.648968,,,9.40175223910621,15.8370178495982,583.959302973441,82.8022755522685,1
1049715,48346639,0,21,05:09:51,-79.40501,43.649754,,,9.40175223910621,90.9462805421429,674.905583515584,117.626274486199,1
1049715,48346639,0,22,05:10:18,-79.405248,43.650362,,,9.40175223910621,70.3447664179133,745.250349933497,144.561802318037,1
1049715,48346639,0,23,05:10:41,-79.405454,43.650889,,,9.40175223910621,60.9667126798066,806.217062613304,167.906404480002,1
1049715,48346639,0,24,05:10:46,-79.405499,43.651004,,,9.40175223910621,13.3049667545739,819.522029367878,173.000973991975,1
1049715,48346639,0,25,05:10:58,-79.405604,43.651267,,,9.40175223910621,30.4740955889991,849.996124956877,184.669729063404,1
1049715,48346639,0,26,05:11:03,-79.405652,43.651387,,,9.40175223910621,13.9065685358091,863.902693492686,189.99465631693,1
1049715,48346639,0,27,05:11:23,-79.4058369985769,43.6518490001492,,,9.40175223910621,53.5447335832004,917.447427075886,210.497328159072,1
1049715,48346639,0,28,05:11:44,-79.406022,43.652311,4322,3,9.40175223910621,53.5447335800285,970.992160655915,231,1
1049715,48346639,0,29,05:11:44,-79.406022,43.652311,4322,3,1e-12,0,970.992160655915,231,1
1049715,48346639,0,30,05:12:07,-79.4062252449843,43.6528050005401,,,8.83991573381956,57.3767374580627,1028.36889811398,254.366314913929,1
1049715,48346639,0,31,05:12:31,-79.4064284933124,43.6532990007202,,,8.83991573381956,57.3767374635644,1085.74563557754,277.732629830099,1
1049715,48346639,0,32,05:12:54,-79.4066317449842,43.6537930005402,,,8.83991573381956,57.3767374608624,1143.1223730384,301.098944745168,1
1049715,48346639,0,33,05:13:17,-79.406835,43.654287,,,8.83991573381956,57.3767374620687,1200.49911050047,324.465259660729,1
1049715,48346639,0,34,05:13:38,-79.4070107461829,43.6547217504039,24777,4,8.83991573381956,50.4237150597279,1250.9228255602,345,1
1049715,48346639,0,35,05:13:38,-79.4070107461829,43.6547217504039,24777,4,1e-12,0,1250.9228255602,345,1
1049715,48346639,0,36,05:14:01,-79.4071864949105,43.6551565005385,,,7.89240757497864,50.4237150637559,1301.34654062396,368.000000000635,1
1049715,48346639,0,37,05:14:24,-79.4073622461828,43.6555912504039,,,7.89240757497864,50.4237150618954,1351.77025568585,391.000000000422,1
1049715,48346639,0,38,05:14:47,-79.407538,43.656026,3455,5,7.89240757497864,50.4237150614392,1402.19397074729,414,1
1049715,48346639,0,39,05:14:47,-79.407538,43.656026,3455,5,1e-12,0,1402.19397074729,414,1
1049715,48346639,0,40,05:15:00,-79.407722,43.656481,,,14.3652234073105,52.7737431021419,1454.96771384943,427.225375601957,1
1049715,48346639,0,41,05:15:13,-79.4079084957884,43.6569330004548,,,14.3652234073105,52.5104646842065,1507.47817853364,440.38477225756,1
1049715,48346639,0,42,05:15:27,-79.4080949943844,43.6573850006064,,,14.3652234073105,52.5104646853536,1559.98864321899,453.54416891345,1
1049715,48346639,0,43,05:15:40,-79.4082814957883,43.6578370004548,,,14.3652234073105,52.5104646850685,1612.49910790406,466.703565569268,1
1049715,48346639,0,44,05:15:53,-79.408468,43.658289,,,14.3652234073105,52.5104646799746,1665.00957258404,479.86296222381,1
1049715,48346639,0,45,05:16:15,-79.4087784960775,43.6590475004202,,,14.3652234073105,88.0608900259352,1753.07046260997,501.931481111726,1
1049715,48346639,0,46,05:16:37,-79.409089,43.659806,8508,6,14.3652234073105,88.0608900273641,1841.13135263734,524,1
1049715,48346639,0,47,05:16:37,-79.409089,43.659806,8508,6,1e-12,0,1841.13135263734,524,1
1049715,48346639,0,48,05:16:50,-79.4092624987011,43.6602555001312,,,14.2466538360165,51.9523421467776,1893.08369478411,537.127884897124,1
1049715,48346639,0,49,05:17:03,-79.409436,43.660705,,,14.2466538360165,51.9523421487542,1945.03603693287,550.255769794748,1
1049715,48346639,0,50,05:17:27,-79.409769,43.661514,7317,7,14.2466538360165,93.9655078713639,2039.00154480423,574,1
1049715,48346639,0,51,05:17:27,-79.409769,43.661514,7317,7,1e-12,0,2039.00154480423,574,1
1049715,48346639,0,52,05:17:44,-79.4100089976914,43.6620915002511,,,14.0275488231541,67.1295086863919,2106.13105349062,591.227972920837,1
1049715,48346639,0,53,05:18:01,-79.410249,43.662669,,,14.0275488231541,67.1295086879481,2173.26056217857,608.455945842072,1
1049715,48346639,0,54,05:18:19,-79.4104824977421,43.6632495002376,,,14.0275488231541,67.3011675349225,2240.56172971349,625.727972921087,1
1049715,48346639,0,55,05:18:36,-79.410716,43.66383,9659,8,14.0275488231541,67.3011675345254,2307.86289724802,643,1
1049715,48346639,0,56,05:18:36,-79.410716,43.66383,9659,8,1e-12,0,2307.86289724802,643,1
1049715,48346639,0,57,05:18:58,-79.4109639973457,43.6644725002681,,,12.0401049831131,74.258640652493,2382.12153790051,665.203386658499,1
1049715,48346639,0,58,05:19:20,-79.411212,43.665115,,,12.0401049831131,74.2586406502269,2456.38017855074,687.40677331632,1
1049715,48346639,0,59,05:19:33,-79.411357,43.665493,,,12.0401049831131,43.6687643192579,2500.04894287,700.463765075928,1
1049715,48346639,0,60,05:19:39,-79.411414,43.665643,,,12.0401049831131,17.3172997122267,2517.36624258222,705.64165007373,1
1049715,48346639,0,61,05:19:41,-79.411438,43.665705,,,12.0401049831131,7.16728901616922,2524.53353159839,707.784674614994,1
1049715,48346639,0,62,05:19:41,-79.411436,43.665726,,,12.0401049831131,2.34325047009905,2526.87678206849,708.485308181245,1
1049715,48346639,0,63,05:19:47,-79.411424,43.665881,,,12.0401049831131,17.2815584132211,2544.15834048171,713.652506505085,1
1049715,48346639,0,64,05:19:51,-79.411369,43.666017,,,12.0401049831131,15.7739786649388,2559.93231914665,718.368937406096,1
1049715,48346639,0,65,05:20:00,-79.411333,43.666275,14142,9,12.0401049831131,28.8663610406721,2588.79868018732,727,1
1049715,48346639,0,66,05:20:00,-79.411333,43.666275,14142,9,1e-12,0,2588.79868018732,727,1
1049715,48346639,0,67,,-79.411308,43.666513,,,,26.5704122539323,2615.36909244126,,1
1049715,48346295,0,1,,-79.402705,43.643926,,,1e-12,0,0,0,2
1049715,48346295,0,2,,-79.4029,43.644412,,,,56.3355791754886,56.3355791754886,,2
1049715,48346295,0,3,,-79.402955,43.644541,,,,15.0281476607171,71.3637268362058,,2
1049715,48346295,0,4,,-79.403105,43.64489,,,,40.6861729085457,112.049899744751,,2
1049715,48346295,0,5,,-79.403233,43.645192,,,,35.1641536817439,147.214053426495,,2
1049715,48346295,0,6,,-79.403369,43.645516,,,,37.6946170741484,184.908670500644,,2
1049715,48346295,0,7,,-79.403564498446,43.6459935001666,,,,55.4388113371009,240.347481837745,,2
1049715,48346295,0,8,,-79.40376,43.646471,,,,55.4388113340817,295.786293171826,,2
1049715,48346295,0,9,,-79.403889,43.646822,,,,40.4312669443568,336.217560116183,,2
1049715,48346295,0,10,05:17:53,-79.40401,43.647188,5399,1,,41.8925442356662,378.110104351849,,2
1049715,48346295,0,11,05:17:53,-79.40401,43.647188,5399,1,1e-12,0,378.110104351849,0,2
1049715,48346295,0,12,05:18:16,-79.404189,43.647676,,,8.86704703140764,56.2048353256342,434.314939677483,22.8190294306088,2
1049715,48346295,0,13,05:18:32,-79.404327,43.648026,,,8.86704703140764,40.5165115957646,474.831451273248,39.2686367494951,2
1049715,48346295,0,14,05:18:34,-79.40434,43.648057,,,8.86704703140764,3.60628121987855,478.437732493127,40.7327783454038,2
1049715,48346295,0,15,05:18:45,-79.404432,43.648288,,,8.86704703140764,26.7613130418082,505.199045534935,51.5978077750735,2
1049715,48346295,0,16,05:19:03,-79.404589,43.648679,15126,2,8.86704703140764,45.3258622053966,550.524907740331,70,2
1049715,48346295,0,17,05:19:03,-79.404589,43.648679,15126,2,1e-12,0,550.524907740331,70,2
1049715,48346295,0,18,05:19:04,-79.404602,43.648711,,,9.40175223910621,3.71294198793922,554.237849728271,71.4217127633915,2
1049715,48346295,0,19,05:19:10,-79.404649,43.648831,,,9.40175223910621,13.8844353955721,568.122285123843,76.7381650749247,2
1049715,48346295,0,20,05:19:16,-79.404702,43.648968,,,9.40175223910621,15.8370178495982,583.959302973441,82.8022755522685,2
1049715,48346295,0,21,05:19:51,-79.40501,43.649754,,,9.40175223910621,90.9462805421429,674.905583515584,117.626274486199,2
1049715,48346295,0,22,05:20:18,-79.405248,43.650362,,,9.40175223910621,70.3447664179133,745.250349933497,144.561802318037,2
1049715,48346295,0,23,05:20:41,-79.405454,43.650889,,,9.40175223910621,60.9667126798066,806.217062613304,167.906404480002,2
1049715,48346295,0,24,05:20:46,-79.405499,43.651004,,,9.40175223910621,13.3049667545739,819.522029367878,173.000973991975,2
1049715,48346295,0,25,05:20:58,-79.405604,43.651267,,,9.40175223910621,30.4740955889991,849.996124956877,184.669729063404,2
1049715,48346295,0,26,05:21:03,-79.405652,43.651387,,,9.40175223910621,13.9065685358091,863.902693492686,189.99465631693,2
1049715,48346295,0,27,05:21:23,-79.4058369985769,43.6518490001492,,,9.40175223910621,53.5447335832004,917.447427075886,210.497328159072,2
1049715,48346295,0,28,05:21:44,-79.406022,43.652311,4322,3,9.40175223910621,53.5447335800285,970.992160655915,231,2
1049715,48346295,0,29,05:21:44,-79.406022,43.652311,4322,3,1e-12,0,970.992160655915,231,2
1049715,48346295,0,30,05:22:07,-79.4062252449843,43.6528050005401,,,8.83991573381956,57.3767374580627,1028.36889811398,254.366314913929,2
1049715,48346295,0,31,05:22:31,-79.4064284933124,43.6532990007202,,,8.83991573381956,57.3767374635644,1085.74563557754,277.732629830099,2
1049715,48346295,0,32,05:22:54,-79.4066317449842,43.6537930005402,,,8.83991573381956,57.3767374608624,1143.1223730384,301.098944745168,2
1049715,48346295,0,33,05:23:17,-79.406835,43.654287,,,8.83991573381956,57.3767374620687,1200.49911050047,324.465259660729,2
1049715,48346295,0,34,05:23:38,-79.4070107461829,43.6547217504039,24777,4,8.83991573381956,50.4237150597279,1250.9228255602,345,2
1049715,48346295,0,35,05:23:38,-79.4070107461829,43.6547217504039,24777,4,1e-12,0,1250.9228255602,345,2
1049715,48346295,0,36,05:24:01,-79.4071864949105,43.6551565005385,,,7.89240757497864,50.4237150637559,1301.34654062396,368.000000000635,2
1049715,48346295,0,37,05:24:24,-79.4073622461828,43.6555912504039,,,7.89240757497864,50.4237150618954,1351.77025568585,391.000000000422,2
1049715,48346295,0,38,05:24:47,-79.407538,43.656026,3455,5,7.89240757497864,50.4237150614392,1402.19397074729,414,2
1049715,48346295,0,39,05:24:47,-79.407538,43.656026,3455,5,1e-12,0,1402.19397074729,414,2
1049715,48346295,0,40,05:25:00,-79.407722,43.656481,,,14.3652234073105,52.7737431021419,1454.96771384943,427.225375601957,2
1049715,48346295,0,41,05:25:13,-79.4079084957884,43.6569330004548,,,14.3652234073105,52.5104646842065,1507.47817853364,440.38477225756,2
1049715,48346295,0,42,05:25:27,-79.4080949943844,43.6573850006064,,,14.3652234073105,52.5104646853536,1559.98864321899,453.54416891345,2
1049715,48346295,0,43,05:25:40,-79.4082814957883,43.6578370004548,,,14.3652234073105,52.5104646850685,1612.49910790406,466.703565569268,2
1049715,48346295,0,44,05:25:53,-79.408468,43.658289,,,14.3652234073105,52.5104646799746,1665.00957258404,479.86296222381,2
1049715,48346295,0,45,05:26:15,-79.4087784960775,43.6590475004202,,,14.3652234073105,88.0608900259352,1753.07046260997,501.931481111726,2
1049715,48346295,0,46,05:26:37,-79.409089,43.659806,8508,6,14.3652234073105,88.0608900273641,1841.13135263734,524,2
1049715,48346295,0,47,05:26:37,-79.409089,43.659806,8508,6,1e-12,0,1841.13135263734,524,2
1049715,48346295,0,48,05:26:50,-79.4092624987011,43.6602555001312,,,14.2466538360165,51.9523421467776,1893.08369478411,537.127884897124,2
1049715,48346295,0,49,05:27:03,-79.409436,43.660705,,,14.2466538360165,51.9523421487542,1945.03603693287,550.255769794748,2
1049715,48346295,0,50,05:27:27,-79.409769,43.661514,7317,7,14.2466538360165,93.9655078713639,2039.00154480423,574,2
1049715,48346295,0,51,05:27:27,-79.409769,43.661514,7317,7,1e-12,0,2039.00154480423,574,2
1049715,48346295,0,52,05:27:44,-79.4100089976914,43.6620915002511,,,14.0275488231541,67.1295086863919,2106.13105349062,591.227972920837,2
1049715,48346295,0,53,05:28:01,-79.410249,43.662669,,,14.0275488231541,67.1295086879481,2173.26056217857,608.455945842072,2
1049715,48346295,0,54,05:28:19,-79.4104824977421,43.6632495002376,,,14.0275488231541,67.3011675349225,2240.56172971349,625.727972921087,2
1049715,48346295,0,55,05:28:36,-79.410716,43.66383,9659,8,14.0275488231541,67.3011675345254,2307.86289724802,643,2
1049715,48346295,0,56,05:28:36,-79.410716,43.66383,9659,8,1e-12,0,2307.86289724802,643,2
1049715,48346295,0,57,05:28:58,-79.4109639973457,43.6644725002681,,,12.0401049831131,74.258640652493,2382.12153790051,665.203386658499,2
1049715,48346295,0,58,05:29:20,-79.411212,43.665115,,,12.0401049831131,74.2586406502269,2456.38017855074,687.40677331632,2
1049715,48346295,0,59,05:29:33,-79.411357,43.665493,,,12.0401049831131,43.6687643192579,2500.04894287,700.463765075928,2
1049715,48346295,0,60,05:29:39,-79.411414,43.665643,,,12.0401049831131,17.3172997122267,2517.36624258222,705.64165007373,2
1049715,48346295,0,61,05:29:41,-79.411438,43.665705,,,12.0401049831131,7.16728901616922,2524.53353159839,707.784674614994,2
1049715,48346295,0,62,05:29:41,-79.411436,43.665726,,,12.0401049831131,2.34325047009905,2526.87678206849,708.485308181245,2
1049715,48346295,0,63,05:29:47,-79.411424,43.665881,,,12.0401049831131,17.2815584132211,2544.15834048171,713.652506505085,2
1049715,48346295,0,64,05:29:51,-79.411369,43.666017,,,12.0401049831131,15.7739786649388,2559.93231914665,718.368937406096,2
1049715,48346295,0,65,05:30:00,-79.411333,43.666275,14142,9,12.0401049831131,28.8663610406721,2588.79868018732,727,2
1049715,48346295,0,66,05:30:00,-79.411333,43.666275,14142,9,1e-12,0,2588.79868018732,727,2
1049715,48346295,0,67,,-79.411308,43.666513,,,,26.5704122539323,2615.36909244126,,2
1049715,48346296,0,1,,-79.402705,43.643926,,,1e-12,0,0,0,3
1049715,48346296,0,2,,-79.4029,43.644412,,,,56.3355791754886,56.3355791754886,,3
1049715,48346296,0,3,,-79.402955,43.644541,,,,15.0281476607171,71.3637268362058,,3
1049715,48346296,0,4,,-79.403105,43.64489,,,,40.6861729085457,112.049899744751,,3
1049715,48346296,0,5,,-79.403233,43.645192,,,,35.1641536817439,147.214053426495,,3
1049715,48346296,0,6,,-79.403369,43.645516,,,,37.6946170741484,184.908670500644,,3
1049715,48346296,0,7,,-79.403564498446,43.6459935001666,,,,55.4388113371009,240.347481837745,,3
1049715,48346296,0,8,,-79.40376,43.646471,,,,55.4388113340817,295.786293171826,,3
1049715,48346296,0,9,,-79.403889,43.646822,,,,40.4312669443568,336.217560116183,,3
1049715,48346296,0,10,05:27:53,-79.40401,43.647188,5399,1,,41.8925442356662,378.110104351849,,3
1049715,48346296,0,11,05:27:53,-79.40401,43.647188,5399,1,1e-12,0,378.110104351849,0,3
1049715,48346296,0,12,05:28:16,-79.404189,43.647676,,,8.86704703140764,56.2048353256342,434.314939677483,22.8190294306088,3
1049715,48346296,0,13,05:28:32,-79.404327,43.648026,,,8.86704703140764,40.5165115957646,474.831451273248,39.2686367494951,3
1049715,48346296,0,14,05:28:34,-79.40434,43.648057,,,8.86704703140764,3.60628121987855,478.437732493127,40.7327783454038,3
1049715,48346296,0,15,05:28:45,-79.404432,43.648288,,,8.86704703140764,26.7613130418082,505.199045534935,51.5978077750735,3
1049715,48346296,0,16,05:29:03,-79.404589,43.648679,15126,2,8.86704703140764,45.3258622053966,550.524907740331,70,3
1049715,48346296,0,17,05:29:03,-79.404589,43.648679,15126,2,1e-12,0,550.524907740331,70,3
1049715,48346296,0,18,05:29:04,-79.404602,43.648711,,,9.40175223910621,3.71294198793922,554.237849728271,71.4217127633915,3
1049715,48346296,0,19,05:29:10,-79.404649,43.648831,,,9.40175223910621,13.8844353955721,568.122285123843,76.7381650749247,3
1049715,48346296,0,20,05:29:16,-79.404702,43.648968,,,9.40175223910621,15.8370178495982,583.959302973441,82.8022755522685,3
1049715,48346296,0,21,05:29:51,-79.40501,43.649754,,,9.40175223910621,90.9462805421429,674.905583515584,117.626274486199,3
1049715,48346296,0,22,05:30:18,-79.405248,43.650362,,,9.40175223910621,70.3447664179133,745.250349933497,144.561802318037,3
1049715,48346296,0,23,05:30:41,-79.405454,43.650889,,,9.40175223910621,60.9667126798066,806.217062613304,167.906404480002,3
1049715,48346296,0,24,05:30:46,-79.405499,43.651004,,,9.40175223910621,13.3049667545739,819.522029367878,173.000973991975,3
1049715,48346296,0,25,05:30:58,-79.405604,43.651267,,,9.40175223910621,30.4740955889991,849.996124956877,184.669729063404,3
1049715,48346296,0,26,05:31:03,-79.405652,43.651387,,,9.40175223910621,13.9065685358091,863.902693492686,189.99465631693,3
1049715,48346296,0,27,05:31:23,-79.4058369985769,43.6518490001492,,,9.40175223910621,53.5447335832004,917.447427075886,210.497328159072,3
1049715,48346296,0,28,05:31:44,-79.406022,43.652311,4322,3,9.40175223910621,53.5447335800285,970.992160655915,231,3
1049715,48346296,0,29,05:31:44,-79.406022,43.652311,4322,3,1e-12,0,970.992160655915,231,3
1049715,48346296,0,30,05:32:07,-79.4062252449843,43.6528050005401,,,8.83991573381956,57.3767374580627,1028.36889811398,254.366314913929,3
1049715,48346296,0,31,05:32:31,-79.4064284933124,43.6532990007202,,,8.83991573381956,57.3767374635644,1085.74563557754,277.732629830099,3
1049715,48346296,0,32,05:32:54,-79.4066317449842,43.6537930005402,,,8.83991573381956,57.3767374608624,1143.1223730384,301.098944745168,3
1049715,48346296,0,33,05:33:17,-79.406835,43.654287,,,8.83991573381956,57.3767374620687,1200.49911050047,324.465259660729,3
1049715,48346296,0,34,05:33:38,-79.4070107461829,43.6547217504039,24777,4,8.83991573381956,50.4237150597279,1250.9228255602,345,3
1049715,48346296,0,35,05:33:38,-79.4070107461829,43.6547217504039,24777,4,1e-12,0,1250.9228255602,345,3
1049715,48346296,0,36,05:34:01,-79.4071864949105,43.6551565005385,,,7.89240757497864,50.4237150637559,1301.34654062396,368.000000000635,3
1049715,48346296,0,37,05:34:24,-79.4073622461828,43.6555912504039,,,7.89240757497864,50.4237150618954,1351.77025568585,391.000000000422,3
1049715,48346296,0,38,05:34:47,-79.407538,43.656026,3455,5,7.89240757497864,50.4237150614392,1402.19397074729,414,3
1049715,48346296,0,39,05:34:47,-79.407538,43.656026,3455,5,1e-12,0,1402.19397074729,414,3
1049715,48346296,0,40,05:35:00,-79.407722,43.656481,,,14.3652234073105,52.7737431021419,1454.96771384943,427.225375601957,3
1049715,48346296,0,41,05:35:13,-79.4079084957884,43.6569330004548,,,14.3652234073105,52.5104646842065,1507.47817853364,440.38477225756,3
1049715,48346296,0,42,05:35:27,-79.4080949943844,43.6573850006064,,,14.3652234073105,52.5104646853536,1559.98864321899,453.54416891345,3
1049715,48346296,0,43,05:35:40,-79.4082814957883,43.6578370004548,,,14.3652234073105,52.5104646850685,1612.49910790406,466.703565569268,3
1049715,48346296,0,44,05:35:53,-79.408468,43.658289,,,14.3652234073105,52.5104646799746,1665.00957258404,479.86296222381,3
1049715,48346296,0,45,05:36:15,-79.4087784960775,43.6590475004202,,,14.3652234073105,88.0608900259352,1753.07046260997,501.931481111726,3
1049715,48346296,0,46,05:36:37,-79.409089,43.659806,8508,6,14.3652234073105,88.0608900273641,1841.13135263734,524,3
1049715,48346296,0,47,05:36:37,-79.409089,43.659806,8508,6,1e-12,0,1841.13135263734,524,3
1049715,48346296,0,48,05:36:50,-79.4092624987011,43.6602555001312,,,14.2466538360165,51.9523421467776,1893.08369478411,537.127884897124,3
1049715,48346296,0,49,05:37:03,-79.409436,43.660705,,,14.2466538360165,51.9523421487542,1945.03603693287,550.255769794748,3
1049715,48346296,0,50,05:37:27,-79.409769,43.661514,7317,7,14.2466538360165,93.9655078713639,2039.00154480423,574,3
1049715,48346296,0,51,05:37:27,-79.409769,43.661514,7317,7,1e-12,0,2039.00154480423,574,3
1049715,48346296,0,52,05:37:44,-79.4100089976914,43.6620915002511,,,14.0275488231541,67.1295086863919,2106.13105349062,591.227972920837,3
1049715,48346296,0,53,05:38:01,-79.410249,43.662669,,,14.0275488231541,67.1295086879481,2173.26056217857,608.455945842072,3
1049715,48346296,0,54,05:38:19,-79.4104824977421,43.6632495002376,,,14.0275488231541,67.3011675349225,2240.56172971349,625.727972921087,3
1049715,48346296,0,55,05:38:36,-79.410716,43.66383,9659,8,14.0275488231541,67.3011675345254,2307.86289724802,643,3
1049715,48346296,0,56,05:38:36,-79.410716,43.66383,9659,8,1e-12,0,2307.86289724802,643,3
1049715,48346296,0,57,05:38:58,-79.4109639973457,43.6644725002681,,,12.0401049831131,74.258640652493,2382.12153790051,665.203386658499,3
1049715,48346296,0,58,05:39:20,-79.411212,43.665115,,,12.0401049831131,74.2586406502269,2456.38017855074,687.40677331632,3
1049715,48346296,0,59,05:39:33,-79.411357,43.665493,,,12.0401049831131,43.6687643192579,2500.04894287,700.463765075928,3
1049715,48346296,0,60,05:39:39,-79.411414,43.665643,,,12.0401049831131,17.3172997122267,2517.36624258222,705.64165007373,3
1049715,48346296,0,61,05:39:41,-79.411438,43.665705,,,12.0401049831131,7.16728901616922,2524.53353159839,707.784674614994,3
1049715,48346296,0,62,05:39:41,-79.411436,43.665726,,,12.0401049831131,2.34325047009905,2526.87678206849,708.485308181245,3
1049715,48346296,0,63,05:39:47,-79.411424,43.665881,,,12.0401049831131,17.2815584132211,2544.15834048171,713.652506505085,3
1049715,48346296,0,64,05:39:51,-79.411369,43.666017,,,12.0401049831131,15.7739786649388,2559.93231914665,718.368937406096,3
1049715,48346296,0,65,05:40:00,-79.411333,43.666275,14142,9,12.0401049831131,28.8663610406721,2588.79868018732,727,3
1049715,48346296,0,66,05:40:00,-79.411333,43.666275,14142,9,1e-12,0,2588.79868018732,727,3
1049715,48346296,0,67,,-79.411308,43.666513,,,,26.5704122539323,2615.36909244126,,3
1049715,48346352,0,1,,-79.402705,43.643926,,,1e-12,0,0,0,4
1049715,48346352,0,2,,-79.4029,43.644412,,,,56.3355791754886,56.3355791754886,,4
1049715,48346352,0,3,,-79.402955,43.644541,,,,15.0281476607171,71.3637268362058,,4
1049715,48346352,0,4,,-79.403105,43.64489,,,,40.6861729085457,112.049899744751,,4
1049715,48346352,0,5,,-79.403233,43.645192,,,,35.1641536817439,147.214053426495,,4
1049715,48346352,0,6,,-79.403369,43.645516,,,,37.6946170741484,184.908670500644,,4
1049715,48346352,0,7,,-79.403564498446,43.6459935001666,,,,55.4388113371009,240.347481837745,,4
1049715,48346352,0,8,,-79.40376,43.646471,,,,55.4388113340817,295.786293171826,,4
1049715,48346352,0,9,,-79.403889,43.646822,,,,40.4312669443568,336.217560116183,,4
1049715,48346352,0,10,14:44:53,-79.40401,43.647188,5399,1,,41.8925442356662,378.110104351849,,4
1049715,48346352,0,11,14:44:53,-79.40401,43.647188,5399,1,1e-12,0,378.110104351849,0,4
1049715,48346352,0,12,14:45:16,-79.404189,43.647676,,,8.86704703140764,56.2048353256342,434.314939677483,22.8190294306088,4
1049715,48346352,0,13,14:45:32,-79.404327,43.648026,,,8.86704703140764,40.5165115957646,474.831451273248,39.2686367494951,4
1049715,48346352,0,14,14:45:34,-79.40434,43.648057,,,8.86704703140764,3.60628121987855,478.437732493127,40.7327783454038,4
1049715,48346352,0,15,14:45:45,-79.404432,43.648288,,,8.86704703140764,26.7613130418082,505.199045534935,51.5978077750735,4
1049715,48346352,0,16,14:46:03,-79.404589,43.648679,15126,2,8.86704703140764,45.3258622053966,550.524907740331,70,4
1049715,48346352,0,17,14:46:03,-79.404589,43.648679,15126,2,1e-12,0,550.524907740331,70,4
1049715,48346352,0,18,14:46:04,-79.404602,43.648711,,,9.40175223910621,3.71294198793922,554.237849728271,71.4217127633915,4
1049715,48346352,0,19,14:46:10,-79.404649,43.648831,,,9.40175223910621,13.8844353955721,568.122285123843,76.7381650749247,4
1049715,48346352,0,20,14:46:16,-79.404702,43.648968,,,9.40175223910621,15.8370178495982,583.959302973441,82.8022755522685,4
1049715,48346352,0,21,14:46:51,-79.40501,43.649754,,,9.40175223910621,90.9462805421429,674.905583515584,117.626274486199,4
1049715,48346352,0,22,14:47:18,-79.405248,43.650362,,,9.40175223910621,70.3447664179133,745.250349933497,144.561802318037,4
1049715,48346352,0,23,14:47:41,-79.405454,43.650889,,,9.40175223910621,60.9667126798066,806.217062613304,167.906404480002,4
1049715,48346352,0,24,14:47:46,-79.405499,43.651004,,,9.40175223910621,13.3049667545739,819.522029367878,173.000973991975,4
1049715,48346352,0,25,14:47:58,-79.405604,43.651267,,,9.40175223910621,30.4740955889991,849.996124956877,184.669729063404,4
1049715,48346352,0,26,14:48:03,-79.405652,43.651387,,,9.40175223910621,13.9065685358091,863.902693492686,189.99465631693,4
1049715,48346352,0,27,14:48:23,-79.4058369985769,43.6518490001492,,,9.40175223910621,53.5447335832004,917.447427075886,210.497328159072,4
1049715,48346352,0,28,14:48:44,-79.406022,43.652311,4322,3,9.40175223910621,53.5447335800285,970.992160655915,231,4
1049715,48346352,0,29,14:48:44,-79.406022,43.652311,4322,3,1e-12,0,970.992160655915,231,4
1049715,48346352,0,30,14:49:07,-79.4062252449843,43.6528050005401,,,8.83991573381956,57.3767374580627,1028.36889811398,254.366314913929,4
1049715,48346352,0,31,14:49:31,-79.4064284933124,43.6532990007202,,,8.83991573381956,57.3767374635644,1085.74563557754,277.732629830099,4
1049715,48346352,0,32,14:49:54,-79.4066317449842,43.6537930005402,,,8.83991573381956,57.3767374608624,1143.1223730384,301.098944745168,4
1049715,48346352,0,33,14:50:17,-79.406835,43.654287,,,8.83991573381956,57.3767374620687,1200.49911050047,324.465259660729,4
1049715,48346352,0,34,14:50:38,-79.4070107461829,43.6547217504039,24777,4,8.83991573381956,50.4237150597279,1250.9228255602,345,4
1049715,48346352,0,35,14:50:38,-79.4070107461829,43.6547217504039,24777,4,1e-12,0,1250.9228255602,345,4
1049715,48346352,0,36,14:51:01,-79.4071864949105,43.6551565005385,,,7.89240757497864,50.4237150637559,1301.34654062396,368.000000000635,4
1049715,48346352,0,37,14:51:24,-79.4073622461828,43.6555912504039,,,7.89240757497864,50.4237150618954,1351.77025568585,391.000000000422,4
1049715,48346352,0,38,14:51:47,-79.407538,43.656026,3455,5,7.89240757497864,50.4237150614392,1402.19397074729,414,4
1049715,48346352,0,39,14:51:47,-79.407538,43.656026,3455,5,1e-12,0,1402.19397074729,414,4
1049715,48346352,0,40,14:52:00,-79.407722,43.656481,,,14.3652234073105,52.7737431021419,1454.96771384943,427.225375601957,4
1049715,48346352,0,41,14:52:13,-79.4079084957884,43.6569330004548,,,14.3652234073105,52.5104646842065,1507.47817853364,440.38477225756,4
1049715,48346352,0,42,14:52:27,-79.4080949943844,43.6573850006064,,,14.3652234073105,52.5104646853536,1559.98864321899,453.54416891345,4
1049715,48346352,0,43,14:52:40,-79.4082814957883,43.6578370004548,,,14.3652234073105,52.5104646850685,1612.49910790406,466.703565569268,4
1049715,48346352,0,44,14:52:53,-79.408468,43.658289,,,14.3652234073105,52.5104646799746,1665.00957258404,479.86296222381,4
1049715,48346352,0,45,14:53:15,-79.4087784960775,43.6590475004202,,,14.3652234073105,88.0608900259352,1753.07046260997,501.931481111726,4
1049715,48346352,0,46,14:53:37,-79.409089,43.659806,8508,6,14.3652234073105,88.0608900273641,1841.13135263734,524,4
1049715,48346352,0,47,14:53:37,-79.409089,43.659806,8508,6,1e-12,0,1841.13135263734,524,4
1049715,48346352,0,48,14:53:50,-79.4092624987011,43.6602555001312,,,14.2466538360165,51.9523421467776,1893.08369478411,537.127884897124,4
1049715,48346352,0,49,14:54:03,-79.409436,43.660705,,,14.2466538360165,51.9523421487542,1945.03603693287,550.255769794748,4
1049715,48346352,0,50,14:54:27,-79.409769,43.661514,7317,7,14.2466538360165,93.9655078713639,2039.00154480423,574,4
1049715,48346352,0,51,14:54:27,-79.409769,43.661514,7317,7,1e-12,0,2039.00154480423,574,4
1049715,48346352,0,52,14:54:44,-79.4100089976914,43.6620915002511,,,14.0275488231541,67.1295086863919,2106.13105349062,591.227972920837,4
1049715,48346352,0,53,14:55:01,-79.410249,43.662669,,,14.0275488231541,67.1295086879481,2173.26056217857,608.455945842072,4
1049715,48346352,0,54,14:55:19,-79.4104824977421,43.6632495002376,,,14.0275488231541,67.3011675349225,2240.56172971349,625.727972921087,4
1049715,48346352,0,55,14:55:36,-79.410716,43.66383,9659,8,14.0275488231541,67.3011675345254,2307.86289724802,643,4
1049715,48346352,0,56,14:55:36,-79.410716,43.66383,9659,8,1e-12,0,2307.86289724802,643,4
1049715,48346352,0,57,14:55:58,-79.4109639973457,43.6644725002681,,,12.0401049831131,74.258640652493,2382.12153790051,665.203386658499,4
1049715,48346352,0,58,14:56:20,-79.411212,43.665115,,,12.0401049831131,74.2586406502269,2456.38017855074,687.40677331632,4
1049715,48346352,0,59,14:56:33,-79.411357,43.665493,,,12.0401049831131,43.6687643192579,2500.04894287,700.463765075928,4
1049715,48346352,0,60,14:56:39,-79.411414,43.665643,,,12.0401049831131,17.3172997122267,2517.36624258222,705.64165007373,4
1049715,48346352,0,61,14:56:41,-79.411438,43.665705,,,12.0401049831131,7.16728901616922,2524.53353159839,707.784674614994,4
1049715,48346352,0,62,14:56:41,-79.411436,43.665726,,,12.0401049831131,2.34325047009905,2526.87678206849,708.485308181245,4
1049715,48346352,0,63,14:56:47,-79.411424,43.665881,,,12.0401049831131,17.2815584132211,2544.15834048171,713.652506505085,4
1049715,48346352,0,64,14:56:51,-79.411369,43.666017,,,12.0401049831131,15.7739786649388,2559.93231914665,718.368937406096,4
1049715,48346352,0,65,14:57:00,-79.411333,43.666275,14142,9,12.0401049831131,28.8663610406721,2588.79868018732,727,4
1049715,48346352,0,66,14:57:00,-79.411333,43.666275,14142,9,1e-12,0,2588.79868018732,727,4
1049715,48346352,0,67,,-79.411308,43.666513,,,,26.5704122539323,2615.36909244126,,4
