shape_id,trip_id,route_type,id,timestamp,shape_pt_lon,shape_pt_lat,stop_id,stop_sequence,speed,dist,cumdist,cumtime,trip_number
1049334,48338997,3,1,,-79.251497,43.772385,,,1e-12,0,0,0,1
1049334,48338997,3,2,,-79.251486,43.772134,,,,27.9551794484793,27.9551794484793,,1
1049334,48338997,3,3,,-79.250946,43.772259,,,,45.5828298906023,73.5380093390816,,1
1049334,48338997,3,4,05:01:07,-79.250553,43.772348,351,1,,33.1077564246616,106.645765763743,,1
1049334,48338997,3,5,05:01:07,-79.250553,43.772348,351,1,1e-12,0,106.645765763743,0,1
1049334,48338997,3,6,05:01:09,-79.250208,43.772437,,,54.4273825703391,29.4487764222574,136.094542186001,1.94783563187367,1
1049334,48338997,3,7,05:01:11,-79.249841,43.772518,,,54.4273825703391,30.8478010846342,166.942343270635,3.98820719964409,1
1049334,48338997,3,8,05:01:17,-79.248792,43.772751,,,54.4273825703391,88.220580933654,255.162924204289,9.82339670100791,1
1049334,48338997,3,9,05:01:19,-79.248403,43.772838,,,54.4273825703391,32.734294475271,287.89721867956,11.9885469350593,1
1049334,48338997,3,10,05:01:23,-79.247702,43.772996,,,54.4273825703391,59.0292989254316,346.926517604991,15.8929323031582,1
1049334,48338997,3,11,05:01:27,-79.247053,43.773142,,,54.4273825703391,54.6411281145046,401.567645719496,19.5070701125229,1
1049334,48338997,3,12,05:01:31,-79.246241,43.773311,7368,2,54.4273825703391,67.927337179841,469.494982899337,24,1
1049334,48338997,3,13,05:01:31,-79.246241,43.773311,7368,2,1e-12,0,469.494982899337,24,1
1049334,48338997,3,14,05:01:35,-79.2455820049341,43.7734602556795,,,52.4111385177902,55.5158251298723,525.010808029209,27.8132537494812,1
1049334,48338997,3,15,05:01:39,-79.2449230065787,43.7736095075727,,,52.4111385177902,55.5158251296644,580.526633158874,31.6265074989481,1
1049334,48338997,3,16,05:01:42,-79.244264004934,43.7737587556795,,,52.4111385177902,55.5158251293109,636.042458288184,35.4397612483906,1
1049334,48338997,3,17,05:01:46,-79.243605,43.773908,,,52.4111385177902,55.5158251324144,691.558283420599,39.2530149980464,1
1049334,48338997,3,18,05:01:52,-79.2426760032545,43.7741175037623,,,52.4111385177902,78.230794386636,769.789077807235,44.626507499002,1
1049334,48338997,3,19,05:01:57,-79.241747,43.774327,3597,3,52.4111385177902,78.2307943872537,848.019872194489,50,1
1049334,48338997,3,20,05:01:57,-79.241747,43.774327,3597,3,1e-12,0,848.019872194489,50,1
1049334,48338997,3,21,05:02:02,-79.2409100074742,43.774505009162,,,49.6807068239543,70.1353583079405,918.155230502429,55.0822000339747,1
1049334,48338997,3,22,05:02:07,-79.2400730099656,43.7746830122161,,,49.6807068239543,70.1353583081099,988.290588810539,60.1644000679616,1
1049334,48338997,3,23,05:02:12,-79.2392360074741,43.7748610091621,,,49.6807068239543,70.1353583084759,1058.42594711902,65.2466001019751,1
1049334,48338997,3,24,05:02:17,-79.238399,43.775039,,,49.6807068239543,70.1353583064772,1128.56130542549,70.3288001358437,1
1049334,48338997,3,25,05:02:22,-79.2375450074442,43.775212759538,,,49.6807068239543,71.3166541759787,1199.87795960147,75.4966001018001,1
1049334,48338997,3,26,05:02:28,-79.2366910099254,43.7753865127173,,,49.6807068239543,71.3166541786589,1271.19461378013,80.6644000679508,1
1049334,48338997,3,27,05:02:33,-79.235837007444,43.7755602595381,,,49.6807068239543,71.3166541766405,1342.51126795677,85.8322000339552,1
1049334,48338997,3,28,05:02:38,-79.234983,43.775734,2705,4,49.6807068239543,71.3166541771983,1413.82792213397,91,1
1049334,48338997,3,29,05:02:38,-79.234983,43.775734,2705,4,1e-12,0,1413.82792213397,91,1
1049334,48338997,3,30,05:02:43,-79.2341732570484,43.7759075085752,,,54.3131139588801,67.8913924488582,1481.71931458283,95.5000000000171,1
1049334,48338997,3,31,05:02:47,-79.2333635093978,43.7760810114336,,,54.3131139588801,67.8913924493403,1549.61070703217,100.000000000066,1
1049334,48338997,3,32,05:02:52,-79.2325537570483,43.7762545085752,,,54.3131139588801,67.8913924477599,1617.50209947993,104.50000000001,1
1049334,48338997,3,33,05:02:56,-79.231744,43.776428,9201,5,54.3131139588801,67.891392448442,1685.39349192837,109,1
1049334,48338997,3,34,05:02:56,-79.231744,43.776428,9201,5,1e-12,0,1685.39349192837,109,1
1049334,48338997,3,35,05:03:05,-79.2309890063542,43.7765957574548,,,24.511729508479,63.4929738873749,1748.88646581574,118.325115386716,1
1049334,48338997,3,36,05:03:15,-79.2302340084722,43.7767635099397,,,24.511729508479,63.4929738875584,1812.3794397033,127.65023077346,1
1049334,48338997,3,37,05:03:24,-79.2294790063541,43.7769312574548,,,24.511729508479,63.4929738859676,1875.87241358927,136.97534615997,1
1049334,48338997,3,38,05:03:33,-79.228724,43.777099,,,24.511729508479,63.4929738885309,1939.3653874778,146.300461546856,1
1049334,48338997,3,39,05:03:47,-79.2276435043549,43.7773400050895,,,24.511729508479,90.8960923010854,2030.26147977889,159.650230773491,1
1049334,48338997,3,40,05:04:00,-79.226563,43.777581,3250,6,24.511729508479,90.8960923002205,2121.15757207911,173,1
1049334,48338997,3,41,05:04:00,-79.226563,43.777581,3250,6,1e-12,0,2121.15757207911,173,1
1049334,48338997,3,42,05:04:08,-79.2257577570602,43.7777557584801,,,31.4141377839859,67.5827173977985,2188.7402894769,180.744849924103,1
1049334,48338997,3,43,05:04:15,-79.2249525094136,43.7779305113069,,,31.4141377839859,67.5827173988513,2256.32300687576,188.489699848327,1
1049334,48338997,3,44,05:04:23,-79.2241472570601,43.7781052584802,,,31.4141377839859,67.5827173983248,2323.90572427408,196.234549772491,1
1049334,48338997,3,45,05:04:31,-79.223342,43.77828,,,31.4141377839859,67.5827174001318,2391.48844167421,203.979399696862,1
1049334,48338997,3,46,05:04:42,-79.222205,43.778549,4217,7,31.4141377839859,96.1674045513962,2487.65584622561,215,1
1049334,48338997,3,47,05:04:42,-79.222205,43.778549,4217,7,1e-12,0,2487.65584622561,215,1
1049334,48338997,3,48,05:04:49,-79.2215706361034,43.7786985122803,,,28.0850078332656,53.6345635703745,2541.29040979598,221.874999999987,1
1049334,48338997,3,49,05:04:56,-79.2209362690343,43.778848021052,,,28.0850078332656,53.6345635705654,2594.92497336655,228.749999999999,1
1049334,48338997,3,50,05:05:03,-79.2203018987927,43.7789975263151,,,28.0850078332656,53.6345635704384,2648.55953693699,235.624999999995,1
1049334,48338997,3,51,05:05:10,-79.2196675253788,43.7791470280695,,,28.0850078332656,53.6345635707794,2702.19410050777,242.500000000034,1
1049334,48338997,3,52,05:05:16,-79.2190331487925,43.7792965263153,,,28.0850078332656,53.6345635695442,2755.82866407731,249.374999999915,1
1049334,48338997,3,53,05:05:23,-79.218398769034,43.7794460210523,,,28.0850078332656,53.6345635710677,2809.46322764838,256.249999999992,1
1049334,48338997,3,54,05:05:30,-79.2177643861031,43.7795955122805,,,28.0850078332656,53.6345635702965,2863.09779121868,263.124999999969,1
1049334,48338997,3,55,05:05:37,-79.21713,43.779745,4410,8,28.0850078332656,53.6345635707131,2916.73235478939,270,1
1049334,48338997,3,56,05:05:37,-79.21713,43.779745,4410,8,1e-12,0,2916.73235478939,270,1
1049334,48338997,3,57,05:05:44,-79.2165347542711,43.7798880046338,,,27.6183444378244,50.4207751529136,2967.1531299423,276.572254573735,1
1049334,48338997,3,58,05:05:50,-79.2159395056947,43.7800310061785,,,27.6183444378244,50.4207751520118,3017.57390509431,283.144509147353,1
1049334,48338997,3,59,05:05:57,-79.215344254271,43.7801740046339,,,27.6183444378244,50.4207751528747,3067.99468024719,289.716763721083,1
1049334,48338997,3,60,05:06:03,-79.214749,43.780317,,,27.6183444378244,50.4207751507273,3118.41545539792,296.289018294534,1
1049334,48338997,3,61,05:06:15,-79.2136830045198,43.7805705049538,,,27.6183444378244,90.2043807415038,3208.61983613942,308.046992107934,1
1049334,48338997,3,62,05:06:27,-79.212617,43.780824,,,27.6183444378244,90.2043807380668,3298.82421687749,319.804965920887,1
1049334,48338997,3,63,05:06:35,-79.2118875021292,43.7809985023199,,,27.6183444378244,61.7651852942973,3360.58940217178,327.855943326866,1
1049334,48338997,3,64,05:06:43,-79.211158,43.781173,,,27.6183444378244,61.7651852942305,3422.35458746601,335.906920732836,1
1049334,48338997,3,65,05:06:55,-79.2100435047442,43.7814275054148,,,27.6183444378244,93.9469719429938,3516.30155940901,348.152734371527,1
1049334,48338997,3,66,05:07:07,-79.208929,43.781682,,,27.6183444378244,93.9469719422856,3610.24853135129,360.398548010126,1
1049334,48338997,3,67,05:07:18,-79.2079695036271,43.7819080040134,,,27.6183444378244,81.1153879301987,3691.36391928149,370.971788459281,1
1049334,48338997,3,68,05:07:29,-79.20701,43.782134,,,27.6183444378244,81.1153879307352,3772.47930721223,381.545028908507,1
1049334,48338997,3,69,05:07:29,-79.206959,43.782146,,,27.6183444378244,4.31105383686555,3776.79036104909,382.106966784532,1
1049334,48338997,3,70,05:07:40,-79.205961003731,43.782369504342,,,27.6183444378244,83.9790739078996,3860.76943495699,393.053483392327,1
1049334,48338997,3,71,05:07:51,-79.204963,43.782593,2876,9,27.6183444378244,83.9790739069698,3944.74850886396,404,1
1049334,48338997,3,72,05:07:51,-79.204963,43.782593,2876,9,1e-12,0,3944.74850886396,404,1
1049334,48338997,3,73,05:07:51,-79.204945,43.782597,,,28.1032964369817,1.51362660074776,3946.26213546471,404.19389382932,1
1049334,48338997,3,74,05:08:03,-79.2038955043888,43.7828470048017,,,28.1032964369817,88.8198785156509,4035.08201398036,415.571618267211,1
1049334,48338997,3,75,05:08:14,-79.202846,43.783097,,,28.1032964369817,88.8198785138764,4123.90189249424,426.949342704875,1
1049334,48338997,3,76,05:08:21,-79.2021487556508,43.783258506358,,,28.1032964369817,58.8500857135369,4182.75197820777,434.487971101861,1
1049334,48338997,3,77,05:08:29,-79.2014515075344,43.7834200084774,,,28.1032964369817,58.8500857126654,4241.60206392044,442.026599498735,1
1049334,48338997,3,78,05:08:37,-79.2007542556508,43.7835815063581,,,28.1032964369817,58.850085713982,4300.45214963442,449.565227895777,1
1049334,48338997,3,79,05:08:44,-79.200057,43.783743,,,28.1032964369817,58.8500857124027,4359.30223534682,457.103856292618,1
1049334,48338997,3,80,05:08:51,-79.1993962551313,43.7838977557098,,,28.1032964369817,55.8270866982715,4415.1293220451,464.255241987333,1
1049334,48338997,3,81,05:08:58,-79.1987355068417,43.7840525076131,,,28.1032964369817,55.8270866994683,4470.95640874456,471.406627682202,1
1049334,48338997,3,82,05:09:06,-79.1980747551313,43.7842072557099,,,28.1032964369817,55.8270866988844,4526.78349544345,478.558013376996,1
1049334,48338997,3,83,05:09:13,-79.197414,43.784362,,,28.1032964369817,55.8270866959844,4582.61058213943,485.709399071418,1
1049334,48338997,3,84,05:09:19,-79.19681,43.784501,,,28.1032964369817,50.9481587528635,4633.5587408923,492.235799699244,1
1049334,48338997,3,85,05:09:27,-79.196115001866,43.7846615021057,,,28.1032964369817,58.6428117160311,4692.20155260833,499.747876535181,1
1049334,48338997,3,86,05:09:34,-79.19542,43.784822,,,28.1032964369817,58.6428117170248,4750.84436432535,507.259953371245,1
1049334,48338997,3,87,05:09:46,-79.1943745044948,43.7850790047652,,,28.1032964369817,88.7597599162732,4839.60412424163,518.629976685595,1
1049334,48338997,3,88,05:09:57,-79.193329,43.785336,4924,10,28.1032964369817,88.7597599166963,4928.36388415832,530,1
1049334,48338997,3,89,05:09:57,-79.193329,43.785336,4924,10,1e-12,0,4928.36388415832,530,1
1049334,48338997,3,90,05:10:04,-79.1926887549082,43.785488755361,,,26.9726143775218,54.1907654561868,4982.55464961451,537.232771466338,1
1049334,48338997,3,91,05:10:11,-79.1920485065442,43.785641507148,,,26.9726143775218,54.1907654572885,5036.7454150718,544.465542932823,1
1049334,48338997,3,92,05:10:19,-79.1914082549081,43.785794255361,,,26.9726143775218,54.1907654558519,5090.93618052765,551.698314399116,1
1049334,48338997,3,93,05:10:26,-79.190768,43.785947,,,26.9726143775218,54.1907654570116,5145.12694598466,558.931085865564,1
1049334,48338997,3,94,05:10:33,-79.1901505048346,43.7861030049868,,,26.9726143775218,52.5758331219875,5197.70277910665,565.94831439929,1
1049334,48338997,3,95,05:10:40,-79.1895330064461,43.7862590066491,,,26.9726143775218,52.5758331200724,5250.27861222672,572.965542932762,1
1049334,48338997,3,96,05:10:47,-79.1889155048345,43.7864150049869,,,26.9726143775218,52.5758331223853,5302.85444534911,579.982771466542,1
1049334,48338997,3,97,05:10:54,-79.188298,43.786571,8000,11,26.9726143775218,52.575833119978,5355.43027846908,587,1
1049334,48338997,3,98,05:10:54,-79.188298,43.786571,8000,11,1e-12,0,5355.43027846908,587,1
1049334,48338997,3,99,05:10:59,-79.187968,43.786421,,,22.1900388317305,31.3391104070605,5386.76938887614,592.084299235389,1
1049334,48338997,3,100,05:11:13,-79.187089,43.785993,,,22.1900388317305,85.2061633409345,5471.97555221708,605.907717497674,1
1049334,48338997,3,101,05:11:15,-79.186962,43.785933,,,22.1900388317305,12.1975657829188,5484.173118,607.886589060338,1
1049334,48338997,3,102,05:11:24,-79.1864024975431,43.7856705013647,,,22.1900388317305,53.6253820140459,5537.79850001404,616.586500615901,1
1049334,48338997,3,103,05:11:32,-79.185843,43.785408,,,22.1900388317305,53.6253820170796,5591.42388203112,625.286412171956,1
1049334,48338997,3,104,05:11:42,-79.185218,43.7851,,,22.1900388317305,60.8150698881787,5652.2389519193,635.152742432017,1
1049334,48338997,3,105,05:11:47,-79.184902,43.784954,,,22.1900388317305,30.1511136463122,5682.39006556561,640.04430706378,1
1049334,48338997,3,106,05:11:49,-79.184749,43.784881,,,22.1900388317305,14.7387133095018,5697.12877887512,642.435441586642,1
1049334,48338997,3,107,05:11:59,-79.184137,43.784589,1790,12,22.1900388317305,58.9549785002134,5756.08375737533,652,1
1049334,48338997,3,108,05:11:59,-79.184137,43.784589,1790,12,1e-12,0,5756.08375737533,652,1
1049334,48338997,3,109,05:12:07,-79.1833129949345,43.7842215029599,,,34.4502566634105,77.8398979443453,5833.92365531967,660.134152245585,1
1049334,48338997,3,110,05:12:15,-79.182489,43.783854,,,34.4502566634105,77.8398979423683,5911.76355326204,668.268304490962,1
1049334,48338997,3,111,05:12:21,-79.181909,43.783593,,,34.4502566634105,54.9268872228329,5966.69044048488,674.008081582731,1
1049334,48338997,3,112,05:12:24,-79.1816,43.783465,1083,13,34.4502566634105,28.6312103863598,5995.32165087124,677,1
1049334,48338997,3,113,05:12:24,-79.1816,43.783465,1083,13,1e-12,0,5995.32165087124,677,1
1049334,48338997,3,114,05:12:26,-79.18146,43.783412,,,24.6238145091143,12.7045935029901,6008.02624437423,678.85741070271,1
1049334,48338997,3,115,05:12:28,-79.181265,43.783369,,,24.6238145091143,16.3865444497915,6024.41278882402,681.25312238245,1
1049334,48338997,3,116,05:12:34,-79.180824,43.783291,,,24.6238145091143,36.4905634976476,6060.90335232166,686.588040274351,1
1049334,48338997,3,117,05:12:40,-79.180291,43.783199,,,24.6238145091143,44.0436671012125,6104.94701942288,693.027221397393,1
1049334,48338997,3,118,05:12:46,-79.179813,43.783109,,,24.6238145091143,39.7011373086358,6144.64815673151,698.831524961253,1
1049334,48338997,3,119,05:12:49,-79.17955,43.783066,4815,14,24.6238145091143,21.6722060085718,6166.32036274009,702,1
1049334,48338997,3,120,05:12:49,-79.17955,43.783066,4815,14,1e-12,0,6166.32036274009,702,1
1049334,48338997,3,121,05:12:51,-79.179403,43.78304,,,24.6125292425823,12.1635743351577,6178.48393707524,703.779129124642,1
1049334,48338997,3,122,05:12:54,-79.179123,43.782987,,,24.6125292425823,23.2638422366228,6201.74777931187,707.181860766985,1
1049334,48338997,3,123,05:12:58,-79.178772,43.782928,,,24.6125292425823,28.9639698070723,6230.71174911894,711.41833277999,1
1049334,48338997,3,124,05:13:07,-79.178065,43.782803,,,24.6125292425823,58.4999123401249,6289.21166145906,719.974937521777,1
1049334,48338997,3,125,05:13:12,-79.17765,43.782729,8165,15,24.6125292425823,34.3554158864091,6323.56707734547,725,1
1049334,48338997,3,126,05:13:12,-79.17765,43.782729,8165,15,1e-12,0,6323.56707734547,725,1
1049334,48338997,3,127,05:13:16,-79.177264,43.782661,,,26.9263179263397,31.9327121251241,6355.4997894706,729.26934584836,1
1049334,48338997,3,128,05:13:24,-79.176593,43.782541,,,26.9263179263397,55.5577022323157,6411.05749170291,736.69731013904,1
1049334,48338997,3,129,05:13:31,-79.1759029986093,43.7824205020755,,,26.9263179263397,57.0543283436025,6468.11182004651,744.325370633566,1
1049334,48338997,3,130,05:13:39,-79.175213,43.7823,,,26.9263179263397,57.0543283447208,6525.16614839123,751.953431128242,1
1049334,48338997,3,131,05:13:49,-79.174304,43.782142,5379,16,26.9263179263397,75.1436409749511,6600.30978936619,762,1
1049334,48338997,3,132,05:13:49,-79.174304,43.782142,5379,16,1e-12,0,6600.30978936619,762,1
1049334,48338997,3,133,05:13:52,-79.174039,43.782072,,,29.9394906899566,22.6788076243515,6622.98859699054,764.726957124727,1
1049334,48338997,3,134,05:14:03,-79.172944,43.781875,,,29.9394906899566,90.6965863128577,6713.6851833034,775.632543799781,1
1049334,48338997,3,135,05:14:09,-79.172435,43.782183,,,29.9394906899566,53.3765387708583,6767.06172207425,782.050673672629,1
1049334,48338997,3,136,05:14:21,-79.1715330084114,43.7827405035468,,,29.9394906899566,95.4293252643533,6862.49104733861,793.525336836052,1
1049334,48338997,3,137,05:14:32,-79.170631,43.783298,8794,17,29.9394906899566,95.4293252687279,6957.92037260733,805,1
1049334,48338997,3,138,05:14:32,-79.170631,43.783298,8794,17,1e-12,0,6957.92037260733,805,1
1049334,48338997,3,139,05:14:42,-79.1699875044941,43.7837155018052,,,26.0207032591743,69.5314901303616,7027.4518627377,814.619777066596,1
1049334,48338997,3,140,05:14:51,-79.169344,43.784133,,,26.0207032591743,69.5314901306153,7096.98335286831,824.239554133227,1
1049334,48338997,3,141,05:15:00,-79.168734,43.784534,,,26.0207032591743,66.3022867042734,7163.28563957258,833.412566474899,1
1049334,48338997,3,142,05:15:02,-79.168632,43.784468,,,26.0207032591743,11.0080562528494,7174.29369582543,834.935546162094,1
1049334,48338997,3,143,05:15:03,-79.168541,43.784408,,,26.0207032591743,9.90439064408763,7184.19808646952,836.305832197931,1
1049334,48338997,3,144,05:15:11,-79.16807,43.784042,643,18,26.0207032591743,55.6132381122012,7239.81132458172,844,1
1049334,48338997,3,145,05:15:11,-79.16807,43.784042,643,18,1e-12,0,7239.81132458172,844,1
1049334,48338997,3,146,05:15:13,-79.167953,43.783947,,,26.8256162068008,14.1511281186705,7253.96245270039,845.899082609491,1
1049334,48338997,3,147,05:15:25,-79.167226,43.78337,,,26.8256162068008,86.8299419160343,7340.79239461643,857.551668275668,1
1049334,48338997,3,148,05:15:27,-79.16707,43.783244,,,26.8256162068008,18.8128710525332,7359.60526566896,860.076357187453,1
1049334,48338997,3,149,05:15:38,-79.166364,43.782685,,,26.8256162068008,84.2125312888181,7443.81779695778,871.377686122551,1
1049334,48338997,3,150,05:15:48,-79.16569,43.783107,3026,19,26.8256162068008,71.7012497493969,7515.51904670718,881,1
1049334,48338997,3,151,05:15:48,-79.16569,43.783107,3026,19,1e-12,0,7515.51904670718,881,1
1049334,48338997,3,152,05:15:49,-79.165636,43.78314,,,22.9668701876807,5.6859232960474,7521.20497000322,881.89125438941,1
1049334,48338997,3,153,05:15:57,-79.1651580023587,43.7834350009961,,,22.9668701876807,50.5391661987512,7571.74413620198,889.813143476983,1
1049334,48338997,3,154,05:16:05,-79.16468,43.78373,,,22.9668701876807,50.5391661973077,7622.28330239928,897.73503256433,1
1049334,48338997,3,155,05:16:12,-79.164241,43.784,5722,20,22.9668701876807,46.3482122257641,7668.63151462505,905,1
1049334,48338997,3,156,05:16:12,-79.164241,43.784,5722,20,1e-12,0,7668.63151462505,905,1
1049334,48338997,3,157,05:16:22,-79.163452,43.784479,,,28.5991507221389,82.8494383137171,7751.48095293876,915.428910313707,1
1049334,48338997,3,158,05:16:24,-79.163297,43.78457,,,28.5991507221389,16.0558886757226,7767.53684161449,917.449991281956,1
1049334,48338997,3,159,05:16:27,-79.163119,43.784669,,,28.5991507221389,18.0580979938582,7785.59493960835,919.723106082095,1
1049334,48338997,3,160,05:16:29,-79.16295,43.784735,,,28.5991507221389,15.4417927318704,7801.03673234021,921.666885964751,1
1049334,48338997,3,161,05:16:31,-79.162774,43.784802,,,28.5991507221389,15.9904539361306,7817.02718627635,923.67973014776,1
1049334,48338997,3,162,05:16:33,-79.162576,43.784869,,,28.5991507221389,17.5737529537717,7834.60093923012,925.8918766289,1
1049334,48338997,3,163,05:16:35,-79.162371,43.784929,,,28.5991507221389,17.777509563391,7852.37844879351,928.129671556799,1
1049334,48338997,3,164,05:16:37,-79.162214,43.784963,,,28.5991507221389,13.1729424771482,7865.55139127066,929.78785341606,1
1049334,48338997,3,165,05:16:42,-79.161727,43.785069,,,28.5991507221389,40.8784015233384,7906.42979279399,934.933539276239,1
1049334,48338997,3,166,05:16:53,-79.160678,43.785293,2007,21,28.5991507221389,87.9142717220785,7994.34406451607,946,1
1049334,48338997,3,167,05:16:53,-79.160678,43.785293,2007,21,1e-12,0,7994.34406451607,946,1
1049334,48338997,3,168,05:17:06,-79.1597540031069,43.785494003722,,,21.4769114027828,77.5555133984332,8071.89957791451,958.999999999915,1
1049334,48338997,3,169,05:17:19,-79.15883,43.785695,2242,22,21.4769114027828,77.555513399443,8149.45509131395,972,1
1049334,48338997,3,170,05:17:19,-79.15883,43.785695,2242,22,1e-12,0,8149.45509131395,972,1
1049334,48338997,3,171,05:17:28,-79.1581275018803,43.7858550021514,,,22.5472212125689,59.1993452060186,8208.65443651997,981.452058004508,1
1049334,48338997,3,172,05:17:38,-79.157425,43.786015,,,22.5472212125689,59.1993452054526,8267.85378172542,990.904116008925,1
1049334,48338997,3,173,05:17:45,-79.156877,43.786145,,,22.5472212125689,46.3565967497629,8314.21037847518,998.305637763017,1
1049334,48338997,3,174,05:17:59,-79.15586,43.786358,,,22.5472212125689,85.1006184219575,8399.31099689714,1011.89322017199,1
1049334,48338997,3,175,05:18:00,-79.155783,43.786378,,,22.5472212125689,6.57638183754158,8405.88737873468,1012.94323757289,1
1049334,48338997,3,176,05:18:07,-79.155253,43.786484,9912,23,22.5472212125689,44.1973287468524,8450.08470748153,1020,1
1049334,48338997,3,177,05:18:07,-79.155253,43.786484,9912,23,1e-12,0,8450.08470748153,1020,1
1049334,48338997,3,178,05:18:14,-79.154528,43.786649,,,32.5321643085044,61.0905780164983,8511.17528549803,1026.76026589482,1
1049334,48338997,3,179,05:18:19,-79.153923,43.786786,,,32.5321643085044,50.9558869156264,8562.13117241366,1032.39902977037,1
1049334,48338997,3,180,05:18:27,-79.1531040024183,43.7869625029241,2692,24,32.5321643085044,68.6877812262319,8630.81895363989,1040,1
1049334,48338997,3,181,05:18:27,-79.1531040024183,43.7869625029241,2692,24,1e-12,0,8630.81895363989,1040,1
1049334,48338997,3,182,05:18:39,-79.152285,43.787139,,,20.7860005955514,68.687781226905,8699.5067348668,1051.89627659636,1
1049334,48338997,3,183,05:18:50,-79.1515215021331,43.7873060025412,2681,25,20.7860005955514,64.1116670224523,8763.61840188925,1063,1
1049334,48338997,3,184,05:18:50,-79.1515215021331,43.7873060025412,2681,25,1e-12,0,8763.61840188925,1063,1
1049334,48338997,3,185,05:18:59,-79.150758,43.787473,,,26.6490203229571,64.1116670202704,8827.73006890952,1071.66080623137,1
1049334,48338997,3,186,05:19:07,-79.1500670017687,43.7876260020815,,,26.6490203229571,58.0838118517185,8885.81388076124,1079.50731316229,1
1049334,48338997,3,187,05:19:14,-79.149376,43.787779,,,26.6490203229571,58.0838118520248,8943.89769261326,1087.35382009324,1
1049334,48338997,3,188,05:19:16,-79.149257,43.787805,,,26.6490203229571,9.99151509369919,8953.88920770696,1088.7035678101,1
1049334,48338997,3,189,05:19:26,-79.1483625029332,43.7880010034881,,,26.6490203229571,75.1222269325708,9029.01143463953,1098.85178390509,1
1049334,48338997,3,190,05:19:36,-79.147468,43.788197,7305,26,26.6490203229571,75.1222269319461,9104.13366157148,1109,1
1049334,48338997,3,191,05:19:36,-79.147468,43.788197,7305,26,1e-12,0,9104.13366157148,1109,1
1049334,48338997,3,192,05:19:46,-79.1465582590753,43.7883957608241,,,28.9451989546353,76.3831639083255,9180.5168254798,1118.50000000003,1
1049334,48338997,3,193,05:19:55,-79.1456485121003,43.7885945144322,,,28.9451989546353,76.3831639071457,9256.89998938695,1127.99999999992,1
1049334,48338997,3,194,05:20:04,-79.1447387590752,43.7887932608242,,,28.9451989546353,76.3831639082721,9333.28315329522,1137.49999999994,1
1049334,48338997,3,195,05:20:14,-79.143829,43.788992,4506,27,28.9451989546353,76.3831639085175,9409.66631720374,1147,1
1049334,48338997,3,196,05:20:14,-79.143829,43.788992,4506,27,1e-12,0,9409.66631720374,1147,1
1049334,48338997,3,197,05:20:19,-79.143416,43.78909,,,23.4854510793439,34.9359582250525,9444.60227542879,1152.35520689747,1
1049334,48338997,3,198,05:20:29,-79.1426560021044,43.789255502518,,,23.4854510793439,63.7922029675296,9508.39447839632,1162.13368336391,1
1049334,48338997,3,199,05:20:39,-79.141896,43.789421,,,23.4854510793439,63.7922029692485,9572.18668136557,1171.91215983061,1
1049334,48338997,3,200,05:20:43,-79.141552,43.789514,,,23.4854510793439,29.5188630480291,9601.7055444136,1176.43699976721,1
1049334,48338997,3,201,05:20:47,-79.141279,43.789583,5743,28,23.4854510793439,23.2440743507926,9624.94961876439,1180,1
1049334,48338997,3,202,05:20:47,-79.141279,43.789583,5743,28,1e-12,0,9624.94961876439,1180,1
1049334,48338997,3,203,05:20:49,-79.141099,43.789623,,,23.4818782968675,15.1346451360331,9640.08426390042,1182.32028808773,1
1049334,48338997,3,204,05:20:52,-79.140903,43.789651,,,23.4818782968675,16.0559948055634,9656.14025870599,1184.78182802799,1
1049334,48338997,3,205,05:21:00,-79.140705998474,43.7891880001692,,,23.4818782968675,53.9174195812238,9710.05767828721,1193.04789209827,1
1049334,48338997,3,206,05:21:08,-79.140509,43.788725,,,23.4818782968675,53.9174195829536,9763.97509787017,1201.31395616881,1
1049334,48338997,3,207,05:21:21,-79.140191,43.788018,4595,29,23.4818782968675,82.7478159201967,9846.72291379036,1214,1
1049334,48338997,3,208,05:21:21,-79.140191,43.788018,4595,29,1e-12,0,9846.72291379036,1214,1
1049334,48338997,3,209,05:21:27,-79.1399914952665,43.7875452505205,,,30.469427667557,55.014244397781,9901.73715818814,1220.49999999977,1
1049334,48338997,3,210,05:21:34,-79.1397919936887,43.787072500694,,,30.469427667557,55.014244401055,9956.7514025892,1226.99999999992,1
1049334,48338997,3,211,05:21:40,-79.1395924952666,43.7865997505205,,,30.469427667557,55.014244397362,10011.7656469866,1233.49999999964,1
1049334,48338997,3,212,05:21:47,-79.139393,43.786127,2545,30,30.469427667557,55.0142444028242,10066.7798913894,1240,1
1049334,48338997,3,213,05:21:47,-79.139393,43.786127,2545,30,1e-12,0,10066.7798913894,1240,1
1049334,48338997,3,214,05:21:57,-79.139143,43.785515,,,25.7543187841602,71.0282965001585,10137.8081878895,1249.92850440128,1
1049334,48338997,3,215,05:22:09,-79.1388294960511,43.7847620004284,,,25.7543187841602,87.52813475709,10225.3363226466,1262.1633954798,1
1049334,48338997,3,216,05:22:21,-79.138516,43.784009,,,25.7543187841602,87.5281347529154,10312.8644573995,1274.39828655773,1
1049334,48338997,3,217,05:22:30,-79.1382907439639,43.7834750006635,,,25.7543187841602,62.14003226198,10375.0044896615,1283.08436822108,1
1049334,48338997,3,218,05:22:39,-79.138065491952,43.7829410008847,,,25.7543187841602,62.1400322590592,10437.1445219206,1291.77044988402,1
1049334,48338997,3,219,05:22:47,-79.1378402439641,43.7824070006635,,,25.7543187841602,62.1400322607802,10499.2845541814,1300.4565315472,1
1049334,48338997,3,220,05:22:56,-79.137615,43.781873,,,25.7543187841602,62.1400322611278,10561.4245864425,1309.14261321043,1
1049334,48338997,3,221,05:23:04,-79.137411,43.78139,8185,31,25.7543187841602,56.2115678303157,10617.6361542728,1317,1
1049334,48338997,3,222,05:23:04,-79.137411,43.78139,8185,31,1e-12,0,10617.6361542728,1317,1
1049334,48338997,3,223,05:23:14,-79.1372239957846,43.7809407504573,,,18.7991614099405,52.2198928061708,10669.856047079,1327.00000000015,1
1049334,48338997,3,224,05:23:24,-79.1370369943795,43.7804915006098,10225,32,18.7991614099405,52.2198928046097,10722.0759398836,1337,1
1049334,48338997,3,225,05:23:24,-79.1370369943795,43.7804915006098,10225,32,1e-12,0,10722.0759398836,1337,1
1049334,48338997,3,226,05:23:32,-79.1368499957847,43.7800422504573,,,23.7733594673769,52.2198928066877,10774.2958326903,1344.907658754,1
1049334,48338997,3,227,05:23:40,-79.136663,43.779593,,,23.7733594673769,52.2198928045355,10826.5157254948,1352.81531750766,1
1049334,48338997,3,228,05:23:51,-79.135758,43.779789,,,23.7733594673769,75.9397346394416,10902.4554601343,1364.31487208585,1
1049334,48338997,3,229,05:24:05,-79.1347100039789,43.7800160047879,,,23.7733594673769,87.9395675441705,10990.3950276784,1377.63156144957,1
1049334,48338997,3,230,05:24:18,-79.133662,43.780243,,,23.7733594673769,87.9395675435792,11078.334595222,1390.9482508132,1
1049334,48338997,3,231,05:24:28,-79.132909,43.780409,,,23.7733594673769,63.2787378773097,11141.6133330993,1400.53055055804,1
1049334,48338997,3,232,05:24:36,-79.1322600015577,43.7805525018362,,,23.7733594673769,54.5527546445951,11196.1660877439,1408.7914745974,1
1049334,48338997,3,233,05:24:44,-79.131611,43.780696,,,23.7733594673769,54.5527546461854,11250.7188423901,1417.05239863701,1
1049334,48338997,3,234,05:24:53,-79.130879,43.780856,,,23.7733594673769,61.4691885265469,11312.1880309166,1426.36067831028,1
1049334,48338997,3,235,05:25:00,-79.130354,43.780749,24429,33,23.7733594673769,43.8441614303328,11356.032192347,1433,1
1049334,48338997,3,236,05:25:00,-79.130354,43.780749,24429,33,1e-12,0,11356.032192347,1433,1
1049334,48338997,3,237,,-79.130188,43.780735,,,,13.4324467424278,11369.4646390894,,1
1049334,48338997,3,238,,-79.130104,43.780737,,,,6.75490812639918,11376.2195472158,,1
1049334,48338997,3,239,,-79.130051,43.780742,,,,4.29591965716792,11380.515466873,,1
1049334,48338997,3,240,,-79.130002,43.780757,,,,4.27759204867132,11384.7930589216,,1
