shape_id,trip_id,route_type,id,timestamp,shape_pt_lon,shape_pt_lat,stop_id,stop_sequence,speed,dist,cumdist,cumtime,trip_number
1049309,48338664,3,1,,-79.436495,43.699211,,,1e-12,0,0,0,1
1049309,48338664,3,2,02:15:00,-79.436588,43.699519,14197,1,,35.0938588500544,35.0938588500544,,1
1049309,48338664,3,3,02:15:00,-79.436588,43.699519,14197,1,1e-12,0,35.0938588500544,0,1
1049309,48338664,3,4,02:15:02,-79.436574,43.699607,,,15.1393859404431,9.86069975939677,44.9545586094511,2.34477932417313,1
1049309,48338664,3,5,02:15:04,-79.436528,43.699678,,,15.1393859404431,8.72776557640352,53.6823241858547,4.42015782358227,1
1049309,48338664,3,6,02:15:07,-79.436441,43.69974,,,15.1393859404431,9.83160648396528,63.5139306698199,6.7580190473803,1
1049309,48338664,3,7,02:15:10,-79.436294,43.699776,,,15.1393859404431,12.4909772601781,76.004907929998,9.72825299963828,1
1049309,48338664,3,8,02:15:12,-79.436162,43.699783,,,15.1393859404431,10.6519836390265,86.6568915690245,12.2611920006882,1
1049309,48338664,3,9,02:15:15,-79.43604,43.699757,,,15.1393859404431,10.2363408090578,96.8932323780824,14.6952951444733,1
1049309,48338664,3,10,02:15:16,-79.435963,43.699719,,,15.1393859404431,7.50313654504456,104.396368923127,16.479468668315,1
1049309,48338664,3,11,02:15:19,-79.435873,43.699645,,,15.1393859404431,10.9692155522181,115.365584475345,19.0878423595157,1
1049309,48338664,3,12,02:15:28,-79.435738,43.699323,,,15.1393859404431,37.4553337838238,152.820918259169,27.9943595823549,1
1049309,48338664,3,13,02:15:35,-79.435639,43.699056,,,15.1393859404431,30.7717236370111,183.59264189618,35.3115787568333,1
1049309,48338664,3,14,02:15:39,-79.435663,43.698921,,,15.1393859404431,15.1517541965326,198.744396092712,38.9145198088745,1
1049309,48338664,3,15,02:15:42,-79.435716,43.698827,,,15.1393859404431,11.3000345750539,210.044430667766,41.60155907389,1
1049309,48338664,3,16,02:15:47,-79.436006,43.698762,,,15.1393859404431,24.4356504376151,234.480081105381,47.4121211350907,1
1049309,48338664,3,17,02:15:56,-79.436449,43.698678,,,15.1393859404431,36.8593778650073,271.339458970389,56.1769257867477,1
1049309,48338664,3,18,02:16:11,-79.437177,43.698507,,,15.1393859404431,61.6057424857374,332.945201456126,70.8261773363891,1
1049309,48338664,3,19,02:16:13,-79.437281,43.698482,,,15.1393859404431,8.82069609010581,341.765897546232,72.9236538159042,1
1049309,48338664,3,20,02:16:33,-79.438313,43.698269,,,15.1393859404431,86.376142230332,428.142039776564,93.4630675842339,1
1049309,48338664,3,21,02:16:35,-79.438405,43.698237,,,15.1393859404431,8.21673131834342,436.358771094907,95.4169270645591,1
1049309,48338664,3,22,02:16:48,-79.439043,43.698102,,,15.1393859404431,53.5019998951651,489.860770990072,108.139186763882,1
1049309,48338664,3,23,02:16:52,-79.439237,43.698062,338,2,15.1393859404431,16.2362060071007,506.096976997173,112,1
1049309,48338664,3,24,02:16:52,-79.439237,43.698062,338,2,1e-12,0,506.096976997173,112,1
1049309,48338664,3,25,02:16:55,-79.439378,43.698033,,,16.9814718846046,11.7983471378427,517.895324135016,114.501199541763,1
1049309,48338664,3,26,02:17:10,-79.440244,43.697839,,,16.9814718846046,72.9674518962554,590.862776031271,129.969989798082,1
1049309,48338664,3,27,02:17:21,-79.4408785043173,43.6977030052645,,,16.9814718846046,53.2637359194857,644.126511950757,141.261675855283,1
1049309,48338664,3,28,02:17:33,-79.4415130057565,43.6975670070192,,,16.9814718846046,53.2637359223624,697.390247873119,152.553361913094,1
1049309,48338664,3,29,02:17:44,-79.4421475043174,43.6974310052644,,,16.9814718846046,53.2637359190665,750.653983792186,163.845047970207,1
1049309,48338664,3,30,02:17:55,-79.442782,43.697295,,,16.9814718846046,53.2637359208977,803.917719713084,175.136734027708,1
1049309,48338664,3,31,02:18:03,-79.442643,43.696959,,,16.9814718846046,39.0405717918035,842.958291504887,183.413169627964,1
1049309,48338664,3,32,02:18:04,-79.442634,43.696935,597,3,16.9814718846046,2.76812318437784,845.726414689265,184,1
1049309,48338664,3,33,02:18:04,-79.442634,43.696935,597,3,1e-12,0,845.726414689265,184,1
1049309,48338664,3,34,02:18:08,-79.442497,43.696604,,,32.7913413074879,38.4612088410552,884.18762353032,188.222466855791,1
1049309,48338664,3,35,02:18:10,-79.442442,43.696501,,,32.7913413074879,12.2907472872139,896.478370817534,189.571807519202,1
1049309,48338664,3,36,02:18:19,-79.44215,43.695777,,,32.7913413074879,83.9519948570942,980.430365674628,198.788483917142,1
1049309,48338664,3,37,02:18:29,-79.441803,43.69498,5003,4,32.7913413074879,93.0136969833024,1073.44406265793,209,1
1049309,48338664,3,38,02:18:29,-79.441803,43.69498,5003,4,1e-12,0,1073.44406265793,209,1
1049309,48338664,3,39,02:18:39,-79.441494,43.694188,,,31.7872829775849,91.6058071226177,1165.04986978055,219.37461760648,1
1049309,48338664,3,40,02:18:49,-79.441205,43.69349,,,31.7872829775849,81.1081366809019,1246.15800646145,228.560344246192,1
1049309,48338664,3,41,02:18:57,-79.440911,43.692815,,,31.7872829775849,78.7788001477704,1324.93680660922,237.482266913567,1
1049309,48338664,3,42,02:19:00,-79.440833,43.692647,,,31.7872829775849,19.7273607611984,1344.66416737042,239.716446500114,1
1049309,48338664,3,43,02:19:05,-79.440628,43.692255,2095,5,31.7872829775849,46.6527250633612,1391.31689243378,245,1
1049309,48338664,3,44,02:19:05,-79.440628,43.692255,2095,5,1e-12,0,1391.31689243378,245,1
1049309,48338664,3,45,02:19:07,-79.440579,43.69214,,,29.8383096312211,13.3955257672205,1404.712418201,246.61617374972,1
1049309,48338664,3,46,02:19:16,-79.440312,43.691475,,,29.8383096312211,77.0839547234684,1481.79637292447,255.916373406946,1
1049309,48338664,3,47,02:19:26,-79.440012,43.69078,,,29.8383096312211,81.0479483100281,1562.8443212345,265.69482994561,1
1049309,48338664,3,48,02:19:28,-79.439946,43.6906,,,29.8383096312211,20.7298017612079,1583.5741229957,268.195886046398,1
1049309,48338664,3,49,02:19:38,-79.439646,43.689903,4196,6,29.8383096312211,81.2606077242683,1664.83473071997,278,1
1049309,48338664,3,50,02:19:38,-79.439646,43.689903,4196,6,1e-12,0,1664.83473071997,278,1
1049309,48338664,3,51,02:19:40,-79.439599,43.689772,,,33.759568708006,15.0656011945863,1679.90033191456,279.606541978353,1
1049309,48338664,3,52,02:19:42,-79.439538,43.689555,,,33.759568708006,24.6503102406809,1704.55064215524,282.235163144518,1
1049309,48338664,3,53,02:19:49,-79.439365,43.688998,,,33.759568708006,63.5494815607588,1768.100123716,289.011853202305,1
1049309,48338664,3,54,02:19:54,-79.439259,43.688604,,,33.759568708006,44.6821297819869,1812.78225349799,293.776596158781,1
1049309,48338664,3,55,02:19:59,-79.439108,43.688162,,,33.759568708006,50.6823202274829,1863.46457372547,299.181178024061,1
1049309,48338664,3,56,02:20:06,-79.4388949981623,43.6876445001977,,,33.759568708006,60.1052640651633,1923.56983779063,305.590589012279,1
1049309,48338664,3,57,02:20:12,-79.438682,43.687127,9353,7,33.759568708006,60.1052640605087,1983.67510185114,312,1
1049309,48338664,3,58,02:20:12,-79.438682,43.687127,9353,7,1e-12,0,1983.67510185114,312,1
1049309,48338664,3,59,02:20:22,-79.438405,43.686366,,,31.3162994906096,87.5995670506585,2071.2746689018,322.070105552444,1
1049309,48338664,3,60,02:20:25,-79.438296,43.686119,,,31.3162994906096,28.8619966612014,2100.136665563,325.387968443986,1
1049309,48338664,3,61,02:20:28,-79.438214,43.685903,,,31.3162994906096,24.9346093404753,2125.07127490348,328.254354162791,1
1049309,48338664,3,62,02:20:33,-79.438079,43.685547,,,31.3162994906096,41.0927884130387,2166.16406331652,332.978221308439,1
1049309,48338664,3,63,02:20:34,-79.438053,43.685455,,,31.3162994906096,10.453074197477,2176.61713751399,334.179866066057,1
1049309,48338664,3,64,02:20:40,-79.437873996097,43.685019000419,9182,8,31.3162994906096,50.6291825974456,2227.24632011144,340,1
1049309,48338664,3,65,02:20:40,-79.437873996097,43.685019000419,9182,8,1e-12,0,2227.24632011144,340,1
1049309,48338664,3,66,02:20:46,-79.4376949947961,43.6845830005586,,,31.5861814175974,50.6291826036638,2277.8755027151,345.770404942702,1
1049309,48338664,3,67,02:20:52,-79.4375159960971,43.684147000419,,,31.5861814175974,50.6291826027316,2328.50468531783,351.540809885298,1
1049309,48338664,3,68,02:20:57,-79.437337,43.683711,,,31.5861814175974,50.6291825982388,2379.13386791607,357.311214827382,1
1049309,48338664,3,69,02:21:04,-79.437118,43.68318,,,31.5861814175974,61.6837731787555,2440.81764109483,364.341554472041,1
1049309,48338664,3,70,02:21:11,-79.436911,43.682677,24364,9,31.5861814175974,58.4207967792539,2499.23843787408,371,1
1049309,48338664,3,71,02:21:11,-79.436911,43.682677,24364,9,1e-12,0,2499.23843787408,371,1
1049309,48338664,3,72,02:21:23,-79.436588,43.68186,,,29.2774226676023,94.5922325707618,2593.83067044484,382.63121635128,1
1049309,48338664,3,73,02:21:33,-79.4363094967483,43.6811595003381,,,29.2774226676023,81.1385524175097,2674.96922286235,392.608146083768,1
1049309,48338664,3,74,02:21:43,-79.436031,43.680459,,,29.2774226676023,81.138552422378,2756.10777528473,402.585075816855,1
1049309,48338664,3,75,02:21:47,-79.435905,43.680146,,,29.2774226676023,36.2895638498564,2792.39733913459,407.047300219007,1
1049309,48338664,3,76,02:21:49,-79.43585,43.680009,9023,10,29.2774226676023,15.8805602308522,2808.27789936544,409,1
1049309,48338664,3,77,02:21:49,-79.43585,43.680009,9023,10,1e-12,0,2808.27789936544,409,1
1049309,48338664,3,78,02:21:55,-79.435678,43.679585,,,28.9064887837551,49.1887853267195,2857.46668469216,415.125947308955,1
1049309,48338664,3,79,02:21:57,-79.435901,43.67954,,,28.9064887837551,18.6390012169395,2876.1056859091,417.44723942032,1
1049309,48338664,3,80,02:22:04,-79.435717,43.679095,,,28.9064887837551,51.7046516103352,2927.81033751943,423.886511487905,1
1049309,48338664,3,81,02:22:10,-79.435544,43.678677,,,28.9064887837551,48.5713296310733,2976.38166715051,429.935561165988,1
1049309,48338664,3,82,02:22:20,-79.435254,43.677982,8430,11,28.9064887837551,80.8132189639346,3057.19488611444,440,1
1049309,48338664,3,83,02:22:20,-79.435254,43.677982,8430,11,1e-12,0,3057.19488611444,440,1
1049309,48338664,3,84,02:22:28,-79.4350344980649,43.67745300021,,,28.0913127030969,61.4825181267869,3118.67740424123,447.879199793751,1
1049309,48338664,3,85,02:22:36,-79.434815,43.676924,,,28.0913127030969,61.4825181279299,3180.15992236916,455.758399587648,1
1049309,48338664,3,86,02:22:47,-79.434503,43.676169,7474,12,28.0913127030969,87.7198090185106,3267.87973138767,467,1
1049309,48338664,3,87,02:22:47,-79.434503,43.676169,7474,12,1e-12,0,3267.87973138767,467,1
1049309,48338664,3,88,02:22:56,-79.434294998253,43.6756650001886,,,24.7871129199946,58.551051949377,3326.43078333705,475.503765149984,1
1049309,48338664,3,89,02:23:04,-79.434087,43.675161,,,24.7871129199946,58.5510519499497,3384.981835287,484.00753030005,1
1049309,48338664,3,90,02:23:06,-79.434032,43.675031,,,24.7871129199946,15.1338939693572,3400.11572925635,486.205528044505,1
1049309,48338664,3,91,02:23:11,-79.433914,43.674747,3604,13,24.7871129199946,33.0114215979466,3433.1271508543,491,1
1049309,48338664,3,92,02:23:11,-79.433914,43.674747,3604,13,1e-12,0,3433.1271508543,491,1
1049309,48338664,3,93,02:23:16,-79.433771,43.6744,,,27.2525860450073,40.3072456825481,3473.43439653685,496.324488627154,1
1049309,48338664,3,94,02:23:20,-79.433429,43.674449,,,27.2525860450073,28.0710750075618,3501.50547154441,500.032609018383,1
1049309,48338664,3,95,02:23:29,-79.432609,43.674564,,,27.2525860450073,67.2516141289976,3568.75708567341,508.916382854178,1
1049309,48338664,3,96,02:23:34,-79.432161,43.674596,,,27.2525860450073,36.2459438103939,3605.0030294838,513.704383431515,1
1049309,48338664,3,97,02:23:41,-79.43148,43.674674,,,27.2525860450073,55.5135450790944,3660.5165745629,521.037587038494,1
1049309,48338664,3,98,02:23:46,-79.430972,43.674715,,,27.2525860450073,41.1551236367085,3701.6716981996,526.474078270829,1
1049309,48338664,3,99,02:23:52,-79.430823,43.674355,2952,14,27.2525860450073,41.8321270561673,3743.50382525577,532,1
1049309,48338664,3,100,02:23:52,-79.430823,43.674355,2952,14,1e-12,0,3743.50382525577,532,1
1049309,48338664,3,101,02:23:53,-79.430791,43.674278,,,28.2969285059365,8.95045007163168,3752.4542753274,533.138696740571,1
1049309,48338664,3,102,02:23:57,-79.430691,43.674036,,,28.2969285059365,28.116782619208,3780.57105794661,536.71577816861,1
1049309,48338664,3,103,02:24:05,-79.4304504977919,43.6734850002521,,,28.2969285059365,64.321069036974,3844.89212698358,544.89885176561,1
1049309,48338664,3,104,02:24:13,-79.43021,43.672934,,,28.2969285059365,64.3210690351933,3909.21319601878,553.081925362382,1
1049309,48338664,3,105,02:24:23,-79.4299304968774,43.6722635003405,24790,15,28.2969285059365,77.9586247047798,3987.17182072356,563,1
1049309,48338664,3,106,02:24:23,-79.4299304968774,43.6722635003405,24790,15,1e-12,0,3987.17182072356,563,1
1049309,48338664,3,107,02:24:33,-79.429651,43.671593,,,27.5607514656093,77.9586247058403,4065.1304454294,573.182996980007,1
1049309,48338664,3,108,02:24:36,-79.429581,43.671427,,,27.5607514656093,19.31948823839,4084.44993366779,575.706518798525,1
1049309,48338664,3,109,02:24:43,-79.429385,43.670965,,,27.5607514656093,53.7965331698044,4138.24646683759,582.733450544307,1
1049309,48338664,3,110,02:24:51,-79.429166,43.670419,2197,16,27.5607514656093,63.2867541740376,4201.53322101163,591,1
1049309,48338664,3,111,02:24:51,-79.429166,43.670419,2197,16,1e-12,0,4201.53322101163,591,1
1049309,48338664,3,112,02:24:59,-79.429008,43.670025,,,20.2764159122931,45.6677518304609,4247.20097284209,599.108134460291,1
1049309,48338664,3,113,02:25:14,-79.428709,43.669297,,,20.2764159122931,84.5412380193547,4331.74221086145,614.118107533745,1
1049309,48338664,3,114,02:25:28,-79.428421,43.668608,,,20.2764159122931,80.1283224867631,4411.87053334821,628.344584352928,1
1049309,48338664,3,115,02:25:42,-79.428143,43.667947,7017,17,20.2764159122931,76.9119130875737,4488.78244643578,642,1
1049309,48338664,3,116,02:25:42,-79.428143,43.667947,7017,17,1e-12,0,4488.78244643578,642,1
1049309,48338664,3,117,02:25:49,-79.428012,43.667621,,,18.5102294423713,37.7921680453175,4526.5746144811,649.350087441472,1
1049309,48338664,3,118,02:25:59,-79.427849,43.667213,,,18.5102294423713,47.2768802526396,4573.85149473374,658.544828621714,1
1049309,48338664,3,119,02:26:14,-79.427559,43.666513,,,18.5102294423713,81.3475205832608,4655.199015317,674.365868280433,1
1049309,48338664,3,120,02:26:29,-79.427284,43.665867,2502,18,18.5102294423713,75.2447599497411,4730.44377526674,689,1
1049309,48338664,3,121,02:26:29,-79.427284,43.665867,2502,18,1e-12,0,4730.44377526674,689,1
1049309,48338664,3,122,02:26:41,-79.4270952457811,43.6654197504658,,,15.9490960120271,52.0560772618607,4782.4998525286,700.750000000087,1
1049309,48338664,3,123,02:26:53,-79.4269064943749,43.6649725006211,,,15.9490960120271,52.0560772637496,4834.55592979235,712.500000000599,1
1049309,48338664,3,124,02:27:04,-79.4267177457812,43.6645252504658,,,15.9490960120271,52.0560772619491,4886.6120070543,724.250000000706,1
1049309,48338664,3,125,02:27:16,-79.426529,43.664078,7691,19,15.9490960120271,52.0560772583498,4938.66808431265,736,1
1049309,48338664,3,126,02:27:16,-79.426529,43.664078,7691,19,1e-12,0,4938.66808431265,736,1
1049309,48338664,3,127,02:27:26,-79.4263089980394,43.663543000211,,,21.9894684071098,62.1351801462933,5000.80326445894,746.172444571436,1
1049309,48338664,3,128,02:27:36,-79.426089,43.663008,,,21.9894684071098,62.1351801502125,5062.93844460916,756.344889143513,1
1049309,48338664,3,129,02:27:47,-79.425852,43.662456,,,21.9894684071098,64.3441094323837,5127.28255404154,766.878967988351,1
1049309,48338664,3,130,02:27:48,-79.425825,43.662392,,,21.9894684071098,7.44885652574012,5134.73141056728,768.098455562866,1
1049309,48338664,3,131,02:27:49,-79.425795,43.662322,,,21.9894684071098,8.1582864366324,5142.88969700391,769.434087267468,1
1049309,48338664,3,132,02:27:56,-79.425647,43.661978,607,20,21.9894684071098,40.1058140544033,5182.99551105832,776,1
1049309,48338664,3,133,02:27:56,-79.425647,43.661978,607,20,1e-12,0,5182.99551105832,776,1
1049309,48338664,3,134,02:28:04,-79.42548,43.661552,,,20.9884849385505,49.2922473099915,5232.28775836831,784.454735576937,1
1049309,48338664,3,135,02:28:13,-79.4253044960735,43.6611042504027,,,20.9884849385505,51.8084199294599,5284.09617829777,793.34105168275,1
1049309,48338664,3,136,02:28:22,-79.4251289947647,43.660656500537,,,20.9884849385505,51.8084199280978,5335.90459822587,802.22736778833,1
1049309,48338664,3,137,02:28:31,-79.4249534960736,43.6602087504027,,,20.9884849385505,51.8084199312192,5387.71301815708,811.113683894444,1
1049309,48338664,3,138,02:28:40,-79.424778,43.659761,1172,21,20.9884849385505,51.808419927959,5439.52143808504,820,1
1049309,48338664,3,139,02:28:40,-79.424778,43.659761,1172,21,1e-12,0,5439.52143808504,820,1
1049309,48338664,3,140,02:28:46,-79.424676,43.659499,,,17.5312137097709,30.3004417188393,5469.82187980388,826.222135671475,1
1049309,48338664,3,141,02:28:57,-79.424495998615,43.6590370001412,,,17.5312137097709,53.433589765056,5523.25546956894,837.194617459601,1
1049309,48338664,3,142,02:29:08,-79.424316,43.658575,,,17.5312137097709,53.433589767831,5576.68905933677,848.167099248297,1
1049309,48338664,3,143,02:29:09,-79.424302,43.65854,10175,22,17.5312137097709,4.05604474365082,5580.74510408042,849,1
1049309,48338664,3,144,02:29:09,-79.424302,43.65854,10175,22,1e-12,0,5580.74510408042,849,1
1049309,48338664,3,145,02:29:20,-79.424082997932,43.657973000209,,,21.0635562827082,65.5361269867486,5646.28123106717,860.200865323297,1
1049309,48338664,3,146,02:29:31,-79.423864,43.657406,,,21.0635562827082,65.5361269844533,5711.81735805162,871.401730646201,1
1049309,48338664,3,147,02:29:38,-79.423744,43.657097,,,21.0635562827082,35.7296282168791,5747.5469862685,877.50832821474,1
1049309,48338664,3,148,02:29:40,-79.42369,43.656972,6506,23,21.0635562827082,14.5787413574626,5762.12572762596,880,1
1049309,48338664,3,149,02:29:40,-79.42369,43.656972,6506,23,1e-12,0,5762.12572762596,880,1
1049309,48338664,3,150,02:29:52,-79.4233844959834,43.6561825004068,,,26.8319438375952,91.2659308740385,5853.3916585,892.245007411136,1
1049309,48338664,3,151,02:30:04,-79.423079,43.655393,,,26.8319438375952,91.2659308713849,5944.65758937139,904.490014821916,1
1049309,48338664,3,152,02:30:13,-79.422864,43.654837,,,26.8319438375952,64.2703179292462,6008.92790730063,913.113063004549,1
1049309,48338664,3,153,02:30:14,-79.422838,43.65477,,,26.8319438375952,7.74680115786714,6016.6747084585,914.152439217362,1
1049309,48338664,3,154,02:30:20,-79.422692,43.654393,2867,24,26.8319438375952,43.5837284740767,6060.25843693258,920,1
1049309,48338664,3,155,02:30:20,-79.422692,43.654393,2867,24,1e-12,0,6060.25843693258,920,1
1049309,48338664,3,156,02:30:27,-79.422533,43.653988,,,22.9006513520653,46.8678987920401,6107.12633572462,927.367669725085,1
1049309,48338664,3,157,02:30:29,-79.422504,43.653914,,,22.9006513520653,8.56237968209841,6115.68871540672,928.713682394405,1
1049309,48338664,3,158,02:30:36,-79.42234,43.653496,,,22.9006513520653,48.3700480844037,6164.05876349112,936.317491143196,1
1049309,48338664,3,159,02:30:44,-79.4221764988116,43.6530595001165,,,22.9006513520653,50.3438110589065,6214.40257455003,944.231576949132,1
1049309,48338664,3,160,02:30:52,-79.422013,43.652623,,,22.9006513520653,50.3438110591756,6264.7463856092,952.14566275511,1
1049309,48338664,3,161,02:31:04,-79.421769,43.651969,8564,25,22.9006513520653,75.4089011819525,6340.15528679115,964,1
1049309,48338664,3,162,02:31:04,-79.421769,43.651969,8564,25,1e-12,0,6340.15528679115,964,1
1049309,48338664,3,163,02:31:12,-79.421604,43.651537,,,21.9640231150264,49.8926089695386,6390.04789576069,972.177618068862,1
1049309,48338664,3,164,02:31:14,-79.421563,43.651436,,,21.9640231150264,11.7182202486682,6401.76611600936,974.098285911646,1
1049309,48338664,3,165,02:31:23,-79.42137,43.65095,,,21.9640231150264,56.2903666641483,6458.05648267351,983.324524607976,1
1049309,48338664,3,166,02:31:38,-79.421076,43.650173,,,21.9640231150264,89.6783350706696,6547.73481774418,998.023198187205,1
1049309,48338664,3,167,02:31:46,-79.420914,43.649727,,,21.9640231150264,51.3346006875316,6599.06941843171,1006.43716504142,1
1049309,48338664,3,168,02:31:54,-79.420769,43.649326,7989,26,21.9640231150264,46.1417449570317,6645.21116338874,1014,1
1049309,48338664,3,169,02:31:54,-79.420769,43.649326,7989,26,1e-12,0,6645.21116338874,1014,1
1049309,48338664,3,170,02:32:05,-79.420591,43.648878,,,16.9942604908373,51.8912145057994,6697.10237789454,1024.99243902502,1
1049309,48338664,3,171,02:32:19,-79.420368,43.648321,,,16.9942604908373,64.5543629617406,6761.65674085628,1038.66739162373,1
1049309,48338664,3,172,02:32:20,-79.420345,43.648263,,,16.9942604908373,6.71707324284493,6768.37381409913,1040.09031106687,1
1049309,48338664,3,173,02:32:31,-79.420166,43.647827,,,16.9942604908373,50.6316804019155,6819.00549450104,1050.81593514126,1
1049309,48338664,3,174,02:32:44,-79.419957,43.647269,,,16.9942604908373,64.3572237117397,6883.36271821278,1064.44912650532,1
1049309,48338664,3,175,02:32:53,-79.419826,43.646919,3353,27,16.9942604908373,40.3654921091257,6923.72821032191,1073,1
1049309,48338664,3,176,02:32:53,-79.419826,43.646919,3353,27,1e-12,0,6923.72821032191,1073,1
1049309,48338664,3,177,02:33:10,-79.419513,43.646082,,,20.1407546861552,96.5254226733489,7020.25363299526,1090.2531529746,1
1049309,48338664,3,178,02:33:19,-79.419381,43.645656,,,20.1407546861552,48.5995508944593,7068.85318388972,1098.93993685863,1
1049309,48338664,3,179,02:33:19,-79.419376,43.645636,,,20.1407546861552,2.26252785516522,7071.11571174488,1099.34434575023,1
1049309,48338664,3,180,02:33:32,-79.419166,43.645012,,,20.1407546861552,71.493489539293,7142.60920128417,1112.12323940899,1
1049309,48338664,3,181,02:33:49,-79.418877,43.64419,9390,28,20.1407546861552,94.4196374890368,7237.02883877321,1129,1
1049309,48338664,3,182,02:33:49,-79.418877,43.64419,9390,28,1e-12,0,7237.02883877321,1129,1
1049309,48338664,3,183,02:34:03,-79.4182015015236,43.6443255019888,,,14.824395973787,56.4668441861757,7293.49568295939,1142.71257482799,1
1049309,48338664,3,184,02:34:16,-79.417526,43.644461,,,14.824395973787,56.4668441883125,7349.9625271477,1156.42514965649,1
1049309,48338664,3,185,02:34:29,-79.4169080013168,43.6445890016646,491,29,14.824395973787,51.7818224453674,7401.74434959307,1169,1
1049309,48338664,3,186,02:34:29,-79.4169080013168,43.6445890016646,491,29,1e-12,0,7401.74434959307,1169,1
1049309,48338664,3,187,02:34:39,-79.41629,43.644717,,,18.2698455684585,51.7818224486117,7453.52617204168,1179.20340101488,1
1049309,48338664,3,188,02:34:50,-79.416108,43.644259,,,18.2698455684585,53.0504079205494,7506.57657996223,1189.65677172338,1
1049309,48338664,3,189,02:35:03,-79.4158769977525,43.6436745002326,,,18.2698455684585,67.6748767125171,7574.25145667475,1202.99183551755,1
1049309,48338664,3,190,02:35:16,-79.415646,43.64309,,,18.2698455684585,67.6748767124859,7641.92633338723,1216.32689931171,1
1049309,48338664,3,191,02:35:25,-79.415495,43.64271,5704,30,18.2698455684585,44.0156139374135,7685.94194732464,1225,1
1049309,48338664,3,192,02:35:25,-79.415495,43.64271,5704,30,1e-12,0,7685.94194732464,1225,1
1049309,48338664,3,193,02:35:38,-79.415266,43.64211,,,19.8933619761768,69.2924794298574,7755.2344267545,1237.53950570277,1
1049309,48338664,3,194,02:35:52,-79.415006,43.641429,,,19.8933619761768,78.6488468740978,7833.8832736286,1251.77218538184,1
1049309,48338664,3,195,02:36:01,-79.4143955012296,43.6415500016244,435,31,19.8933619761768,50.992293457812,7884.87556708641,1261,1
1049309,48338664,3,196,02:36:01,-79.4143955012296,43.6415500016244,435,31,1e-12,0,7884.87556708641,1261,1
1049309,48338664,3,197,02:36:11,-79.413785,43.641671,,,18.466586835765,50.9922934595323,7935.86786054594,1270.9407788828,1
1049309,48338664,3,198,02:36:29,-79.412696,43.641903,,,18.466586835765,91.4506093746806,8027.31846992062,1288.76877258173,1
1049309,48338664,3,199,02:36:41,-79.411957,43.642034,,,18.466586835765,61.2925640453451,8088.61103396597,1300.71755513292,1
1049309,48338664,3,200,02:36:54,-79.411732,43.641444,8626,32,18.466586835765,68.1337282025377,8156.74476216851,1314,1
1049309,48338664,3,201,02:36:54,-79.411732,43.641444,8626,32,1e-12,0,8156.74476216851,1314,1
1049309,48338664,3,202,02:36:55,-79.411698,43.641354,,,31.2187759283881,10.3864132484593,8167.13117541697,1315.197711524,1
1049309,48338664,3,203,02:37:03,-79.411456,43.64075,,,31.2187759283881,70.0062873597597,8237.13746277673,1323.27050192017,1
1049309,48338664,3,204,02:37:10,-79.411256,43.640216,,,31.2187759283881,61.5894401556915,8298.72690293242,1330.37270173317,1
1049309,48338664,3,205,02:37:12,-79.411199,43.640063,,,31.2187759283881,17.640041740569,8316.36694467299,1332.4068670192,1
1049309,48338664,3,206,02:37:15,-79.411128,43.639873,,,31.2187759283881,21.9104680487958,8338.27741272178,1334.93347745251,1
1049309,48338664,3,207,02:37:23,-79.410857,43.639276,14048,33,31.2187759283881,69.9519333142968,8408.22934603608,1343,1
1049309,48338664,3,208,02:37:23,-79.410857,43.639276,14048,33,1e-12,0,8408.22934603608,1343,1
1049309,48338664,3,209,02:37:24,-79.410839,43.639238,,,30.5450720895987,4.47179127165854,8412.70113730774,1343.52703914172,1
1049309,48338664,3,210,02:37:30,-79.410646998562,43.6387880001607,,,30.5450720895987,52.4275178401479,8465.12865514788,1349.70607396839,1
1049309,48338664,3,211,02:37:36,-79.410455,43.638338,,,30.5450720895987,52.4275178391028,8517.55617298699,1355.88510879492,1
1049309,48338664,3,212,02:37:37,-79.410421,43.63826,,,30.5450720895987,9.104725359408,8526.6608983464,1356.95817914806,1
1049309,48338664,3,213,02:37:46,-79.410137,43.637605,,,30.5450720895987,76.4198110331004,8603.0807093795,1365.9649125063,1
1049309,48338664,3,214,02:37:47,-79.41011,43.637533,,,30.5450720895987,8.3049326121595,8611.38564199166,1366.94372039112,1
1049309,48338664,3,215,02:37:49,-79.410066,43.637412,,,30.5450720895987,13.9282980036606,8625.31393999532,1368.58529035259,1
1049309,48338664,3,216,02:37:50,-79.41004,43.637341,,,30.5450720895987,8.17654409162261,8633.49048408694,1369.54896654375,1
1049309,48338664,3,217,02:37:57,-79.4098289980792,43.636794000194,849,34,30.5450720895987,63.2200983509046,8696.71058243784,1377,1
1049309,48338664,3,218,02:37:57,-79.4098289980792,43.636794000194,849,34,1e-12,0,8696.71058243784,1377,1
1049309,48338664,3,219,02:38:02,-79.409618,43.636247,,,50.0255011681489,63.2200983535318,8759.93068079138,1381.54952671654,1
1049309,48338664,3,220,02:38:03,-79.409826,43.636236,,,50.0255011681489,16.8023797526782,8776.73306054405,1382.75868136161,1
1049309,48338664,3,221,02:38:06,-79.410385,43.636242,10399,35,50.0255011681489,45.0412748141618,8821.77433535822,1386,1
1049309,48338664,3,222,02:38:06,-79.410385,43.636242,10399,35,1e-12,0,8821.77433535822,1386,1
1049309,48338664,3,223,02:38:08,-79.410584,43.636266,,,25.5461433061024,16.2536831079697,8838.02801846619,1388.29049287353,1
1049309,48338664,3,224,02:38:19,-79.411482,43.636509,,,25.5461433061024,77.2396676606549,8915.26768612684,1399.17522017841,1
1049309,48338664,3,225,02:38:21,-79.411615,43.636551,,,25.5461433061024,11.6908187913324,8926.95850491817,1400.82270751708,1
1049309,48338664,3,226,02:38:22,-79.411722,43.636599,,,25.5461433061024,10.1422017463789,8937.10070666455,1402.25196146941,1
1049309,48338664,3,227,02:38:24,-79.411811,43.636664,,,25.5461433061024,10.1867438608958,8947.28745052545,1403.68749236187,1
1049309,48338664,3,228,02:38:27,-79.411994,43.636817,,,25.5461433061024,22.5267347577056,8969.81418528315,1406.86199287869,1
1049309,48338664,3,229,02:38:29,-79.41211,43.636892,,,25.5461433061024,12.5317349869858,8982.34592027014,1408.62798336158,1
1049309,48338664,3,230,02:38:30,-79.412241,43.636954,,,25.5461433061024,12.610395182845,8994.95631545299,1410.40505875469,1
1049309,48338664,3,231,02:38:32,-79.412394,43.636992,,,25.5461433061024,13.0320724432465,9007.98838789623,1412.24155752609,1
1049309,48338664,3,232,02:38:37,-79.412786,43.637135,,,25.5461433061024,35.3664910932999,9043.35487898953,1417.22545534622,1
1049309,48338664,3,233,02:38:38,-79.412869,43.637164,,,25.5461433061024,7.42535343669418,9050.78023242623,1418.27184704816,1
1049309,48338664,3,234,02:38:39,-79.412898,43.637174,,,25.5461433061024,2.58801988567794,9053.3682523119,1418.63655460799,1
1049309,48338664,3,235,02:38:40,-79.412998,43.637205,,,25.5461433061024,8.76443285401912,9062.13268516592,1419.87165134633,1
1049309,48338664,3,236,02:38:41,-79.413064,43.637226,,,25.5461433061024,5.80845509812558,9067.94114026405,1420.69018736184,1
1049309,48338664,3,237,02:38:41,-79.41313,43.637239,,,25.5461433061024,5.51067171262169,9073.45181197667,1421.4667593057,1
1049309,48338664,3,238,02:38:42,-79.413149,43.637243,,,25.5461433061024,1.59417523119172,9075.04598720786,1421.6914128185,1
1049309,48338664,3,239,02:38:42,-79.413191,43.637251,,,25.5461433061024,3.49894015169215,9078.54492735955,1422.18448859887,1
1049309,48338664,3,240,02:38:45,-79.413395,43.637242,,,25.5461433061024,16.4656707354146,9095.01059809497,1424.50485507992,1
1049309,48338664,3,241,02:38:48,-79.413652,43.637193,,,25.5461433061024,21.411541058468,9116.42213915344,1427.52220086425,1
1049309,48338664,3,242,02:39:01,-79.4147860181876,43.6368717668142,,,25.5461433061024,98.1109074772669,9214.5330466307,1441.34813390964,1
1049309,48338664,3,243,02:39:15,-79.4159200242503,43.6365505224188,,,25.5461433061024,98.1109074753507,9312.64395410605,1455.17406695476,1
1049309,48338664,3,244,02:39:29,-79.4170540181878,43.6362292668139,15016,36,25.5461433061024,98.1109074761905,9410.75486158224,1469,1
1049309,48338664,3,245,02:39:29,-79.4170540181878,43.6362292668139,15016,36,1e-12,0,9410.75486158224,1469,1
1049309,48338664,3,246,02:39:38,-79.418188,43.635908,,,39.9175456685232,98.1109074761705,9508.86576905841,1477.84822102659,1
1049309,48338664,3,247,02:39:39,-79.418288,43.635869,,,39.9175456685232,9.15191947760039,9518.01768853601,1478.67359517141,1
1049309,48338664,3,248,02:39:39,-79.418335,43.635842,,,39.9175456685232,4.83448872311725,9522.85217725913,1479.10959791436,1
1049309,48338664,3,249,02:39:40,-79.418368,43.635803,,,39.9175456685232,5.09086636077292,9527.9430436199,1479.5687223067,1
1049309,48338664,3,250,02:39:40,-79.418371,43.635787,,,39.9175456685232,1.79743651741282,9529.74048013732,1479.73082574653,1
1049309,48338664,3,251,02:39:40,-79.418379,43.635755,,,39.9175456685232,3.62006342316977,9533.36054356049,1480.05730444419,1
1049309,48338664,3,252,02:39:40,-79.418365,43.635714,,,39.9175456685232,4.70140730480902,9538.0619508653,1480.48130511893,1
1049309,48338664,3,253,02:39:41,-79.418345,43.635691,,,39.9175456685232,3.02518984164217,9541.08714070694,1480.75413460399,1
1049309,48338664,3,254,02:39:41,-79.418322,43.635664,,,39.9175456685232,3.53093728466437,9544.6180779916,1481.07257538015,1
1049309,48338664,3,255,02:39:42,-79.418266,43.635636,,,39.9175456685232,5.48371094591981,9550.10178893752,1481.56712881711,1
1049309,48338664,3,256,02:39:42,-79.418139,43.635629,,,39.9175456685232,10.2615982445703,9560.36338718209,1482.4925803463,1
1049309,48338664,3,257,02:39:43,-79.418014,43.63565,,,39.9175456685232,10.338597147056,9570.70198432915,1483.42497609123,1
1049309,48338664,3,258,02:39:52,-79.4169512659041,43.6359497647675,,,39.9175456685232,91.8936491423126,9662.59563347146,1491.71248804548,1
1049309,48338664,3,259,02:40:00,-79.4158885212054,43.6362495196901,463,37,39.9175456685232,91.8936491452875,9754.48928261675,1500,1
1049309,48338664,3,260,02:40:00,-79.4158885212054,43.6362495196901,463,37,1e-12,0,9754.48928261675,1500,1
1049309,48338664,3,261,,-79.414825765904,43.6365492647676,,,,91.893649141029,9846.38293175778,,1
1049309,48338664,3,262,,-79.413763,43.636849,,,,91.8936491447087,9938.27658090249,,1
