shape_id,trip_id,route_type,id,timestamp,shape_pt_lon,shape_pt_lat,stop_id,stop_sequence,speed,dist,cumdist,cumtime,trip_number
1049860,48348845,3,1,01:30:00,-79.532934,43.707895,9096,1,1e-12,0,0,0,1
1049860,48348845,3,2,01:30:00,-79.532934,43.707895,9096,1,1e-12,0,0,0,1
1049860,48348845,3,3,01:30:08,-79.533616,43.707779,,,26.8723903143,56.3791352984424,56.3791352984424,7.55291526732498,1
1049860,48348845,3,4,01:30:15,-79.5333684981481,43.707330500267,,,26.8723903143,53.7526686894785,110.131803987921,14.75397200321,1
1049860,48348845,3,5,01:30:22,-79.533121,43.706882,,,26.8723903143,53.7526686861878,163.884472674109,21.9550287386543,1
1049860,48348845,3,6,01:30:25,-79.533037,43.706705,,,26.8723903143,20.830790352874,184.715263026983,24.7456567547426,1
1049860,48348845,3,7,01:30:29,-79.532764,43.706499,24453,2,26.8723903143,31.7567700604342,216.472033087417,29,1
1049860,48348845,3,8,01:30:29,-79.532764,43.706499,24453,2,1e-12,0,216.472033087417,29,1
1049860,48348845,3,9,01:30:32,-79.532537,43.706355,,,29.3926121920669,24.3032350453625,240.775268132779,31.9766543235963,1
1049860,48348845,3,10,01:30:34,-79.532378,43.706282,,,29.3926121920669,15.1574990182371,255.932767151016,33.8331411206555,1
1049860,48348845,3,11,01:30:36,-79.532176,43.706274,,,29.3926121920669,16.2797017112193,272.212468862236,35.8270750308987,1
1049860,48348845,3,12,01:30:38,-79.531933,43.706229,,,29.3926121920669,20.186120206372,292.398589068608,38.2994661293174,1
1049860,48348845,3,13,01:30:41,-79.53167,43.706168,,,29.3926121920669,22.2268204136875,314.625409482295,41.0218016933157,1
1049860,48348845,3,14,01:30:44,-79.531418,43.706089,,,29.3926121920669,22.1037400421071,336.729149524402,43.7290624033067,1
1049860,48348845,3,15,01:30:46,-79.531224,43.706023,,,29.3926121920669,17.2540423053131,353.983191829715,45.8423333127869,1
1049860,48348845,3,16,01:30:51,-79.530751,43.705806,,,29.3926121920669,45.0816363426079,399.064828172323,51.3639211789103,1
1049860,48348845,3,17,01:31:01,-79.529947,43.705431,,,29.3926121920669,76.9982809178295,476.063109090153,60.7946519180789,1
1049860,48348845,3,18,01:31:08,-79.529396,43.705135,,,29.3926121920669,55.2434858134049,531.306594903558,67.5608606384435,1
1049860,48348845,3,19,01:31:14,-79.5288529973007,43.7048370012852,,,29.3926121920669,54.8626960345977,586.169290938155,74.2804303192171,1
1049860,48348845,3,20,01:31:21,-79.52831,43.704539,10172,3,29.3926121920669,54.8626960346729,641.031986972828,81,1
1049860,48348845,3,21,01:31:21,-79.52831,43.704539,10172,3,1e-12,0,641.031986972828,81,1
1049860,48348845,3,22,01:31:32,-79.5275464947273,43.7041250025409,,,24.7676273235134,76.8057677638174,717.837754736646,92.1637970136624,1
1049860,48348845,3,23,01:31:43,-79.526783,43.703711,,,24.7676273235134,76.8057677637157,794.643522500361,103.32759402731,1
1049860,48348845,3,24,01:31:49,-79.526413,43.70351,,,24.7676273235134,37.2458911031158,831.889413603477,108.741322448681,1
1049860,48348845,3,25,01:31:55,-79.525977,43.703245,,,24.7676273235134,45.8405859861956,877.729999589673,115.404298574522,1
1049860,48348845,3,26,01:32:00,-79.525635,43.703093,,,24.7676273235134,32.3080645632463,910.038064152919,120.100308850697,1
1049860,48348845,3,27,01:32:03,-79.525436,43.703001,,,24.7676273235134,19.0094470227232,929.047511175642,122.863351446094,1
1049860,48348845,3,28,01:32:06,-79.525256,43.703169,,,24.7676273235134,23.6556242894669,952.703135465109,126.301720666114,1
1049860,48348845,3,29,01:32:09,-79.525093,43.703287,3043,4,24.7676273235134,18.5638824878972,971.267017953006,129,1
1049860,48348845,3,30,01:32:09,-79.525093,43.703287,3043,4,1e-12,0,971.267017953006,129,1
1049860,48348845,3,31,01:32:16,-79.5245380024811,43.7035550013426,,,27.2878303465757,53.7113803148702,1024.97839826788,136.085978133025,1
1049860,48348845,3,32,01:32:23,-79.523983,43.703823,,,27.2878303465757,53.7113803159032,1078.68977858378,143.171956266186,1
1049860,48348845,3,33,01:32:30,-79.523439,43.704071,2580,5,27.2878303465757,51.7562497242516,1130.44602830803,150,1
1049860,48348845,3,34,01:32:30,-79.523439,43.704071,2580,5,1e-12,0,1130.44602830803,150,1
1049860,48348845,3,35,01:32:39,-79.522849,43.70436,,,23.4442488898959,57.3528607141319,1187.79888902216,158.80686344615,1
1049860,48348845,3,36,01:32:49,-79.522142,43.704676,,,23.4442488898959,66.8916631640883,1254.69055218625,169.078465173366,1
1049860,48348845,3,37,01:33:03,-79.521203,43.705126,1058,6,23.4442488898959,90.6610909458256,1345.35164313208,183,1
1049860,48348845,3,38,01:33:03,-79.521203,43.705126,1058,6,1e-12,0,1345.35164313208,183,1
1049860,48348845,3,39,01:33:05,-79.521049,43.705196,,,24.6561596211464,14.639160726536,1359.99080385861,185.137436625383,1
1049860,48348845,3,40,01:33:12,-79.520532,43.705439,,,24.6561596211464,49.6254290103148,1409.61623286893,192.383153200154,1
1049860,48348845,3,41,01:33:17,-79.520178,43.70558,,,24.6561596211464,32.5253600174863,1442.14159288641,197.132120511451,1
1049860,48348845,3,42,01:33:21,-79.51987,43.705664,7297,7,24.6561596211464,26.4908483513949,1468.63244123781,201,1
1049860,48348845,3,43,01:33:21,-79.51987,43.705664,7297,7,1e-12,0,1468.63244123781,201,1
1049860,48348845,3,44,01:33:26,-79.519459,43.705752,,,23.1066954452275,34.4945081902339,1503.12694942804,206.374209816337,1
1049860,48348845,3,45,01:33:39,-79.5185120035467,43.7059765039091,,,23.1066954452275,80.2004412168179,1583.32739064486,218.869358205899,1
1049860,48348845,3,46,01:33:51,-79.517565,43.706201,,,23.1066954452275,80.2004412176455,1663.52783186251,231.364506595591,1
1049860,48348845,3,47,01:33:55,-79.51729,43.70624,,,23.1066954452275,22.5516325827799,1686.07946444529,234.878028357733,1
1049860,48348845,3,48,01:33:56,-79.517229,43.706234,,,23.1066954452275,4.95402152060917,1691.0334859659,235.64985994726,1
1049860,48348845,3,49,01:33:57,-79.517168,43.706208,,,23.1066954452275,5.69852969302257,1696.73201565892,236.537685164133,1
1049860,48348845,3,50,01:34:02,-79.516915,43.706474,,,23.1066954452275,35.9348632377261,1732.66687889664,242.136300853791,1
1049860,48348845,3,51,01:34:04,-79.516802,43.706578,,,23.1066954452275,14.7214153581177,1747.38829425476,244.429882617348,1
1049860,48348845,3,52,01:34:06,-79.516709,43.706646,,,23.1066954452275,10.6446553695214,1758.03294962428,246.088309259146,1
1049860,48348845,3,53,01:34:07,-79.516633,43.706701,,,23.1066954452275,8.65385452294026,1766.68680414722,247.43657112361,1
1049860,48348845,3,54,01:34:09,-79.516499,43.706759,,,23.1066954452275,12.568341210671,1779.25514535789,249.394706092137,1
1049860,48348845,3,55,01:34:15,-79.51607,43.70685,9350,8,23.1066954452275,35.9777275583268,1815.23287291622,255,1
1049860,48348845,3,56,01:34:15,-79.51607,43.70685,9350,8,1e-12,0,1815.23287291622,255,1
1049860,48348845,3,57,01:34:25,-79.5153447561162,43.7070185068781,,,21.3566876187208,61.3016033491995,1876.53447626542,265.333333333193,1
1049860,48348845,3,58,01:34:36,-79.5146195081549,43.7071870091709,,,21.3566876187208,61.3016033505414,1937.83607961596,275.666666666612,1
1049860,48348845,3,59,01:34:46,-79.5138942561162,43.7073555068782,6685,9,21.3566876187208,61.301603350355,1999.13768296632,286,1
1049860,48348845,3,60,01:34:46,-79.5138942561162,43.7073555068782,6685,9,1e-12,0,1999.13768296632,286,1
1049860,48348845,3,61,01:34:55,-79.513169,43.707524,,,25.3412428315672,61.3016033497237,2060.43928631604,294.708561514753,1
1049860,48348845,3,62,01:35:08,-79.5120745046563,43.7077790052217,,,25.3412428315672,92.5357954224948,2152.97508173854,307.8542807573,1
1049860,48348845,3,63,01:35:21,-79.51098,43.708034,1178,10,25.3412428315672,92.5357954235738,2245.51087716211,321,1
1049860,48348845,3,64,01:35:21,-79.51098,43.708034,1178,10,1e-12,0,2245.51087716211,321,1
1049860,48348845,3,65,01:35:30,-79.5102275021656,43.7082065024682,,,24.0778867250983,63.52500075001,2309.03587791212,330.497926678991,1
1049860,48348845,3,66,01:35:40,-79.509475,43.708379,,,24.0778867250983,63.525000751657,2372.56087866378,339.995853358228,1
1049860,48348845,3,67,01:35:52,-79.508518,43.708583,1457,11,24.0778867250983,80.2873564089011,2452.84823507268,352,1
1049860,48348845,3,68,01:35:52,-79.508518,43.708583,1457,11,1e-12,0,2452.84823507268,352,1
1049860,48348845,3,69,01:36:13,-79.5077775060692,43.7087467571704,,,10.6821749207788,62.3126870378137,2515.16092211049,372.999999999979,1
1049860,48348845,3,70,01:36:34,-79.5070370080922,43.7089105095606,,,10.6821749207788,62.3126870380944,2577.47360914859,394.000000000053,1
1049860,48348845,3,71,01:36:55,-79.5062965060691,43.7090742571705,10061,12,10.6821749207788,62.3126870377204,2639.78629618631,415,1
1049860,48348845,3,72,01:36:55,-79.5062965060691,43.7090742571705,10061,12,1e-12,0,2639.78629618631,415,1
1049860,48348845,3,73,,-79.505556,43.709238,,,,62.3126870379919,2702.0989832243,,1
