shape_id,trip_id,route_type,id,timestamp,shape_pt_lon,shape_pt_lat,stop_id,stop_sequence,speed,dist,cumdist,cumtime,trip_number
1049157,48336829,3,1,,-79.536253,43.753283,,,1e-12,0,0,0,1
1049157,48336829,3,2,,-79.53556,43.753406,,,,57.3808057486744,57.3808057486744,,1
1049157,48336829,3,3,,-79.53452,43.753635,,,,87.4240070756899,144.804812824364,,1
1049157,48336829,3,4,,-79.5336375028535,43.753828503395,,,,74.157407843993,218.962220668357,,1
1049157,48336829,3,5,,-79.532755,43.754022,,,,74.1574078401027,293.11962850846,,1
1049157,48336829,3,6,,-79.5318245031642,43.7542255037743,,,,78.1734792356124,371.293107744072,,1
1049157,48336829,3,7,,-79.530894,43.754429,,,,78.1734792352644,449.466586979337,,1
1049157,48336829,3,8,,-79.530747,43.754461,,,,12.3449806164424,461.811567595779,,1
1049157,48336829,3,9,,-79.530553,43.754502,,,,16.2529844318177,478.064552027597,,1
1049157,48336829,3,10,,-79.530408,43.754534,,,,12.191081482425,490.255633510022,,1
1049157,48336829,3,11,,-79.5294630032768,43.7547415038929,,,,79.4178181808614,569.673451690883,,1
1049157,48336829,3,12,,-79.528518,43.754949,,,,79.4178181827917,649.091269873675,,1
1049157,48336829,3,13,,-79.5277065024138,43.7551270028707,,,,68.1920376532911,717.283307526966,,1
1049157,48336829,3,14,,-79.526895,43.755305,,,,68.1920376529526,785.475345179919,,1
1049157,48336829,3,15,,-79.5262402550551,43.7554590056063,,,,55.3664904661373,840.841835646056,,1
1049157,48336829,3,16,,-79.5255855067401,43.7556130074751,,,,55.3664904631767,896.208326109233,,1
1049157,48336829,3,17,,-79.524930755055,43.7557670056064,,,,55.3664904640168,951.574816573249,,1
1049157,48336829,3,18,05:14:32,-79.524276,43.755921,8505,1,,55.3664904651098,1006.94130703836,,1
1049157,48336829,3,19,05:14:32,-79.524276,43.755921,8505,1,1e-12,0,1006.94130703836,0,1
1049157,48336829,3,20,05:14:44,-79.5233865031142,43.756130503449,,,23.1184746958111,75.2265170754967,1082.16782411386,11.7142443450587,1
1049157,48336829,3,21,05:14:55,-79.522497,43.75634,,,23.1184746958111,75.2265170766066,1157.39434119046,23.4284886902903,1
1049157,48336829,3,22,05:15:07,-79.5215940028974,43.7565320035545,,,23.1184746958111,75.6857482999957,1233.08008949046,35.2142443452408,1
1049157,48336829,3,23,05:15:19,-79.520691,43.756724,8447,2,23.1184746958111,75.6857482987677,1308.76583778923,47,1
1049157,48336829,3,24,05:15:19,-79.520691,43.756724,8447,2,1e-12,0,1308.76583778923,47,1
1049157,48336829,3,25,05:15:35,-79.51954,43.756997,,,22.2499859150023,97.4070686039362,1406.17290639316,62.7602547845988,1
1049157,48336829,3,26,05:15:38,-79.519321,43.75704,,,22.2499859150023,18.2474497921661,1424.42035618533,65.7126530244334,1
1049157,48336829,3,27,05:15:43,-79.518956,43.757122,,,22.2499859150023,30.7341899565031,1455.15454614183,70.6853790417029,1
1049157,48336829,3,28,05:15:48,-79.518553,43.757155,,,22.2499859150023,32.6102226177576,1487.76476875959,75.9616431199094,1
1049157,48336829,3,29,05:15:54,-79.518067,43.757202,,,22.2499859150023,39.4248310437163,1527.18959980331,82.3404962256851,1
1049157,48336829,3,30,05:15:59,-79.517721,43.757227,,,22.2499859150023,27.9584633879016,1555.14806319121,86.8641156374431,1
1049157,48336829,3,31,05:16:09,-79.516949,43.757303,4791,3,22.2499859150023,62.6453567508287,1617.79341994204,97,1
1049157,48336829,3,32,05:16:09,-79.516949,43.757303,4791,3,1e-12,0,1617.79341994204,97,1
1049157,48336829,3,33,05:16:11,-79.516779,43.757331,,,23.583511611408,14.0194570489212,1631.81287699096,99.1400564177094,1
1049157,48336829,3,34,05:16:15,-79.516435,43.757379,,,23.583511611408,28.1701434656954,1659.98302045665,103.440201287884,1
1049157,48336829,3,35,05:16:17,-79.516279,43.757412,,,23.583511611408,13.0697911985399,1673.05281165519,105.435292141614,1
1049157,48336829,3,36,05:16:19,-79.516151,43.757434,,,23.583511611408,10.5789890284185,1683.63180068361,107.050164478263,1
1049157,48336829,3,37,05:16:21,-79.515999,43.757461,,,23.583511611408,12.585450435025,1696.21725111864,108.971321187774,1
1049157,48336829,3,38,05:16:23,-79.515813,43.7575,,,23.583511611408,15.5724053818238,1711.78965650046,111.34843365085,1
1049157,48336829,3,39,05:16:26,-79.515595,43.757548,,,23.583511611408,18.324232701599,1730.11388920206,114.145609865008,1
1049157,48336829,3,40,05:16:29,-79.515352,43.757604,,,23.583511611408,20.5083436424635,1750.62223284452,117.276188479821,1
1049157,48336829,3,41,05:16:42,-79.5143935035802,43.7578275040049,,,23.583511611408,80.982541120233,1831.60477396475,129.638094239937,1
1049157,48336829,3,42,05:16:54,-79.513435,43.758051,7390,4,23.583511611408,80.9825411198801,1912.58731508463,142,1
1049157,48336829,3,43,05:16:54,-79.513435,43.758051,7390,4,1e-12,0,1912.58731508463,142,1
1049157,48336829,3,44,05:17:06,-79.5124620104035,43.7582642623809,,,23.5449747716891,81.753384623201,1994.34069970784,154.49999999989,1
1049157,48336829,3,45,05:17:19,-79.5114890138711,43.758477516508,,,23.5449747716891,81.7533846249728,2076.09408433281,167.000000000051,1
1049157,48336829,3,46,05:17:31,-79.5105160104033,43.7586907623811,,,23.5449747716891,81.7533846232249,2157.84746895603,179.499999999945,1
1049157,48336829,3,47,05:17:44,-79.509543,43.758904,3178,5,23.5449747716891,81.7533846242831,2239.60085358032,192,1
1049157,48336829,3,48,05:17:44,-79.509543,43.758904,3178,5,1e-12,0,2239.60085358032,192,1
1049157,48336829,3,49,05:17:54,-79.508864,43.759059,,,21.4404537073805,57.2542081787615,2296.85506175908,201.613376295885,1
1049157,48336829,3,50,05:18:07,-79.507919,43.759276,3637,6,21.4404537073805,79.7264682850585,2376.58153004414,215,1
1049157,48336829,3,51,05:18:07,-79.507919,43.759276,3637,6,1e-12,0,2376.58153004414,215,1
1049157,48336829,3,52,05:18:18,-79.5071570064953,43.7594460075935,,,21.5514726011881,64.1212161860261,2440.70274623016,225.710932962278,1
1049157,48336829,3,53,05:18:28,-79.5063950086603,43.7596160101247,,,21.5514726011881,64.1212161874003,2504.82396241756,236.421865924785,1
1049157,48336829,3,54,05:18:39,-79.5056330064952,43.7597860075935,,,21.5514726011881,64.121216187957,2568.94517860552,247.132798887386,1
1049157,48336829,3,55,05:18:50,-79.504871,43.759956,,,21.5514726011881,64.1212161861599,2633.06639479168,257.843731849686,1
1049157,48336829,3,56,05:18:58,-79.5042612598004,43.7600933863451,,,21.5514726011881,51.353172637006,2684.41956742869,266.421865924989,1
1049157,48336829,3,57,05:19:07,-79.5036515168006,43.7602307694488,2335,7,21.5514726011881,51.3531726352532,2735.77274006394,275,1
1049157,48336829,3,58,05:19:07,-79.5036515168006,43.7602307694488,2335,7,1e-12,0,2735.77274006394,275,1
1049157,48336829,3,59,05:19:15,-79.5030417710007,43.7603681493111,,,23.7710328808715,51.3531726358748,2787.12591269981,282.777172427283,1
1049157,48336829,3,60,05:19:23,-79.5024320224006,43.7605055259319,,,23.7710328808715,51.3531726358087,2838.47908533562,290.554344854556,1
1049157,48336829,3,61,05:19:30,-79.5018222710005,43.7606428993112,,,23.7710328808715,51.3531726336569,2889.83225796928,298.331517281503,1
1049157,48336829,3,62,05:19:38,-79.5012125168003,43.760780269449,,,23.7710328808715,51.3531726355669,2941.18543060485,306.108689708739,1
1049157,48336829,3,63,05:19:46,-79.5006027598002,43.7609176363453,,,23.7710328808715,51.3531726351806,2992.53860324003,313.885862135917,1
1049157,48336829,3,64,05:19:54,-79.499993,43.761055,,,23.7710328808715,51.3531726354275,3043.89177587545,321.663034563132,1
1049157,48336829,3,65,05:20:03,-79.4992587558817,43.7612147570505,630,8,23.7710328808715,61.6525867798181,3105.54436265527,331,1
1049157,48336829,3,66,05:20:03,-79.4992587558817,43.7612147570505,630,8,1e-12,0,3105.54436265527,331,1
1049157,48336829,3,67,05:20:13,-79.4985245078422,43.7613745094007,,,22.4551143400623,61.6525867800681,3167.19694943534,340.884131919661,1
1049157,48336829,3,68,05:20:23,-79.4977902558816,43.7615342570505,,,22.4551143400623,61.652586778899,3228.84953621424,350.768263839134,1
1049157,48336829,3,69,05:20:33,-79.497056,43.761694,,,22.4551143400623,61.652586781166,3290.50212299541,360.652395758971,1
1049157,48336829,3,70,05:20:46,-79.496058,43.761919,,,22.4551143400623,84.0550245541802,3374.55714754959,374.128082580801,1
1049157,48336829,3,71,05:20:57,-79.49526,43.762101,,,22.4551143400623,67.2798225758036,3441.83697012539,384.914371958128,1
1049157,48336829,3,72,05:21:02,-79.494908,43.762173,,,22.4551143400623,29.4128101452987,3471.24978027069,389.629828531608,1
1049157,48336829,3,73,05:21:07,-79.494547,43.76226,,,22.4551143400623,30.5964613411759,3501.84624161186,394.5350478576,1
1049157,48336829,3,74,05:21:09,-79.494384,43.762306,,,22.4551143400623,14.0695996202216,3515.91584123209,396.790683605685,1
1049157,48336829,3,75,05:21:10,-79.494286,43.762327,,,22.4551143400623,8.21836278887698,3524.13420402096,398.108250089289,1
1049157,48336829,3,76,05:21:12,-79.494124,43.762388,,,22.4551143400623,14.6881496063499,3538.82235362731,400.463051662867,1
1049157,48336829,3,77,05:21:14,-79.494033,43.762422,,,22.4551143400623,8.23712696724483,3547.05948059456,401.783626416262,1
1049157,48336829,3,78,05:21:16,-79.493907,43.762466,,,22.4551143400623,11.2519755928125,3558.31145618737,403.587541173528,1
1049157,48336829,3,79,05:21:17,-79.493815,43.762509,8123,9,22.4551143400623,8.81025679140592,3567.12171297878,405,1
1049157,48336829,3,80,05:21:17,-79.493815,43.762509,8123,9,1e-12,0,3567.12171297878,405,1
1049157,48336829,3,81,05:21:20,-79.493631,43.762593,,,24.5659076680277,17.5005355535635,3584.62224853234,407.5646081897,1
1049157,48336829,3,82,05:21:21,-79.49352,43.762654,,,24.5659076680277,11.213749552968,3595.83599808531,409.207922124451,1
1049157,48336829,3,83,05:21:22,-79.493441,43.762683,,,24.5659076680277,7.12465236450383,3602.96065044981,410.252001132596,1
1049157,48336829,3,84,05:21:25,-79.493278,43.76277,,,24.5659076680277,16.2949323874802,3619.25558283729,412.639934743178,1
1049157,48336829,3,85,05:21:26,-79.493184,43.762817,,,24.5659076680277,9.19160615409551,3628.44718899139,413.986914574003,1
1049157,48336829,3,86,05:21:29,-79.492953,43.762937,,,24.5659076680277,22.8767121289301,3651.32390112032,417.339372165925,1
1049157,48336829,3,87,05:21:31,-79.492806,43.763007,,,24.5659076680277,14.1559258375702,3665.47982695789,419.413846014151,1
1049157,48336829,3,88,05:21:34,-79.492648,43.763068,,,24.5659076680277,14.4036331902554,3679.88346014814,421.524620026072,1
1049157,48336829,3,89,05:21:36,-79.492449,43.763151,,,24.5659076680277,18.475056154126,3698.35851630227,424.232038903226,1
1049157,48336829,3,90,05:21:39,-79.492252,43.763209,,,24.5659076680277,17.1033960216638,3715.46191232393,426.73844845707,1
1049157,48336829,3,91,05:21:41,-79.492052,43.763263,,,24.5659076680277,17.1660126719884,3732.62792499592,429.254034140052,1
1049157,48336829,3,92,05:21:43,-79.491879,43.763315,,,24.5659076680277,15.0649071248247,3747.69283212075,431.461714246249,1
1049157,48336829,3,93,05:21:51,-79.491265,43.763445,2175,10,24.5659076680277,51.4402310560699,3799.13306317682,439,1
1049157,48336829,3,94,05:21:51,-79.491265,43.763445,2175,10,1e-12,0,3799.13306317682,439,1
1049157,48336829,3,95,05:21:53,-79.491042,43.763494,,,27.1408945522898,18.7395359780211,3817.87259915484,441.485633971677,1
1049157,48336829,3,96,05:22:01,-79.4903482550881,43.7636402562942,,,27.1408945522898,58.1013803585349,3875.97397951337,449.192269023361,1
1049157,48336829,3,97,05:22:09,-79.4896545067841,43.7637865083923,,,27.1408945522898,58.1013803576378,3934.07535987101,456.898904074925,1
1049157,48336829,3,98,05:22:17,-79.488960755088,43.7639327562942,,,27.1408945522898,58.1013803564359,3992.17674022744,464.60553912633,1
1049157,48336829,3,99,05:22:24,-79.488267,43.764079,,,27.1408945522898,58.1013803571427,4050.27812058459,472.312174177829,1
1049157,48336829,3,100,05:22:32,-79.4875772552404,43.7642305062218,23868,11,27.1408945522898,57.9595749933061,4108.23769557789,480,1
1049157,48336829,3,101,05:22:32,-79.4875772552404,43.7642305062218,23868,11,1e-12,0,4108.23769557789,480,1
1049157,48336829,3,102,05:22:40,-79.4868875069872,43.7643820082958,,,25.0385363965969,57.9595749927635,4166.19727057066,488.333333333426,1
1049157,48336829,3,103,05:22:49,-79.4861977552404,43.7645335062219,,,25.0385363965969,57.9595749927778,4224.15684556343,496.666666666853,1
1049157,48336829,3,104,05:22:57,-79.485508,43.764685,3786,12,25.0385363965969,57.9595749908259,4282.11642055426,505,1
1049157,48336829,3,105,05:22:57,-79.485508,43.764685,3786,12,1e-12,0,4282.11642055426,505,1
1049157,48336829,3,106,05:23:07,-79.4843317658093,43.7649530180939,,,35.6963345244067,99.1564847907158,4381.27290534498,515.00000000007,1
1049157,48336829,3,107,05:23:17,-79.4831555210789,43.7652210241253,9332,13,35.6963345244067,99.1564847893216,4480.4293901343,525,1
1049157,48336829,3,108,05:23:17,-79.4831555210789,43.7652210241253,9332,13,1e-12,0,4480.4293901343,525,1
1049157,48336829,3,109,05:23:28,-79.481979265809,43.7654890180941,,,32.8156794267078,99.1564847894687,4579.58587492377,535.877828875655,1
1049157,48336829,3,110,05:23:39,-79.480803,43.765757,,,32.8156794267078,99.1564847885129,4678.74235971228,546.755657751206,1
1049157,48336829,3,111,05:23:46,-79.4799827574767,43.7659387587989,,,32.8156794267078,68.9752267851806,4747.71758649746,554.322492287764,1
1049157,48336829,3,112,05:23:54,-79.4791625099689,43.7661205117319,,,32.8156794267078,68.975226785116,4816.69281328258,561.889326824316,1
1049157,48336829,3,113,05:24:01,-79.4783422574766,43.7663022587989,,,32.8156794267078,68.9752267835345,4885.66804006611,569.456161360694,1
1049157,48336829,3,114,05:24:09,-79.477522,43.766484,,,32.8156794267078,68.9752267843478,4954.64326685046,577.022995897161,1
1049157,48336829,3,115,05:24:16,-79.4767653897761,43.7666508924691,6441,14,32.8156794267078,63.59864722155,5018.24191407201,584,1
1049157,48336829,3,116,05:24:16,-79.4767653897761,43.7666508924691,6441,14,1e-12,0,5018.24191407201,584,1
1049157,48336829,3,117,05:24:25,-79.4760087753303,43.7668177799471,,,26.4178996148009,63.598647220639,5081.84056129265,592.666666666642,1
1049157,48336829,3,118,05:24:33,-79.4752521566627,43.766984662434,,,26.4178996148009,63.5986472201547,5145.4392085128,601.333333333219,1
1049157,48336829,3,119,05:24:42,-79.4744955337733,43.7671515399297,8208,15,26.4178996148009,63.5986472216576,5209.03785573446,610,1
1049157,48336829,3,120,05:24:42,-79.4744955337733,43.7671515399297,8208,15,1e-12,0,5209.03785573446,610,1
1049157,48336829,3,121,05:24:49,-79.4737389066623,43.7673184124343,,,33.9192785178144,63.5986472195246,5272.63650295399,616.749999999854,1
1049157,48336829,3,122,05:24:55,-79.4729822753297,43.7674852799475,,,33.9192785178144,63.5986472212237,5336.23515017521,623.499999999888,1
1049157,48336829,3,123,05:25:02,-79.4722256397756,43.7676521424694,,,33.9192785178144,63.5986472212999,5399.83379739651,630.24999999993,1
1049157,48336829,3,124,05:25:09,-79.471469,43.767819,5352,16,33.9192785178144,63.598647221559,5463.43244461807,637,1
1049157,48336829,3,125,05:25:09,-79.471469,43.767819,5352,16,1e-12,0,5463.43244461807,637,1
1049157,48336829,3,126,05:25:20,-79.4703307646294,43.7680752669438,,,32.0971274933275,95.8455890417795,5559.27803365985,647.749999999911,1
1049157,48336829,3,127,05:25:30,-79.4691925195057,43.7683315225918,,,32.0971274933275,95.8455890422573,5655.1236227021,658.499999999875,1
1049157,48336829,3,128,05:25:41,-79.4680542646292,43.7685877669439,,,32.0971274933275,95.8455890424784,5750.96921174458,669.249999999864,1
1049157,48336829,3,129,05:25:52,-79.466916,43.768844,623,17,32.0971274933275,95.8455890437866,5846.81480078837,680,1
1049157,48336829,3,130,05:25:52,-79.466916,43.768844,623,17,1e-12,0,5846.81480078837,680,1
1049157,48336829,3,131,05:26:00,-79.466382,43.768965,,,20.0728292838827,44.9907286127549,5891.80552940112,688.068948363745,1
1049157,48336829,3,132,05:26:13,-79.4655140028444,43.7691610032844,,,20.0728292838827,73.108029596122,5964.91355899725,701.180647906637,1
1049157,48336829,3,133,05:26:26,-79.464646,43.769357,,,20.0728292838827,73.1080295972583,6038.0215885945,714.292347449733,1
1049157,48336829,3,134,05:26:41,-79.4636627609611,43.7695792626434,,,20.0728292838827,82.8217552863154,6120.84334388082,729.146173724744,1
1049157,48336829,3,135,05:26:56,-79.4626795146146,43.769801516858,7716,18,20.0728292838827,82.8217552876859,6203.66509916851,744,1
1049157,48336829,3,136,05:26:56,-79.4626795146146,43.769801516858,7716,18,1e-12,0,6203.66509916851,744,1
1049157,48336829,3,137,05:27:05,-79.4616962609609,43.7700237626435,,,31.3850862139289,82.8217552855423,6286.48685445405,753.499999999861,1
1049157,48336829,3,138,05:27:15,-79.460713,43.770246,631,19,31.3850862139289,82.821755287972,6369.30860974202,763,1
1049157,48336829,3,139,05:27:15,-79.460713,43.770246,631,19,1e-12,0,6369.30860974202,763,1
1049157,48336829,3,140,05:27:32,-79.4595462645727,43.7704950178029,,,21.1247563364889,97.7997978538967,6467.10840759592,779.66666666663,1
1049157,48336829,3,141,05:27:48,-79.4583795194301,43.7707440237374,,,21.1247563364889,97.79979785308,6564.908205449,796.33333333312,1
1049157,48336829,3,142,05:28:05,-79.4572127645724,43.7709930178032,8491,20,21.1247563364889,97.7997978553692,6662.70800330437,813,1
1049157,48336829,3,143,05:28:05,-79.4572127645724,43.7709930178032,8491,20,1e-12,0,6662.70800330437,813,1
1049157,48336829,3,144,05:28:19,-79.456046,43.771242,,,25.4116723532273,97.7997978548366,6760.5078011592,826.855021715354,1
1049157,48336829,3,145,05:28:26,-79.4554070099381,43.7713748874599,,,25.4116723532273,53.4526702735385,6813.96047143274,834.427510857742,1
1049157,48336829,3,146,05:28:34,-79.4547680170366,43.7715077713599,9340,21,25.4116723532273,53.4526702726221,6867.41314170536,842,1
1049157,48336829,3,147,05:28:34,-79.4547680170366,43.7715077713599,9340,21,1e-12,0,6867.41314170536,842,1
1049157,48336829,3,148,05:28:42,-79.4541290212956,43.7716406516999,,,23.0915535581964,53.4526702734411,6920.8658119788,850.333333333308,1
1049157,48336829,3,149,05:28:51,-79.4534900227152,43.77177352848,,,23.0915535581964,53.4526702734393,6974.31848225224,858.666666666616,1
1049157,48336829,3,150,05:28:59,-79.4528510212954,43.7719064017001,,,23.0915535581964,53.4526702726257,7027.77115252487,866.999999999797,1
1049157,48336829,3,151,05:29:07,-79.4522120170362,43.7720392713601,,,23.0915535581964,53.4526702741388,7081.22382279901,875.333333333214,1
1049157,48336829,3,152,05:29:16,-79.4515730099377,43.7721721374601,,,23.0915535581964,53.452670273258,7134.67649307227,883.666666666494,1
1049157,48336829,3,153,05:29:24,-79.450934,43.772305,7976,22,23.0915535581964,53.4526702747133,7188.12916334698,892,1
1049157,48336829,3,154,05:29:24,-79.450934,43.772305,7976,22,1e-12,0,7188.12916334698,892,1
1049157,48336829,3,155,05:29:34,-79.4498790038104,43.772521004852,,,30.3384200736478,88.146913882688,7276.27607722967,902.459637951065,1
1049157,48336829,3,156,05:29:45,-79.448824,43.772737,,,30.3384200736478,88.1469138842605,7364.42299111393,912.919275902317,1
1049157,48336829,3,157,05:29:51,-79.448206,43.77285,7985,23,30.3384200736478,51.2443227854092,7415.66731389934,919,1
1049157,48336829,3,158,05:29:51,-79.448206,43.77285,7985,23,1e-12,0,7415.66731389934,919,1
1049157,48336829,3,159,05:30:02,-79.4473545027551,43.7730435031608,,,22.9185120553264,71.7549074277363,7487.42222132707,930.271136019488,1
1049157,48336829,3,160,05:30:14,-79.446503,43.773237,,,22.9185120553264,71.7549074269777,7559.17712875405,941.542272038856,1
1049157,48336829,3,161,05:30:22,-79.4458990013584,43.7733715015904,,,22.9185120553264,50.8068427033074,7609.98397145736,949.522922496895,1
1049157,48336829,3,162,05:30:30,-79.445295,43.773506,,,22.9185120553264,50.8068427017943,7660.79081415915,957.503572954696,1
1049157,48336829,3,163,05:30:38,-79.444629,43.773626,,,22.9185120553264,55.1755765609066,7715.96639072006,966.170456526359,1
1049157,48336829,3,164,05:30:47,-79.443959,43.773727,,,22.9185120553264,55.0166156094976,7770.98300632956,974.812370788334,1
1049157,48336829,3,165,05:30:55,-79.443321,43.773816,,,22.9185120553264,52.2314780073234,7823.21448433688,983.016800481346,1
1049157,48336829,3,166,05:30:59,-79.442997,43.773851,,,22.9185120553264,26.3333233081134,7849.54780764499,987.153193091842,1
1049157,48336829,3,167,05:31:03,-79.442671,43.773883,,,22.9185120553264,26.4452608137876,7875.99306845878,991.30716865098,1
1049157,48336829,3,168,05:31:11,-79.442068,43.773946,24443,24,22.9185120553264,48.9745133366994,7924.96758179548,999,1
1049157,48336829,3,169,05:31:11,-79.442068,43.773946,24443,24,1e-12,0,7924.96758179548,999,1
1049157,48336829,3,170,05:31:21,-79.441492,43.774026,,,17.7982648326087,47.1481307104801,7972.11571250596,1008.53650662882,1
1049157,48336829,3,171,05:31:28,-79.441026,43.774098,,,17.7982648326087,38.3053900310184,8010.42110253698,1016.28441943991,1
1049157,48336829,3,172,05:31:47,-79.4399355044586,43.7743425051841,,,17.7982648326087,91.7833411209909,8102.20444365797,1034.84915207779,1
1049157,48336829,3,173,05:32:05,-79.438845,43.774587,,,17.7982648326087,91.7833411199175,8193.98778477789,1053.41388471545,1
1049157,48336829,3,174,05:32:18,-79.4381060020576,43.7747535023807,24180,25,17.7982648326087,62.2252814022563,8256.21306618014,1066,1
1049157,48336829,3,175,05:32:18,-79.4381060020576,43.7747535023807,24180,25,1e-12,0,8256.21306618014,1066,1
1049157,48336829,3,176,05:32:29,-79.437367,43.77492,,,19.9810476810981,62.2252814041063,8318.43834758425,1077.2111745405,1
1049157,48336829,3,177,05:32:43,-79.436475,43.775117,,,19.9810476810981,74.977381921828,8393.41572950608,1090.71990437421,1
1049157,48336829,3,178,05:32:54,-79.4357390019877,43.7752785023614,,,19.9810476810981,61.8305073660952,8455.24623687217,1101.85995218705,1
1049157,48336829,3,179,05:33:05,-79.435003,43.77544,4564,26,19.9810476810981,61.8305073667495,8517.07674423892,1113,1
1049157,48336829,3,180,05:33:05,-79.435003,43.77544,4564,26,1e-12,0,8517.07674423892,1113,1
1049157,48336829,3,181,05:33:24,-79.433869,43.775701,,,18.4561607298426,95.6682017778732,8612.7449460168,1131.66073510313,1
1049157,48336829,3,182,05:33:42,-79.432718,43.775948,,,18.4561607298426,96.5151182983297,8709.26006431513,1150.48666704856,1
1049157,48336829,3,183,05:33:59,-79.431711,43.776181,,,18.4561607298426,84.9950902645058,8794.25515457963,1167.06553897275,1
1049157,48336829,3,184,05:34:11,-79.4309775018707,43.7763335023454,,,18.4561607298426,61.3525360697909,8855.60769064942,1179.03276948641,1
1049157,48336829,3,185,05:34:23,-79.430244,43.776486,629,27,18.4561607298426,61.3525360694245,8916.96022671885,1191,1
1049157,48336829,3,186,05:34:23,-79.430244,43.776486,629,27,1e-12,0,8916.96022671885,1191,1
1049157,48336829,3,187,05:34:33,-79.4296237543333,43.7766252550312,,,18.6002776543987,52.2083024515544,8969.1685291704,1201.10468189335,1
1049157,48336829,3,188,05:34:43,-79.4290035057776,43.7767645067083,,,18.6002776543987,52.2083024531294,9021.37683162353,1211.209363787,1
1049157,48336829,3,189,05:34:53,-79.4283832543332,43.7769037550313,,,18.6002776543987,52.2083024528456,9073.58513407637,1221.31404568059,1
1049157,48336829,3,190,05:35:03,-79.427763,43.777043,,,18.6002776543987,52.2083024520253,9125.7934365284,1231.41872757403,1
1049157,48336829,3,191,05:35:15,-79.427051,43.7772,7591,28,18.6002776543987,59.83746742065,9185.63090394905,1243,1
1049157,48336829,3,192,05:35:15,-79.427051,43.7772,7591,28,1e-12,0,9185.63090394905,1243,1
1049157,48336829,3,193,05:35:28,-79.4262195026491,43.777390503014,,,18.7180894668073,70.1167189227824,9255.74762287183,1256.48536070252,1
1049157,48336829,3,194,05:35:42,-79.425388,43.777581,,,18.7180894668073,70.1167189240246,9325.86434179586,1269.97072140529,1
1049157,48336829,3,195,05:36:00,-79.424268,43.777824,,,18.7180894668073,93.9975044804549,9419.86184627631,1288.04900961572,1
1049157,48336829,3,196,05:36:11,-79.4236210015744,43.7779695018249,,,18.7180894668073,54.4670156153237,9474.32886189164,1298.52450480784,1
1049157,48336829,3,197,05:36:21,-79.422974,43.778115,15150,29,18.7180894668073,54.4670156155474,9528.79587750718,1309,1
1049157,48336829,3,198,05:36:21,-79.422974,43.778115,15150,29,1e-12,0,9528.79587750718,1309,1
1049157,48336829,3,199,05:36:36,-79.422058,43.778314,,,18.8543725343544,76.8842839082304,9605.68016141541,1323.68006541004,1
1049157,48336829,3,200,05:36:43,-79.421605,43.778412,,,18.8543725343544,38.0091359462397,9643.68929736165,1330.93742118559,1
1049157,48336829,3,201,05:36:44,-79.421523,43.778431,,,18.8543725343544,6.92181339961829,9650.61111076127,1332.2590524514,1
1049157,48336829,3,202,05:36:59,-79.420626,43.77864,,,18.8543725343544,75.7572624427776,9726.36837320405,1346.72392760421,1
1049157,48336829,3,203,05:37:04,-79.420294,43.778708,,,18.8543725343544,27.7372880548725,9754.10566125892,1352.02000610354,1
1049157,48336829,3,204,05:37:16,-79.419568,43.778874,,,18.8543725343544,61.2079829390174,9815.31364419794,1363.7068834143,1
1049157,48336829,3,205,05:37:25,-79.418965,43.779013,,,18.8543725343544,50.8758317503051,9866.18947594824,1373.42096930962,1
1049157,48336829,3,206,05:37:33,-79.418498,43.779129,10437,30,18.8543725343544,39.6938522460268,9905.88332819427,1381,1
1049157,48336829,3,207,05:37:33,-79.418498,43.779129,10437,30,1e-12,0,9905.88332819427,1381,1
1049157,48336829,3,208,05:37:47,-79.417661,43.779304,,,18.35298809448,70.0368405604642,9975.92016875473,1394.73796052826,1
1049157,48336829,3,209,05:37:51,-79.41742,43.779363,,,18.35298809448,20.4532777695219,9996.37344652426,1398.74993937287,1
1049157,48336829,3,210,05:38:06,-79.4164930030931,43.7795625037461,1118,31,18.35298809448,77.7456058694132,10074.1190523937,1414,1
1049157,48336829,3,211,05:38:06,-79.4164930030931,43.7795625037461,1118,31,1e-12,0,10074.1190523937,1414,1
1049157,48336829,3,212,05:38:54,-79.415566,43.779762,,,5.80383605430196,77.7456058662777,10151.86465826,1462.22399848995,1
1049157,48336829,3,213,05:39:28,-79.414921,43.779901,,,5.80383605430196,54.100639454702,10205.9652977147,1495.78151117892,1
1049157,48336829,3,214,05:39:48,-79.414542,43.779983,,,5.80383605430196,31.799649562396,10237.764947277,1515.50617902852,1
1049157,48336829,3,215,05:40:00,-79.414587,43.780161,14206,32,5.80383605430196,20.1422468361881,10257.9071941132,1528,1
1049157,48336829,3,216,05:40:00,-79.414587,43.780161,14206,32,1e-12,0,10257.9071941132,1528,1
1049157,48336829,3,217,,-79.414746,43.780179,,,,12.9353876350211,10270.8425817483,,1
1049157,48336829,3,218,,-79.41485,43.780376,,,,23.4689323464,10294.3115140947,,1
1049157,48336829,3,219,,-79.414973,43.780617,,,,28.5914341190402,10322.9029482137,,1
1049157,48336829,3,220,,-79.415077,43.78087,,,,29.378033077851,10352.2809812915,,1
1049157,48336829,3,221,,-79.415162,43.781066,,,,22.8631301289667,10375.1441114205,,1
1049157,48336829,3,222,,-79.41524,43.781281,,,,24.7410875320816,10399.8851989526,,1
1049157,48336829,3,223,,-79.41531,43.781456,,,,20.277017827191,10420.1622167798,,1
1049157,48336829,3,224,,-79.415333,43.781608,,,,17.0212366384349,10437.1834534182,,1
1049157,48336829,3,225,,-79.415307,43.781727,,,,13.4108203712292,10450.5942737895,,1
1049157,48336829,3,226,,-79.415214,43.781745,,,,7.73838288829824,10458.3326566777,,1
1049157,48336829,3,227,,-79.415114,43.781745,,,,8.0370525550389,10466.3697092328,,1
1049157,48336829,3,228,,-79.41501,43.781675,,,,11.4274286525504,10477.7971378853,,1
1049157,48336829,3,229,,-79.414737,43.781025,,,,75.6111951810339,10553.4083330664,,1
1049157,48336829,3,230,,-79.414723,43.780991,,,,3.94857738309154,10557.3569104495,,1
1049157,48336829,3,231,,-79.414453,43.780346,,,,75.0086838144762,10632.3655942639,,1
1049157,48336821,3,1,,-79.536253,43.753283,,,1e-12,0,0,0,2
1049157,48336821,3,2,,-79.53556,43.753406,,,,57.3808057486744,57.3808057486744,,2
1049157,48336821,3,3,,-79.53452,43.753635,,,,87.4240070756899,144.804812824364,,2
1049157,48336821,3,4,,-79.5336375028535,43.753828503395,,,,74.157407843993,218.962220668357,,2
1049157,48336821,3,5,,-79.532755,43.754022,,,,74.1574078401027,293.11962850846,,2
1049157,48336821,3,6,,-79.5318245031642,43.7542255037743,,,,78.1734792356124,371.293107744072,,2
1049157,48336821,3,7,,-79.530894,43.754429,,,,78.1734792352644,449.466586979337,,2
1049157,48336821,3,8,,-79.530747,43.754461,,,,12.3449806164424,461.811567595779,,2
1049157,48336821,3,9,,-79.530553,43.754502,,,,16.2529844318177,478.064552027597,,2
1049157,48336821,3,10,,-79.530408,43.754534,,,,12.191081482425,490.255633510022,,2
1049157,48336821,3,11,,-79.5294630032768,43.7547415038929,,,,79.4178181808614,569.673451690883,,2
1049157,48336821,3,12,,-79.528518,43.754949,,,,79.4178181827917,649.091269873675,,2
1049157,48336821,3,13,,-79.5277065024138,43.7551270028707,,,,68.1920376532911,717.283307526966,,2
1049157,48336821,3,14,,-79.526895,43.755305,,,,68.1920376529526,785.475345179919,,2
1049157,48336821,3,15,,-79.5262402550551,43.7554590056063,,,,55.3664904661373,840.841835646056,,2
1049157,48336821,3,16,,-79.5255855067401,43.7556130074751,,,,55.3664904631767,896.208326109233,,2
1049157,48336821,3,17,,-79.524930755055,43.7557670056064,,,,55.3664904640168,951.574816573249,,2
1049157,48336821,3,18,05:31:32,-79.524276,43.755921,8505,1,,55.3664904651098,1006.94130703836,,2
1049157,48336821,3,19,05:31:32,-79.524276,43.755921,8505,1,1e-12,0,1006.94130703836,0,2
1049157,48336821,3,20,05:31:44,-79.5233865031142,43.756130503449,,,23.1184746958111,75.2265170754967,1082.16782411386,11.7142443450587,2
1049157,48336821,3,21,05:31:55,-79.522497,43.75634,,,23.1184746958111,75.2265170766066,1157.39434119046,23.4284886902903,2
1049157,48336821,3,22,05:32:07,-79.5215940028974,43.7565320035545,,,23.1184746958111,75.6857482999957,1233.08008949046,35.2142443452408,2
1049157,48336821,3,23,05:32:19,-79.520691,43.756724,8447,2,23.1184746958111,75.6857482987677,1308.76583778923,47,2
1049157,48336821,3,24,05:32:19,-79.520691,43.756724,8447,2,1e-12,0,1308.76583778923,47,2
1049157,48336821,3,25,05:32:36,-79.51954,43.756997,,,20.9905527500022,97.4070686039362,1406.17290639316,63.7058700716747,2
1049157,48336821,3,26,05:32:39,-79.519321,43.75704,,,20.9905527500022,18.2474497921661,1424.42035618533,66.8354122058994,2
1049157,48336821,3,27,05:32:44,-79.518956,43.757122,,,20.9905527500022,30.7341899565031,1455.15454614183,72.106501784205,2
1049157,48336821,3,28,05:32:50,-79.518553,43.757155,,,20.9905527500022,32.6102226177576,1487.76476875959,77.699341707104,2
1049157,48336821,3,29,05:32:56,-79.518067,43.757202,,,20.9905527500022,39.4248310437163,1527.18959980331,84.4609259992262,2
1049157,48336821,3,30,05:33:01,-79.517721,43.757227,,,20.9905527500022,27.9584633879016,1555.14806319121,89.2559625756897,2
1049157,48336821,3,31,05:33:12,-79.516949,43.757303,4791,3,20.9905527500022,62.6453567508287,1617.79341994204,100,2
1049157,48336821,3,32,05:33:12,-79.516949,43.757303,4791,3,1e-12,0,1617.79341994204,100,2
1049157,48336821,3,33,05:33:15,-79.516779,43.757331,,,17.397672500219,14.0194570489212,1631.81287699096,102.900965366228,2
1049157,48336821,3,34,05:33:21,-79.516435,43.757379,,,17.397672500219,28.1701434656954,1659.98302045665,108.730050634687,2
1049157,48336821,3,35,05:33:23,-79.516279,43.757412,,,17.397672500219,13.0697911985399,1673.05281165519,111.434507125298,2
1049157,48336821,3,36,05:33:26,-79.516151,43.757434,,,17.397672500219,10.5789890284185,1683.63180068361,113.623556292756,2
1049157,48336821,3,37,05:33:28,-79.515999,43.757461,,,17.397672500219,12.585450435025,1696.21725111864,116.227790943427,2
1049157,48336821,3,38,05:33:31,-79.515813,43.7575,,,17.397672500219,15.5724053818238,1711.78965650046,119.450098948929,2
1049157,48336821,3,39,05:33:35,-79.515595,43.757548,,,17.397672500219,18.324232701599,1730.11388920206,123.2418267059,2
1049157,48336821,3,40,05:33:39,-79.515352,43.757604,,,17.397672500219,20.5083436424635,1750.62223284452,127.485499939313,2
1049157,48336821,3,41,05:33:56,-79.5143935035802,43.7578275040049,,,17.397672500219,80.982541120233,1831.60477396475,144.242749969693,2
1049157,48336821,3,42,05:34:13,-79.513435,43.758051,7390,4,17.397672500219,80.9825411198801,1912.58731508463,161,2
1049157,48336821,3,43,05:34:13,-79.513435,43.758051,7390,4,1e-12,0,1912.58731508463,161,2
1049157,48336821,3,44,05:34:30,-79.5124620104035,43.7582642623809,,,17.5708766952904,81.753384623201,1994.34069970784,177.749999999853,2
1049157,48336821,3,45,05:34:47,-79.5114890138711,43.758477516508,,,17.5708766952904,81.7533846249728,2076.09408433281,194.500000000068,2
1049157,48336821,3,46,05:35:03,-79.5105160104033,43.7586907623811,,,17.5708766952904,81.7533846232249,2157.84746895603,211.249999999926,2
1049157,48336821,3,47,05:35:20,-79.509543,43.758904,3178,5,17.5708766952904,81.7533846242831,2239.60085358032,228,2
1049157,48336821,3,48,05:35:20,-79.509543,43.758904,3178,5,1e-12,0,2239.60085358032,228,2
1049157,48336821,3,49,05:35:33,-79.508864,43.759059,,,16.4376811756584,57.2542081787615,2296.85506175908,240.539186472893,2
1049157,48336821,3,50,05:35:50,-79.507919,43.759276,3637,6,16.4376811756584,79.7264682850585,2376.58153004414,258,2
1049157,48336821,3,51,05:35:50,-79.507919,43.759276,3637,6,1e-12,0,2376.58153004414,258,2
1049157,48336821,3,52,05:36:04,-79.5071570064953,43.7594460075935,,,16.1636044508911,64.1212161860261,2440.70274623016,272.281243949704,2
1049157,48336821,3,53,05:36:19,-79.5063950086603,43.7596160101247,,,16.1636044508911,64.1212161874003,2504.82396241756,286.562487899714,2
1049157,48336821,3,54,05:36:33,-79.5056330064952,43.7597860075935,,,16.1636044508911,64.121216187957,2568.94517860552,300.843731849848,2
1049157,48336821,3,55,05:36:47,-79.504871,43.759956,,,16.1636044508911,64.1212161861599,2633.06639479168,315.124975799581,2
1049157,48336821,3,56,05:36:59,-79.5042612598004,43.7600933863451,,,16.1636044508911,51.353172637006,2684.41956742869,326.562487899986,2
1049157,48336821,3,57,05:37:10,-79.5036515168006,43.7602307694488,2335,7,16.1636044508911,51.3531726352532,2735.77274006394,338,2
1049157,48336821,3,58,05:37:10,-79.5036515168006,43.7602307694488,2335,7,1e-12,0,2735.77274006394,338,2
1049157,48336821,3,59,05:37:20,-79.5030417710007,43.7603681493111,,,17.749037884384,51.3531726358748,2787.12591269981,348.415855929397,2
1049157,48336821,3,60,05:37:31,-79.5024320224006,43.7605055259319,,,17.749037884384,51.3531726358087,2838.47908533562,358.83171185878,2
1049157,48336821,3,61,05:37:41,-79.5018222710005,43.7606428993112,,,17.749037884384,51.3531726336569,2889.83225796928,369.247567787727,2
1049157,48336821,3,62,05:37:52,-79.5012125168003,43.760780269449,,,17.749037884384,51.3531726355669,2941.18543060485,379.663423717062,2
1049157,48336821,3,63,05:38:02,-79.5006027598002,43.7609176363453,,,17.749037884384,51.3531726351806,2992.53860324003,390.079279646317,2
1049157,48336821,3,64,05:38:12,-79.499993,43.761055,,,17.749037884384,51.3531726354275,3043.89177587545,400.495135575623,2
1049157,48336821,3,65,05:38:25,-79.4992587558817,43.7612147570505,630,8,17.749037884384,61.6525867798181,3105.54436265527,413,2
1049157,48336821,3,66,05:38:25,-79.4992587558817,43.7612147570505,630,8,1e-12,0,3105.54436265527,413,2
1049157,48336821,3,67,05:38:38,-79.4985245078422,43.7613745094007,,,16.7846309208547,61.6525867800681,3167.19694943534,426.223365676303,2
1049157,48336821,3,68,05:38:51,-79.4977902558816,43.7615342570505,,,16.7846309208547,61.652586778899,3228.84953621424,439.446731352355,2
1049157,48336821,3,69,05:39:05,-79.497056,43.761694,,,16.7846309208547,61.652586781166,3290.50212299541,452.670097028894,2
1049157,48336821,3,70,05:39:23,-79.496058,43.761919,,,16.7846309208547,84.0550245541802,3374.55714754959,470.69838074999,2
1049157,48336821,3,71,05:39:37,-79.49526,43.762101,,,16.7846309208547,67.2798225758036,3441.83697012539,485.128686808847,2
1049157,48336821,3,72,05:39:43,-79.494908,43.762173,,,16.7846309208547,29.4128101452987,3471.24978027069,491.437203035529,2
1049157,48336821,3,73,05:39:50,-79.494547,43.76226,,,16.7846309208547,30.5964613411759,3501.84624161186,497.999591052735,2
1049157,48336821,3,74,05:39:53,-79.494384,43.762306,,,16.7846309208547,14.0695996202216,3515.91584123209,501.017265904903,2
1049157,48336821,3,75,05:39:55,-79.494286,43.762327,,,16.7846309208547,8.21836278887698,3524.13420402096,502.779956200535,2
1049157,48336821,3,76,05:39:58,-79.494124,43.762388,,,16.7846309208547,14.6881496063499,3538.82235362731,505.930298846269,2
1049157,48336821,3,77,05:40:00,-79.494033,43.762422,,,16.7846309208547,8.23712696724483,3547.05948059456,507.697013719054,2
1049157,48336821,3,78,05:40:02,-79.493907,43.762466,,,16.7846309208547,11.2519755928125,3558.31145618737,510.110359137558,2
1049157,48336821,3,79,05:40:04,-79.493815,43.762509,8123,9,16.7846309208547,8.81025679140592,3567.12171297878,512,2
1049157,48336821,3,80,05:40:04,-79.493815,43.762509,8123,9,1e-12,0,3567.12171297878,512,2
1049157,48336821,3,81,05:40:07,-79.493631,43.762593,,,18.5609080158432,17.5005355535635,3584.62224853234,515.39433436872,2
1049157,48336821,3,82,05:40:10,-79.49352,43.762654,,,18.5609080158432,11.213749552968,3595.83599808531,517.569308694126,2
1049157,48336821,3,83,05:40:11,-79.493441,43.762683,,,18.5609080158432,7.12465236450383,3602.96065044981,518.951177969612,2
1049157,48336821,3,84,05:40:14,-79.493278,43.76277,,,18.5609080158432,16.2949323874802,3619.25558283729,522.111678336559,2
1049157,48336821,3,85,05:40:16,-79.493184,43.762817,,,18.5609080158432,9.19160615409551,3628.44718899139,523.894445759709,2
1049157,48336821,3,86,05:40:20,-79.492953,43.762937,,,18.5609080158432,22.8767121289301,3651.32390112032,528.331521984313,2
1049157,48336821,3,87,05:40:23,-79.492806,43.763007,,,18.5609080158432,14.1559258375702,3665.47982695789,531.077149136376,2
1049157,48336821,3,88,05:40:26,-79.492648,43.763068,,,18.5609080158432,14.4036331902554,3679.88346014814,533.870820622742,2
1049157,48336821,3,89,05:40:29,-79.492449,43.763151,,,18.5609080158432,18.475056154126,3698.35851630227,537.454169136623,2
1049157,48336821,3,90,05:40:33,-79.492252,43.763209,,,18.5609080158432,17.1033960216638,3715.46191232393,540.771475899063,2
1049157,48336821,3,91,05:40:36,-79.492052,43.763263,,,18.5609080158432,17.1660126719884,3732.62792499592,544.100927538305,2
1049157,48336821,3,92,05:40:39,-79.491879,43.763315,,,18.5609080158432,15.0649071248247,3747.69283212075,547.022857090624,2
1049157,48336821,3,93,05:40:49,-79.491265,43.763445,2175,10,18.5609080158432,51.4402310560699,3799.13306317682,557,2
1049157,48336821,3,94,05:40:49,-79.491265,43.763445,2175,10,1e-12,0,3799.13306317682,557,2
1049157,48336821,3,95,05:40:52,-79.491042,43.763494,,,21.8191505224291,18.7395359780211,3817.87259915484,560.091886159891,2
1049157,48336821,3,96,05:41:02,-79.4903482550881,43.7636402562942,,,21.8191505224291,58.1013803585349,3875.97397951337,569.678188297351,2
1049157,48336821,3,97,05:41:11,-79.4896545067841,43.7637865083923,,,21.8191505224291,58.1013803576378,3934.07535987101,579.264490434663,2
1049157,48336821,3,98,05:41:21,-79.488960755088,43.7639327562942,,,21.8191505224291,58.1013803564359,3992.17674022744,588.850792571777,2
1049157,48336821,3,99,05:41:30,-79.488267,43.764079,,,21.8191505224291,58.1013803571427,4050.27812058459,598.437094709007,2
1049157,48336821,3,100,05:41:40,-79.4875772552404,43.7642305062218,23868,11,21.8191505224291,57.9595749933061,4108.23769557789,608,2
1049157,48336821,3,101,05:41:40,-79.4875772552404,43.7642305062218,23868,11,1e-12,0,4108.23769557789,608,2
1049157,48336821,3,102,05:41:51,-79.4868875069872,43.7643820082958,,,19.5613565598413,57.9595749927635,4166.19727057066,618.666666666785,2
1049157,48336821,3,103,05:42:01,-79.4861977552404,43.7645335062219,,,19.5613565598413,57.9595749927778,4224.15684556343,629.333333333572,2
1049157,48336821,3,104,05:42:12,-79.485508,43.764685,3786,12,19.5613565598413,57.9595749908259,4282.11642055426,640,2
1049157,48336821,3,105,05:42:12,-79.485508,43.764685,3786,12,1e-12,0,4282.11642055426,640,2
1049157,48336821,3,106,05:42:25,-79.4843317658093,43.7649530180939,,,27.4587188649282,99.1564847907158,4381.27290534498,653.000000000091,2
1049157,48336821,3,107,05:42:38,-79.4831555210789,43.7652210241253,9332,13,27.4587188649282,99.1564847893216,4480.4293901343,666,2
1049157,48336821,3,108,05:42:38,-79.4831555210789,43.7652210241253,9332,13,1e-12,0,4480.4293901343,666,2
1049157,48336821,3,109,05:42:52,-79.481979265809,43.7654890180941,,,26.1638525158886,99.1564847894687,4579.58587492377,679.643378589805,2
1049157,48336821,3,110,05:43:05,-79.480803,43.765757,,,26.1638525158886,99.1564847885129,4678.74235971228,693.286757179478,2
1049157,48336821,3,111,05:43:15,-79.4799827574767,43.7659387587989,,,26.1638525158886,68.9752267851806,4747.71758649746,702.777363208382,2
1049157,48336821,3,112,05:43:24,-79.4791625099689,43.7661205117319,,,26.1638525158886,68.975226785116,4816.69281328258,712.267969237278,2
1049157,48336821,3,113,05:43:34,-79.4783422574766,43.7663022587989,,,26.1638525158886,68.9752267835345,4885.66804006611,721.758575265955,2
1049157,48336821,3,114,05:43:43,-79.477522,43.766484,,,26.1638525158886,68.9752267843478,4954.64326685046,731.249181294745,2
1049157,48336821,3,115,05:43:52,-79.4767653897761,43.7666508924691,6441,14,26.1638525158886,63.59864722155,5018.24191407201,740,2
1049157,48336821,3,116,05:43:52,-79.4767653897761,43.7666508924691,6441,14,1e-12,0,5018.24191407201,740,2
1049157,48336821,3,117,05:44:03,-79.4760087753303,43.7668177799471,,,21.4645434370257,63.598647220639,5081.84056129265,750.666666666637,2
1049157,48336821,3,118,05:44:13,-79.4752521566627,43.766984662434,,,21.4645434370257,63.5986472201547,5145.4392085128,761.333333333192,2
1049157,48336821,3,119,05:44:24,-79.4744955337733,43.7671515399297,8208,15,21.4645434370257,63.5986472216576,5209.03785573446,772,2
1049157,48336821,3,120,05:44:24,-79.4744955337733,43.7671515399297,8208,15,1e-12,0,5209.03785573446,772,2
1049157,48336821,3,121,05:44:32,-79.4737389066623,43.7673184124343,,,27.7521369691209,63.5986472195246,5272.63650295399,780.249999999821,2
1049157,48336821,3,122,05:44:40,-79.4729822753297,43.7674852799475,,,27.7521369691209,63.5986472212237,5336.23515017521,788.499999999863,2
1049157,48336821,3,123,05:44:49,-79.4722256397756,43.7676521424694,,,27.7521369691209,63.5986472212999,5399.83379739651,796.749999999915,2
1049157,48336821,3,124,05:44:57,-79.471469,43.767819,5352,16,27.7521369691209,63.598647221559,5463.43244461807,805,2
1049157,48336821,3,125,05:44:57,-79.471469,43.767819,5352,16,1e-12,0,5463.43244461807,805,2
1049157,48336821,3,126,05:45:10,-79.4703307646294,43.7680752669438,,,25.5588237446867,95.8455890417795,5559.27803365985,818.499999999888,2
1049157,48336821,3,127,05:45:24,-79.4691925195057,43.7683315225918,,,25.5588237446867,95.8455890422573,5655.1236227021,831.999999999843,2
1049157,48336821,3,128,05:45:37,-79.4680542646292,43.7685877669439,,,25.5588237446867,95.8455890424784,5750.96921174458,845.49999999983,2
1049157,48336821,3,129,05:45:51,-79.466916,43.768844,623,17,25.5588237446867,95.8455890437866,5846.81480078837,859,2
1049157,48336821,3,130,05:45:51,-79.466916,43.768844,623,17,1e-12,0,5846.81480078837,859,2
1049157,48336821,3,131,05:45:59,-79.466382,43.768965,,,19.7640165256691,44.9907286127549,5891.80552940112,867.195025681929,2
1049157,48336821,3,132,05:46:13,-79.4655140028444,43.7691610032844,,,19.7640165256691,73.108029596122,5964.91355899725,880.511595530179,2
1049157,48336821,3,133,05:46:26,-79.464646,43.769357,,,19.7640165256691,73.1080295972583,6038.0215885945,893.828165378636,2
1049157,48336821,3,134,05:46:41,-79.4636627609611,43.7695792626434,,,19.7640165256691,82.8217552863154,6120.84334388082,908.914082689193,2
1049157,48336821,3,135,05:46:56,-79.4626795146146,43.769801516858,7716,18,19.7640165256691,82.8217552876859,6203.66509916851,924,2
1049157,48336821,3,136,05:46:56,-79.4626795146146,43.769801516858,7716,18,1e-12,0,6203.66509916851,924,2
1049157,48336821,3,137,05:47:05,-79.4616962609609,43.7700237626435,,,31.3850862139289,82.8217552855423,6286.48685445405,933.499999999861,2
1049157,48336821,3,138,05:47:15,-79.460713,43.770246,631,19,31.3850862139289,82.821755287972,6369.30860974202,943,2
1049157,48336821,3,139,05:47:15,-79.460713,43.770246,631,19,1e-12,0,6369.30860974202,943,2
1049157,48336821,3,140,05:47:32,-79.4595462645727,43.7704950178029,,,21.1247563364889,97.7997978538967,6467.10840759592,959.666666666629,2
1049157,48336821,3,141,05:47:48,-79.4583795194301,43.7707440237374,,,21.1247563364889,97.79979785308,6564.908205449,976.33333333312,2
1049157,48336821,3,142,05:48:05,-79.4572127645724,43.7709930178032,8491,20,21.1247563364889,97.7997978553692,6662.70800330437,993,2
1049157,48336821,3,143,05:48:05,-79.4572127645724,43.7709930178032,8491,20,1e-12,0,6662.70800330437,993,2
1049157,48336821,3,144,05:48:19,-79.456046,43.771242,,,25.4116723532273,97.7997978548366,6760.5078011592,1006.85502171535,2
1049157,48336821,3,145,05:48:26,-79.4554070099381,43.7713748874599,,,25.4116723532273,53.4526702735385,6813.96047143274,1014.42751085774,2
1049157,48336821,3,146,05:48:34,-79.4547680170366,43.7715077713599,9340,21,25.4116723532273,53.4526702726221,6867.41314170536,1022,2
1049157,48336821,3,147,05:48:34,-79.4547680170366,43.7715077713599,9340,21,1e-12,0,6867.41314170536,1022,2
1049157,48336821,3,148,05:48:42,-79.4541290212956,43.7716406516999,,,23.0915535581964,53.4526702734411,6920.8658119788,1030.33333333331,2
1049157,48336821,3,149,05:48:51,-79.4534900227152,43.77177352848,,,23.0915535581964,53.4526702734393,6974.31848225224,1038.66666666662,2
1049157,48336821,3,150,05:48:59,-79.4528510212954,43.7719064017001,,,23.0915535581964,53.4526702726257,7027.77115252487,1046.9999999998,2
1049157,48336821,3,151,05:49:07,-79.4522120170362,43.7720392713601,,,23.0915535581964,53.4526702741388,7081.22382279901,1055.33333333321,2
1049157,48336821,3,152,05:49:16,-79.4515730099377,43.7721721374601,,,23.0915535581964,53.452670273258,7134.67649307227,1063.66666666649,2
1049157,48336821,3,153,05:49:24,-79.450934,43.772305,7976,22,23.0915535581964,53.4526702747133,7188.12916334698,1072,2
1049157,48336821,3,154,05:49:24,-79.450934,43.772305,7976,22,1e-12,0,7188.12916334698,1072,2
1049157,48336821,3,155,05:49:34,-79.4498790038104,43.772521004852,,,30.3384200736478,88.146913882688,7276.27607722967,1082.45963795106,2
1049157,48336821,3,156,05:49:45,-79.448824,43.772737,,,30.3384200736478,88.1469138842605,7364.42299111393,1092.91927590232,2
1049157,48336821,3,157,05:49:51,-79.448206,43.77285,7985,23,30.3384200736478,51.2443227854092,7415.66731389934,1099,2
1049157,48336821,3,158,05:49:51,-79.448206,43.77285,7985,23,1e-12,0,7415.66731389934,1099,2
1049157,48336821,3,159,05:50:02,-79.4473545027551,43.7730435031608,,,22.9185120553264,71.7549074277363,7487.42222132707,1110.27113601949,2
1049157,48336821,3,160,05:50:14,-79.446503,43.773237,,,22.9185120553264,71.7549074269777,7559.17712875405,1121.54227203886,2
1049157,48336821,3,161,05:50:22,-79.4458990013584,43.7733715015904,,,22.9185120553264,50.8068427033074,7609.98397145736,1129.52292249689,2
1049157,48336821,3,162,05:50:30,-79.445295,43.773506,,,22.9185120553264,50.8068427017943,7660.79081415915,1137.5035729547,2
1049157,48336821,3,163,05:50:38,-79.444629,43.773626,,,22.9185120553264,55.1755765609066,7715.96639072006,1146.17045652636,2
1049157,48336821,3,164,05:50:47,-79.443959,43.773727,,,22.9185120553264,55.0166156094976,7770.98300632956,1154.81237078833,2
1049157,48336821,3,165,05:50:55,-79.443321,43.773816,,,22.9185120553264,52.2314780073234,7823.21448433688,1163.01680048135,2
1049157,48336821,3,166,05:50:59,-79.442997,43.773851,,,22.9185120553264,26.3333233081134,7849.54780764499,1167.15319309184,2
1049157,48336821,3,167,05:51:03,-79.442671,43.773883,,,22.9185120553264,26.4452608137876,7875.99306845878,1171.30716865098,2
1049157,48336821,3,168,05:51:11,-79.442068,43.773946,24443,24,22.9185120553264,48.9745133366994,7924.96758179548,1179,2
1049157,48336821,3,169,05:51:11,-79.442068,43.773946,24443,24,1e-12,0,7924.96758179548,1179,2
1049157,48336821,3,170,05:51:21,-79.441492,43.774026,,,17.7982648326087,47.1481307104801,7972.11571250596,1188.53650662882,2
1049157,48336821,3,171,05:51:28,-79.441026,43.774098,,,17.7982648326087,38.3053900310184,8010.42110253698,1196.28441943991,2
1049157,48336821,3,172,05:51:47,-79.4399355044586,43.7743425051841,,,17.7982648326087,91.7833411209909,8102.20444365797,1214.84915207779,2
1049157,48336821,3,173,05:52:05,-79.438845,43.774587,,,17.7982648326087,91.7833411199175,8193.98778477789,1233.41388471545,2
1049157,48336821,3,174,05:52:18,-79.4381060020576,43.7747535023807,24180,25,17.7982648326087,62.2252814022563,8256.21306618014,1246,2
1049157,48336821,3,175,05:52:18,-79.4381060020576,43.7747535023807,24180,25,1e-12,0,8256.21306618014,1246,2
1049157,48336821,3,176,05:52:29,-79.437367,43.77492,,,19.9810476810981,62.2252814041063,8318.43834758425,1257.2111745405,2
1049157,48336821,3,177,05:52:43,-79.436475,43.775117,,,19.9810476810981,74.977381921828,8393.41572950608,1270.71990437421,2
1049157,48336821,3,178,05:52:54,-79.4357390019877,43.7752785023614,,,19.9810476810981,61.8305073660952,8455.24623687217,1281.85995218705,2
1049157,48336821,3,179,05:53:05,-79.435003,43.77544,4564,26,19.9810476810981,61.8305073667495,8517.07674423892,1293,2
1049157,48336821,3,180,05:53:05,-79.435003,43.77544,4564,26,1e-12,0,8517.07674423892,1293,2
1049157,48336821,3,181,05:53:24,-79.433869,43.775701,,,18.4561607298426,95.6682017778732,8612.7449460168,1311.66073510313,2
1049157,48336821,3,182,05:53:42,-79.432718,43.775948,,,18.4561607298426,96.5151182983297,8709.26006431513,1330.48666704856,2
1049157,48336821,3,183,05:53:59,-79.431711,43.776181,,,18.4561607298426,84.9950902645058,8794.25515457963,1347.06553897274,2
1049157,48336821,3,184,05:54:11,-79.4309775018707,43.7763335023454,,,18.4561607298426,61.3525360697909,8855.60769064942,1359.03276948641,2
1049157,48336821,3,185,05:54:23,-79.430244,43.776486,629,27,18.4561607298426,61.3525360694245,8916.96022671885,1371,2
1049157,48336821,3,186,05:54:23,-79.430244,43.776486,629,27,1e-12,0,8916.96022671885,1371,2
1049157,48336821,3,187,05:54:33,-79.4296237543333,43.7766252550312,,,18.6002776543987,52.2083024515544,8969.1685291704,1381.10468189335,2
1049157,48336821,3,188,05:54:43,-79.4290035057776,43.7767645067083,,,18.6002776543987,52.2083024531294,9021.37683162353,1391.209363787,2
1049157,48336821,3,189,05:54:53,-79.4283832543332,43.7769037550313,,,18.6002776543987,52.2083024528456,9073.58513407637,1401.31404568059,2
1049157,48336821,3,190,05:55:03,-79.427763,43.777043,,,18.6002776543987,52.2083024520253,9125.7934365284,1411.41872757403,2
1049157,48336821,3,191,05:55:15,-79.427051,43.7772,7591,28,18.6002776543987,59.83746742065,9185.63090394905,1423,2
1049157,48336821,3,192,05:55:15,-79.427051,43.7772,7591,28,1e-12,0,9185.63090394905,1423,2
1049157,48336821,3,193,05:55:28,-79.4262195026491,43.777390503014,,,18.7180894668073,70.1167189227824,9255.74762287183,1436.48536070252,2
1049157,48336821,3,194,05:55:42,-79.425388,43.777581,,,18.7180894668073,70.1167189240246,9325.86434179586,1449.97072140529,2
1049157,48336821,3,195,05:56:00,-79.424268,43.777824,,,18.7180894668073,93.9975044804549,9419.86184627631,1468.04900961572,2
1049157,48336821,3,196,05:56:11,-79.4236210015744,43.7779695018249,,,18.7180894668073,54.4670156153237,9474.32886189164,1478.52450480784,2
1049157,48336821,3,197,05:56:21,-79.422974,43.778115,15150,29,18.7180894668073,54.4670156155474,9528.79587750718,1489,2
1049157,48336821,3,198,05:56:21,-79.422974,43.778115,15150,29,1e-12,0,9528.79587750718,1489,2
1049157,48336821,3,199,05:56:36,-79.422058,43.778314,,,18.8543725343544,76.8842839082304,9605.68016141541,1503.68006541004,2
1049157,48336821,3,200,05:56:43,-79.421605,43.778412,,,18.8543725343544,38.0091359462397,9643.68929736165,1510.93742118559,2
1049157,48336821,3,201,05:56:44,-79.421523,43.778431,,,18.8543725343544,6.92181339961829,9650.61111076127,1512.2590524514,2
1049157,48336821,3,202,05:56:59,-79.420626,43.77864,,,18.8543725343544,75.7572624427776,9726.36837320405,1526.72392760421,2
1049157,48336821,3,203,05:57:04,-79.420294,43.778708,,,18.8543725343544,27.7372880548725,9754.10566125892,1532.02000610354,2
1049157,48336821,3,204,05:57:16,-79.419568,43.778874,,,18.8543725343544,61.2079829390174,9815.31364419794,1543.7068834143,2
1049157,48336821,3,205,05:57:25,-79.418965,43.779013,,,18.8543725343544,50.8758317503051,9866.18947594824,1553.42096930962,2
1049157,48336821,3,206,05:57:33,-79.418498,43.779129,10437,30,18.8543725343544,39.6938522460268,9905.88332819427,1561,2
1049157,48336821,3,207,05:57:33,-79.418498,43.779129,10437,30,1e-12,0,9905.88332819427,1561,2
1049157,48336821,3,208,05:57:47,-79.417661,43.779304,,,18.35298809448,70.0368405604642,9975.92016875473,1574.73796052826,2
1049157,48336821,3,209,05:57:51,-79.41742,43.779363,,,18.35298809448,20.4532777695219,9996.37344652426,1578.74993937287,2
1049157,48336821,3,210,05:58:06,-79.4164930030931,43.7795625037461,1118,31,18.35298809448,77.7456058694132,10074.1190523937,1594,2
1049157,48336821,3,211,05:58:06,-79.4164930030931,43.7795625037461,1118,31,1e-12,0,10074.1190523937,1594,2
1049157,48336821,3,212,05:58:54,-79.415566,43.779762,,,5.80383605430196,77.7456058662777,10151.86465826,1642.22399848995,2
1049157,48336821,3,213,05:59:28,-79.414921,43.779901,,,5.80383605430196,54.100639454702,10205.9652977147,1675.78151117892,2
1049157,48336821,3,214,05:59:48,-79.414542,43.779983,,,5.80383605430196,31.799649562396,10237.764947277,1695.50617902852,2
1049157,48336821,3,215,06:00:00,-79.414587,43.780161,14206,32,5.80383605430196,20.1422468361881,10257.9071941132,1708,2
1049157,48336821,3,216,06:00:00,-79.414587,43.780161,14206,32,1e-12,0,10257.9071941132,1708,2
1049157,48336821,3,217,,-79.414746,43.780179,,,,12.9353876350211,10270.8425817483,,2
1049157,48336821,3,218,,-79.41485,43.780376,,,,23.4689323464,10294.3115140947,,2
1049157,48336821,3,219,,-79.414973,43.780617,,,,28.5914341190402,10322.9029482137,,2
1049157,48336821,3,220,,-79.415077,43.78087,,,,29.378033077851,10352.2809812915,,2
1049157,48336821,3,221,,-79.415162,43.781066,,,,22.8631301289667,10375.1441114205,,2
1049157,48336821,3,222,,-79.41524,43.781281,,,,24.7410875320816,10399.8851989526,,2
1049157,48336821,3,223,,-79.41531,43.781456,,,,20.277017827191,10420.1622167798,,2
1049157,48336821,3,224,,-79.415333,43.781608,,,,17.0212366384349,10437.1834534182,,2
1049157,48336821,3,225,,-79.415307,43.781727,,,,13.4108203712292,10450.5942737895,,2
1049157,48336821,3,226,,-79.415214,43.781745,,,,7.73838288829824,10458.3326566777,,2
1049157,48336821,3,227,,-79.415114,43.781745,,,,8.0370525550389,10466.3697092328,,2
1049157,48336821,3,228,,-79.41501,43.781675,,,,11.4274286525504,10477.7971378853,,2
1049157,48336821,3,229,,-79.414737,43.781025,,,,75.6111951810339,10553.4083330664,,2
1049157,48336821,3,230,,-79.414723,43.780991,,,,3.94857738309154,10557.3569104495,,2
1049157,48336821,3,231,,-79.414453,43.780346,,,,75.0086838144762,10632.3655942639,,2
