shape_id,trip_id,route_type,id,timestamp,shape_pt_lon,shape_pt_lat,stop_id,stop_sequence,speed,dist,cumdist,cumtime,trip_number
1049510,48342621,3,1,,-79.579817,43.629283,,,1e-12,0,0,0,1
1049510,48342621,3,2,,-79.580007,43.629421,,,,21.6879585474345,21.6879585474345,,1
1049510,48342621,3,3,,-79.580057,43.629473,,,,7.0525785308057,28.7405370782402,,1
1049510,48342621,3,4,,-79.580126,43.629522,,,,7.78865704533976,36.52919412358,,1
1049510,48342621,3,5,,-79.580196,43.629559,,,,6.98405261946633,43.5132467430463,,1
1049510,48342621,3,6,02:32:00,-79.580292,43.629603,1523,1,,9.15554405588542,52.6687907989317,,1
1049510,48342621,3,7,02:32:00,-79.580292,43.629603,1523,1,1e-12,0,52.6687907989317,0,1
1049510,48342621,3,8,02:32:01,-79.580442,43.629664,,,42.9177496874375,13.8631594803107,66.5319502792424,1.16286092566794,1
1049510,48342621,3,9,02:32:02,-79.58053,43.629703,,,42.9177496874375,8.31411214253864,74.8460624217811,1.86026011204467,1
1049510,48342621,3,10,02:32:03,-79.58066,43.629748,,,42.9177496874375,11.6109072923188,86.4569697140998,2.83419901976384,1
1049510,48342621,3,11,02:32:05,-79.58094,43.62985,,,42.9177496874375,25.257061276363,111.714030990463,4.95279613301187,1
1049510,48342621,3,12,02:32:06,-79.581133,43.629927,,,42.9177496874375,17.75673042618,129.470761416643,6.4422551563716,1
1049510,48342621,3,13,02:32:07,-79.581239,43.629989,,,42.9177496874375,10.9809610334948,140.451722450138,7.3633533036063,1
1049510,48342621,3,14,02:32:08,-79.581349,43.63004,,,42.9177496874375,10.5255565493855,150.977278999523,8.24625149500143,1
1049510,48342621,3,15,02:32:09,-79.581497,43.630117,,,42.9177496874375,14.6859552696022,165.663234269125,9.47812966558603,1
1049510,48342621,3,16,02:32:11,-79.581637,43.630196,,,42.9177496874375,14.3033303110935,179.966564580219,10.677912727255,1
1049510,48342621,3,17,02:32:12,-79.58173,43.630271,,,42.9177496874375,11.2185484700583,191.185113050277,11.6189400361503,1
1049510,48342621,3,18,02:32:12,-79.581825,43.630335,,,42.9177496874375,10.4570231442941,201.642136194571,12.4960895510625,1
1049510,48342621,3,19,02:32:13,-79.581893,43.6304,,,42.9177496874375,9.07611828243586,210.718254477007,13.2574068627745,1
1049510,48342621,3,20,02:32:14,-79.581982,43.630499,,,42.9177496874375,13.148318636592,223.866573113599,14.3603059531615,1
1049510,48342621,3,21,02:32:15,-79.582054,43.630586,,,42.9177496874375,11.2893872249721,235.155960338571,15.3072753144604,1
1049510,48342621,3,22,02:32:21,-79.582391,43.631166,,,42.9177496874375,70.0426340540946,305.198594392666,21.1825480030596,1
1049510,48342621,3,23,02:32:23,-79.582493,43.631345,,,42.9177496874375,21.5544683758184,326.753062768484,22.9905665202947,1
1049510,48342621,3,24,02:32:24,-79.582521,43.631441,,,42.9177496874375,10.9222064684613,337.675269236945,23.9067362536293,1
1049510,48342621,3,25,02:32:25,-79.582572,43.631573,,,42.9177496874375,15.2579192085541,352.933188445499,25.1865915477868,1
1049510,48342621,3,26,02:32:26,-79.582607,43.631683,,,42.9177496874375,12.5656704756769,365.498858921176,26.2406173073359,1
1049510,48342621,3,27,02:32:28,-79.582642,43.631841,,,42.9177496874375,17.8131159625501,383.311974883726,27.734806027206,1
1049510,48342621,3,28,02:32:31,-79.582685,43.632156,,,42.9177496874375,35.2363785392555,418.548353422982,30.6904820275824,1
1049510,48342621,3,29,02:32:33,-79.582732,43.632409,,,42.9177496874375,28.4172761254687,446.965629548451,33.0741623182951,1
1049510,48342621,3,30,02:32:35,-79.582759,43.632578,,,42.9177496874375,18.9383517578419,465.903981306292,34.6627373676572,1
1049510,48342621,3,31,02:32:37,-79.582776,43.63279,,,42.9177496874375,23.6394465362167,489.543427842509,36.6456467268423,1
1049510,48342621,3,32,02:32:39,-79.582783,43.632991,,,42.9177496874375,22.3823245417204,511.92575238423,38.5231069603591,1
1049510,48342621,3,33,02:32:40,-79.582773,43.633149,6979,2,42.9177496874375,17.6069238306743,529.532676214904,40,1
1049510,48342621,3,34,02:32:40,-79.582773,43.633149,6979,2,1e-12,0,529.532676214904,40,1
1049510,48342621,3,35,02:32:41,-79.582748,43.633259,,,51.9210478770978,12.4097037922938,541.942380007198,40.8604397537971,1
1049510,48342621,3,36,02:32:42,-79.582705,43.633366,,,51.9210478770978,12.4048018409378,554.347181848135,41.720539625685,1
1049510,48342621,3,37,02:32:43,-79.582663,43.63349,,,51.9210478770978,14.2123462482278,568.559528096363,42.7059674740353,1
1049510,48342621,3,38,02:32:44,-79.582585,43.633607,,,51.9210478770978,14.4612728268808,583.020800923244,43.7086549063075,1
1049510,48342621,3,39,02:32:45,-79.5825,43.633724,,,51.9210478770978,14.7151270229912,597.735927946235,44.7289435839968,1
1049510,48342621,3,40,02:32:46,-79.58242,43.63383,,,51.9210478770978,13.4455101800086,611.181438126244,45.6612020538684,1
1049510,48342621,3,41,02:32:47,-79.582329,43.633921,,,51.9210478770978,12.504936208408,623.686374334652,46.5282448465491,1
1049510,48342621,3,42,02:32:48,-79.582183,43.634091,,,51.9210478770978,22.2822594602015,645.968633794853,48.0732085430948,1
1049510,48342621,3,43,02:32:55,-79.581456,43.634818,5076,3,51.9210478770978,99.9017419079581,745.870375702811,55,1
1049510,48342621,3,44,02:32:55,-79.581456,43.634818,5076,3,1e-12,0,745.870375702811,55,1
1049510,48342621,3,45,02:32:56,-79.581356,43.634947,,,44.573101599089,16.4659431027743,762.336318805586,56.329891639652,1
1049510,48342621,3,46,02:32:57,-79.581274,43.63506,,,44.573101599089,14.2084536010206,776.544772406606,57.4774544326509,1
1049510,48342621,3,47,02:33:03,-79.580973,43.635576,,,44.573101599089,62.3502083597801,838.894980766386,62.5132437774022,1
1049510,48342621,3,48,02:33:05,-79.580844,43.635778,,,44.573101599089,24.7721773037413,863.667158070128,64.5139983826256,1
1049510,48342621,3,49,02:33:06,-79.580728,43.635945,,,44.573101599089,20.8072920481508,884.474450118279,66.1945242757323,1
1049510,48342621,3,50,02:33:07,-79.580634,43.63604,,,44.573101599089,13.0073736234987,897.481823741777,67.2450804040846,1
1049510,48342621,3,51,02:33:09,-79.580455,43.636186,4898,4,44.573101599089,21.728391513047,919.210215254824,69,1
1049510,48342621,3,52,02:33:09,-79.580455,43.636186,4898,4,1e-12,0,919.210215254824,69,1
1049510,48342621,3,53,02:33:11,-79.580268,43.636347,,,48.7800445539566,23.4135099566332,942.623725211457,70.727932735909,1
1049510,48342621,3,54,02:33:16,-79.5795904947292,43.6358795020005,,,48.7800445539566,75.4170816299909,1018.04080684145,76.2937639349284,1
1049510,48342621,3,55,02:33:22,-79.578913,43.635412,,,48.7800445539566,75.4170816266013,1093.45788846805,81.8595951336976,1
1049510,48342621,3,56,02:33:27,-79.5782399949435,43.634960501974,,,48.7800445539566,73.9335288017349,1167.39141726978,87.3159391391205,1
1049510,48342621,3,57,02:33:33,-79.577567,43.634509,,,48.7800445539566,73.9335288019878,1241.32494607177,92.7722831445621,1
1049510,48342621,3,58,02:33:34,-79.577472,43.63441,,,48.7800445539566,13.4178148201785,1254.74276089195,93.7625268762835,1
1049510,48342621,3,59,02:33:35,-79.577291,43.634298,,,48.7800445539566,19.1860888972853,1273.92884978924,95.1784731031023,1
1049510,48342621,3,60,02:33:37,-79.577096,43.634127,9098,5,48.7800445539566,24.6817119963619,1298.6105617856,97,1
1049510,48342621,3,61,02:33:37,-79.577096,43.634127,9098,5,1e-12,0,1298.6105617856,97,1
1049510,48342621,3,62,02:33:39,-79.5769,43.63397,,,38.1389970834176,23.5546634070122,1322.16522519261,99.2233617753445,1
1049510,48342621,3,63,02:33:45,-79.57642,43.633556,,,38.1389970834176,60.1627918065643,1382.32801699917,104.902222444646,1
1049510,48342621,3,64,02:33:47,-79.576277,43.633431,,,38.1389970834176,18.0656904606497,1400.39370745982,106.607471418973,1
1049510,48342621,3,65,02:33:51,-79.57602,43.633095,,,38.1389970834176,42.752400673875,1443.1461081337,110.642937849548,1
1049510,48342621,3,66,02:33:56,-79.5756584974255,43.6326670005696,,,38.1389970834176,55.8422996976082,1498.98840783131,115.913980464321,1
1049510,48342621,3,67,02:34:01,-79.575297,43.632239,,,38.1389970834176,55.8422997003671,1554.83070753167,121.185023079354,1
1049510,48342621,3,68,02:34:04,-79.575148,43.632034,,,38.1389970834176,25.7856214124951,1580.61632894417,123.618968494383,1
1049510,48342621,3,69,02:34:10,-79.5744290037446,43.6323470022531,4070,6,38.1389970834176,67.6017061060892,1648.21803505026,130,1
1049510,48342621,3,70,02:34:10,-79.5744290037446,43.6323470022531,4070,6,1e-12,0,1648.21803505026,130,1
1049510,48342621,3,71,,-79.57371,43.63266,,,,67.6017061089175,1715.81974115918,,1
