shape_id,trip_id,route_type,id,timestamp,shape_pt_lon,shape_pt_lat,stop_id,stop_sequence,speed,dist,cumdist,cumtime,trip_number
1049728,48346653,0,1,,-79.418289,43.68316,,,1e-12,0,0,0,1
1049728,48346653,0,2,05:01:14,-79.417141,43.683393,8869,1,,95.9879574257429,95.9879574257429,,1
1049728,48346653,0,3,05:01:14,-79.417141,43.683393,8869,1,1e-12,0,95.9879574257429,0,1
1049728,48346653,0,4,05:01:58,-79.416141,43.68359,,,6.84279187852489,83.4360429576118,179.424000383355,43.8957899026667,1
1049728,48346653,0,5,05:02:08,-79.415921,43.683633,,,6.84279187852489,18.3459836393434,197.769984022698,53.5476311794576,1
1049728,48346653,0,6,05:02:33,-79.415343,43.683752,15685,2,6.84279187852489,48.37923962623,246.149223648928,79,1
1049728,48346653,0,7,05:02:33,-79.415343,43.683752,15685,2,1e-12,0,246.149223648928,79,1
1049728,48346653,0,8,05:02:33,-79.415331,43.683754,,,19.0896513618094,0.991349447058403,247.140573095986,79.1869524980718,1
1049728,48346653,0,9,05:02:34,-79.415345,43.683776,,,19.0896513618094,2.69591136068399,249.83648445667,79.6953578489353,1
1049728,48346653,0,10,05:02:34,-79.415351,43.683781,,,19.0896513618094,0.736954497015902,250.573438953686,79.8343355672275,1
1049728,48346653,0,11,05:02:34,-79.415368,43.6838,,,19.0896513618094,2.51920859341915,253.092647547105,80.3094176294621,1
1049728,48346653,0,12,05:02:35,-79.415393,43.683819,,,19.0896513618094,2.91956956070196,256.012217107807,80.860001305367,1
1049728,48346653,0,13,05:02:37,-79.415461,43.68388,,,19.0896513618094,8.72220801028283,264.73442511809,82.504868895764,1
1049728,48346653,0,14,05:02:40,-79.415612,43.684009,,,19.0896513618094,18.8143255789155,283.548750697006,86.0529468988856,1
1049728,48346653,0,15,05:02:40,-79.415621,43.684026,,,19.0896513618094,2.02638099040675,285.575131687412,86.4350896330404,1
1049728,48346653,0,16,05:02:45,-79.415732,43.684252,,,19.0896513618094,26.6979709246475,312.27310261206,91.46989584857,1
1049728,48346653,0,17,05:02:52,-79.415828,43.684546,,,19.0896513618094,33.6279837755033,345.901086387563,97.8115905865894,1
1049728,48346653,0,18,05:02:53,-79.415822,43.68461,,,19.0896513618094,7.14080148173807,353.041887869301,99.1582304411908,1
1049728,48346653,0,19,05:02:54,-79.415763,43.684653,,,19.0896513618094,6.74322997143757,359.785117840739,100.429894728667,1
1049728,48346653,0,20,05:02:56,-79.415642,43.684673,,,19.0896513618094,9.99181251406122,369.7769303548,102.314189227757,1
1049728,48346653,0,21,05:03:02,-79.415293,43.684733,,,19.0896513618094,28.8778322744807,398.654762629281,107.760082094932,1
1049728,48346653,0,22,05:03:03,-79.415201,43.684716,,,19.0896513618094,7.64403504589976,406.298797675181,109.201623673858,1
1049728,48346653,0,23,05:03:05,-79.41515,43.684648,,,19.0896513618094,8.61140211787429,414.910199793055,110.825595062165,1
1049728,48346653,0,24,05:03:08,-79.415087,43.684527,,,19.0896513618094,14.3927919759785,429.302991769033,113.539843223721,1
1049728,48346653,0,25,05:03:09,-79.415068,43.684474,,,19.0896513618094,6.09496889555006,435.397960664583,114.689255939967,1
1049728,48346653,0,26,05:03:10,-79.415071,43.684427,,,19.0896513618094,5.23758685724889,440.635547521832,115.676980248218,1
1049728,48346653,0,27,05:03:16,-79.415111,43.684128,,,19.0896513618094,33.4399245823078,474.07547210414,121.983210059054,1
1049728,48346653,0,28,05:03:20,-79.415136,43.683933,,,19.0896513618094,21.8003953498136,495.875867453954,126.094412603923,1
1049728,48346653,0,29,05:03:21,-79.415149,43.683872,,,19.0896513618094,6.87065899006271,502.746526444017,127.390107946674,1
1049728,48346653,0,30,05:03:22,-79.415153,43.683845,,,19.0896513618094,3.02282621305379,505.76935265707,127.960164159893,1
1049728,48346653,0,31,05:03:23,-79.415153,43.683819,,,19.0896513618094,2.8943067579069,508.663659414977,128.505983679118,1
1049728,48346653,0,32,05:03:23,-79.415148,43.683793,,,19.0896513618094,2.92216121821147,511.585820633189,129.05705609978,1
1049728,48346653,0,33,05:03:24,-79.41508,43.683807,,,19.0896513618094,5.69166581567535,517.277486448864,130.130412367429,1
1049728,48346653,0,34,05:03:37,-79.4142970021601,43.6839725026723,,,19.0896513618094,65.6701827806387,582.947669229503,142.514748441961,1
1049728,48346653,0,35,05:03:49,-79.413514,43.684138,,,19.0896513618094,65.670182782306,648.617852011809,154.899084516808,1
1049728,48346653,0,36,05:03:51,-79.413394,43.684163,,,19.0896513618094,10.053076267797,658.670928279606,156.794932370608,1
1049728,48346653,0,37,05:04:04,-79.412531,43.684339,,,19.0896513618094,72.1825550380099,730.853483317616,170.407396695478,1
1049728,48346653,0,38,05:04:08,-79.4123,43.68439,,,19.0896513618094,19.4431381567758,750.296621474391,174.074058597142,1
1049728,48346653,0,39,05:04:26,-79.411157,43.684618,,,19.0896513618094,95.4491565000045,845.745777974396,192.074228264329,1
1049728,48346653,0,40,05:04:40,-79.4102540030106,43.6848180035541,,,19.0896513618094,76.0251841684371,921.770962142833,206.411350395009,1
1049728,48346653,0,41,05:04:55,-79.409351,43.685018,,,19.0896513618094,76.0251841679812,997.796146310814,220.748472525604,1
1049728,48346653,0,42,05:05:06,-79.4086220019626,43.6851795023164,,,19.0896513618094,61.376720638957,1059.17286694977,232.323130968151,1
1049728,48346653,0,43,05:05:18,-79.407893,43.685341,,,19.0896513618094,61.3767206399759,1120.54958758975,243.89778941089,1
1049728,48346653,0,44,05:05:30,-79.4071080020611,43.685498502686,,,19.0896513618094,65.5795069433836,1186.12909453313,256.265025486688,1
1049728,48346653,0,45,05:05:43,-79.406323,43.685656,,,19.0896513618094,65.5795069455854,1251.70860147872,268.632261562902,1
1049728,48346653,0,46,05:05:55,-79.4055490019806,43.6858095026112,,,19.0896513618094,64.6071710055275,1316.31577248424,280.816130781446,1
1049728,48346653,0,47,05:06:07,-79.404775,43.685963,10450,3,19.0896513618094,64.6071710055745,1380.92294348982,293,1
1049728,48346653,0,48,05:06:07,-79.404775,43.685963,10450,3,1e-12,0,1380.92294348982,293,1
1049728,48346653,0,49,05:06:20,-79.40387,43.686137,,,20.4666071951149,75.3826473978552,1456.30559088767,306.259526996592,1
1049728,48346653,0,50,05:06:31,-79.403139,43.686305,,,20.4666071951149,61.7449970330585,1518.05058792073,317.120242072615,1
1049728,48346653,0,51,05:06:43,-79.4023110022707,43.6864695029883,,,20.4666071951149,69.1225067152665,1587.173094636,329.278633632226,1
1049728,48346653,0,52,05:06:55,-79.401483,43.686634,,,20.4666071951149,69.1225067158431,1656.29560135184,341.437025191938,1
1049728,48346653,0,53,05:07:06,-79.400756,43.686755,1494,4,20.4666071951149,60.0522933912491,1716.34789474309,352,1
1049728,48346653,0,54,05:07:06,-79.400756,43.686755,1494,4,1e-12,0,1716.34789474309,352,1
1049728,48346653,0,55,05:07:15,-79.399856,43.686929,,,28.9061592499163,74.9928132476335,1791.34070799072,361.339674820074,1
1049728,48346653,0,56,05:07:25,-79.3989095029902,43.6871185039048,,,28.9061592499163,79.0573806317861,1870.39808862251,371.185554648445,1
1049728,48346653,0,57,05:07:35,-79.397963,43.687308,,,28.9061592499163,79.0573806348043,1949.45546925731,381.031434477191,1
1049728,48346653,0,58,05:07:45,-79.397004759202,43.6875000120071,2189,5,28.9061592499163,80.042484026536,2029.49795328385,391,1
1049728,48346653,0,59,05:07:45,-79.397004759202,43.6875000120071,2189,5,1e-12,0,2029.49795328385,391,1
1049728,48346653,0,60,05:08:00,-79.3960465122692,43.6876920160096,,,18.7057897291187,80.0424840234298,2109.54043730728,406.404478862274,1
1049728,48346653,0,61,05:08:16,-79.3950882592018,43.6878840120072,,,18.7057897291187,80.0424840266491,2189.58292133393,421.808957725167,1
1049728,48346653,0,62,05:08:31,-79.39413,43.688076,,,18.7057897291187,80.0424840256937,2269.62540535962,437.213436587877,1
1049728,48346653,0,63,05:08:40,-79.393585,43.688183,,,18.7057897291187,45.4587073055306,2315.08411266515,445.962136785504,1
1049728,48346653,0,64,05:08:44,-79.393366,43.688233,,,18.7057897291187,18.486473498817,2333.57058616397,449.519928547278,1
1049728,48346653,0,65,05:08:47,-79.393144,43.688181,,,18.7057897291187,18.7843083488104,2352.35489451278,453.135039752685,1
1049728,48346653,0,66,05:08:57,-79.392824,43.6878,,,18.7057897291187,49.62215686225,2401.97705137503,462.685011568417,1
1049728,48346653,0,67,05:08:57,-79.392797,43.68778,,,18.7057897291187,3.11135487654906,2405.08840625158,463.283803585102,1
1049728,48346653,0,68,05:08:58,-79.392766,43.687765,,,18.7057897291187,3.00253614316949,2408.09094239475,463.861653024871,1
1049728,48346653,0,69,05:08:58,-79.392734,43.687755,,,18.7057897291187,2.80614418271935,2410.89708657747,464.401706088873,1
1049728,48346653,0,70,05:08:59,-79.3927,43.687752,,,18.7057897291187,2.757189939062,2413.65427651653,464.932337723482,1
1049728,48346653,0,71,05:08:59,-79.392666,43.687754,,,18.7057897291187,2.74593086915867,2416.40020738569,465.460802507494,1
1049728,48346653,0,72,05:09:00,-79.392633,43.687762,14295,6,18.7057897291187,2.80169858813437,2419.20190597382,466,1
1049728,48346653,0,73,05:09:00,-79.392633,43.687762,14295,6,1e-12,0,2419.20190597382,466,1
1049728,48346653,0,74,,-79.391522,43.688015,,,,93.7615722364023,2512.96347821023,,1
1049728,48346652,0,1,,-79.418289,43.68316,,,1e-12,0,0,0,2
1049728,48346652,0,2,05:13:14,-79.417141,43.683393,8869,1,,95.9879574257429,95.9879574257429,,2
1049728,48346652,0,3,05:13:14,-79.417141,43.683393,8869,1,1e-12,0,95.9879574257429,0,2
1049728,48346652,0,4,05:13:58,-79.416141,43.68359,,,6.84279187852489,83.4360429576118,179.424000383355,43.8957899026667,2
1049728,48346652,0,5,05:14:08,-79.415921,43.683633,,,6.84279187852489,18.3459836393434,197.769984022698,53.5476311794576,2
1049728,48346652,0,6,05:14:33,-79.415343,43.683752,15685,2,6.84279187852489,48.37923962623,246.149223648928,79,2
1049728,48346652,0,7,05:14:33,-79.415343,43.683752,15685,2,1e-12,0,246.149223648928,79,2
1049728,48346652,0,8,05:14:33,-79.415331,43.683754,,,19.0896513618094,0.991349447058403,247.140573095986,79.1869524980718,2
1049728,48346652,0,9,05:14:34,-79.415345,43.683776,,,19.0896513618094,2.69591136068399,249.83648445667,79.6953578489353,2
1049728,48346652,0,10,05:14:34,-79.415351,43.683781,,,19.0896513618094,0.736954497015902,250.573438953686,79.8343355672275,2
1049728,48346652,0,11,05:14:34,-79.415368,43.6838,,,19.0896513618094,2.51920859341915,253.092647547105,80.3094176294621,2
1049728,48346652,0,12,05:14:35,-79.415393,43.683819,,,19.0896513618094,2.91956956070196,256.012217107807,80.860001305367,2
1049728,48346652,0,13,05:14:37,-79.415461,43.68388,,,19.0896513618094,8.72220801028283,264.73442511809,82.504868895764,2
1049728,48346652,0,14,05:14:40,-79.415612,43.684009,,,19.0896513618094,18.8143255789155,283.548750697006,86.0529468988856,2
1049728,48346652,0,15,05:14:40,-79.415621,43.684026,,,19.0896513618094,2.02638099040675,285.575131687412,86.4350896330404,2
1049728,48346652,0,16,05:14:45,-79.415732,43.684252,,,19.0896513618094,26.6979709246475,312.27310261206,91.46989584857,2
1049728,48346652,0,17,05:14:52,-79.415828,43.684546,,,19.0896513618094,33.6279837755033,345.901086387563,97.8115905865894,2
1049728,48346652,0,18,05:14:53,-79.415822,43.68461,,,19.0896513618094,7.14080148173807,353.041887869301,99.1582304411908,2
1049728,48346652,0,19,05:14:54,-79.415763,43.684653,,,19.0896513618094,6.74322997143757,359.785117840739,100.429894728667,2
1049728,48346652,0,20,05:14:56,-79.415642,43.684673,,,19.0896513618094,9.99181251406122,369.7769303548,102.314189227757,2
1049728,48346652,0,21,05:15:02,-79.415293,43.684733,,,19.0896513618094,28.8778322744807,398.654762629281,107.760082094932,2
1049728,48346652,0,22,05:15:03,-79.415201,43.684716,,,19.0896513618094,7.64403504589976,406.298797675181,109.201623673858,2
1049728,48346652,0,23,05:15:05,-79.41515,43.684648,,,19.0896513618094,8.61140211787429,414.910199793055,110.825595062165,2
1049728,48346652,0,24,05:15:08,-79.415087,43.684527,,,19.0896513618094,14.3927919759785,429.302991769033,113.539843223721,2
1049728,48346652,0,25,05:15:09,-79.415068,43.684474,,,19.0896513618094,6.09496889555006,435.397960664583,114.689255939967,2
1049728,48346652,0,26,05:15:10,-79.415071,43.684427,,,19.0896513618094,5.23758685724889,440.635547521832,115.676980248218,2
1049728,48346652,0,27,05:15:16,-79.415111,43.684128,,,19.0896513618094,33.4399245823078,474.07547210414,121.983210059054,2
1049728,48346652,0,28,05:15:20,-79.415136,43.683933,,,19.0896513618094,21.8003953498136,495.875867453954,126.094412603923,2
1049728,48346652,0,29,05:15:21,-79.415149,43.683872,,,19.0896513618094,6.87065899006271,502.746526444017,127.390107946674,2
1049728,48346652,0,30,05:15:22,-79.415153,43.683845,,,19.0896513618094,3.02282621305379,505.76935265707,127.960164159893,2
1049728,48346652,0,31,05:15:23,-79.415153,43.683819,,,19.0896513618094,2.8943067579069,508.663659414977,128.505983679118,2
1049728,48346652,0,32,05:15:23,-79.415148,43.683793,,,19.0896513618094,2.92216121821147,511.585820633189,129.05705609978,2
1049728,48346652,0,33,05:15:24,-79.41508,43.683807,,,19.0896513618094,5.69166581567535,517.277486448864,130.130412367429,2
1049728,48346652,0,34,05:15:37,-79.4142970021601,43.6839725026723,,,19.0896513618094,65.6701827806387,582.947669229503,142.514748441961,2
1049728,48346652,0,35,05:15:49,-79.413514,43.684138,,,19.0896513618094,65.670182782306,648.617852011809,154.899084516808,2
1049728,48346652,0,36,05:15:51,-79.413394,43.684163,,,19.0896513618094,10.053076267797,658.670928279606,156.794932370608,2
1049728,48346652,0,37,05:16:04,-79.412531,43.684339,,,19.0896513618094,72.1825550380099,730.853483317616,170.407396695478,2
1049728,48346652,0,38,05:16:08,-79.4123,43.68439,,,19.0896513618094,19.4431381567758,750.296621474391,174.074058597142,2
1049728,48346652,0,39,05:16:26,-79.411157,43.684618,,,19.0896513618094,95.4491565000045,845.745777974396,192.074228264329,2
1049728,48346652,0,40,05:16:40,-79.4102540030106,43.6848180035541,,,19.0896513618094,76.0251841684371,921.770962142833,206.411350395009,2
1049728,48346652,0,41,05:16:55,-79.409351,43.685018,,,19.0896513618094,76.0251841679812,997.796146310814,220.748472525604,2
1049728,48346652,0,42,05:17:06,-79.4086220019626,43.6851795023164,,,19.0896513618094,61.376720638957,1059.17286694977,232.323130968151,2
1049728,48346652,0,43,05:17:18,-79.407893,43.685341,,,19.0896513618094,61.3767206399759,1120.54958758975,243.89778941089,2
1049728,48346652,0,44,05:17:30,-79.4071080020611,43.685498502686,,,19.0896513618094,65.5795069433836,1186.12909453313,256.265025486688,2
1049728,48346652,0,45,05:17:43,-79.406323,43.685656,,,19.0896513618094,65.5795069455854,1251.70860147872,268.632261562902,2
1049728,48346652,0,46,05:17:55,-79.4055490019806,43.6858095026112,,,19.0896513618094,64.6071710055275,1316.31577248424,280.816130781446,2
1049728,48346652,0,47,05:18:07,-79.404775,43.685963,10450,3,19.0896513618094,64.6071710055745,1380.92294348982,293,2
1049728,48346652,0,48,05:18:07,-79.404775,43.685963,10450,3,1e-12,0,1380.92294348982,293,2
1049728,48346652,0,49,05:18:20,-79.40387,43.686137,,,20.4666071951149,75.3826473978552,1456.30559088767,306.259526996592,2
1049728,48346652,0,50,05:18:31,-79.403139,43.686305,,,20.4666071951149,61.7449970330585,1518.05058792073,317.120242072615,2
1049728,48346652,0,51,05:18:43,-79.4023110022707,43.6864695029883,,,20.4666071951149,69.1225067152665,1587.173094636,329.278633632226,2
1049728,48346652,0,52,05:18:55,-79.401483,43.686634,,,20.4666071951149,69.1225067158431,1656.29560135184,341.437025191938,2
1049728,48346652,0,53,05:19:06,-79.400756,43.686755,1494,4,20.4666071951149,60.0522933912491,1716.34789474309,352,2
1049728,48346652,0,54,05:19:06,-79.400756,43.686755,1494,4,1e-12,0,1716.34789474309,352,2
1049728,48346652,0,55,05:19:15,-79.399856,43.686929,,,28.9061592499163,74.9928132476335,1791.34070799072,361.339674820074,2
1049728,48346652,0,56,05:19:25,-79.3989095029902,43.6871185039048,,,28.9061592499163,79.0573806317861,1870.39808862251,371.185554648445,2
1049728,48346652,0,57,05:19:35,-79.397963,43.687308,,,28.9061592499163,79.0573806348043,1949.45546925731,381.031434477191,2
1049728,48346652,0,58,05:19:45,-79.397004759202,43.6875000120071,2189,5,28.9061592499163,80.042484026536,2029.49795328385,391,2
1049728,48346652,0,59,05:19:45,-79.397004759202,43.6875000120071,2189,5,1e-12,0,2029.49795328385,391,2
1049728,48346652,0,60,05:20:00,-79.3960465122692,43.6876920160096,,,18.7057897291187,80.0424840234298,2109.54043730728,406.404478862274,2
1049728,48346652,0,61,05:20:16,-79.3950882592018,43.6878840120072,,,18.7057897291187,80.0424840266491,2189.58292133393,421.808957725167,2
1049728,48346652,0,62,05:20:31,-79.39413,43.688076,,,18.7057897291187,80.0424840256937,2269.62540535962,437.213436587877,2
1049728,48346652,0,63,05:20:40,-79.393585,43.688183,,,18.7057897291187,45.4587073055306,2315.08411266515,445.962136785504,2
1049728,48346652,0,64,05:20:44,-79.393366,43.688233,,,18.7057897291187,18.486473498817,2333.57058616397,449.519928547278,2
1049728,48346652,0,65,05:20:47,-79.393144,43.688181,,,18.7057897291187,18.7843083488104,2352.35489451278,453.135039752685,2
1049728,48346652,0,66,05:20:57,-79.392824,43.6878,,,18.7057897291187,49.62215686225,2401.97705137503,462.685011568417,2
1049728,48346652,0,67,05:20:57,-79.392797,43.68778,,,18.7057897291187,3.11135487654906,2405.08840625158,463.283803585102,2
1049728,48346652,0,68,05:20:58,-79.392766,43.687765,,,18.7057897291187,3.00253614316949,2408.09094239475,463.861653024871,2
1049728,48346652,0,69,05:20:58,-79.392734,43.687755,,,18.7057897291187,2.80614418271935,2410.89708657747,464.401706088873,2
1049728,48346652,0,70,05:20:59,-79.3927,43.687752,,,18.7057897291187,2.757189939062,2413.65427651653,464.932337723482,2
1049728,48346652,0,71,05:20:59,-79.392666,43.687754,,,18.7057897291187,2.74593086915867,2416.40020738569,465.460802507494,2
1049728,48346652,0,72,05:21:00,-79.392633,43.687762,14295,6,18.7057897291187,2.80169858813437,2419.20190597382,466,2
1049728,48346652,0,73,05:21:00,-79.392633,43.687762,14295,6,1e-12,0,2419.20190597382,466,2
1049728,48346652,0,74,,-79.391522,43.688015,,,,93.7615722364023,2512.96347821023,,2
1049728,48346651,0,1,,-79.418289,43.68316,,,1e-12,0,0,0,3
1049728,48346651,0,2,07:16:14,-79.417141,43.683393,8869,1,,95.9879574257429,95.9879574257429,,3
1049728,48346651,0,3,07:16:14,-79.417141,43.683393,8869,1,1e-12,0,95.9879574257429,0,3
1049728,48346651,0,4,07:16:58,-79.416141,43.68359,,,6.84279187852489,83.4360429576118,179.424000383355,43.8957899026667,3
1049728,48346651,0,5,07:17:08,-79.415921,43.683633,,,6.84279187852489,18.3459836393434,197.769984022698,53.5476311794576,3
1049728,48346651,0,6,07:17:33,-79.415343,43.683752,15685,2,6.84279187852489,48.37923962623,246.149223648928,79,3
1049728,48346651,0,7,07:17:33,-79.415343,43.683752,15685,2,1e-12,0,246.149223648928,79,3
1049728,48346651,0,8,07:17:33,-79.415331,43.683754,,,19.0896513618094,0.991349447058403,247.140573095986,79.1869524980718,3
1049728,48346651,0,9,07:17:34,-79.415345,43.683776,,,19.0896513618094,2.69591136068399,249.83648445667,79.6953578489353,3
1049728,48346651,0,10,07:17:34,-79.415351,43.683781,,,19.0896513618094,0.736954497015902,250.573438953686,79.8343355672275,3
1049728,48346651,0,11,07:17:34,-79.415368,43.6838,,,19.0896513618094,2.51920859341915,253.092647547105,80.3094176294621,3
1049728,48346651,0,12,07:17:35,-79.415393,43.683819,,,19.0896513618094,2.91956956070196,256.012217107807,80.860001305367,3
1049728,48346651,0,13,07:17:37,-79.415461,43.68388,,,19.0896513618094,8.72220801028283,264.73442511809,82.504868895764,3
1049728,48346651,0,14,07:17:40,-79.415612,43.684009,,,19.0896513618094,18.8143255789155,283.548750697006,86.0529468988856,3
1049728,48346651,0,15,07:17:40,-79.415621,43.684026,,,19.0896513618094,2.02638099040675,285.575131687412,86.4350896330404,3
1049728,48346651,0,16,07:17:45,-79.415732,43.684252,,,19.0896513618094,26.6979709246475,312.27310261206,91.46989584857,3
1049728,48346651,0,17,07:17:52,-79.415828,43.684546,,,19.0896513618094,33.6279837755033,345.901086387563,97.8115905865894,3
1049728,48346651,0,18,07:17:53,-79.415822,43.68461,,,19.0896513618094,7.14080148173807,353.041887869301,99.1582304411908,3
1049728,48346651,0,19,07:17:54,-79.415763,43.684653,,,19.0896513618094,6.74322997143757,359.785117840739,100.429894728667,3
1049728,48346651,0,20,07:17:56,-79.415642,43.684673,,,19.0896513618094,9.99181251406122,369.7769303548,102.314189227757,3
1049728,48346651,0,21,07:18:02,-79.415293,43.684733,,,19.0896513618094,28.8778322744807,398.654762629281,107.760082094932,3
1049728,48346651,0,22,07:18:03,-79.415201,43.684716,,,19.0896513618094,7.64403504589976,406.298797675181,109.201623673858,3
1049728,48346651,0,23,07:18:05,-79.41515,43.684648,,,19.0896513618094,8.61140211787429,414.910199793055,110.825595062165,3
1049728,48346651,0,24,07:18:08,-79.415087,43.684527,,,19.0896513618094,14.3927919759785,429.302991769033,113.539843223721,3
1049728,48346651,0,25,07:18:09,-79.415068,43.684474,,,19.0896513618094,6.09496889555006,435.397960664583,114.689255939967,3
1049728,48346651,0,26,07:18:10,-79.415071,43.684427,,,19.0896513618094,5.23758685724889,440.635547521832,115.676980248218,3
1049728,48346651,0,27,07:18:16,-79.415111,43.684128,,,19.0896513618094,33.4399245823078,474.07547210414,121.983210059054,3
1049728,48346651,0,28,07:18:20,-79.415136,43.683933,,,19.0896513618094,21.8003953498136,495.875867453954,126.094412603923,3
1049728,48346651,0,29,07:18:21,-79.415149,43.683872,,,19.0896513618094,6.87065899006271,502.746526444017,127.390107946674,3
1049728,48346651,0,30,07:18:22,-79.415153,43.683845,,,19.0896513618094,3.02282621305379,505.76935265707,127.960164159893,3
1049728,48346651,0,31,07:18:23,-79.415153,43.683819,,,19.0896513618094,2.8943067579069,508.663659414977,128.505983679118,3
1049728,48346651,0,32,07:18:23,-79.415148,43.683793,,,19.0896513618094,2.92216121821147,511.585820633189,129.05705609978,3
1049728,48346651,0,33,07:18:24,-79.41508,43.683807,,,19.0896513618094,5.69166581567535,517.277486448864,130.130412367429,3
1049728,48346651,0,34,07:18:37,-79.4142970021601,43.6839725026723,,,19.0896513618094,65.6701827806387,582.947669229503,142.514748441961,3
1049728,48346651,0,35,07:18:49,-79.413514,43.684138,,,19.0896513618094,65.670182782306,648.617852011809,154.899084516808,3
1049728,48346651,0,36,07:18:51,-79.413394,43.684163,,,19.0896513618094,10.053076267797,658.670928279606,156.794932370608,3
1049728,48346651,0,37,07:19:04,-79.412531,43.684339,,,19.0896513618094,72.1825550380099,730.853483317616,170.407396695478,3
1049728,48346651,0,38,07:19:08,-79.4123,43.68439,,,19.0896513618094,19.4431381567758,750.296621474391,174.074058597142,3
1049728,48346651,0,39,07:19:26,-79.411157,43.684618,,,19.0896513618094,95.4491565000045,845.745777974396,192.074228264329,3
1049728,48346651,0,40,07:19:40,-79.4102540030106,43.6848180035541,,,19.0896513618094,76.0251841684371,921.770962142833,206.411350395009,3
1049728,48346651,0,41,07:19:55,-79.409351,43.685018,,,19.0896513618094,76.0251841679812,997.796146310814,220.748472525604,3
1049728,48346651,0,42,07:20:06,-79.4086220019626,43.6851795023164,,,19.0896513618094,61.376720638957,1059.17286694977,232.323130968151,3
1049728,48346651,0,43,07:20:18,-79.407893,43.685341,,,19.0896513618094,61.3767206399759,1120.54958758975,243.89778941089,3
1049728,48346651,0,44,07:20:30,-79.4071080020611,43.685498502686,,,19.0896513618094,65.5795069433836,1186.12909453313,256.265025486688,3
1049728,48346651,0,45,07:20:43,-79.406323,43.685656,,,19.0896513618094,65.5795069455854,1251.70860147872,268.632261562902,3
1049728,48346651,0,46,07:20:55,-79.4055490019806,43.6858095026112,,,19.0896513618094,64.6071710055275,1316.31577248424,280.816130781446,3
1049728,48346651,0,47,07:21:07,-79.404775,43.685963,10450,3,19.0896513618094,64.6071710055745,1380.92294348982,293,3
1049728,48346651,0,48,07:21:07,-79.404775,43.685963,10450,3,1e-12,0,1380.92294348982,293,3
1049728,48346651,0,49,07:21:21,-79.40387,43.686137,,,19.1671400716156,75.3826473978552,1456.30559088767,307.158477979412,3
1049728,48346651,0,50,07:21:33,-79.403139,43.686305,,,19.1671400716156,61.7449970330585,1518.05058792073,318.755512721606,3
1049728,48346651,0,51,07:21:46,-79.4023110022707,43.6864695029883,,,19.1671400716156,69.1225067152665,1587.173094636,331.738202014072,3
1049728,48346651,0,52,07:21:59,-79.401483,43.686634,,,19.1671400716156,69.1225067158431,1656.29560135184,344.720891306646,3
1049728,48346651,0,53,07:22:10,-79.400756,43.686755,1494,4,19.1671400716156,60.0522933912491,1716.34789474309,356,3
1049728,48346651,0,54,07:22:10,-79.400756,43.686755,1494,4,1e-12,0,1716.34789474309,356,3
1049728,48346651,0,55,07:22:24,-79.399856,43.686929,,,19.1074611990972,74.9928132476335,1791.34070799072,370.129251650881,3
1049728,48346651,0,56,07:22:39,-79.3989095029902,43.6871185039048,,,19.1074611990972,79.0573806317861,1870.39808862251,385.024300622006,3
1049728,48346651,0,57,07:22:54,-79.397963,43.687308,,,19.1074611990972,79.0573806348043,1949.45546925731,399.9193495937,3
1049728,48346651,0,58,07:23:09,-79.397004759202,43.6875000120071,2189,5,19.1074611990972,80.042484026536,2029.49795328385,415,3
1049728,48346651,0,59,07:23:09,-79.397004759202,43.6875000120071,2189,5,1e-12,0,2029.49795328385,415,3
1049728,48346651,0,60,07:23:32,-79.3960465122692,43.6876920160096,,,12.6390471142694,80.0424840234298,2109.54043730728,437.798628716165,3
1049728,48346651,0,61,07:23:55,-79.3950882592018,43.6878840120072,,,12.6390471142694,80.0424840266491,2189.58292133393,460.597257433247,3
1049728,48346651,0,62,07:24:17,-79.39413,43.688076,,,12.6390471142694,80.0424840256937,2269.62540535962,483.395886150057,3
1049728,48346651,0,63,07:24:30,-79.393585,43.688183,,,12.6390471142694,45.4587073055306,2315.08411266515,496.343962442545,3
1049728,48346651,0,64,07:24:36,-79.393366,43.688233,,,12.6390471142694,18.486473498817,2333.57058616397,501.609494249971,3
1049728,48346651,0,65,07:24:41,-79.393144,43.688181,,,12.6390471142694,18.7843083488104,2352.35489451278,506.959858833973,3
1049728,48346651,0,66,07:24:55,-79.392824,43.6878,,,12.6390471142694,49.62215686225,2401.97705137503,521.093817121257,3
1049728,48346651,0,67,07:24:56,-79.392797,43.68778,,,12.6390471142694,3.11135487654906,2405.08840625158,521.98002930595,3
1049728,48346651,0,68,07:24:57,-79.392766,43.687765,,,12.6390471142694,3.00253614316949,2408.09094239475,522.835246476809,3
1049728,48346651,0,69,07:24:58,-79.392734,43.687755,,,12.6390471142694,2.80614418271935,2410.89708657747,523.634525011532,3
1049728,48346651,0,70,07:24:58,-79.3927,43.687752,,,12.6390471142694,2.757189939062,2413.65427651653,524.419859830754,3
1049728,48346651,0,71,07:24:59,-79.392666,43.687754,,,12.6390471142694,2.74593086915867,2416.40020738569,525.201987711091,3
1049728,48346651,0,72,07:25:00,-79.392633,43.687762,14295,6,12.6390471142694,2.80169858813437,2419.20190597382,526,3
1049728,48346651,0,73,07:25:00,-79.392633,43.687762,14295,6,1e-12,0,2419.20190597382,526,3
1049728,48346651,0,74,,-79.391522,43.688015,,,,93.7615722364023,2512.96347821023,,3
