shape_id,trip_id,route_type,id,timestamp,shape_pt_lon,shape_pt_lat,stop_id,stop_sequence,speed,dist,cumdist,cumtime,trip_number
1049806,48347321,3,1,,-79.612367,43.682011,,,1e-12,0,0,0,1
1049806,48347321,3,2,,-79.612212,43.681965,,,,13.4880309210796,13.4880309210796,,1
1049806,48347321,3,3,,-79.612016,43.681913,,,,16.8071895694782,30.2952204905578,,1
1049806,48347321,3,4,,-79.611843,43.681884,,,,14.2965520756683,44.5917725662261,,1
1049806,48347321,3,5,,-79.611728,43.681871,,,,9.37045752344304,53.9622300896692,,1
1049806,48347321,3,6,,-79.61162,43.681866,,,,8.71230188450732,62.6745319741765,,1
1049806,48347321,3,7,,-79.61146,43.681868,,,,12.8826712697843,75.5572032439607,,1
1049806,48347321,3,8,,-79.61132,43.681881,,,,11.3631800165773,86.920383260538,,1
1049806,48347321,3,9,,-79.611181,43.681898,,,,11.3490370465821,98.2694203071201,,1
1049806,48347321,3,10,10:13:00,-79.611047,43.681923,7221,1,,11.1408133050753,109.410233612195,,1
1049806,48347321,3,11,10:13:00,-79.611047,43.681923,7221,1,1e-12,0,109.410233612195,0,1
1049806,48347321,3,12,10:13:02,-79.610921,43.681955,,,18.1227927337946,10.7508873269862,120.161120939182,2.1356087301588,1
1049806,48347321,3,13,10:13:04,-79.610798,43.681995,,,18.1227927337946,10.857162267073,131.018283206255,4.29232843310929,1
1049806,48347321,3,14,10:13:06,-79.610683,43.682042,,,18.1227927337946,10.6341342161489,141.652417422403,6.40474475549804,1
1049806,48347321,3,15,10:13:09,-79.610574,43.682096,,,18.1227927337946,10.6365136534333,152.288931075837,8.51763374092222,1
1049806,48347321,3,16,10:13:11,-79.61047,43.682157,,,18.1227927337946,10.7800116444691,163.068942720306,10.659027867652,1
1049806,48347321,3,17,10:13:13,-79.610374,43.682225,,,18.1227927337946,10.8179947971902,173.886937517496,12.8079671532215,1
1049806,48347321,3,18,10:13:15,-79.610281,43.682293,,,18.1227927337946,10.6467927495752,184.533730267071,14.9228980284722,1
1049806,48347321,3,19,10:13:22,-79.610011,43.682555,,,18.1227927337946,36.3743688851879,220.908099152259,22.1484801950933,1
1049806,48347321,3,20,10:13:31,-79.609664,43.682843,,,18.1227927337946,42.5228618373214,263.430960989581,30.5954290104873,1
1049806,48347321,3,21,10:13:39,-79.609565,43.683219,,,18.1227927337946,42.6081368992131,306.039097888794,39.0593172803748,1
1049806,48347321,3,22,10:13:59,-79.609593,43.684106,,,18.1227927337946,98.7661130051478,404.805210893942,58.678700012458,1
1049806,48347321,3,23,10:14:09,-79.6095820000831,43.6845590000006,,,18.1227927337946,50.4355035035486,455.24071439749,68.697454587419,1
1049806,48347321,3,24,10:14:19,-79.609571,43.685012,,,18.1227927337946,50.435503497753,505.676217895243,78.7162091612288,1
1049806,48347321,3,25,10:14:26,-79.609722,43.685307,,,18.1227927337946,35.0167592989514,540.692977194195,85.6721091335964,1
1049806,48347321,3,26,10:14:31,-79.610009,43.68545,,,18.1227927337946,28.0566527434716,568.749629937666,91.2454195698047,1
1049806,48347321,3,27,10:14:38,-79.610408,43.685548,,,18.1227927337946,33.9215288303915,602.671158768058,97.9837576164397,1
1049806,48347321,3,28,10:14:47,-79.610968,43.685466,,,18.1227927337946,45.9947779735187,648.665936741576,107.120384798403,1
1049806,48347321,3,29,10:14:58,-79.611653,43.685411,,,18.1227927337946,55.4812758993894,704.147212640966,118.14145622882,1
1049806,48347321,3,30,10:15:07,-79.612214,43.685473,,,18.1227927337946,45.6847819154379,749.831994556404,127.216504280818,1
1049806,48347321,3,31,10:15:18,-79.6128744983374,43.6856240019015,,,18.1227927337946,55.7637882786999,805.595782835104,138.293695349111,1
1049806,48347321,3,32,10:15:29,-79.613535,43.685775,,,18.1227927337946,55.7637882802322,861.359571115336,149.370886417709,1
1049806,48347321,3,33,10:15:47,-79.6145509943345,43.6861095044993,,,18.1227927337946,89.8646439883383,951.224215103674,167.222037899166,1
1049806,48347321,3,34,10:16:05,-79.615567,43.686444,,,18.1227927337946,89.8646439905572,1041.08885909423,185.073189381064,1
1049806,48347321,3,35,10:16:20,-79.616403,43.686693,,,18.1227927337946,72.7815542216899,1113.87041331592,199.530872534361,1
1049806,48347321,3,36,10:16:35,-79.6173099955999,43.6869840035857,,,18.1227927337946,79.8752135326181,1193.74562684854,215.397674794987,1
1049806,48347321,3,37,10:16:51,-79.618217,43.687275,,,18.1227927337946,79.8752135302179,1273.62084037876,231.264477055136,1
1049806,48347321,3,38,10:17:03,-79.618881,43.687456,,,18.1227927337946,57.1217939440344,1330.74263432279,242.611428996768,1
1049806,48347321,3,39,10:17:05,-79.619011,43.687505,,,18.1227927337946,11.8009193984022,1342.54355372119,244.955621222452,1
1049806,48347321,3,40,10:17:21,-79.619967,43.68773,,,18.1227927337946,80.9285611649837,1423.47211488618,261.031665597813,1
1049806,48347321,3,41,10:17:26,-79.620292,43.687801,,,18.1227927337946,27.3292781747009,1450.80139306088,266.460486799606,1
1049806,48347321,3,42,10:17:33,-79.620681,43.687851,,,18.1227927337946,31.8040398993871,1482.60543296027,272.778196510223,1
1049806,48347321,3,43,10:17:35,-79.620828,43.687839,,,18.1227927337946,11.9081700785778,1494.51360303884,275.143693534472,1
1049806,48347321,3,44,10:17:38,-79.620994,43.687751,,,18.1227927337946,16.5686170416886,1511.08222008053,278.434964489574,1
1049806,48347321,3,45,10:17:41,-79.6211,43.687646,,,18.1227927337946,14.4716447505057,1525.55386483104,281.309682634128,1
1049806,48347321,3,46,10:17:44,-79.62114,43.687547,,,18.1227927337946,11.4813718247991,1537.03523665584,283.590398370185,1
1049806,48347321,3,47,10:17:45,-79.621144,43.687466,,,18.1227927337946,9.02262594305904,1546.0578625989,285.382696823969,1
1049806,48347321,3,48,10:17:48,-79.62111,43.687364,,,18.1227927337946,11.6797826400868,1557.73764523898,287.702825852753,1
1049806,48347321,3,49,10:17:51,-79.62106,43.687218,,,18.1227927337946,16.7435977552395,1574.48124299422,291.028855830818,1
1049806,48347321,3,50,10:17:56,-79.62095,43.68702,,,18.1227927337946,23.7533892241811,1598.2346322184,295.747344998748,1
1049806,48347321,3,51,10:18:00,-79.620846,43.686843,3169,2,18.1227927337946,21.4083292100077,1619.64296142841,300,1
1049806,48347321,3,52,10:18:00,-79.620846,43.686843,3169,2,1e-12,0,1619.64296142841,300,1
1049806,48347321,3,53,,-79.620733,43.686692,,,,19.1126410683333,1638.75560249674,,1
1049806,48347476,3,1,,-79.612367,43.682011,,,1e-12,0,0,0,2
1049806,48347476,3,2,,-79.612212,43.681965,,,,13.4880309210796,13.4880309210796,,2
1049806,48347476,3,3,,-79.612016,43.681913,,,,16.8071895694782,30.2952204905578,,2
1049806,48347476,3,4,,-79.611843,43.681884,,,,14.2965520756683,44.5917725662261,,2
1049806,48347476,3,5,,-79.611728,43.681871,,,,9.37045752344304,53.9622300896692,,2
1049806,48347476,3,6,,-79.61162,43.681866,,,,8.71230188450732,62.6745319741765,,2
1049806,48347476,3,7,,-79.61146,43.681868,,,,12.8826712697843,75.5572032439607,,2
1049806,48347476,3,8,,-79.61132,43.681881,,,,11.3631800165773,86.920383260538,,2
1049806,48347476,3,9,,-79.611181,43.681898,,,,11.3490370465821,98.2694203071201,,2
1049806,48347476,3,10,20:13:00,-79.611047,43.681923,7221,1,,11.1408133050753,109.410233612195,,2
1049806,48347476,3,11,20:13:00,-79.611047,43.681923,7221,1,1e-12,0,109.410233612195,0,2
1049806,48347476,3,12,20:13:01,-79.610921,43.681955,,,30.2046545563243,10.7508873269862,120.161120939182,1.28136523809528,2
1049806,48347476,3,13,20:13:03,-79.610798,43.681995,,,30.2046545563243,10.857162267073,131.018283206255,2.57539705986557,2
1049806,48347476,3,14,20:13:04,-79.610683,43.682042,,,30.2046545563243,10.6341342161489,141.652417422403,3.84284685329882,2
1049806,48347476,3,15,20:13:05,-79.610574,43.682096,,,30.2046545563243,10.6365136534333,152.288931075837,5.11058024455333,2
1049806,48347476,3,16,20:13:06,-79.61047,43.682157,,,30.2046545563243,10.7800116444691,163.068942720306,6.39541672059119,2
1049806,48347476,3,17,20:13:08,-79.610374,43.682225,,,30.2046545563243,10.8179947971902,173.886937517496,7.68478029193289,2
1049806,48347476,3,18,20:13:09,-79.610281,43.682293,,,30.2046545563243,10.6467927495752,184.533730267071,8.9537388170833,2
1049806,48347476,3,19,20:13:13,-79.610011,43.682555,,,30.2046545563243,36.3743688851879,220.908099152259,13.289088117056,2
1049806,48347476,3,20,20:13:18,-79.609664,43.682843,,,30.2046545563243,42.5228618373214,263.430960989581,18.3572574062924,2
1049806,48347476,3,21,20:13:23,-79.609565,43.683219,,,30.2046545563243,42.6081368992131,306.039097888794,23.4355903682249,2
1049806,48347476,3,22,20:13:35,-79.609593,43.684106,,,30.2046545563243,98.7661130051478,404.805210893942,35.2072200074748,2
1049806,48347476,3,23,20:13:41,-79.6095820000831,43.6845590000006,,,30.2046545563243,50.4355035035486,455.24071439749,41.2184727524514,2
1049806,48347476,3,24,20:13:47,-79.609571,43.685012,,,30.2046545563243,50.435503497753,505.676217895243,47.2297254967373,2
1049806,48347476,3,25,20:13:51,-79.609722,43.685307,,,30.2046545563243,35.0167592989514,540.692977194195,51.4032654801578,2
1049806,48347476,3,26,20:13:55,-79.610009,43.68545,,,30.2046545563243,28.0566527434716,568.749629937666,54.7472517418828,2
1049806,48347476,3,27,20:13:59,-79.610408,43.685548,,,30.2046545563243,33.9215288303915,602.671158768058,58.7902545698638,2
1049806,48347476,3,28,20:14:04,-79.610968,43.685466,,,30.2046545563243,45.9947779735187,648.665936741576,64.2722308790416,2
1049806,48347476,3,29,20:14:11,-79.611653,43.685411,,,30.2046545563243,55.4812758993894,704.147212640966,70.8848737372921,2
1049806,48347476,3,30,20:14:16,-79.612214,43.685473,,,30.2046545563243,45.6847819154379,749.831994556404,76.3299025684906,2
1049806,48347476,3,31,20:14:23,-79.6128744983374,43.6856240019015,,,30.2046545563243,55.7637882786999,805.595782835104,82.9762172094666,2
1049806,48347476,3,32,20:14:30,-79.613535,43.685775,,,30.2046545563243,55.7637882802322,861.359571115336,89.6225318506251,2
1049806,48347476,3,33,20:14:40,-79.6145509943345,43.6861095044993,,,30.2046545563243,89.8646439883383,951.224215103674,100.333222739499,2
1049806,48347476,3,34,20:14:51,-79.615567,43.686444,,,30.2046545563243,89.8646439905572,1041.08885909423,111.043913628638,2
1049806,48347476,3,35,20:15:00,-79.616403,43.686693,,,30.2046545563243,72.7815542216899,1113.87041331592,119.718523520617,2
1049806,48347476,3,36,20:15:09,-79.6173099955999,43.6869840035857,,,30.2046545563243,79.8752135326181,1193.74562684854,129.238604876992,2
1049806,48347476,3,37,20:15:19,-79.618217,43.687275,,,30.2046545563243,79.8752135302179,1273.62084037876,138.758686233082,2
1049806,48347476,3,38,20:15:26,-79.618881,43.687456,,,30.2046545563243,57.1217939440344,1330.74263432279,145.566857398061,2
1049806,48347476,3,39,20:15:27,-79.619011,43.687505,,,30.2046545563243,11.8009193984022,1342.54355372119,146.973372733471,2
1049806,48347476,3,40,20:15:37,-79.619967,43.68773,,,30.2046545563243,80.9285611649837,1423.47211488618,156.618999358688,2
1049806,48347476,3,41,20:15:40,-79.620292,43.687801,,,30.2046545563243,27.3292781747009,1450.80139306088,159.876292079763,2
1049806,48347476,3,42,20:15:44,-79.620681,43.687851,,,30.2046545563243,31.8040398993871,1482.60543296027,163.666917906134,2
1049806,48347476,3,43,20:15:45,-79.620828,43.687839,,,30.2046545563243,11.9081700785778,1494.51360303884,165.086216120683,2
1049806,48347476,3,44,20:15:47,-79.620994,43.687751,,,30.2046545563243,16.5686170416886,1511.08222008053,167.060978693745,2
1049806,48347476,3,45,20:15:49,-79.6211,43.687646,,,30.2046545563243,14.4716447505057,1525.55386483104,168.785809580477,2
1049806,48347476,3,46,20:15:50,-79.62114,43.687547,,,30.2046545563243,11.4813718247991,1537.03523665584,170.154239022111,2
1049806,48347476,3,47,20:15:51,-79.621144,43.687466,,,30.2046545563243,9.02262594305904,1546.0578625989,171.229618094381,2
1049806,48347476,3,48,20:15:53,-79.62111,43.687364,,,30.2046545563243,11.6797826400868,1557.73764523898,172.621695511652,2
1049806,48347476,3,49,20:15:55,-79.62106,43.687218,,,30.2046545563243,16.7435977552395,1574.48124299422,174.617313498491,2
1049806,48347476,3,50,20:15:57,-79.62095,43.68702,,,30.2046545563243,23.7533892241811,1598.2346322184,177.448406999249,2
1049806,48347476,3,51,20:16:00,-79.620846,43.686843,3169,2,30.2046545563243,21.4083292100077,1619.64296142841,180,2
1049806,48347476,3,52,20:16:00,-79.620846,43.686843,3169,2,1e-12,0,1619.64296142841,180,2
1049806,48347476,3,53,,-79.620733,43.686692,,,,19.1126410683333,1638.75560249674,,2
1049806,48347550,3,1,,-79.612367,43.682011,,,1e-12,0,0,0,3
1049806,48347550,3,2,,-79.612212,43.681965,,,,13.4880309210796,13.4880309210796,,3
1049806,48347550,3,3,,-79.612016,43.681913,,,,16.8071895694782,30.2952204905578,,3
1049806,48347550,3,4,,-79.611843,43.681884,,,,14.2965520756683,44.5917725662261,,3
1049806,48347550,3,5,,-79.611728,43.681871,,,,9.37045752344304,53.9622300896692,,3
1049806,48347550,3,6,,-79.61162,43.681866,,,,8.71230188450732,62.6745319741765,,3
1049806,48347550,3,7,,-79.61146,43.681868,,,,12.8826712697843,75.5572032439607,,3
1049806,48347550,3,8,,-79.61132,43.681881,,,,11.3631800165773,86.920383260538,,3
1049806,48347550,3,9,,-79.611181,43.681898,,,,11.3490370465821,98.2694203071201,,3
1049806,48347550,3,10,22:41:00,-79.611047,43.681923,7221,1,,11.1408133050753,109.410233612195,,3
1049806,48347550,3,11,22:41:00,-79.611047,43.681923,7221,1,1e-12,0,109.410233612195,0,3
1049806,48347550,3,12,22:41:01,-79.610921,43.681955,,,30.2046545563243,10.7508873269862,120.161120939182,1.28136523809528,3
1049806,48347550,3,13,22:41:03,-79.610798,43.681995,,,30.2046545563243,10.857162267073,131.018283206255,2.57539705986557,3
1049806,48347550,3,14,22:41:04,-79.610683,43.682042,,,30.2046545563243,10.6341342161489,141.652417422403,3.84284685329882,3
1049806,48347550,3,15,22:41:05,-79.610574,43.682096,,,30.2046545563243,10.6365136534333,152.288931075837,5.11058024455333,3
1049806,48347550,3,16,22:41:06,-79.61047,43.682157,,,30.2046545563243,10.7800116444691,163.068942720306,6.39541672059119,3
1049806,48347550,3,17,22:41:08,-79.610374,43.682225,,,30.2046545563243,10.8179947971902,173.886937517496,7.68478029193289,3
1049806,48347550,3,18,22:41:09,-79.610281,43.682293,,,30.2046545563243,10.6467927495752,184.533730267071,8.9537388170833,3
1049806,48347550,3,19,22:41:13,-79.610011,43.682555,,,30.2046545563243,36.3743688851879,220.908099152259,13.289088117056,3
1049806,48347550,3,20,22:41:18,-79.609664,43.682843,,,30.2046545563243,42.5228618373214,263.430960989581,18.3572574062924,3
1049806,48347550,3,21,22:41:23,-79.609565,43.683219,,,30.2046545563243,42.6081368992131,306.039097888794,23.4355903682249,3
1049806,48347550,3,22,22:41:35,-79.609593,43.684106,,,30.2046545563243,98.7661130051478,404.805210893942,35.2072200074748,3
1049806,48347550,3,23,22:41:41,-79.6095820000831,43.6845590000006,,,30.2046545563243,50.4355035035486,455.24071439749,41.2184727524514,3
1049806,48347550,3,24,22:41:47,-79.609571,43.685012,,,30.2046545563243,50.435503497753,505.676217895243,47.2297254967373,3
1049806,48347550,3,25,22:41:51,-79.609722,43.685307,,,30.2046545563243,35.0167592989514,540.692977194195,51.4032654801578,3
1049806,48347550,3,26,22:41:55,-79.610009,43.68545,,,30.2046545563243,28.0566527434716,568.749629937666,54.7472517418828,3
1049806,48347550,3,27,22:41:59,-79.610408,43.685548,,,30.2046545563243,33.9215288303915,602.671158768058,58.7902545698638,3
1049806,48347550,3,28,22:42:04,-79.610968,43.685466,,,30.2046545563243,45.9947779735187,648.665936741576,64.2722308790416,3
1049806,48347550,3,29,22:42:11,-79.611653,43.685411,,,30.2046545563243,55.4812758993894,704.147212640966,70.8848737372921,3
1049806,48347550,3,30,22:42:16,-79.612214,43.685473,,,30.2046545563243,45.6847819154379,749.831994556404,76.3299025684906,3
1049806,48347550,3,31,22:42:23,-79.6128744983374,43.6856240019015,,,30.2046545563243,55.7637882786999,805.595782835104,82.9762172094666,3
1049806,48347550,3,32,22:42:30,-79.613535,43.685775,,,30.2046545563243,55.7637882802322,861.359571115336,89.6225318506251,3
1049806,48347550,3,33,22:42:40,-79.6145509943345,43.6861095044993,,,30.2046545563243,89.8646439883383,951.224215103674,100.333222739499,3
1049806,48347550,3,34,22:42:51,-79.615567,43.686444,,,30.2046545563243,89.8646439905572,1041.08885909423,111.043913628638,3
1049806,48347550,3,35,22:43:00,-79.616403,43.686693,,,30.2046545563243,72.7815542216899,1113.87041331592,119.718523520617,3
1049806,48347550,3,36,22:43:09,-79.6173099955999,43.6869840035857,,,30.2046545563243,79.8752135326181,1193.74562684854,129.238604876992,3
1049806,48347550,3,37,22:43:19,-79.618217,43.687275,,,30.2046545563243,79.8752135302179,1273.62084037876,138.758686233082,3
1049806,48347550,3,38,22:43:26,-79.618881,43.687456,,,30.2046545563243,57.1217939440344,1330.74263432279,145.566857398061,3
1049806,48347550,3,39,22:43:27,-79.619011,43.687505,,,30.2046545563243,11.8009193984022,1342.54355372119,146.973372733471,3
1049806,48347550,3,40,22:43:37,-79.619967,43.68773,,,30.2046545563243,80.9285611649837,1423.47211488618,156.618999358688,3
1049806,48347550,3,41,22:43:40,-79.620292,43.687801,,,30.2046545563243,27.3292781747009,1450.80139306088,159.876292079763,3
1049806,48347550,3,42,22:43:44,-79.620681,43.687851,,,30.2046545563243,31.8040398993871,1482.60543296027,163.666917906134,3
1049806,48347550,3,43,22:43:45,-79.620828,43.687839,,,30.2046545563243,11.9081700785778,1494.51360303884,165.086216120683,3
1049806,48347550,3,44,22:43:47,-79.620994,43.687751,,,30.2046545563243,16.5686170416886,1511.08222008053,167.060978693745,3
1049806,48347550,3,45,22:43:49,-79.6211,43.687646,,,30.2046545563243,14.4716447505057,1525.55386483104,168.785809580477,3
1049806,48347550,3,46,22:43:50,-79.62114,43.687547,,,30.2046545563243,11.4813718247991,1537.03523665584,170.154239022111,3
1049806,48347550,3,47,22:43:51,-79.621144,43.687466,,,30.2046545563243,9.02262594305904,1546.0578625989,171.229618094381,3
1049806,48347550,3,48,22:43:53,-79.62111,43.687364,,,30.2046545563243,11.6797826400868,1557.73764523898,172.621695511652,3
1049806,48347550,3,49,22:43:55,-79.62106,43.687218,,,30.2046545563243,16.7435977552395,1574.48124299422,174.617313498491,3
1049806,48347550,3,50,22:43:57,-79.62095,43.68702,,,30.2046545563243,23.7533892241811,1598.2346322184,177.448406999249,3
1049806,48347550,3,51,22:44:00,-79.620846,43.686843,3169,2,30.2046545563243,21.4083292100077,1619.64296142841,180,3
1049806,48347550,3,52,22:44:00,-79.620846,43.686843,3169,2,1e-12,0,1619.64296142841,180,3
1049806,48347550,3,53,,-79.620733,43.686692,,,,19.1126410683333,1638.75560249674,,3
1049806,48347544,3,1,,-79.612367,43.682011,,,1e-12,0,0,0,4
1049806,48347544,3,2,,-79.612212,43.681965,,,,13.4880309210796,13.4880309210796,,4
1049806,48347544,3,3,,-79.612016,43.681913,,,,16.8071895694782,30.2952204905578,,4
1049806,48347544,3,4,,-79.611843,43.681884,,,,14.2965520756683,44.5917725662261,,4
1049806,48347544,3,5,,-79.611728,43.681871,,,,9.37045752344304,53.9622300896692,,4
1049806,48347544,3,6,,-79.61162,43.681866,,,,8.71230188450732,62.6745319741765,,4
1049806,48347544,3,7,,-79.61146,43.681868,,,,12.8826712697843,75.5572032439607,,4
1049806,48347544,3,8,,-79.61132,43.681881,,,,11.3631800165773,86.920383260538,,4
1049806,48347544,3,9,,-79.611181,43.681898,,,,11.3490370465821,98.2694203071201,,4
1049806,48347544,3,10,01:48:00,-79.611047,43.681923,7221,1,,11.1408133050753,109.410233612195,,4
1049806,48347544,3,11,01:48:00,-79.611047,43.681923,7221,1,1e-12,0,109.410233612195,0,4
1049806,48347544,3,12,01:48:02,-79.610921,43.681955,,,22.6534909172432,10.7508873269862,120.161120939182,1.70848698412704,4
1049806,48347544,3,13,01:48:03,-79.610798,43.681995,,,22.6534909172432,10.857162267073,131.018283206255,3.43386274648743,4
1049806,48347544,3,14,01:48:05,-79.610683,43.682042,,,22.6534909172432,10.6341342161489,141.652417422403,5.12379580439843,4
1049806,48347544,3,15,01:48:07,-79.610574,43.682096,,,22.6534909172432,10.6365136534333,152.288931075837,6.81410699273778,4
1049806,48347544,3,16,01:48:09,-79.61047,43.682157,,,22.6534909172432,10.7800116444691,163.068942720306,8.52722229412159,4
1049806,48347544,3,17,01:48:10,-79.610374,43.682225,,,22.6534909172432,10.8179947971902,173.886937517496,10.2463737225772,4
1049806,48347544,3,18,01:48:12,-79.610281,43.682293,,,22.6534909172432,10.6467927495752,184.533730267071,11.9383184227777,4
1049806,48347544,3,19,01:48:18,-79.610011,43.682555,,,22.6534909172432,36.3743688851879,220.908099152259,17.7187841560746,4
1049806,48347544,3,20,01:48:24,-79.609664,43.682843,,,22.6534909172432,42.5228618373214,263.430960989581,24.4763432083898,4
1049806,48347544,3,21,01:48:31,-79.609565,43.683219,,,22.6534909172432,42.6081368992131,306.039097888794,31.2474538242998,4
1049806,48347544,3,22,01:48:47,-79.609593,43.684106,,,22.6534909172432,98.7661130051478,404.805210893942,46.9429600099664,4
1049806,48347544,3,23,01:48:55,-79.6095820000831,43.6845590000006,,,22.6534909172432,50.4355035035486,455.24071439749,54.9579636699352,4
1049806,48347544,3,24,01:49:03,-79.609571,43.685012,,,22.6534909172432,50.435503497753,505.676217895243,62.972967328983,4
1049806,48347544,3,25,01:49:09,-79.609722,43.685307,,,22.6534909172432,35.0167592989514,540.692977194195,68.5376873068771,4
1049806,48347544,3,26,01:49:13,-79.610009,43.68545,,,22.6534909172432,28.0566527434716,568.749629937666,72.9963356558437,4
1049806,48347544,3,27,01:49:18,-79.610408,43.685548,,,22.6534909172432,33.9215288303915,602.671158768058,78.3870060931518,4
1049806,48347544,3,28,01:49:26,-79.610968,43.685466,,,22.6534909172432,45.9947779735187,648.665936741576,85.6963078387221,4
1049806,48347544,3,29,01:49:35,-79.611653,43.685411,,,22.6534909172432,55.4812758993894,704.147212640966,94.5131649830561,4
1049806,48347544,3,30,01:49:42,-79.612214,43.685473,,,22.6534909172432,45.6847819154379,749.831994556404,101.773203424654,4
1049806,48347544,3,31,01:49:51,-79.6128744983374,43.6856240019015,,,22.6534909172432,55.7637882786999,805.595782835104,110.634956279289,4
1049806,48347544,3,32,01:49:59,-79.613535,43.685775,,,22.6534909172432,55.7637882802322,861.359571115336,119.496709134167,4
1049806,48347544,3,33,01:50:14,-79.6145509943345,43.6861095044993,,,22.6534909172432,89.8646439883383,951.224215103674,133.777630319333,4
1049806,48347544,3,34,01:50:28,-79.615567,43.686444,,,22.6534909172432,89.8646439905572,1041.08885909423,148.058551504851,4
1049806,48347544,3,35,01:50:40,-79.616403,43.686693,,,22.6534909172432,72.7815542216899,1113.87041331592,159.624698027489,4
1049806,48347544,3,36,01:50:52,-79.6173099955999,43.6869840035857,,,22.6534909172432,79.8752135326181,1193.74562684854,172.31813983599,4
1049806,48347544,3,37,01:51:05,-79.618217,43.687275,,,22.6534909172432,79.8752135302179,1273.62084037876,185.011581644109,4
1049806,48347544,3,38,01:51:14,-79.618881,43.687456,,,22.6534909172432,57.1217939440344,1330.74263432279,194.089143197414,4
1049806,48347544,3,39,01:51:16,-79.619011,43.687505,,,22.6534909172432,11.8009193984022,1342.54355372119,195.964496977962,4
1049806,48347544,3,40,01:51:29,-79.619967,43.68773,,,22.6534909172432,80.9285611649837,1423.47211488618,208.82533247825,4
1049806,48347544,3,41,01:51:33,-79.620292,43.687801,,,22.6534909172432,27.3292781747009,1450.80139306088,213.168389439684,4
1049806,48347544,3,42,01:51:38,-79.620681,43.687851,,,22.6534909172432,31.8040398993871,1482.60543296027,218.222557208178,4
1049806,48347544,3,43,01:51:40,-79.620828,43.687839,,,22.6534909172432,11.9081700785778,1494.51360303884,220.114954827578,4
1049806,48347544,3,44,01:51:43,-79.620994,43.687751,,,22.6534909172432,16.5686170416886,1511.08222008053,222.74797159166,4
1049806,48347544,3,45,01:51:45,-79.6211,43.687646,,,22.6534909172432,14.4716447505057,1525.55386483104,225.047746107302,4
1049806,48347544,3,46,01:51:47,-79.62114,43.687547,,,22.6534909172432,11.4813718247991,1537.03523665584,226.872318696148,4
1049806,48347544,3,47,01:51:48,-79.621144,43.687466,,,22.6534909172432,9.02262594305904,1546.0578625989,228.306157459175,4
1049806,48347544,3,48,01:51:50,-79.62111,43.687364,,,22.6534909172432,11.6797826400868,1557.73764523898,230.162260682202,4
1049806,48347544,3,49,01:51:53,-79.62106,43.687218,,,22.6534909172432,16.7435977552395,1574.48124299422,232.823084664654,4
1049806,48347544,3,50,01:51:57,-79.62095,43.68702,,,22.6534909172432,23.7533892241811,1598.2346322184,236.597875998998,4
1049806,48347544,3,51,01:52:00,-79.620846,43.686843,3169,2,22.6534909172432,21.4083292100077,1619.64296142841,240,4
1049806,48347544,3,52,01:52:00,-79.620846,43.686843,3169,2,1e-12,0,1619.64296142841,240,4
1049806,48347544,3,53,,-79.620733,43.686692,,,,19.1126410683333,1638.75560249674,,4
1049806,48347543,3,1,,-79.612367,43.682011,,,1e-12,0,0,0,5
1049806,48347543,3,2,,-79.612212,43.681965,,,,13.4880309210796,13.4880309210796,,5
1049806,48347543,3,3,,-79.612016,43.681913,,,,16.8071895694782,30.2952204905578,,5
1049806,48347543,3,4,,-79.611843,43.681884,,,,14.2965520756683,44.5917725662261,,5
1049806,48347543,3,5,,-79.611728,43.681871,,,,9.37045752344304,53.9622300896692,,5
1049806,48347543,3,6,,-79.61162,43.681866,,,,8.71230188450732,62.6745319741765,,5
1049806,48347543,3,7,,-79.61146,43.681868,,,,12.8826712697843,75.5572032439607,,5
1049806,48347543,3,8,,-79.61132,43.681881,,,,11.3631800165773,86.920383260538,,5
1049806,48347543,3,9,,-79.611181,43.681898,,,,11.3490370465821,98.2694203071201,,5
1049806,48347543,3,10,02:23:00,-79.611047,43.681923,7221,1,,11.1408133050753,109.410233612195,,5
1049806,48347543,3,11,02:23:00,-79.611047,43.681923,7221,1,1e-12,0,109.410233612195,0,5
1049806,48347543,3,12,02:23:02,-79.610921,43.681955,,,22.6534909172432,10.7508873269862,120.161120939182,1.70848698412704,5
1049806,48347543,3,13,02:23:03,-79.610798,43.681995,,,22.6534909172432,10.857162267073,131.018283206255,3.43386274648743,5
1049806,48347543,3,14,02:23:05,-79.610683,43.682042,,,22.6534909172432,10.6341342161489,141.652417422403,5.12379580439843,5
1049806,48347543,3,15,02:23:07,-79.610574,43.682096,,,22.6534909172432,10.6365136534333,152.288931075837,6.81410699273778,5
1049806,48347543,3,16,02:23:09,-79.61047,43.682157,,,22.6534909172432,10.7800116444691,163.068942720306,8.52722229412159,5
1049806,48347543,3,17,02:23:10,-79.610374,43.682225,,,22.6534909172432,10.8179947971902,173.886937517496,10.2463737225772,5
1049806,48347543,3,18,02:23:12,-79.610281,43.682293,,,22.6534909172432,10.6467927495752,184.533730267071,11.9383184227777,5
1049806,48347543,3,19,02:23:18,-79.610011,43.682555,,,22.6534909172432,36.3743688851879,220.908099152259,17.7187841560746,5
1049806,48347543,3,20,02:23:24,-79.609664,43.682843,,,22.6534909172432,42.5228618373214,263.430960989581,24.4763432083898,5
1049806,48347543,3,21,02:23:31,-79.609565,43.683219,,,22.6534909172432,42.6081368992131,306.039097888794,31.2474538242998,5
1049806,48347543,3,22,02:23:47,-79.609593,43.684106,,,22.6534909172432,98.7661130051478,404.805210893942,46.9429600099664,5
1049806,48347543,3,23,02:23:55,-79.6095820000831,43.6845590000006,,,22.6534909172432,50.4355035035486,455.24071439749,54.9579636699352,5
1049806,48347543,3,24,02:24:03,-79.609571,43.685012,,,22.6534909172432,50.435503497753,505.676217895243,62.972967328983,5
1049806,48347543,3,25,02:24:09,-79.609722,43.685307,,,22.6534909172432,35.0167592989514,540.692977194195,68.5376873068771,5
1049806,48347543,3,26,02:24:13,-79.610009,43.68545,,,22.6534909172432,28.0566527434716,568.749629937666,72.9963356558437,5
1049806,48347543,3,27,02:24:18,-79.610408,43.685548,,,22.6534909172432,33.9215288303915,602.671158768058,78.3870060931518,5
1049806,48347543,3,28,02:24:26,-79.610968,43.685466,,,22.6534909172432,45.9947779735187,648.665936741576,85.6963078387221,5
1049806,48347543,3,29,02:24:35,-79.611653,43.685411,,,22.6534909172432,55.4812758993894,704.147212640966,94.5131649830561,5
1049806,48347543,3,30,02:24:42,-79.612214,43.685473,,,22.6534909172432,45.6847819154379,749.831994556404,101.773203424654,5
1049806,48347543,3,31,02:24:51,-79.6128744983374,43.6856240019015,,,22.6534909172432,55.7637882786999,805.595782835104,110.634956279289,5
1049806,48347543,3,32,02:24:59,-79.613535,43.685775,,,22.6534909172432,55.7637882802322,861.359571115336,119.496709134167,5
1049806,48347543,3,33,02:25:14,-79.6145509943345,43.6861095044993,,,22.6534909172432,89.8646439883383,951.224215103674,133.777630319333,5
1049806,48347543,3,34,02:25:28,-79.615567,43.686444,,,22.6534909172432,89.8646439905572,1041.08885909423,148.058551504851,5
1049806,48347543,3,35,02:25:40,-79.616403,43.686693,,,22.6534909172432,72.7815542216899,1113.87041331592,159.624698027489,5
1049806,48347543,3,36,02:25:52,-79.6173099955999,43.6869840035857,,,22.6534909172432,79.8752135326181,1193.74562684854,172.31813983599,5
1049806,48347543,3,37,02:26:05,-79.618217,43.687275,,,22.6534909172432,79.8752135302179,1273.62084037876,185.011581644109,5
1049806,48347543,3,38,02:26:14,-79.618881,43.687456,,,22.6534909172432,57.1217939440344,1330.74263432279,194.089143197414,5
1049806,48347543,3,39,02:26:16,-79.619011,43.687505,,,22.6534909172432,11.8009193984022,1342.54355372119,195.964496977962,5
1049806,48347543,3,40,02:26:29,-79.619967,43.68773,,,22.6534909172432,80.9285611649837,1423.47211488618,208.82533247825,5
1049806,48347543,3,41,02:26:33,-79.620292,43.687801,,,22.6534909172432,27.3292781747009,1450.80139306088,213.168389439684,5
1049806,48347543,3,42,02:26:38,-79.620681,43.687851,,,22.6534909172432,31.8040398993871,1482.60543296027,218.222557208178,5
1049806,48347543,3,43,02:26:40,-79.620828,43.687839,,,22.6534909172432,11.9081700785778,1494.51360303884,220.114954827578,5
1049806,48347543,3,44,02:26:43,-79.620994,43.687751,,,22.6534909172432,16.5686170416886,1511.08222008053,222.74797159166,5
1049806,48347543,3,45,02:26:45,-79.6211,43.687646,,,22.6534909172432,14.4716447505057,1525.55386483104,225.047746107302,5
1049806,48347543,3,46,02:26:47,-79.62114,43.687547,,,22.6534909172432,11.4813718247991,1537.03523665584,226.872318696148,5
1049806,48347543,3,47,02:26:48,-79.621144,43.687466,,,22.6534909172432,9.02262594305904,1546.0578625989,228.306157459175,5
1049806,48347543,3,48,02:26:50,-79.62111,43.687364,,,22.6534909172432,11.6797826400868,1557.73764523898,230.162260682202,5
1049806,48347543,3,49,02:26:53,-79.62106,43.687218,,,22.6534909172432,16.7435977552395,1574.48124299422,232.823084664654,5
1049806,48347543,3,50,02:26:57,-79.62095,43.68702,,,22.6534909172432,23.7533892241811,1598.2346322184,236.597875998998,5
1049806,48347543,3,51,02:27:00,-79.620846,43.686843,3169,2,22.6534909172432,21.4083292100077,1619.64296142841,240,5
1049806,48347543,3,52,02:27:00,-79.620846,43.686843,3169,2,1e-12,0,1619.64296142841,240,5
1049806,48347543,3,53,,-79.620733,43.686692,,,,19.1126410683333,1638.75560249674,,5
1049806,48347509,3,1,,-79.612367,43.682011,,,1e-12,0,0,0,6
1049806,48347509,3,2,,-79.612212,43.681965,,,,13.4880309210796,13.4880309210796,,6
1049806,48347509,3,3,,-79.612016,43.681913,,,,16.8071895694782,30.2952204905578,,6
1049806,48347509,3,4,,-79.611843,43.681884,,,,14.2965520756683,44.5917725662261,,6
1049806,48347509,3,5,,-79.611728,43.681871,,,,9.37045752344304,53.9622300896692,,6
1049806,48347509,3,6,,-79.61162,43.681866,,,,8.71230188450732,62.6745319741765,,6
1049806,48347509,3,7,,-79.61146,43.681868,,,,12.8826712697843,75.5572032439607,,6
1049806,48347509,3,8,,-79.61132,43.681881,,,,11.3631800165773,86.920383260538,,6
1049806,48347509,3,9,,-79.611181,43.681898,,,,11.3490370465821,98.2694203071201,,6
1049806,48347509,3,10,02:53:00,-79.611047,43.681923,7221,1,,11.1408133050753,109.410233612195,,6
1049806,48347509,3,11,02:53:00,-79.611047,43.681923,7221,1,1e-12,0,109.410233612195,0,6
1049806,48347509,3,12,02:53:02,-79.610921,43.681955,,,22.6534909172432,10.7508873269862,120.161120939182,1.70848698412704,6
1049806,48347509,3,13,02:53:03,-79.610798,43.681995,,,22.6534909172432,10.857162267073,131.018283206255,3.43386274648743,6
1049806,48347509,3,14,02:53:05,-79.610683,43.682042,,,22.6534909172432,10.6341342161489,141.652417422403,5.12379580439843,6
1049806,48347509,3,15,02:53:07,-79.610574,43.682096,,,22.6534909172432,10.6365136534333,152.288931075837,6.81410699273778,6
1049806,48347509,3,16,02:53:09,-79.61047,43.682157,,,22.6534909172432,10.7800116444691,163.068942720306,8.52722229412159,6
1049806,48347509,3,17,02:53:10,-79.610374,43.682225,,,22.6534909172432,10.8179947971902,173.886937517496,10.2463737225772,6
1049806,48347509,3,18,02:53:12,-79.610281,43.682293,,,22.6534909172432,10.6467927495752,184.533730267071,11.9383184227777,6
1049806,48347509,3,19,02:53:18,-79.610011,43.682555,,,22.6534909172432,36.3743688851879,220.908099152259,17.7187841560746,6
1049806,48347509,3,20,02:53:24,-79.609664,43.682843,,,22.6534909172432,42.5228618373214,263.430960989581,24.4763432083898,6
1049806,48347509,3,21,02:53:31,-79.609565,43.683219,,,22.6534909172432,42.6081368992131,306.039097888794,31.2474538242998,6
1049806,48347509,3,22,02:53:47,-79.609593,43.684106,,,22.6534909172432,98.7661130051478,404.805210893942,46.9429600099664,6
1049806,48347509,3,23,02:53:55,-79.6095820000831,43.6845590000006,,,22.6534909172432,50.4355035035486,455.24071439749,54.9579636699352,6
1049806,48347509,3,24,02:54:03,-79.609571,43.685012,,,22.6534909172432,50.435503497753,505.676217895243,62.972967328983,6
1049806,48347509,3,25,02:54:09,-79.609722,43.685307,,,22.6534909172432,35.0167592989514,540.692977194195,68.5376873068771,6
1049806,48347509,3,26,02:54:13,-79.610009,43.68545,,,22.6534909172432,28.0566527434716,568.749629937666,72.9963356558437,6
1049806,48347509,3,27,02:54:18,-79.610408,43.685548,,,22.6534909172432,33.9215288303915,602.671158768058,78.3870060931518,6
1049806,48347509,3,28,02:54:26,-79.610968,43.685466,,,22.6534909172432,45.9947779735187,648.665936741576,85.6963078387221,6
1049806,48347509,3,29,02:54:35,-79.611653,43.685411,,,22.6534909172432,55.4812758993894,704.147212640966,94.5131649830561,6
1049806,48347509,3,30,02:54:42,-79.612214,43.685473,,,22.6534909172432,45.6847819154379,749.831994556404,101.773203424654,6
1049806,48347509,3,31,02:54:51,-79.6128744983374,43.6856240019015,,,22.6534909172432,55.7637882786999,805.595782835104,110.634956279289,6
1049806,48347509,3,32,02:54:59,-79.613535,43.685775,,,22.6534909172432,55.7637882802322,861.359571115336,119.496709134167,6
1049806,48347509,3,33,02:55:14,-79.6145509943345,43.6861095044993,,,22.6534909172432,89.8646439883383,951.224215103674,133.777630319333,6
1049806,48347509,3,34,02:55:28,-79.615567,43.686444,,,22.6534909172432,89.8646439905572,1041.08885909423,148.058551504851,6
1049806,48347509,3,35,02:55:40,-79.616403,43.686693,,,22.6534909172432,72.7815542216899,1113.87041331592,159.624698027489,6
1049806,48347509,3,36,02:55:52,-79.6173099955999,43.6869840035857,,,22.6534909172432,79.8752135326181,1193.74562684854,172.31813983599,6
1049806,48347509,3,37,02:56:05,-79.618217,43.687275,,,22.6534909172432,79.8752135302179,1273.62084037876,185.011581644109,6
1049806,48347509,3,38,02:56:14,-79.618881,43.687456,,,22.6534909172432,57.1217939440344,1330.74263432279,194.089143197414,6
1049806,48347509,3,39,02:56:16,-79.619011,43.687505,,,22.6534909172432,11.8009193984022,1342.54355372119,195.964496977962,6
1049806,48347509,3,40,02:56:29,-79.619967,43.68773,,,22.6534909172432,80.9285611649837,1423.47211488618,208.82533247825,6
1049806,48347509,3,41,02:56:33,-79.620292,43.687801,,,22.6534909172432,27.3292781747009,1450.80139306088,213.168389439684,6
1049806,48347509,3,42,02:56:38,-79.620681,43.687851,,,22.6534909172432,31.8040398993871,1482.60543296027,218.222557208178,6
1049806,48347509,3,43,02:56:40,-79.620828,43.687839,,,22.6534909172432,11.9081700785778,1494.51360303884,220.114954827578,6
1049806,48347509,3,44,02:56:43,-79.620994,43.687751,,,22.6534909172432,16.5686170416886,1511.08222008053,222.74797159166,6
1049806,48347509,3,45,02:56:45,-79.6211,43.687646,,,22.6534909172432,14.4716447505057,1525.55386483104,225.047746107302,6
1049806,48347509,3,46,02:56:47,-79.62114,43.687547,,,22.6534909172432,11.4813718247991,1537.03523665584,226.872318696148,6
1049806,48347509,3,47,02:56:48,-79.621144,43.687466,,,22.6534909172432,9.02262594305904,1546.0578625989,228.306157459175,6
1049806,48347509,3,48,02:56:50,-79.62111,43.687364,,,22.6534909172432,11.6797826400868,1557.73764523898,230.162260682202,6
1049806,48347509,3,49,02:56:53,-79.62106,43.687218,,,22.6534909172432,16.7435977552395,1574.48124299422,232.823084664654,6
1049806,48347509,3,50,02:56:57,-79.62095,43.68702,,,22.6534909172432,23.7533892241811,1598.2346322184,236.597875998998,6
1049806,48347509,3,51,02:57:00,-79.620846,43.686843,3169,2,22.6534909172432,21.4083292100077,1619.64296142841,240,6
1049806,48347509,3,52,02:57:00,-79.620846,43.686843,3169,2,1e-12,0,1619.64296142841,240,6
1049806,48347509,3,53,,-79.620733,43.686692,,,,19.1126410683333,1638.75560249674,,6
1049806,48347508,3,1,,-79.612367,43.682011,,,1e-12,0,0,0,7
1049806,48347508,3,2,,-79.612212,43.681965,,,,13.4880309210796,13.4880309210796,,7
1049806,48347508,3,3,,-79.612016,43.681913,,,,16.8071895694782,30.2952204905578,,7
1049806,48347508,3,4,,-79.611843,43.681884,,,,14.2965520756683,44.5917725662261,,7
1049806,48347508,3,5,,-79.611728,43.681871,,,,9.37045752344304,53.9622300896692,,7
1049806,48347508,3,6,,-79.61162,43.681866,,,,8.71230188450732,62.6745319741765,,7
1049806,48347508,3,7,,-79.61146,43.681868,,,,12.8826712697843,75.5572032439607,,7
1049806,48347508,3,8,,-79.61132,43.681881,,,,11.3631800165773,86.920383260538,,7
1049806,48347508,3,9,,-79.611181,43.681898,,,,11.3490370465821,98.2694203071201,,7
1049806,48347508,3,10,03:08:00,-79.611047,43.681923,7221,1,,11.1408133050753,109.410233612195,,7
1049806,48347508,3,11,03:08:00,-79.611047,43.681923,7221,1,1e-12,0,109.410233612195,0,7
1049806,48347508,3,12,03:08:02,-79.610921,43.681955,,,22.6534909172432,10.7508873269862,120.161120939182,1.70848698412704,7
1049806,48347508,3,13,03:08:03,-79.610798,43.681995,,,22.6534909172432,10.857162267073,131.018283206255,3.43386274648743,7
1049806,48347508,3,14,03:08:05,-79.610683,43.682042,,,22.6534909172432,10.6341342161489,141.652417422403,5.12379580439843,7
1049806,48347508,3,15,03:08:07,-79.610574,43.682096,,,22.6534909172432,10.6365136534333,152.288931075837,6.81410699273778,7
1049806,48347508,3,16,03:08:09,-79.61047,43.682157,,,22.6534909172432,10.7800116444691,163.068942720306,8.52722229412159,7
1049806,48347508,3,17,03:08:10,-79.610374,43.682225,,,22.6534909172432,10.8179947971902,173.886937517496,10.2463737225772,7
1049806,48347508,3,18,03:08:12,-79.610281,43.682293,,,22.6534909172432,10.6467927495752,184.533730267071,11.9383184227777,7
1049806,48347508,3,19,03:08:18,-79.610011,43.682555,,,22.6534909172432,36.3743688851879,220.908099152259,17.7187841560746,7
1049806,48347508,3,20,03:08:24,-79.609664,43.682843,,,22.6534909172432,42.5228618373214,263.430960989581,24.4763432083898,7
1049806,48347508,3,21,03:08:31,-79.609565,43.683219,,,22.6534909172432,42.6081368992131,306.039097888794,31.2474538242998,7
1049806,48347508,3,22,03:08:47,-79.609593,43.684106,,,22.6534909172432,98.7661130051478,404.805210893942,46.9429600099664,7
1049806,48347508,3,23,03:08:55,-79.6095820000831,43.6845590000006,,,22.6534909172432,50.4355035035486,455.24071439749,54.9579636699352,7
1049806,48347508,3,24,03:09:03,-79.609571,43.685012,,,22.6534909172432,50.435503497753,505.676217895243,62.972967328983,7
1049806,48347508,3,25,03:09:09,-79.609722,43.685307,,,22.6534909172432,35.0167592989514,540.692977194195,68.5376873068771,7
1049806,48347508,3,26,03:09:13,-79.610009,43.68545,,,22.6534909172432,28.0566527434716,568.749629937666,72.9963356558437,7
1049806,48347508,3,27,03:09:18,-79.610408,43.685548,,,22.6534909172432,33.9215288303915,602.671158768058,78.3870060931518,7
1049806,48347508,3,28,03:09:26,-79.610968,43.685466,,,22.6534909172432,45.9947779735187,648.665936741576,85.6963078387221,7
1049806,48347508,3,29,03:09:35,-79.611653,43.685411,,,22.6534909172432,55.4812758993894,704.147212640966,94.5131649830561,7
1049806,48347508,3,30,03:09:42,-79.612214,43.685473,,,22.6534909172432,45.6847819154379,749.831994556404,101.773203424654,7
1049806,48347508,3,31,03:09:51,-79.6128744983374,43.6856240019015,,,22.6534909172432,55.7637882786999,805.595782835104,110.634956279289,7
1049806,48347508,3,32,03:09:59,-79.613535,43.685775,,,22.6534909172432,55.7637882802322,861.359571115336,119.496709134167,7
1049806,48347508,3,33,03:10:14,-79.6145509943345,43.6861095044993,,,22.6534909172432,89.8646439883383,951.224215103674,133.777630319333,7
1049806,48347508,3,34,03:10:28,-79.615567,43.686444,,,22.6534909172432,89.8646439905572,1041.08885909423,148.058551504851,7
1049806,48347508,3,35,03:10:40,-79.616403,43.686693,,,22.6534909172432,72.7815542216899,1113.87041331592,159.624698027489,7
1049806,48347508,3,36,03:10:52,-79.6173099955999,43.6869840035857,,,22.6534909172432,79.8752135326181,1193.74562684854,172.31813983599,7
1049806,48347508,3,37,03:11:05,-79.618217,43.687275,,,22.6534909172432,79.8752135302179,1273.62084037876,185.011581644109,7
1049806,48347508,3,38,03:11:14,-79.618881,43.687456,,,22.6534909172432,57.1217939440344,1330.74263432279,194.089143197414,7
1049806,48347508,3,39,03:11:16,-79.619011,43.687505,,,22.6534909172432,11.8009193984022,1342.54355372119,195.964496977962,7
1049806,48347508,3,40,03:11:29,-79.619967,43.68773,,,22.6534909172432,80.9285611649837,1423.47211488618,208.82533247825,7
1049806,48347508,3,41,03:11:33,-79.620292,43.687801,,,22.6534909172432,27.3292781747009,1450.80139306088,213.168389439684,7
1049806,48347508,3,42,03:11:38,-79.620681,43.687851,,,22.6534909172432,31.8040398993871,1482.60543296027,218.222557208178,7
1049806,48347508,3,43,03:11:40,-79.620828,43.687839,,,22.6534909172432,11.9081700785778,1494.51360303884,220.114954827578,7
1049806,48347508,3,44,03:11:43,-79.620994,43.687751,,,22.6534909172432,16.5686170416886,1511.08222008053,222.74797159166,7
1049806,48347508,3,45,03:11:45,-79.6211,43.687646,,,22.6534909172432,14.4716447505057,1525.55386483104,225.047746107302,7
1049806,48347508,3,46,03:11:47,-79.62114,43.687547,,,22.6534909172432,11.4813718247991,1537.03523665584,226.872318696148,7
1049806,48347508,3,47,03:11:48,-79.621144,43.687466,,,22.6534909172432,9.02262594305904,1546.0578625989,228.306157459175,7
1049806,48347508,3,48,03:11:50,-79.62111,43.687364,,,22.6534909172432,11.6797826400868,1557.73764523898,230.162260682202,7
1049806,48347508,3,49,03:11:53,-79.62106,43.687218,,,22.6534909172432,16.7435977552395,1574.48124299422,232.823084664654,7
1049806,48347508,3,50,03:11:57,-79.62095,43.68702,,,22.6534909172432,23.7533892241811,1598.2346322184,236.597875998998,7
1049806,48347508,3,51,03:12:00,-79.620846,43.686843,3169,2,22.6534909172432,21.4083292100077,1619.64296142841,240,7
1049806,48347508,3,52,03:12:00,-79.620846,43.686843,3169,2,1e-12,0,1619.64296142841,240,7
1049806,48347508,3,53,,-79.620733,43.686692,,,,19.1126410683333,1638.75560249674,,7
