shape_id,trip_id,route_type,id,timestamp,shape_pt_lon,shape_pt_lat,stop_id,stop_sequence,speed,dist,cumdist,cumtime,trip_number
1049105,48336621,3,1,,-79.462196,43.749886,,,1e-12,0,0,0,1
1049105,48336621,3,2,,-79.461987,43.749247,,,,73.0916095486929,73.0916095486929,,1
1049105,48336621,3,3,01:59:34,-79.461823,43.748747,14177,1,,57.2007882216196,130.292397770313,,1
1049105,48336621,3,4,01:59:34,-79.461823,43.748747,14177,1,1e-12,0,130.292397770313,0,1
1049105,48336621,3,5,01:59:36,-79.461796,43.748649,,,16.4474310838847,11.1232715754839,141.415669345796,2.43465240665927,1
1049105,48336621,3,6,01:59:41,-79.461594,43.748567,,,16.4474310838847,18.6329385936411,160.048607939438,6.51301446788305,1
1049105,48336621,3,7,01:59:45,-79.461388,43.748447,,,16.4474310838847,21.2805545698411,181.329162509279,11.1708845061099,1
1049105,48336621,3,8,01:59:49,-79.461189,43.74838,,,16.4474310838847,17.6553839486512,198.98454645793,15.0352802218287,1
1049105,48336621,3,9,01:59:56,-79.460815,43.74841,,,16.4474310838847,30.2601856968227,229.244732154753,21.6586044329451,1
1049105,48336621,3,10,02:00:06,-79.460239,43.748533,,,16.4474310838847,48.3005733427795,277.545305497532,32.230593647989,1
1049105,48336621,3,11,02:00:12,-79.459977,43.748646,,,16.4474310838847,24.5382583638755,302.083563861408,37.6015071760296,1
1049105,48336621,3,12,02:00:15,-79.459921,43.748765,,,16.4474310838847,13.9915208907208,316.075084752128,40.6639596009525,1
1049105,48336621,3,13,02:00:31,-79.460183,43.749407,,,16.4474310838847,74.5079404381895,390.583025190318,56.9721954713125,1
1049105,48336621,3,14,02:00:49,-79.4604714966138,43.7501095003628,,,16.4474310838847,81.5704904161748,472.153515606493,74.8262763913386,1
1049105,48336621,3,15,02:01:07,-79.46076,43.750812,,,16.4474310838847,81.5704904111162,553.724006017609,92.6803573102575,1
1049105,48336621,3,16,02:01:21,-79.4615545022833,43.7506400027517,,,16.4474310838847,66.6950566745812,620.41906269219,107.278515697663,1
1049105,48336621,3,17,02:01:36,-79.462349,43.750468,,,16.4474310838847,66.6950566740776,687.114119366268,121.876674084959,1
1049105,48336621,3,18,02:01:55,-79.463378,43.750244,,,16.4474310838847,86.4202771446638,773.534396510931,140.792272279842,1
1049105,48336621,3,19,02:02:05,-79.463288,43.74984,,,16.4474310838847,45.5516652768486,819.08606178778,150.762582789751,1
1049105,48336621,3,20,02:02:08,-79.463267,43.749708,7719,2,16.4474310838847,14.790887904266,833.876949692046,154,1
1049105,48336621,3,21,02:02:08,-79.463267,43.749708,7719,2,1e-12,0,833.876949692046,154,1
1049105,48336621,3,22,02:02:11,-79.463223,43.749514,,,28.0543330044529,21.8839047367074,855.760854428753,156.808195690828,1
1049105,48336621,3,23,02:02:13,-79.463181,43.749344,,,28.0543330044529,19.2233289432149,874.984183371968,159.274979848005,1
1049105,48336621,3,24,02:02:16,-79.463149,43.749167,,,28.0543330044529,19.8708709778999,894.855054349868,161.824858168373,1
1049105,48336621,3,25,02:02:18,-79.463106,43.749018,,,28.0543330044529,16.9431978113453,911.798252161213,163.999050372877,1
1049105,48336621,3,26,02:02:21,-79.463031,43.748821,,,28.0543330044529,22.7441508382207,934.542402999434,166.917634928233,1
1049105,48336621,3,27,02:02:24,-79.462924,43.748616,,,28.0543330044529,24.388740010122,958.931143009556,170.047257151741,1
1049105,48336621,3,28,02:02:27,-79.462821,43.748459,,,28.0543330044529,19.3405079958486,978.271651005405,172.529078008933,1
1049105,48336621,3,29,02:02:29,-79.462685,43.748283,,,28.0543330044529,22.4379663087929,1000.7096173142,175.408372223443,1
1049105,48336621,3,30,02:02:32,-79.462551,43.748107,,,28.0543330044529,22.3600320506831,1023.06964936488,178.277665725081,1
1049105,48336621,3,31,02:02:35,-79.462414,43.74797,,,28.0543330044529,18.813813360823,1041.8834627257,180.691899850277,1
1049105,48336621,3,32,02:02:37,-79.462295,43.747869,,,28.0543330044529,14.7643644426402,1056.64782716834,182.586498876569,1
1049105,48336621,3,33,02:02:38,-79.462232,43.747816,,,28.0543330044529,7.77661420991313,1064.42444137826,183.584412858385,1
1049105,48336621,3,34,02:02:38,-79.462209,43.747798,,,28.0543330044529,2.72689029044407,1067.1513316687,183.934334028995,1
1049105,48336621,3,35,02:02:40,-79.462088,43.747702,,,28.0543330044529,14.4528500868014,1081.6041817555,185.7889587782,1
1049105,48336621,3,36,02:02:42,-79.461918,43.747573,,,28.0543330044529,19.8269015451599,1101.43108330066,188.3331948344,1
1049105,48336621,3,37,02:02:45,-79.461744,43.747461,,,28.0543330044529,18.7412639687098,1120.17234726937,190.738119245779,1
1049105,48336621,3,38,02:02:48,-79.461479,43.747315,,,28.0543330044529,26.8007966071036,1146.97314387648,194.177262417361,1
1049105,48336621,3,39,02:02:51,-79.461251,43.747192,,,28.0543330044529,22.883465685383,1169.85660956186,197.11372419153,1
1049105,48336621,3,40,02:02:54,-79.461016,43.747078,,,28.0543330044529,22.7635972016529,1192.62020676351,200.034804151369,1
1049105,48336621,3,41,02:02:57,-79.460783,43.746949,,,28.0543330044529,23.6071749722873,1216.2273817358,203.064134055122,1
1049105,48336621,3,42,02:03:00,-79.460576,43.746845,,,28.0543330044529,20.2764539381256,1236.50383567392,205.666057763865,1
1049105,48336621,3,43,02:03:02,-79.460371,43.746736,,,28.0543330044529,20.4695943891832,1256.97343006311,208.292765723358,1
1049105,48336621,3,44,02:03:03,-79.460281,43.746685,,,28.0543330044529,9.19860314486238,1266.17203320797,209.473152771456,1
1049105,48336621,3,45,02:03:05,-79.460192,43.746636,,,28.0543330044529,8.99879926007673,1275.17083246805,210.62790050084,1
1049105,48336621,3,46,02:03:07,-79.460039,43.746544,,,28.0543330044529,16.0085149416573,1291.1793474097,212.682151934329,1
1049105,48336621,3,47,02:03:09,-79.45987,43.746453,,,28.0543330044529,16.9506179569811,1308.12996536669,214.857296309904,1
1049105,48336621,3,48,02:03:11,-79.459707,43.746359,,,28.0543330044529,16.772573376971,1324.90253874366,217.009593573485,1
1049105,48336621,3,49,02:03:13,-79.459561,43.746278,,,28.0543330044529,14.8039285956718,1339.70646733933,218.909269567777,1
1049105,48336621,3,50,02:03:16,-79.459349,43.746142,,,28.0543330044529,22.8004452121745,1362.5069125515,221.835077953626,1
1049105,48336621,3,51,02:03:18,-79.459191,43.746026,,,28.0543330044529,18.1160840523663,1380.62299660387,224.159777763034,1
1049105,48336621,3,52,02:03:21,-79.459034,43.745896,,,28.0543330044529,19.2050555677785,1399.82805217165,226.624217036391,1
1049105,48336621,3,53,02:03:23,-79.458851,43.745764,,,28.0543330044529,20.796590307374,1420.62464247902,229.292885904571,1
1049105,48336621,3,54,02:03:26,-79.458639,43.745618,,,28.0543330044529,23.5544234453305,1444.17906592435,232.315446604543,1
1049105,48336621,3,55,02:03:29,-79.45847,43.745479,,,28.0543330044529,20.5945942480643,1464.77366017242,234.958194848861,1
1049105,48336621,3,56,02:03:32,-79.458283,43.745327,,,28.0543330044529,22.6375694093943,1487.41122958181,237.863102616972,1
1049105,48336621,3,57,02:03:35,-79.458102,43.745176,,,28.0543330044529,22.235694164852,1509.64692374666,240.716440779771,1
1049105,48336621,3,58,02:03:37,-79.457971,43.745065,,,28.0543330044529,16.2378609747293,1525.88478472139,242.800122452037,1
1049105,48336621,3,59,02:03:39,-79.457827,43.744942,,,28.0543330044529,17.9328244879283,1543.81760920932,245.101305950012,1
1049105,48336621,3,60,02:03:42,-79.457661,43.744789,,,28.0543330044529,21.6402498732762,1565.4578590826,247.878235258274,1
1049105,48336621,3,61,02:03:44,-79.457524,43.74467,,,28.0543330044529,17.2299310264098,1582.68779010901,250.089221763824,1
1049105,48336621,3,62,02:03:46,-79.457382,43.744547,,,28.0543330044529,17.8294302994606,1600.51722040847,252.377137468962,1
1049105,48336621,3,63,02:03:48,-79.457275,43.744446,,,28.0543330044529,14.1582891787881,1614.67550958725,254.193963448591,1
1049105,48336621,3,64,02:03:50,-79.457167,43.744341,,,28.0543330044529,14.5622439925136,1629.23775357977,256.062625888889,1
1049105,48336621,3,65,02:03:52,-79.457039,43.744217,,,28.0543330044529,17.2192809731386,1646.45703455291,258.272245753794,1
1049105,48336621,3,66,02:03:54,-79.456899,43.744113,,,28.0543330044529,16.1491796231854,1662.60621417609,260.344547620114,1
1049105,48336621,3,67,02:03:57,-79.45676,43.743989,,,28.0543330044529,17.7623108476824,1680.36852502378,262.623850394537,1
1049105,48336621,3,68,02:03:58,-79.456652,43.743884,,,28.0543330044529,14.5622835354831,1694.93080855926,264.492517909086,1
1049105,48336621,3,69,02:04:01,-79.45653,43.743763,,,28.0543330044529,16.6642037107715,1711.59501227003,266.63090891447,1
1049105,48336621,3,70,02:04:03,-79.456378,43.743649,,,28.0543330044529,17.6203059897732,1729.2153182598,268.891989281382,1
1049105,48336621,3,71,02:04:05,-79.456286,43.743556,,,28.0543330044529,12.7248167117164,1741.94013497152,270.524868600056,1
1049105,48336621,3,72,02:04:06,-79.456169,43.74345,,,28.0543330044529,15.0921494172585,1757.03228438878,272.461529788669,1
1049105,48336621,3,73,02:04:09,-79.456034,43.74332,,,28.0543330044529,18.0914153375018,1775.12369972628,274.783064048801,1
1049105,48336621,3,74,02:04:11,-79.455916,43.743205,,,28.0543330044529,15.9355373046491,1791.05923703093,276.82795081505,1
1049105,48336621,3,75,02:04:13,-79.45577,43.743086,,,28.0543330044529,17.7017043439454,1808.76094137487,279.099476416036,1
1049105,48336621,3,76,02:04:17,-79.455496,43.742869,,,28.0543330044529,32.6971661811714,1841.45810755605,283.295256021045,1
1049105,48336621,3,77,02:04:30,-79.454736,43.742185,,,28.0543330044529,97.6398567345733,1939.09796429062,295.824639064608,1
1049105,48336621,3,78,02:04:37,-79.45428,43.741829,,,28.0543330044529,53.9948876423615,1993.09285193298,302.753393901932,1
1049105,48336621,3,79,02:04:40,-79.454485,43.741706,,,28.0543330044529,21.4312672527853,2014.52411918577,305.503506053869,1
1049105,48336621,3,80,02:04:45,-79.454859,43.741482,,,28.0543330044529,39.070628492502,2053.59474767827,310.517143788571,1
1049105,48336621,3,81,02:04:46,-79.454941,43.741408,,,28.0543330044529,10.5522724025207,2064.14702008079,311.87123695639,1
1049105,48336621,3,82,02:04:47,-79.455025,43.741329,,,28.0543330044529,11.0895396971822,2075.23655977797,313.294273565513,1
1049105,48336621,3,83,02:04:49,-79.455093,43.741216,,,28.0543330044529,13.7165090727456,2088.95306885072,315.054409251293,1
1049105,48336621,3,84,02:04:50,-79.455122,43.74113,,,28.0543330044529,9.8534863304347,2098.80655518115,316.318832496855,1
1049105,48336621,3,85,02:04:51,-79.455125,43.741052,,,28.0543330044529,8.68627183512635,2107.49282701628,317.433475949668,1
1049105,48336621,3,86,02:04:53,-79.455115,43.740975,,,28.0543330044529,8.60924864939334,2116.10207566567,318.538235600624,1
1049105,48336621,3,87,02:04:54,-79.455098,43.740901,,,28.0543330044529,8.3503336411536,2124.45240930682,319.609770650251,1
1049105,48336621,3,88,02:04:55,-79.455065,43.740821,,,28.0543330044529,9.29262697399333,2133.74503628082,320.802223063967,1
1049105,48336621,3,89,02:04:56,-79.455028,43.740755,,,28.0543330044529,7.92683681100678,2141.67187309182,321.819413974017,1
1049105,48336621,3,90,02:04:57,-79.454991,43.740692,,,28.0543330044529,7.61833615249682,2149.29020924432,322.797017331923,1
1049105,48336621,3,91,02:04:58,-79.454942,43.74064,,,28.0543330044529,7.00274441038406,2156.29295365471,323.695626465613,1
1049105,48336621,3,92,02:04:59,-79.454884,43.740578,,,28.0543330044529,8.33032739024209,2164.62328104495,324.764594264638,1
1049105,48336621,3,93,02:05:00,-79.45482,43.740514,,,28.0543330044529,8.78931194638929,2173.41259299134,325.892460074243,1
1049105,48336621,3,94,02:05:00,-79.454796,43.740488,,,28.0543330044529,3.47890379609445,2176.89149678743,326.338881440381,1
1049105,48336621,3,95,02:05:05,-79.454455,43.740247,,,28.0543330044529,38.3652064110648,2215.2567031985,331.261997704023,1
1049105,48336621,3,96,02:05:12,-79.454006,43.739931,,,28.0543330044529,50.4128839681042,2265.6695871666,337.731101148983,1
1049105,48336621,3,97,02:05:21,-79.4533934953301,43.7394745016354,,,28.0543330044529,70.7751489219602,2336.44473608856,346.813139780185,1
1049105,48336621,3,98,02:05:30,-79.452781,43.739018,,,28.0543330044529,70.7751489224668,2407.21988501103,355.895178411453,1
1049105,48336621,3,99,02:05:34,-79.45252,43.738779,,,28.0543330044529,33.8894970976668,2441.10938210869,360.243960809246,1
1049105,48336621,3,100,02:05:35,-79.452459,43.738725,,,28.0543330044529,7.75920300358112,2448.86858511227,361.239640542871,1
1049105,48336621,3,101,02:05:37,-79.452375,43.738644,,,28.0543330044529,11.2670951006568,2460.13568021293,362.685461491668,1
1049105,48336621,3,102,02:05:38,-79.452302,43.738559,,,28.0543330044529,11.1357238320496,2471.27140404498,364.114424560903,1
1049105,48336621,3,103,02:05:40,-79.45223,43.73847,,,28.0543330044529,11.4756841672178,2482.7470882122,365.58701216423,1
1049105,48336621,3,104,02:05:41,-79.452171,43.738392,,,28.0543330044529,9.89499519524916,2492.64208340745,366.856761927921,1
1049105,48336621,3,105,02:05:42,-79.45211,43.738298,,,28.0543330044529,11.5570917750126,2504.19917518246,368.33979595277,1
1049105,48336621,3,106,02:05:44,-79.452063,43.738182,,,28.0543330044529,13.4549905239096,2517.65416570637,370.06637294458,1
1049105,48336621,3,107,02:05:46,-79.452015,43.738076,,,28.0543330044529,12.4153557705532,2530.06952147692,371.659541485315,1
1049105,48336621,3,108,02:05:48,-79.451987,43.737926,,,28.0543330044529,16.8491023408502,2546.91862381777,373.821659131007,1
1049105,48336621,3,109,02:05:50,-79.451941,43.737795,,,28.0543330044529,15.0448599404121,2561.96348375819,375.752252019346,1
1049105,48336621,3,110,02:05:58,-79.451928,43.737239,,,28.0543330044529,61.9024679605037,2623.86595171869,383.695726726887,1
1049105,48336621,3,111,02:06:09,-79.451857,43.736447,,,28.0543330044529,88.3497851809289,2712.21573689962,395.032985274466,1
1049105,48336621,3,112,02:06:11,-79.45184,43.736301,,,28.0543330044529,16.310061206495,2728.52579810611,397.125931855447,1
1049105,48336621,3,113,02:06:13,-79.451844,43.736153,,,28.0543330044529,16.4784256428209,2745.00422374893,399.240483368924,1
1049105,48336621,3,114,02:06:15,-79.451857,43.735999,,,28.0543330044529,17.1750595373616,2762.1792832863,401.444428632021,1
1049105,48336621,3,115,02:06:17,-79.451887,43.735859,,,28.0543330044529,15.7704203432934,2777.94970362959,403.468127189632,1
1049105,48336621,3,116,02:06:19,-79.451909,43.735751,,,28.0543330044529,12.1520282638444,2790.10173189343,405.027504906539,1
1049105,48336621,3,117,02:06:21,-79.451949,43.735604,,,28.0543330044529,16.677240657196,2806.77897255063,407.167568844484,1
1049105,48336621,3,118,02:06:22,-79.45198,43.735518,,,28.0543330044529,9.89285301075557,2816.67182556139,408.437043717868,1
1049105,48336621,3,119,02:06:29,-79.452191,43.735102,,,28.0543330044529,49.3208027037241,2865.99262826511,414.766008648356,1
1049105,48336621,3,120,02:06:30,-79.45223,43.735027,,,28.0543330044529,8.91881633925711,2874.91144460437,415.910492775504,1
1049105,48336621,3,121,02:06:40,-79.452512,43.734383,,,28.0543330044529,75.1924722307987,2950.10391683517,425.559373038953,1
1049105,48336621,3,122,02:06:41,-79.452564,43.734307,,,28.0543330044529,9.43770786281734,2959.54162469798,426.770442583923,1
1049105,48336621,3,123,02:06:42,-79.452592,43.734258,,,28.0543330044529,5.90131243272679,2965.44293713071,427.527713296951,1
1049105,48336621,3,124,02:06:50,-79.451805,43.734017,,,28.0543330044529,68.7522960874592,3034.19523321817,436.350174550105,1
1049105,48336621,3,125,02:06:55,-79.451384,43.734074,,,28.0543330044529,34.4523264821193,3068.64755970029,440.771180578512,1
1049105,48336621,3,126,02:06:57,-79.451199,43.734094,,,28.0543330044529,15.046028542614,3083.6935882429,442.701923424717,1
1049105,48336621,3,127,02:07:00,-79.450888,43.734147,14316,3,28.0543330044529,25.7014829214368,3109.39507116434,446,1
1049105,48336621,3,128,02:07:00,-79.450888,43.734147,14316,3,1e-12,0,3109.39507116434,446,1
1049105,48336621,3,129,,-79.451162,43.734947,,,,91.7420936664628,3201.1371648308,,1
1049105,48336621,3,130,,-79.451166,43.734988,,,,4.57542492259343,3205.71258975339,,1
1049105,48336621,3,131,,-79.451148,43.735009,,,,2.74972908141683,3208.46231883481,,1
1049105,48336621,3,132,,-79.450965,43.735045,,,,15.2550875309675,3223.71740636578,,1
1049105,48336621,3,133,,-79.450921,43.735046,,,,3.54081452907164,3227.25822089485,,1
1049105,48336621,3,134,,-79.450887,43.735029,,,,3.32566601246694,3230.58388690732,,1
1049105,48336621,3,135,,-79.450629,43.734287,,,,85.1659981598341,3315.74988506715,,1
