shape_id,trip_id,route_type,id,timestamp,shape_pt_lon,shape_pt_lat,stop_id,stop_sequence,speed,dist,cumdist,cumtime,trip_number
1049612,48344134,0,1,21:28:00,-79.453673,43.656751,14187,1,1e-12,0,0,0,1
1049612,48344134,0,2,21:28:00,-79.453673,43.656751,14187,1,1e-12,0,0,0,1
1049612,48344134,0,3,21:28:02,-79.453743,43.656757,,,11.7242136781804,5.67711267794401,5.67711267794401,1.74319627751533,1
1049612,48344134,0,4,21:28:03,-79.453792,43.656782,,,11.7242136781804,4.82896705219251,10.5060797301365,3.22596363958128,1
1049612,48344134,0,5,21:28:05,-79.453805,43.656826,,,11.7242136781804,5.00870967593465,15.5147894060712,4.76392220365303,1
1049612,48344134,0,6,21:28:12,-79.453849,43.657036,,,11.7242136781804,23.6441563505416,39.1589457566128,12.024022130044,1
1049612,48344134,0,7,21:28:29,-79.453196,43.657175,,,11.7242136781804,54.8202984586835,93.9792442152963,28.8569697262268,1
1049612,48344134,0,8,21:28:42,-79.452701,43.65728,,,11.7242136781804,41.5443615957111,135.523605811007,41.6134501051968,1
1049612,48344134,0,9,21:28:51,-79.452625,43.656998,,,11.7242136781804,31.983258763392,167.506864574399,51.4341284644197,1
1049612,48344134,0,10,21:29:15,-79.452442,43.656314,,,11.7242136781804,77.5558496208088,245.062714195208,75.2481825493025,1
1049612,48344134,0,11,21:29:35,-79.4523089987497,43.6557495000771,,,11.7242136781804,63.7462886873712,308.809002882579,94.8219164963072,1
1049612,48344134,0,12,21:29:54,-79.452176,43.655185,,,11.7242136781804,63.7462886829985,372.555291565578,114.395650441969,1
1049612,48344134,0,13,21:30:17,-79.4520049981363,43.6545305001274,,,11.7242136781804,74.1489058895443,446.704197455122,137.163579151691,1
1049612,48344134,0,14,21:30:40,-79.451834,43.653876,,,11.7242136781804,74.1489058853995,520.853103340522,159.931507860141,1
1049612,48344134,0,15,21:30:49,-79.451573,43.653708,,,11.7242136781804,28.1364204263614,548.989523766883,168.570988196755,1
1049612,48344134,0,16,21:31:10,-79.4508379959367,43.6533760023546,6600,2,11.7242136781804,69.7884203593053,618.777944126188,190,1
1049612,48344134,0,17,21:31:10,-79.4508379959367,43.6533760023546,6600,2,1e-12,0,618.777944126188,190,1
1049612,48344134,0,18,21:31:24,-79.450103,43.653044,,,17.5787513662863,69.7884203599089,688.566364486097,204.292159213169,1
1049612,48344134,0,19,21:31:42,-79.449196,43.652625,,,17.5787513662863,86.6735645914026,775.2399290775,222.042272746686,1
1049612,48344134,0,20,21:31:53,-79.4486354975921,43.6523670013693,2954,3,17.5787513662863,53.5064341459971,828.746363223497,233,1
1049612,48344134,0,21,21:31:53,-79.4486354975921,43.6523670013693,2954,3,1e-12,0,828.746363223497,233,1
1049612,48344134,0,22,21:32:10,-79.448075,43.652109,,,11.0136464316198,53.5064341459192,882.252797369416,250.489499424305,1
1049612,48344134,0,23,21:32:25,-79.447595,43.651921,,,11.0136464316198,43.9624008151401,926.215198184556,264.859367198535,1
1049612,48344134,0,24,21:32:49,-79.446797,43.651583,,,11.0136464316198,74.478091900049,1000.69329008461,289.203814108544,1
1049612,48344134,0,25,21:33:10,-79.4460539976,43.6513890024061,2243,4,11.0136464316198,63.6227329263151,1064.31602301092,310,1
1049612,48344134,0,26,21:33:10,-79.4460539976,43.6513890024061,2243,4,1e-12,0,1064.31602301092,310,1
1049612,48344134,0,27,21:33:28,-79.445311,43.651195,,,13.0587971825654,63.6227329256665,1127.93875593659,327.539275274004,1
1049612,48344134,0,28,21:33:42,-79.4446719984573,43.6510500017797,,,13.0587971825654,53.9406173214755,1181.87937325806,342.409421401747,1
1049612,48344134,0,29,21:33:57,-79.444033,43.650905,,,13.0587971825654,53.9406173185518,1235.81999057661,357.279567528685,1
1049612,48344134,0,30,21:34:21,-79.443011,43.65068,7506,5,13.0587971825654,86.0445324237915,1321.86452300041,381,1
1049612,48344134,0,31,21:34:21,-79.443011,43.65068,7506,5,1e-12,0,1321.86452300041,381,1
1049612,48344134,0,32,21:34:50,-79.442137,43.650467,,,9.2246911853418,74.2836476697534,1396.14817067016,409.989711009085,1
1049612,48344134,0,33,21:34:53,-79.442047,43.650444,,,9.2246911853418,7.68807316899912,1403.83624383916,412.990035123173,1
1049612,48344134,0,34,21:35:13,-79.441434,43.650313,,,9.2246911853418,51.4837411683698,1455.31998500753,433.081923781803,1
1049612,48344134,0,35,21:35:27,-79.441008,43.650274,,,9.2246911853418,34.586594335793,1489.90657934332,446.579583173014,1
1049612,48344134,0,36,21:35:47,-79.4403629993986,43.6502180018132,1606,6,9.2246911853418,52.3255664180276,1542.23214576135,467,1
1049612,48344134,0,37,21:35:47,-79.4403629993986,43.6502180018132,1606,6,1e-12,0,1542.23214576135,467,1
1049612,48344134,0,38,21:36:02,-79.439718,43.650162,,,12.1962522820341,52.3255664188496,1594.5577121802,482.44507564716,1
1049612,48344134,0,39,21:36:19,-79.4390129995187,43.6501210021663,,,12.1962522820341,56.9689382704725,1651.52665045067,499.260747628282,1
1049612,48344134,0,40,21:36:36,-79.438308,43.65008,,,12.1962522820341,56.9689382687248,1708.4955887194,516.076419608889,1
1049612,48344134,0,41,21:36:52,-79.4376539994392,43.6500285018642,,,12.1962522820341,52.9890281219166,1761.48461684131,531.717330999341,1
1049612,48344134,0,42,21:37:07,-79.437,43.649977,,,12.1962522820341,52.9890281209145,1814.47364496223,547.358242389498,1
1049612,48344134,0,43,21:37:09,-79.436948,43.649974,,,12.1962522820341,4.20176015316076,1818.67540511539,548.598487031998,1
1049612,48344134,0,44,21:37:25,-79.436269499486,43.6499285020065,,,12.1962522820341,54.885698121126,1873.56110323651,564.799243515784,1
1049612,48344134,0,45,21:37:41,-79.435591,43.649883,2176,7,12.1962522820341,54.8856981225814,1928.44680135909,581,1
1049612,48344134,0,46,21:37:41,-79.435591,43.649883,2176,7,1e-12,0,1928.44680135909,581,1
1049612,48344134,0,47,21:38:04,-79.4346344990604,43.6498240039875,,,11.845267564436,77.3232743786834,2005.77007573778,604.499999999917,1
1049612,48344134,0,48,21:38:28,-79.433678,43.649765,1385,8,11.845267564436,77.3232743792307,2083.09335011701,628,1
1049612,48344134,0,49,21:38:28,-79.433678,43.649765,1385,8,1e-12,0,2083.09335011701,628,1
1049612,48344134,0,50,21:38:42,-79.433132,43.649731,,,11.4137770886879,44.1416386955493,2127.23498881256,641.922639111418,1
1049612,48344134,0,51,21:38:59,-79.432475,43.649687,,,11.4137770886879,53.1460999477117,2180.38108876027,658.685360016612,1
1049612,48344134,0,52,21:39:25,-79.431441,43.649643,1063,9,11.4137770886879,83.4303985942979,2263.81148735457,685,1
1049612,48344134,0,53,21:39:25,-79.431441,43.649643,1063,9,1e-12,0,2263.81148735457,685,1
1049612,48344134,0,54,21:39:36,-79.430998,43.64962,,,11.7992337180973,35.7744643130107,2299.58595166758,695.914952157385,1
1049612,48344134,0,55,21:39:38,-79.430901,43.649616,,,11.7992337180973,7.82582746760769,2307.41177913519,698.302647795635,1
1049612,48344134,0,56,21:40:05,-79.429816,43.649577,7289,10,11.7992337180973,87.50230508713,2394.91408422232,725,1
1049612,48344134,0,57,21:40:05,-79.429816,43.649577,7289,10,1e-12,0,2394.91408422232,725,1
1049612,48344134,0,58,21:40:27,-79.4289634998155,43.6495640031675,,,11.2858775012814,68.6824210781601,2463.59650530048,746.908506082341,1
1049612,48344134,0,59,21:40:49,-79.428111,43.649551,,,11.2858775012814,68.6824210770906,2532.27892637757,768.81701216434,1
1049612,48344134,0,60,21:41:06,-79.4274469996794,43.6495220019216,,,11.2858775012814,53.581251853976,2585.86017823154,785.908506082506,1
1049612,48344134,0,61,21:41:23,-79.426783,43.649493,9568,11,11.2858775012814,53.5812518518696,2639.44143008341,803,1
1049612,48344134,0,62,21:41:23,-79.426783,43.649493,9568,11,1e-12,0,2639.44143008341,803,1
1049612,48344134,0,63,21:41:47,-79.425811,43.649475,,,11.8664068948097,78.318401089955,2717.75983117337,826.760035065641,1
1049612,48344134,0,64,21:42:13,-79.424739,43.64943,1416,12,11.8664068948097,86.4928057824016,2804.25263695577,853,1
1049612,48344134,0,65,21:42:13,-79.424739,43.64943,1416,12,1e-12,0,2804.25263695577,853,1
1049612,48344134,0,66,21:42:32,-79.42399,43.64942,,,11.6365513819956,60.3408638973703,2864.59350085314,871.667653577041,1
1049612,48344134,0,67,21:42:34,-79.423907,43.649419,,,11.6365513819956,6.68642714220013,2871.27992799534,873.736233598882,1
1049612,48344134,0,68,21:42:37,-79.423793,43.649414,,,11.6365513819956,9.19934863995913,2880.4792766353,876.582236165853,1
1049612,48344134,0,69,21:42:50,-79.423248,43.649394,,,11.6365513819956,43.9552001858325,2924.43447682113,890.18065682112,1
1049612,48344134,0,70,21:43:02,-79.42277,43.649379,,,11.6365513819956,38.5382512559241,2962.97272807706,902.103235939877,1
1049612,48344134,0,71,21:43:27,-79.4217694995586,43.6493525043628,,,11.6365513819956,80.6425359426309,3043.61526401969,927.051617970197,1
1049612,48344134,0,72,21:43:52,-79.420769,43.649326,3702,13,11.6365513819956,80.6425359409612,3124.25779996065,952,1
1049612,48344134,0,73,21:43:52,-79.420769,43.649326,3702,13,1e-12,0,3124.25779996065,952,1
1049612,48344134,0,74,21:44:05,-79.420238,43.649428,,,12.0948447120927,44.2526345031264,3168.51043446377,965.171684961939,1
1049612,48344134,0,75,21:44:06,-79.420203,43.649435,,,12.0948447120927,2.92489677716932,3171.43533124094,966.042273104942,1
1049612,48344134,0,76,21:44:23,-79.419526,43.649566,,,12.0948447120927,56.4472826880006,3227.88261392894,982.84366431864,1
1049612,48344134,0,77,21:44:39,-79.418891,43.649693,,,12.0948447120927,53.0658218873307,3280.94843581627,998.638572260152,1
1049612,48344134,0,78,21:44:40,-79.418829,43.649706,,,12.0948447120927,5.19941719656207,3286.14785301284,1000.18616566488,1
1049612,48344134,0,79,21:44:54,-79.418274,43.649818,6324,14,12.0948447120927,46.4100503227407,3332.55790333558,1014,1
1049612,48344134,0,80,21:44:54,-79.418274,43.649818,6324,14,1e-12,0,3332.55790333558,1014,1
1049612,48344134,0,81,21:45:09,-79.417665501231,43.6499395016138,,,12.4564422465012,50.8450931771777,3383.40299651275,1028.69459190799,1
1049612,48344134,0,82,21:45:23,-79.417057,43.650061,,,12.4564422465012,50.8450931800177,3434.24808969277,1043.38918381681,1
1049612,48344134,0,83,21:45:50,-79.415973,43.65029,,,12.4564422465012,90.9584306820348,3525.20652037481,1069.6768142634,1
1049612,48344134,0,84,21:46:15,-79.414935,43.650491,,,12.4564422465012,86.5499516733065,3611.75647204811,1094.69036306474,1
1049612,48344134,0,85,21:46:38,-79.413971,43.650687,7139,15,12.4564422465012,80.654207297497,3692.41067934561,1118,1
1049612,48344134,0,86,21:46:38,-79.413971,43.650687,7139,15,1e-12,0,3692.41067934561,1118,1
1049612,48344134,0,87,21:46:39,-79.413923,43.650697,,,11.9743610365947,4.02330082894754,3696.43398017456,1119.20957460193,1
1049612,48344134,0,88,21:46:50,-79.413487,43.650774,,,11.9743610365947,36.1491833466217,3732.58316352118,1130.07754990768,1
1049612,48344134,0,89,21:46:52,-79.413406,43.650791,,,11.9743610365947,6.79317394931948,3739.3763374705,1132.11986566405,1
1049612,48344134,0,90,21:47:07,-79.412801,43.650922,,,11.9743610365947,50.8657117718857,3790.24204924239,1147.41225260806,1
1049612,48344134,0,91,21:47:23,-79.412186,43.651046,,,11.9743610365947,51.4231504773543,3841.66519971974,1162.87222923251,1
1049612,48344134,0,92,21:47:38,-79.411591,43.65117,,,11.9743610365947,49.873131101736,3891.53833082148,1177.86620439473,1
1049612,48344134,0,93,21:47:55,-79.410907,43.651301,15146,16,11.9743610365947,56.9906262513003,3948.52895707278,1195,1
1049612,48344134,0,94,21:47:55,-79.410907,43.651301,15146,16,1e-12,0,3948.52895707278,1195,1
1049612,48344134,0,95,21:48:09,-79.41031,43.651423,,,12.7251242105489,49.9667821770564,3998.49573924983,1209.13584754546,1
1049612,48344134,0,96,21:48:23,-79.40971,43.651547,,,12.7251242105489,50.2599599850938,4048.75569923493,1223.35463652957,1
1049612,48344134,0,97,21:48:38,-79.409096,43.651665,,,12.7251242105489,51.1695531278226,4099.92525236275,1237.83075387131,1
1049612,48344134,0,98,21:48:52,-79.408477,43.651786,,,12.7251242105489,51.6448839958722,4151.57013635862,1252.44134464504,1
1049612,48344134,0,99,21:49:07,-79.4078700013392,43.6519185016059,,,12.7251242105489,51.0672129344428,4202.63734929306,1266.88850944454,1
1049612,48344134,0,100,21:49:21,-79.407263,43.652051,,,12.7251242105489,51.0672129328879,4253.70456222595,1281.33567424361,1
1049612,48344134,0,101,21:49:37,-79.406604,43.652185,,,12.7251242105489,55.1350932565487,4308.8396554825,1296.93366232133,1
1049612,48344134,0,102,21:49:51,-79.406009,43.652304,3665,17,12.7251242105489,49.7210817079612,4358.56073719046,1311,1
1049612,48344134,0,103,21:49:51,-79.406009,43.652304,3665,17,1e-12,0,4358.56073719046,1311,1
1049612,48344134,0,104,21:50:04,-79.405586,43.652369,,,9.80030724505016,34.8301176210623,4393.39085481152,1323.79433596321,1
1049612,48344134,0,105,21:50:07,-79.405462,43.65237,,,9.80030724505016,9.98810631526936,4403.37896112679,1327.46332121396,1
1049612,48344134,0,106,21:50:11,-79.405349,43.652357,,,9.80030724505016,9.21583197372955,4412.59479310052,1330.84862274338,1
1049612,48344134,0,107,21:50:15,-79.405235,43.652321,,,9.80030724505016,10.0184868530832,4422.61327995361,1334.52876784182,1
1049612,48344134,0,108,21:50:28,-79.404833,43.652151,,,9.80030724505016,37.5036001666452,4460.11688012025,1348.30516864478,1
1049612,48344134,0,109,21:50:44,-79.404397,43.65195,,,9.80030724505016,41.6399744893275,4501.75685460958,1363.60100625612,1
1049612,48344134,0,110,21:50:58,-79.403988,43.651766,,,9.80030724505016,38.7914626270869,4540.54831723667,1377.85048455978,1
1049612,48344134,0,111,21:51:01,-79.403903,43.651739,,,9.80030724505016,7.47703387505321,4548.02535111172,1380.59706395542,1
1049612,48344134,0,112,21:51:03,-79.403839,43.651734,,,9.80030724505016,5.18484795056778,4553.21019906229,1382.50164226662,1
1049612,48344134,0,113,21:51:06,-79.403734,43.651733,,,9.80030724505016,8.45796752578643,4561.66816658807,1385.60855333905,1
1049612,48344134,0,114,21:51:33,-79.402833,43.651919,,,9.80030724505016,75.4669951069742,4637.13516169505,1413.3302538523,1
1049612,48344134,0,115,21:51:51,-79.402253,43.652022,6692,18,9.80030724505016,48.1024836637533,4685.2376453588,1431,1
1049612,48344134,0,116,21:51:51,-79.402253,43.652022,6692,18,1e-12,0,4685.2376453588,1431,1
1049612,48344134,0,117,21:52:08,-79.401645,43.652155,,,10.8166946112118,51.1602773726068,4736.39792273141,1448.02710533683,1
1049612,48344134,0,118,21:52:22,-79.401134,43.652267,,,10.8166946112118,43.0051666985394,4779.40308942995,1462.34003601292,1
1049612,48344134,0,119,21:52:45,-79.400327,43.652447,,,10.8166946112118,68.0176439238151,4847.42073335376,1484.9775909155,1
1049612,48344134,0,120,21:52:58,-79.399857,43.652543,,,10.8166946112118,39.3352266479088,4886.75596000167,1498.06909631731,1
1049612,48344134,0,121,21:53:16,-79.399212,43.652672,,,10.8166946112118,53.8990212076047,4940.65498120927,1516.00770726287,1
1049612,48344134,0,122,21:53:49,-79.398037,43.652937,6046,19,10.8166946112118,99.1298764059098,5039.78485761519,1549,1
1049612,48344134,0,123,21:53:49,-79.398037,43.652937,6046,19,1e-12,0,5039.78485761519,1549,1
1049612,48344134,0,124,21:54:11,-79.397425,43.653072,,,8.60538199452524,51.5325205438689,5091.31737815905,1570.55826133877,1
1049612,48344134,0,125,21:54:16,-79.397259,43.653109,,,8.60538199452524,13.9902286207898,5105.30760677984,1576.41097340511,1
1049612,48344134,0,126,21:54:25,-79.397019,43.653162,,,8.60538199452524,20.2107018426118,5125.51830862246,1584.86597594651,1
1049612,48344134,0,127,21:54:55,-79.396152,43.65334,,,8.60538199452524,72.5877001367893,5198.10600875924,1615.23252105266,1
1049612,48344134,0,128,21:55:17,-79.395544,43.653464,,,8.60538199452524,50.8783482178153,5248.98435697706,1636.51711407836,1
1049612,48344134,0,129,21:55:49,-79.394631,43.653652,,,8.60538199452524,76.4555060826188,5325.43986305968,1668.50172813414,1
1049612,48344134,0,130,21:55:52,-79.39453,43.653673,,,8.60538199452524,8.46402658925202,5333.90388964893,1672.04259311151,1
1049612,48344134,0,131,21:56:16,-79.393847,43.653816,7171,20,8.60538199452524,57.2673994093688,5391.1712890583,1696,1
1049612,48344134,0,132,21:56:16,-79.393847,43.653816,7171,20,1e-12,0,5391.1712890583,1696,1
1049612,48344134,0,133,21:56:36,-79.3932472538201,43.6539435047033,,,9.06246791607276,50.3470439773051,5441.5183330356,1715.99999999965,1
1049612,48344134,0,134,21:56:56,-79.3926475050934,43.654071006271,,,9.06246791607276,50.3470439793503,5491.86537701495,1736.00000000012,1
1049612,48344134,0,135,21:57:16,-79.39204775382,43.6541985047033,,,9.06246791607276,50.3470439776686,5542.21242099262,1755.99999999991,1
1049612,48344134,0,136,21:57:36,-79.391448,43.654326,9016,21,9.06246791607276,50.3470439784035,5592.55946497103,1776,1
1049612,48344134,0,137,21:57:36,-79.391448,43.654326,9016,21,1e-12,0,5592.55946497103,1776,1
1049612,48344134,0,138,21:58:03,-79.390647,43.654471,,,8.81066961775082,66.502386102682,5659.06185107371,1803.17257601934,1
1049612,48344134,0,139,21:58:07,-79.390533,43.65449,,,8.81066961775082,9.42218228618834,5668.4840333599,1807.02243734679,1
1049612,48344134,0,140,21:58:10,-79.390445,43.654496,,,8.81066961775082,7.11904426340458,5675.6030776233,1809.93124683121,1
1049612,48344134,0,141,21:58:13,-79.390366,43.654496,,,8.81066961775082,6.36276977859966,5681.9658474019,1812.53104596076,1
1049612,48344134,0,142,21:58:15,-79.39028,43.654484,,,8.81066961775082,7.05419650597194,5689.02004390787,1815.41335894301,1
1049612,48344134,0,143,21:58:18,-79.390201,43.654478,,,8.81066961775082,6.39773182675535,5695.41777573463,1818.02744340827,1
1049612,48344134,0,144,21:58:25,-79.389992,43.654505,,,8.81066961775082,17.0993796640855,5712.51715539871,1825.01417307371,1
1049612,48344134,0,145,21:58:52,-79.389212,43.654677,,,8.81066961775082,65.6752057670961,5778.19236116581,1851.84876692628,1
1049612,48344134,0,146,21:59:09,-79.388717,43.654795,7311,22,8.81066961775082,41.9760689304465,5820.16843009626,1869,1
1049612,48344134,0,147,21:59:09,-79.388717,43.654795,7311,22,1e-12,0,5820.16843009626,1869,1
1049612,48344134,0,148,21:59:11,-79.388644,43.654806,,,9.19563750171191,6.00565211404732,5826.1740822103,1871.35115266414,1
1049612,48344134,0,149,21:59:15,-79.388523,43.654809,,,9.19563750171191,9.75117797497297,5835.92526018528,1875.16864119643,1
1049612,48344134,0,150,21:59:19,-79.388418,43.654795,,,9.19563750171191,8.59920644875012,5844.52446663403,1878.53514441165,1
1049612,48344134,0,151,21:59:22,-79.388301,43.654783,,,9.19563750171191,9.51750866095736,5854.04197529498,1882.26115374739,1
1049612,48344134,0,152,22:00:00,-79.387148,43.655017,,,9.19563750171191,96.4478391382936,5950.48981443328,1920.01951697486,1
1049612,48344134,0,153,22:00:36,-79.386047,43.655234,6459,23,9.19563750171191,91.9065219543492,6042.39633638763,1956,1
1049612,48344134,0,154,22:00:36,-79.386047,43.655234,6459,23,1e-12,0,6042.39633638763,1956,1
1049612,48344134,0,155,22:01:02,-79.385212,43.655419,,,9.74905309597548,70.333716743649,6112.73005313128,1981.97189468397,1
1049612,48344134,0,156,22:01:24,-79.3844820017627,43.6555640023227,,,9.74905309597548,60.9696374362038,6173.69969056748,2004.48594734217,1
1049612,48344134,0,157,22:01:47,-79.383752,43.655709,2856,24,9.74905309597548,60.9696374352197,6234.6693280027,2027,1
1049612,48344134,0,158,22:01:47,-79.383752,43.655709,2856,24,1e-12,0,6234.6693280027,2027,1
1049612,48344134,0,159,22:02:26,-79.3830422554341,43.6558622565867,,,5.43683576812769,59.6541702324387,6294.32349823514,2066.49999999922,1
1049612,48344134,0,160,22:03:06,-79.3823325072454,43.6560155087823,,,5.43683576812769,59.654170234862,6353.97766847,2106.00000000004,1
1049612,48344134,0,161,22:03:45,-79.381622755434,43.6561687565868,,,5.43683576812769,59.6541702333774,6413.63183870338,2145.49999999987,1
1049612,48344134,0,162,22:04:25,-79.380913,43.656322,3874,25,5.43683576812769,59.6541702338151,6473.28600893719,2185,1
1049612,48344134,0,163,22:04:25,-79.380913,43.656322,3874,25,1e-12,0,6473.28600893719,2185,1
1049612,48344134,0,164,22:04:51,-79.380355,43.656451,,,6.43033432850255,47.1792382637928,6520.46524720099,2211.41313018466,1
1049612,48344134,0,165,22:04:54,-79.380308,43.656453,,,6.43033432850255,3.79186376817286,6524.25711096916,2213.5359917449,1
1049612,48344134,0,166,22:04:54,-79.380302,43.656453,,,6.43033432850255,0.483232589166928,6524.74034355833,2213.80652780603,1
1049612,48344134,0,167,22:04:55,-79.380266,43.656452,,,6.43033432850255,2.9015317732902,6527.64187533162,2215.4309401383,1
1049612,48344134,0,168,22:05:00,-79.380173,43.656436,,,6.43033432850255,7.6989642881543,6535.34083961977,2219.74117814793,1
1049612,48344134,0,169,22:05:29,-79.379563,43.656284,,,6.43033432850255,51.9609163367816,6587.30175595655,2248.83131394123,1
1049612,48344134,0,170,22:05:39,-79.379358,43.656235,,,6.43033432850255,17.3882107124978,6604.68996666905,2258.56604239656,1
1049612,48344134,0,171,22:05:49,-79.379133,43.656171,,,6.43033432850255,19.47149647964,6624.16146314869,2269.46709104282,1
1049612,48344134,0,172,22:05:54,-79.379037,43.656143,,,6.43033432850255,8.33639348273493,6632.49785663142,2274.13419153942,1
1049612,48344134,0,173,22:06:02,-79.378865,43.65614,,,6.43033432850255,13.8567643222511,6646.35462095368,2281.8918521853,1
1049612,48344134,0,174,22:06:28,-79.378303,43.656255,,,6.43033432850255,47.0385140066365,6693.39313496031,2308.2261983908,1
1049612,48344134,0,175,22:06:56,-79.377702,43.656379,,,6.43033432850255,50.3336674578727,6743.72680241818,2336.40532463703,1
1049612,48344134,0,176,22:07:23,-79.377134,43.656494,3471,26,6.43033432850255,47.5035149838561,6791.23031740204,2363,1
1049612,48344134,0,177,22:07:23,-79.377134,43.656494,3471,26,1e-12,0,6791.23031740204,2363,1
1049612,48344134,0,178,22:07:46,-79.376548,43.656641,,,7.7424346776438,49.9520418753592,6841.1823592774,2386.22620186523,1
1049612,48344134,0,179,22:08:21,-79.375652,43.656813,,,7.7424346776438,74.6593486410026,6915.8417079184,2420.94056062936,1
1049612,48344134,0,180,22:09:04,-79.374554,43.65706,3184,27,7.7424346776438,92.6069157175337,7008.44862363594,2464,1
1049612,48344134,0,181,22:09:04,-79.374554,43.65706,3184,27,1e-12,0,7008.44862363594,2464,1
1049612,48344134,0,182,22:09:49,-79.373446,43.657296,,,7.43966249691903,93.0227265727248,7101.47135020866,2509.0130386695,1
1049612,48344134,0,183,22:09:51,-79.373396,43.657321,,,7.43966249691903,4.89497575855574,7106.36632596722,2511.38168277642,1
1049612,48344134,0,184,22:09:57,-79.373304,43.657395,,,7.43966249691903,11.0796556696882,7117.4459816369,2516.74304969694,1
1049612,48344134,0,185,22:10:04,-79.373198,43.657506,,,7.43966249691903,15.018721630798,7132.4647032677,2524.01050274246,1
1049612,48344134,0,186,22:10:11,-79.373095,43.657607,,,7.43966249691903,13.972249608549,7146.43695287625,2530.77157538677,1
1049612,48344134,0,187,22:10:17,-79.373007,43.657699,,,7.43966249691903,12.4545383298953,7158.89149120615,2536.79823829066,1
1049612,48344134,0,188,22:10:22,-79.372944,43.65778,,,7.43966249691903,10.3463949529946,7169.23788615914,2541.80478554279,1
1049612,48344134,0,189,22:10:28,-79.372855,43.657882,,,7.43966249691903,13.4277257916845,7182.66561195083,2548.30236696804,1
1049612,48344134,0,190,22:10:35,-79.372742,43.657967,,,7.43966249691903,13.1283805084346,7195.79399245926,2554.65509733046,1
1049612,48344134,0,191,22:10:40,-79.372629,43.658036,,,7.43966249691903,11.9088287811499,7207.70282124041,2560.41769524803,1
1049612,48344134,0,192,22:10:44,-79.372549,43.658084,,,7.43966249691903,8.37033845047064,7216.07315969088,2564.46804275158,1
1049612,48344134,0,193,22:10:52,-79.372377,43.658163,,,7.43966249691903,16.4080582181392,7232.48121790902,2572.40778593345,1
1049612,48344134,0,194,22:10:56,-79.372292,43.658194,,,7.43966249691903,7.66622174625865,7240.14743965528,2576.11741634988,1
1049612,48344134,0,195,22:10:59,-79.372236,43.658214,,,7.43966249691903,5.02963877331534,7245.17707842859,2578.55122293605,1
1049612,48344134,0,196,22:11:03,-79.37213,43.658245,,,7.43966249691903,9.20796713822159,7254.38504556682,2583.00689303014,1
1049612,48344134,0,197,22:11:06,-79.37205,43.65825,,,7.43966249691903,6.46690593733399,7260.85195150415,2586.13618301931,1
1049612,48344134,0,198,22:11:11,-79.371921,43.658267,,,7.43966249691903,10.5601386974485,7271.4120902016,2591.24615935581,1
1049612,48344134,0,199,22:11:17,-79.371778,43.658276,,,7.43966249691903,11.5601906752191,7282.97228087682,2596.84005376271,1
1049612,48344134,0,200,22:11:21,-79.371662,43.658281,,,7.43966249691903,9.35877870344757,7292.33105958027,2601.36870050527,1
1049612,48344134,0,201,22:11:26,-79.371538,43.65829,,,7.43966249691903,10.0366317974938,7302.36769137776,2606.22535555998,1
1049612,48344134,0,202,22:11:31,-79.371419,43.658295,,,7.43966249691903,9.59996850216098,7311.96765987992,2610.87071233821,1
1049612,48344134,0,203,22:11:34,-79.371339,43.65829,2641,28,7.43966249691903,6.46690112764229,7318.43456100756,2614,1
1049612,48344134,0,204,22:11:34,-79.371339,43.65829,2641,28,1e-12,0,7318.43456100756,2614,1
1049612,48344134,0,205,22:11:45,-79.371019,43.658287,,,8.43688839573896,25.7737806330898,7344.20834164065,2624.99761024763,1
1049612,48344134,0,206,22:12:14,-79.370204,43.658482,,,8.43688839573896,69.1333516045015,7413.34169324515,2654.49664521198,1
1049612,48344134,0,207,22:12:40,-79.369499,43.658651,,,8.43688839573896,59.8134667082433,7473.1551599534,2680.01890769188,1
1049612,48344134,0,208,22:13:14,-79.368555,43.658864,2749,29,8.43688839573896,79.6374120469149,7552.79257200031,2714,1
1049612,48344134,0,209,22:13:14,-79.368555,43.658864,2749,29,1e-12,0,7552.79257200031,2714,1
1049612,48344134,0,210,22:13:41,-79.36797,43.658977,,,6.62338417744498,48.7636270828217,7601.55619908313,2740.5044353151,1
1049612,48344134,0,211,22:13:42,-79.36793,43.658983,,,6.62338417744498,3.28992823089153,7604.84612731402,2742.29260603175,1
1049612,48344134,0,212,22:14:09,-79.367339,43.659115,,,6.62338417744498,49.8129647305669,7654.65909204459,2769.36738657078,1
1049612,48344134,0,213,22:14:41,-79.366656,43.659286,,,6.62338417744498,58.2061499070812,7712.86524195167,2801.00410490868,1
1049612,48344134,0,214,22:14:45,-79.366569,43.659306,5988,30,6.62338417744498,7.35176342294231,7720.21700537462,2805,1
1049612,48344134,0,215,22:14:45,-79.366569,43.659306,5988,30,1e-12,0,7720.21700537462,2805,1
1049612,48344134,0,216,22:14:58,-79.366003,43.659433,,,12.8610954290491,47.7247945869714,7767.94179996159,2818.35883568091,1
1049612,48344134,0,217,22:15:17,-79.365228,43.659599,,,12.8610954290491,65.092449135765,7833.03424909735,2836.57912011791,1
1049612,48344134,0,218,22:15:18,-79.365156,43.659615,,,12.8610954290491,6.06587214556433,7839.10012124292,2838.27704233958,1
1049612,48344134,0,219,22:15:33,-79.364518,43.65975,,,12.8610954290491,53.5336215716499,7892.63374281457,2853.2618497163,1
1049612,48344134,0,220,22:15:34,-79.364487,43.659755,,,12.8610954290491,2.55785752537458,7895.19160033994,2853.97782971522,1
1049612,48344134,0,221,22:15:46,-79.363979,43.659863,,,12.8610954290491,42.6413385745775,7937.83293891452,2865.91373515309,1
1049612,48344134,0,222,22:15:51,-79.363744,43.659918,,,12.8610954290491,19.8912400549347,7957.72417896945,2871.48157069189,1
1049612,48344134,0,223,22:16:09,-79.362988,43.66008,,,12.8610954290491,63.4983670469507,8021.2225460164,2889.25564931762,1
1049612,48344134,0,224,22:16:24,-79.3623790013846,43.6602165016165,,,12.8610954290491,51.3449773857309,8072.56752340214,2903.62782465901,1
1049612,48344134,0,225,22:16:38,-79.36177,43.660353,24274,31,12.8610954290491,51.3449773843006,8123.91250078644,2918,1
1049612,48344134,0,226,22:16:38,-79.36177,43.660353,24274,31,1e-12,0,8123.91250078644,2918,1
1049612,48344134,0,227,22:16:57,-79.361007,43.660524,,,12.253250316658,64.3279797688118,8188.24048055525,2936.89953450579,1
1049612,48344134,0,228,22:17:10,-79.360473,43.660665,,,12.253250316658,45.7796142580602,8234.02009481331,2950.34956670704,1
1049612,48344134,0,229,22:17:11,-79.360429,43.660677,,,12.253250316658,3.78689024111954,8237.80698505443,2951.46215353222,1
1049612,48344134,0,230,22:17:18,-79.360146,43.660733,,,12.253250316658,23.6280456377539,8261.43503069218,2958.4040638089,1
1049612,48344134,0,231,22:17:22,-79.360011,43.660758,,,12.253250316658,11.2224972789602,8272.65752797114,2961.70122898224,1
1049612,48344134,0,232,22:17:31,-79.359633,43.660848,,,12.253250316658,32.0477326515074,8304.70526062265,2971.116839907,1
1049612,48344134,0,233,22:17:34,-79.359498,43.660879,,,12.253250316658,11.4064763322936,8316.11173695494,2974.46805805199,1
1049612,48344134,0,234,22:17:51,-79.3588230017539,43.6610350019859,,,12.253250316658,57.0660108730889,8373.17774782803,2991.23402902574,1
1049612,48344134,0,235,22:18:08,-79.358148,43.661191,6694,32,12.253250316658,57.0660108748549,8430.24375870289,3008,1
1049612,48344134,0,236,22:18:08,-79.358148,43.661191,6694,32,1e-12,0,8430.24375870289,3008,1
1049612,48344134,0,237,22:18:27,-79.3573850023003,43.6613720025374,,,12.1430081511726,64.6652264515624,8494.90898515445,3027.17109931308,1
1049612,48344134,0,238,22:18:46,-79.356622,43.661553,,,12.1430081511726,64.6652264518488,8559.5742116063,3046.34219862624,1
1049612,48344134,0,239,22:18:53,-79.356377,43.661616,,,12.1430081511726,20.9396546832789,8580.51386628958,3052.55011316614,1
1049612,48344134,0,240,22:18:53,-79.356374,43.661616,,,12.1430081511726,0.241595519110097,8580.75546180869,3052.62173824108,1
1049612,48344134,0,241,22:19:00,-79.356076,43.66165,,,12.1430081511726,24.2951084883444,8605.05057029703,3059.82443377329,1
1049612,48344134,0,242,22:19:05,-79.355875,43.661673,,,12.1430081511726,16.3881271220774,8621.43869741911,3064.68297104058,1
1049612,48344134,0,243,22:19:10,-79.355665,43.661697,,,12.1430081511726,17.1213984802544,8638.56009589936,3069.7588989953,1
1049612,48344134,0,244,22:19:10,-79.355648,43.661699,,,12.1430081511726,1.38702451575937,8639.94712041512,3070.17010585562,1
1049612,48344134,0,245,22:19:15,-79.355436,43.661727,,,12.1430081511726,17.3549186649951,8657.30203908012,3075.31526481592,1
1049612,48344134,0,246,22:19:19,-79.355299,43.661746,,,12.1430081511726,11.2337473071381,8668.53578638725,3078.64569907094,1
1049612,48344134,0,247,22:19:22,-79.355142,43.661763,,,12.1430081511726,12.7843115376438,8681.3200979249,3082.43582429877,1
1049612,48344134,0,248,22:19:24,-79.355068,43.661774,,,12.1430081511726,6.08384587628332,8687.40394380118,3084.23948323418,1
1049612,48344134,0,249,22:19:28,-79.354899,43.661794,,,12.1430081511726,13.7907444770769,8701.19468827826,3088.32798251701,1
1049612,48344134,0,250,22:19:38,-79.35449,43.661853,,,12.1430081511726,33.585853237957,8734.78054151622,3098.28507635665,1
1049612,48344134,0,251,22:19:53,-79.353879,43.661909,,,12.1430081511726,49.5980597609248,8784.37860127714,3112.98925944839,1
1049612,48344134,0,252,22:20:00,-79.353605,43.66196,,,12.1430081511726,22.7842638741742,8807.16286515131,3119.74403955937,1
1049612,48344134,0,253,22:20:13,-79.353071,43.66207,8632,33,12.1430081511726,44.7131210228412,8851.87598617416,3133,1
1049612,48344134,0,254,22:20:13,-79.353071,43.66207,8632,33,1e-12,0,8851.87598617416,3133,1
1049612,48344134,0,255,22:20:34,-79.352232,43.662236,,,12.1571919984016,70.0470291345917,8921.92301530875,3153.7423971685,1
1049612,48344134,0,256,22:20:45,-79.351787,43.66235,8820,34,12.1571919984016,38.0168997400884,8959.93991504884,3165,1
1049612,48344134,0,257,22:20:45,-79.351787,43.66235,8820,34,1e-12,0,8959.93991504884,3165,1
1049612,48344134,0,258,,-79.351348,43.662461,,,,37.4502029001998,8997.39011794904,,1
1049612,48344006,0,1,01:06:00,-79.453673,43.656751,14187,1,1e-12,0,0,0,2
1049612,48344006,0,2,01:06:00,-79.453673,43.656751,14187,1,1e-12,0,0,0,2
1049612,48344006,0,3,01:06:02,-79.453743,43.656757,,,11.7242136781804,5.67711267794401,5.67711267794401,1.74319627751533,2
1049612,48344006,0,4,01:06:03,-79.453792,43.656782,,,11.7242136781804,4.82896705219251,10.5060797301365,3.22596363958128,2
1049612,48344006,0,5,01:06:05,-79.453805,43.656826,,,11.7242136781804,5.00870967593465,15.5147894060712,4.76392220365303,2
1049612,48344006,0,6,01:06:12,-79.453849,43.657036,,,11.7242136781804,23.6441563505416,39.1589457566128,12.024022130044,2
1049612,48344006,0,7,01:06:29,-79.453196,43.657175,,,11.7242136781804,54.8202984586835,93.9792442152963,28.8569697262268,2
1049612,48344006,0,8,01:06:42,-79.452701,43.65728,,,11.7242136781804,41.5443615957111,135.523605811007,41.6134501051968,2
1049612,48344006,0,9,01:06:51,-79.452625,43.656998,,,11.7242136781804,31.983258763392,167.506864574399,51.4341284644197,2
1049612,48344006,0,10,01:07:15,-79.452442,43.656314,,,11.7242136781804,77.5558496208088,245.062714195208,75.2481825493025,2
1049612,48344006,0,11,01:07:35,-79.4523089987497,43.6557495000771,,,11.7242136781804,63.7462886873712,308.809002882579,94.8219164963072,2
1049612,48344006,0,12,01:07:54,-79.452176,43.655185,,,11.7242136781804,63.7462886829985,372.555291565578,114.395650441969,2
1049612,48344006,0,13,01:08:17,-79.4520049981363,43.6545305001274,,,11.7242136781804,74.1489058895443,446.704197455122,137.163579151691,2
1049612,48344006,0,14,01:08:40,-79.451834,43.653876,,,11.7242136781804,74.1489058853995,520.853103340522,159.931507860141,2
1049612,48344006,0,15,01:08:49,-79.451573,43.653708,,,11.7242136781804,28.1364204263614,548.989523766883,168.570988196755,2
1049612,48344006,0,16,01:09:10,-79.4508379959367,43.6533760023546,6600,2,11.7242136781804,69.7884203593053,618.777944126188,190,2
1049612,48344006,0,17,01:09:10,-79.4508379959367,43.6533760023546,6600,2,1e-12,0,618.777944126188,190,2
1049612,48344006,0,18,01:09:24,-79.450103,43.653044,,,17.5787513662863,69.7884203599089,688.566364486097,204.292159213169,2
1049612,48344006,0,19,01:09:42,-79.449196,43.652625,,,17.5787513662863,86.6735645914026,775.2399290775,222.042272746686,2
1049612,48344006,0,20,01:09:53,-79.4486354975921,43.6523670013693,2954,3,17.5787513662863,53.5064341459971,828.746363223497,233,2
1049612,48344006,0,21,01:09:53,-79.4486354975921,43.6523670013693,2954,3,1e-12,0,828.746363223497,233,2
1049612,48344006,0,22,01:10:07,-79.448075,43.652109,,,14.1341795872454,53.5064341459192,882.252797369416,246.628181369588,2
1049612,48344006,0,23,01:10:18,-79.447595,43.651921,,,14.1341795872454,43.9624008151401,926.215198184556,257.825480933924,2
1049612,48344006,0,24,01:10:37,-79.446797,43.651583,,,14.1341795872454,74.478091900049,1000.69329008461,276.79517982484,2
1049612,48344006,0,25,01:10:53,-79.4460539976,43.6513890024061,2243,4,14.1341795872454,63.6227329263151,1064.31602301092,293,2
1049612,48344006,0,26,01:10:53,-79.4460539976,43.6513890024061,2243,4,1e-12,0,1064.31602301092,293,2
1049612,48344006,0,27,01:11:06,-79.445311,43.651195,,,17.4938603766443,63.6227329256665,1127.93875593659,306.092698443975,2
1049612,48344006,0,28,01:11:17,-79.4446719984573,43.6510500017797,,,17.4938603766443,53.9406173214755,1181.87937325806,317.192948370318,2
1049612,48344006,0,29,01:11:28,-79.444033,43.650905,,,17.4938603766443,53.9406173185518,1235.81999057661,328.29319829606,2
1049612,48344006,0,30,01:11:46,-79.443011,43.65068,7506,5,17.4938603766443,86.0445324237915,1321.86452300041,346,2
1049612,48344006,0,31,01:11:46,-79.443011,43.65068,7506,5,1e-12,0,1321.86452300041,346,2
1049612,48344006,0,32,01:12:08,-79.442137,43.650467,,,12.2049760298368,74.2836476697534,1396.14817067016,367.910828088262,2
1049612,48344006,0,33,01:12:10,-79.442047,43.650444,,,12.2049760298368,7.68807316899912,1403.83624383916,370.178514918677,2
1049612,48344006,0,34,01:12:25,-79.441434,43.650313,,,12.2049760298368,51.4837411683698,1455.31998500753,385.364244718805,2
1049612,48344006,0,35,01:12:36,-79.441008,43.650274,,,12.2049760298368,34.586594335793,1489.90657934332,395.565964026116,2
1049612,48344006,0,36,01:12:51,-79.4403629993986,43.6502180018132,1606,6,12.2049760298368,52.3255664180276,1542.23214576135,411,2
1049612,48344006,0,37,01:12:51,-79.4403629993986,43.6502180018132,1606,6,1e-12,0,1542.23214576135,411,2
1049612,48344006,0,38,01:13:04,-79.439718,43.650162,,,14.187477144407,52.3255664188496,1594.5577121802,424.277345731769,2
1049612,48344006,0,39,01:13:19,-79.4390129995187,43.6501210021663,,,14.187477144407,56.9689382704725,1651.52665045067,438.732923399751,2
1049612,48344006,0,40,01:13:33,-79.438308,43.65008,,,14.187477144407,56.9689382687248,1708.4955887194,453.18850106729,2
1049612,48344006,0,41,01:13:47,-79.4376539994392,43.6500285018642,,,14.187477144407,52.9890281219166,1761.48461684131,466.634196823995,2
1049612,48344006,0,42,01:14:00,-79.437,43.649977,,,14.187477144407,52.9890281209145,1814.47364496223,480.079892580446,2
1049612,48344006,0,43,01:14:01,-79.436948,43.649974,,,14.187477144407,4.20176015316076,1818.67540511539,481.146067799437,2
1049612,48344006,0,44,01:14:15,-79.436269499486,43.6499285020065,,,14.187477144407,54.885698121126,1873.56110323651,495.073033899534,2
1049612,48344006,0,45,01:14:29,-79.435591,43.649883,2176,7,14.187477144407,54.8856981225814,1928.44680135909,509,2
1049612,48344006,0,46,01:14:29,-79.435591,43.649883,2176,7,1e-12,0,1928.44680135909,509,2
1049612,48344006,0,47,01:14:49,-79.4346344990604,43.6498240039875,,,13.5787213543534,77.3232743786834,2005.77007573778,529.499999999928,2
1049612,48344006,0,48,01:15:10,-79.433678,43.649765,1385,8,13.5787213543534,77.3232743792307,2083.09335011701,550,2
1049612,48344006,0,49,01:15:10,-79.433678,43.649765,1385,8,1e-12,0,2083.09335011701,550,2
1049612,48344006,0,50,01:15:22,-79.433132,43.649731,,,13.0117058811042,44.1416386955493,2127.23498881256,562.212841325806,2
1049612,48344006,0,51,01:15:37,-79.432475,43.649687,,,13.0117058811042,53.1460999477117,2180.38108876027,576.916982470712,2
1049612,48344006,0,52,01:16:00,-79.431441,43.649643,1063,9,13.0117058811042,83.4303985942979,2263.81148735457,600,2
1049612,48344006,0,53,01:16:00,-79.431441,43.649643,1063,9,1e-12,0,2263.81148735457,600,2
1049612,48344006,0,54,01:16:10,-79.430998,43.64962,,,13.4848385349684,35.7744643130107,2299.58595166758,609.550583137712,2
1049612,48344006,0,55,01:16:12,-79.430901,43.649616,,,13.4848385349684,7.82582746760769,2307.41177913519,611.63981682118,2
1049612,48344006,0,56,01:16:35,-79.429816,43.649577,7289,10,13.4848385349684,87.50230508713,2394.91408422232,635,2
1049612,48344006,0,57,01:16:35,-79.429816,43.649577,7289,10,1e-12,0,2394.91408422232,635,2
1049612,48344006,0,58,01:16:54,-79.4289634998155,43.6495640031675,,,12.9455653691169,68.6824210781601,2463.59650530048,654.099723251272,2
1049612,48344006,0,59,01:17:13,-79.428111,43.649551,,,12.9455653691169,68.6824210770906,2532.27892637757,673.199446502246,2
1049612,48344006,0,60,01:17:28,-79.4274469996794,43.6495220019216,,,12.9455653691169,53.581251853976,2585.86017823154,688.099723251416,2
1049612,48344006,0,61,01:17:43,-79.426783,43.649493,9568,11,12.9455653691169,53.5812518518696,2639.44143008341,703,2
1049612,48344006,0,62,01:17:43,-79.426783,43.649493,9568,11,1e-12,0,2639.44143008341,703,2
1049612,48344006,0,63,01:18:04,-79.425811,43.649475,,,13.4845532895565,78.318401089955,2717.75983117337,723.908830857764,2
1049612,48344006,0,64,01:18:27,-79.424739,43.64943,1416,12,13.4845532895565,86.4928057824016,2804.25263695577,747,2
1049612,48344006,0,65,01:18:27,-79.424739,43.64943,1416,12,1e-12,0,2804.25263695577,747,2
1049612,48344006,0,66,01:18:43,-79.42399,43.64942,,,13.241592951926,60.3408638973703,2864.59350085314,763.404907688915,2
1049612,48344006,0,67,01:18:45,-79.423907,43.649419,,,13.241592951926,6.68642714220013,2871.27992799534,765.222750738412,2
1049612,48344006,0,68,01:18:48,-79.423793,43.649414,,,13.241592951926,9.19934863995913,2880.4792766353,767.723783297265,2
1049612,48344006,0,69,01:19:00,-79.423248,43.649394,,,13.241592951926,43.9552001858325,2924.43447682113,779.673910539772,2
1049612,48344006,0,70,01:19:10,-79.42277,43.649379,,,13.241592951926,38.5382512559241,2962.97272807706,790.151328553225,2
1049612,48344006,0,71,01:19:32,-79.4217694995586,43.6493525043628,,,13.241592951926,80.6425359426309,3043.61526401969,812.07566427684,2
1049612,48344006,0,72,01:19:54,-79.420769,43.649326,3702,13,13.241592951926,80.6425359409612,3124.25779996065,834,2
1049612,48344006,0,73,01:19:54,-79.420769,43.649326,3702,13,1e-12,0,3124.25779996065,834,2
1049612,48344006,0,74,01:20:05,-79.420238,43.649428,,,14.7035367088186,44.2526345031264,3168.51043446377,844.834773113853,2
1049612,48344006,0,75,01:20:06,-79.420203,43.649435,,,14.7035367088186,2.92489677716932,3171.43533124094,845.550902070194,2
1049612,48344006,0,76,01:20:19,-79.419526,43.649566,,,14.7035367088186,56.4472826880006,3227.88261392894,859.371401294365,2
1049612,48344006,0,77,01:20:32,-79.418891,43.649693,,,14.7035367088186,53.0658218873307,3280.94843581627,872.363986859158,2
1049612,48344006,0,78,01:20:34,-79.418829,43.649706,,,14.7035367088186,5.19941719656207,3286.14785301284,873.637007240465,2
1049612,48344006,0,79,01:20:45,-79.418274,43.649818,6324,14,14.7035367088186,46.4100503227407,3332.55790333558,885,2
1049612,48344006,0,80,01:20:45,-79.418274,43.649818,6324,14,1e-12,0,3332.55790333558,885,2
1049612,48344006,0,81,01:20:57,-79.417665501231,43.6499395016138,,,15.0636045771642,50.8450931771777,3383.40299651275,897.151297154688,2
1049612,48344006,0,82,01:21:09,-79.417057,43.650061,,,15.0636045771642,50.8450931800177,3434.24808969277,909.302594310055,2
1049612,48344006,0,83,01:21:31,-79.415973,43.65029,,,15.0636045771642,90.9584306820348,3525.20652037481,931.040442563966,2
1049612,48344006,0,84,01:21:52,-79.414935,43.650491,,,15.0636045771642,86.5499516733065,3611.75647204811,951.724723303534,2
1049612,48344006,0,85,01:22:11,-79.413971,43.650687,7139,15,15.0636045771642,80.654207297497,3692.41067934561,971,2
1049612,48344006,0,86,01:22:11,-79.413971,43.650687,7139,15,1e-12,0,3692.41067934561,971,2
1049612,48344006,0,87,01:22:12,-79.413923,43.650697,,,14.406653122153,4.02330082894754,3696.43398017456,972.005360708098,2
1049612,48344006,0,88,01:22:21,-79.413487,43.650774,,,14.406653122153,36.1491833466217,3732.58316352118,981.038483040149,2
1049612,48344006,0,89,01:22:23,-79.413406,43.650791,,,14.406653122153,6.79317394931948,3739.3763374705,982.735992240253,2
1049612,48344006,0,90,01:22:35,-79.412801,43.650922,,,14.406653122153,50.8657117718857,3790.24204924239,995.44654762228,2
1049612,48344006,0,91,01:22:48,-79.412186,43.651046,,,14.406653122153,51.4231504773543,3841.66519971974,1008.29639832312,2
1049612,48344006,0,92,01:23:01,-79.411591,43.65117,,,14.406653122153,49.873131101736,3891.53833082148,1020.75892313329,2
1049612,48344006,0,93,01:23:15,-79.410907,43.651301,15146,16,14.406653122153,56.9906262513003,3948.52895707278,1035,2
1049612,48344006,0,94,01:23:15,-79.410907,43.651301,15146,16,1e-12,0,3948.52895707278,1035,2
1049612,48344006,0,95,01:23:27,-79.41031,43.651423,,,15.3761917544132,49.9667821770564,3998.49573924983,1046.69863245142,2
1049612,48344006,0,96,01:23:38,-79.40971,43.651547,,,15.3761917544132,50.2599599850938,4048.75569923493,1058.46590609344,2
1049612,48344006,0,97,01:23:50,-79.409096,43.651665,,,15.3761917544132,51.1695531278226,4099.92525236275,1070.44614113488,2
1049612,48344006,0,98,01:24:03,-79.408477,43.651786,,,15.3761917544132,51.6448839958722,4151.57013635862,1082.53766453382,2
1049612,48344006,0,99,01:24:14,-79.4078700013392,43.6519185016059,,,15.3761917544132,51.0672129344428,4202.63734929306,1094.49393885066,2
1049612,48344006,0,100,01:24:26,-79.407263,43.652051,,,15.3761917544132,51.0672129328879,4253.70456222595,1106.45021316713,2
1049612,48344006,0,101,01:24:39,-79.406604,43.652185,,,15.3761917544132,55.1350932565487,4308.8396554825,1119.35889295558,2
1049612,48344006,0,102,01:24:51,-79.406009,43.652304,3665,17,15.3761917544132,49.7210817079612,4358.56073719046,1131,2
1049612,48344006,0,103,01:24:51,-79.406009,43.652304,3665,17,1e-12,0,4358.56073719046,1131,2
1049612,48344006,0,104,01:25:04,-79.405586,43.652369,,,9.80030724505016,34.8301176210623,4393.39085481152,1143.79433596321,2
1049612,48344006,0,105,01:25:07,-79.405462,43.65237,,,9.80030724505016,9.98810631526936,4403.37896112679,1147.46332121396,2
1049612,48344006,0,106,01:25:11,-79.405349,43.652357,,,9.80030724505016,9.21583197372955,4412.59479310052,1150.84862274338,2
1049612,48344006,0,107,01:25:15,-79.405235,43.652321,,,9.80030724505016,10.0184868530832,4422.61327995361,1154.52876784182,2
1049612,48344006,0,108,01:25:28,-79.404833,43.652151,,,9.80030724505016,37.5036001666452,4460.11688012025,1168.30516864478,2
1049612,48344006,0,109,01:25:44,-79.404397,43.65195,,,9.80030724505016,41.6399744893275,4501.75685460958,1183.60100625612,2
1049612,48344006,0,110,01:25:58,-79.403988,43.651766,,,9.80030724505016,38.7914626270869,4540.54831723667,1197.85048455978,2
1049612,48344006,0,111,01:26:01,-79.403903,43.651739,,,9.80030724505016,7.47703387505321,4548.02535111172,1200.59706395542,2
1049612,48344006,0,112,01:26:03,-79.403839,43.651734,,,9.80030724505016,5.18484795056778,4553.21019906229,1202.50164226662,2
1049612,48344006,0,113,01:26:06,-79.403734,43.651733,,,9.80030724505016,8.45796752578643,4561.66816658807,1205.60855333905,2
1049612,48344006,0,114,01:26:33,-79.402833,43.651919,,,9.80030724505016,75.4669951069742,4637.13516169505,1233.3302538523,2
1049612,48344006,0,115,01:26:51,-79.402253,43.652022,6692,18,9.80030724505016,48.1024836637533,4685.2376453588,1251,2
1049612,48344006,0,116,01:26:51,-79.402253,43.652022,6692,18,1e-12,0,4685.2376453588,1251,2
1049612,48344006,0,117,01:27:08,-79.401645,43.652155,,,10.8166946112118,51.1602773726068,4736.39792273141,1268.02710533683,2
1049612,48344006,0,118,01:27:22,-79.401134,43.652267,,,10.8166946112118,43.0051666985394,4779.40308942995,1282.34003601292,2
1049612,48344006,0,119,01:27:45,-79.400327,43.652447,,,10.8166946112118,68.0176439238151,4847.42073335376,1304.9775909155,2
1049612,48344006,0,120,01:27:58,-79.399857,43.652543,,,10.8166946112118,39.3352266479088,4886.75596000167,1318.06909631731,2
1049612,48344006,0,121,01:28:16,-79.399212,43.652672,,,10.8166946112118,53.8990212076047,4940.65498120927,1336.00770726287,2
1049612,48344006,0,122,01:28:49,-79.398037,43.652937,6046,19,10.8166946112118,99.1298764059098,5039.78485761519,1369,2
1049612,48344006,0,123,01:28:49,-79.398037,43.652937,6046,19,1e-12,0,5039.78485761519,1369,2
1049612,48344006,0,124,01:29:08,-79.397425,43.653072,,,9.73070117842469,51.5325205438689,5091.31737815905,1388.0651290751,2
1049612,48344006,0,125,01:29:13,-79.397259,43.653109,,,9.73070117842469,13.9902286207898,5105.30760677984,1393.24099688888,2
1049612,48344006,0,126,01:29:21,-79.397019,43.653162,,,9.73070117842469,20.2107018426118,5125.51830862246,1400.71821002072,2
1049612,48344006,0,127,01:29:48,-79.396152,43.65334,,,9.73070117842469,72.5877001367893,5198.10600875924,1427.57297780168,2
1049612,48344006,0,128,01:30:06,-79.395544,43.653464,,,9.73070117842469,50.8783482178153,5248.98435697706,1446.39608728018,2
1049612,48344006,0,129,01:30:35,-79.394631,43.653652,,,9.73070117842469,76.4555060826188,5325.43986305968,1474.68180039074,2
1049612,48344006,0,130,01:30:38,-79.39453,43.653673,,,9.73070117842469,8.46402658925202,5333.90388964893,1477.81317758161,2
1049612,48344006,0,131,01:30:59,-79.393847,43.653816,7171,20,9.73070117842469,57.2673994093688,5391.1712890583,1499,2
1049612,48344006,0,132,01:30:59,-79.393847,43.653816,7171,20,1e-12,0,5391.1712890583,1499,2
1049612,48344006,0,133,01:31:16,-79.3932472538201,43.6539435047033,,,10.3571061897974,50.3470439773051,5441.5183330356,1516.4999999997,2
1049612,48344006,0,134,01:31:34,-79.3926475050934,43.654071006271,,,10.3571061897974,50.3470439793503,5491.86537701495,1534.0000000001,2
1049612,48344006,0,135,01:31:51,-79.39204775382,43.6541985047033,,,10.3571061897974,50.3470439776686,5542.21242099262,1551.49999999992,2
1049612,48344006,0,136,01:32:09,-79.391448,43.654326,9016,21,10.3571061897974,50.3470439784035,5592.55946497103,1569,2
1049612,48344006,0,137,01:32:09,-79.391448,43.654326,9016,21,1e-12,0,5592.55946497103,1569,2
1049612,48344006,0,138,01:32:33,-79.390647,43.654471,,,9.99258871281496,66.502386102682,5659.06185107371,1592.95861541491,2
1049612,48344006,0,139,01:32:36,-79.390533,43.65449,,,9.99258871281496,9.42218228618834,5668.4840333599,1596.35311680039,2
1049612,48344006,0,140,01:32:39,-79.390445,43.654496,,,9.99258871281496,7.11904426340458,5675.6030776233,1598.9178735501,2
1049612,48344006,0,141,01:32:41,-79.390366,43.654496,,,9.99258871281496,6.36276977859966,5681.9658474019,1601.2101695568,2
1049612,48344006,0,142,01:32:44,-79.39028,43.654484,,,9.99258871281496,7.05419650597194,5689.02004390787,1603.75156379921,2
1049612,48344006,0,143,01:32:46,-79.390201,43.654478,,,9.99258871281496,6.39773182675535,5695.41777573463,1606.05645547826,2
1049612,48344006,0,144,01:32:52,-79.389992,43.654505,,,9.99258871281496,17.0993796640855,5712.51715539871,1612.21679776391,2
1049612,48344006,0,145,01:33:16,-79.389212,43.654677,,,9.99258871281496,65.6752057670961,5778.19236116581,1635.87740739736,2
1049612,48344006,0,146,01:33:31,-79.388717,43.654795,7311,22,9.99258871281496,41.9760689304465,5820.16843009626,1651,2
1049612,48344006,0,147,01:33:31,-79.388717,43.654795,7311,22,1e-12,0,5820.16843009626,1651,2
1049612,48344006,0,148,01:33:33,-79.388644,43.654806,,,10.5265850348544,6.00565211404732,5826.1740822103,1653.05388048821,2
1049612,48344006,0,149,01:33:36,-79.388523,43.654809,,,10.5265850348544,9.75117797497297,5835.92526018528,1656.38869805665,2
1049612,48344006,0,150,01:33:39,-79.388418,43.654795,,,10.5265850348544,8.59920644875012,5844.52446663403,1659.32955144006,2
1049612,48344006,0,151,01:33:43,-79.388301,43.654783,,,10.5265850348544,9.51750866095736,5854.04197529498,1662.58445614714,2
1049612,48344006,0,152,01:34:16,-79.387148,43.655017,,,10.5265850348544,96.4478391382936,5950.48981443328,1695.56877344931,2
1049612,48344006,0,153,01:34:47,-79.386047,43.655234,6459,23,10.5265850348544,91.9065219543492,6042.39633638763,1727,2
1049612,48344006,0,154,01:34:47,-79.386047,43.655234,6459,23,1e-12,0,6042.39633638763,1727,2
1049612,48344006,0,155,01:35:10,-79.385212,43.655419,,,11.1642382228106,70.333716743649,6112.73005313128,1749.67968268178,2
1049612,48344006,0,156,01:35:29,-79.3844820017627,43.6555640023227,,,11.1642382228106,60.9696374362038,6173.69969056748,1769.33984134105,2
1049612,48344006,0,157,01:35:49,-79.383752,43.655709,2856,24,11.1642382228106,60.9696374352197,6234.6693280027,1789,2
1049612,48344006,0,158,01:35:49,-79.383752,43.655709,2856,24,1e-12,0,6234.6693280027,1789,2
1049612,48344006,0,159,01:36:28,-79.3830422554341,43.6558622565867,,,5.506538790796,59.6541702324387,6294.32349823514,1827.99999999923,2
1049612,48344006,0,160,01:37:07,-79.3823325072454,43.6560155087823,,,5.506538790796,59.654170234862,6353.97766847,1867.00000000004,2
1049612,48344006,0,161,01:37:46,-79.381622755434,43.6561687565868,,,5.506538790796,59.6541702333774,6413.63183870338,1905.99999999988,2
1049612,48344006,0,162,01:38:25,-79.380913,43.656322,3874,25,5.506538790796,59.6541702338151,6473.28600893719,1945,2
1049612,48344006,0,163,01:38:25,-79.380913,43.656322,3874,25,1e-12,0,6473.28600893719,1945,2
1049612,48344006,0,164,01:38:50,-79.380355,43.656451,,,6.77277816848198,47.1792382637928,6520.46524720099,1970.07763483825,2
1049612,48344006,0,165,01:38:52,-79.380308,43.656453,,,6.77277816848198,3.79186376817286,6524.25711096916,1972.09316070162,2
1049612,48344006,0,166,01:38:52,-79.380302,43.656453,,,6.77277816848198,0.483232589166928,6524.74034355833,1972.35001797314,2
1049612,48344006,0,167,01:38:54,-79.380266,43.656452,,,6.77277816848198,2.9015317732902,6527.64187533162,1973.8922970976,2
1049612,48344006,0,168,01:38:58,-79.380173,43.656436,,,6.77277816848198,7.6989642881543,6535.34083961977,1977.98460172472,2
1049612,48344006,0,169,01:39:26,-79.379563,43.656284,,,6.77277816848198,51.9609163367816,6587.30175595655,2005.60388795543,2
1049612,48344006,0,170,01:39:35,-79.379358,43.656235,,,6.77277816848198,17.3882107124978,6604.68996666905,2014.84641103943,2
1049612,48344006,0,171,01:39:45,-79.379133,43.656171,,,6.77277816848198,19.47149647964,6624.16146314869,2025.19628306874,2
1049612,48344006,0,172,01:39:50,-79.379037,43.656143,,,6.77277816848198,8.33639348273493,6632.49785663142,2029.62740657394,2
1049612,48344006,0,173,01:39:57,-79.378865,43.65614,,,6.77277816848198,13.8567643222511,6646.35462095368,2036.99282595121,2
1049612,48344006,0,174,01:40:22,-79.378303,43.656255,,,6.77277816848198,47.0385140066365,6693.39313496031,2061.99566026992,2
1049612,48344006,0,175,01:40:49,-79.377702,43.656379,,,6.77277816848198,50.3336674578727,6743.72680241818,2088.74999923403,2
1049612,48344006,0,176,01:41:14,-79.377134,43.656494,3471,26,6.77277816848198,47.5035149838561,6791.23031740204,2114,2
1049612,48344006,0,177,01:41:14,-79.377134,43.656494,3471,26,1e-12,0,6791.23031740204,2114,2
1049612,48344006,0,178,01:41:34,-79.376548,43.656641,,,8.78635845440476,49.9520418753592,6841.1823592774,2134.46665312877,2
1049612,48344006,0,179,01:42:05,-79.375652,43.656813,,,8.78635845440476,74.6593486410026,6915.8417079184,2165.05653362389,2
1049612,48344006,0,180,01:42:43,-79.374554,43.65706,3184,27,8.78635845440476,92.6069157175337,7008.44862363594,2203,2
1049612,48344006,0,181,01:42:43,-79.374554,43.65706,3184,27,1e-12,0,7008.44862363594,2203,2
1049612,48344006,0,182,01:43:23,-79.373446,43.657296,,,8.32798040699892,93.0227265727248,7101.47135020866,2243.21164787808,2
1049612,48344006,0,183,01:43:25,-79.373396,43.657321,,,8.32798040699892,4.89497575855574,7106.36632596722,2245.3276366136,2
1049612,48344006,0,184,01:43:30,-79.373304,43.657395,,,8.32798040699892,11.0796556696882,7117.4459816369,2250.11712439594,2
1049612,48344006,0,185,01:43:37,-79.373198,43.657506,,,8.32798040699892,15.018721630798,7132.4647032677,2256.60938244993,2
1049612,48344006,0,186,01:43:43,-79.373095,43.657607,,,8.32798040699892,13.972249608549,7146.43695287625,2262.64927401218,2
1049612,48344006,0,187,01:43:48,-79.373007,43.657699,,,8.32798040699892,12.4545383298953,7158.89149120615,2268.03309287299,2
1049612,48344006,0,188,01:43:53,-79.372944,43.65778,,,8.32798040699892,10.3463949529946,7169.23788615914,2272.50560841823,2
1049612,48344006,0,189,01:43:58,-79.372855,43.657882,,,8.32798040699892,13.4277257916845,7182.66561195083,2278.31011449145,2
1049612,48344006,0,190,01:44:04,-79.372742,43.657967,,,8.32798040699892,13.1283805084346,7195.79399245926,2283.98522028188,2
1049612,48344006,0,191,01:44:09,-79.372629,43.658036,,,8.32798040699892,11.9088287811499,7207.70282124041,2289.13314108824,2
1049612,48344006,0,192,01:44:13,-79.372549,43.658084,,,8.32798040699892,8.37033845047064,7216.07315969088,2292.75145152475,2
1049612,48344006,0,193,01:44:20,-79.372377,43.658163,,,8.32798040699892,16.4080582181392,7232.48121790902,2299.84428876721,2
1049612,48344006,0,194,01:44:23,-79.372292,43.658194,,,8.32798040699892,7.66622174625865,7240.14743965528,2303.15822527256,2
1049612,48344006,0,195,01:44:25,-79.372236,43.658214,,,8.32798040699892,5.02963877331534,7245.17707842859,2305.33242582287,2
1049612,48344006,0,196,01:44:29,-79.37213,43.658245,,,8.32798040699892,9.20796713822159,7254.38504556682,2309.31282444026,2
1049612,48344006,0,197,01:44:32,-79.37205,43.65825,,,8.32798040699892,6.46690593733399,7260.85195150415,2312.10832349725,2
1049612,48344006,0,198,01:44:37,-79.371921,43.658267,,,8.32798040699892,10.5601386974485,7271.4120902016,2316.67323569119,2
1049612,48344006,0,199,01:44:42,-79.371778,43.658276,,,8.32798040699892,11.5601906752191,7282.97228087682,2321.67044802802,2
1049612,48344006,0,200,01:44:46,-79.371662,43.658281,,,8.32798040699892,9.35877870344757,7292.33105958027,2325.71603911804,2
1049612,48344006,0,201,01:44:50,-79.371538,43.65829,,,8.32798040699892,10.0366317974938,7302.36769137776,2330.05465096692,2
1049612,48344006,0,202,01:44:54,-79.371419,43.658295,,,8.32798040699892,9.59996850216098,7311.96765987992,2334.20450302213,2
1049612,48344006,0,203,01:44:57,-79.371339,43.65829,2641,28,8.32798040699892,6.46690112764229,7318.43456100756,2337,2
1049612,48344006,0,204,01:44:57,-79.371339,43.65829,2641,28,1e-12,0,7318.43456100756,2337,2
1049612,48344006,0,205,01:45:07,-79.371019,43.658287,,,9.47964988285276,25.7737806330898,7344.20834164065,2346.78787312039,2
1049612,48344006,0,206,01:45:33,-79.370204,43.658482,,,9.47964988285276,69.1333516045015,7413.34169324515,2373.04201423866,2
1049612,48344006,0,207,01:45:56,-79.369499,43.658651,,,9.47964988285276,59.8134667082433,7473.1551599534,2395.75682784578,2
1049612,48344006,0,208,01:46:26,-79.368555,43.658864,2749,29,9.47964988285276,79.6374120469149,7552.79257200031,2426,2
1049612,48344006,0,209,01:46:26,-79.368555,43.658864,2749,29,1e-12,0,7552.79257200031,2426,2
1049612,48344006,0,210,01:46:50,-79.36797,43.658977,,,7.44108592774683,48.7636270828217,7601.55619908313,2449.59186000575,2
1049612,48344006,0,211,01:46:51,-79.36793,43.658983,,,7.44108592774683,3.28992823089153,7604.84612731402,2451.18352844584,2
1049612,48344006,0,212,01:47:15,-79.367339,43.659115,,,7.44108592774683,49.8129647305669,7654.65909204459,2475.28305837619,2
1049612,48344006,0,213,01:47:43,-79.366656,43.659286,,,7.44108592774683,58.2061499070812,7712.86524195167,2503.44321425937,2
1049612,48344006,0,214,01:47:47,-79.366569,43.659306,5988,30,7.44108592774683,7.35176342294231,7720.21700537462,2507,2
1049612,48344006,0,215,01:47:47,-79.366569,43.659306,5988,30,1e-12,0,7720.21700537462,2507,2
1049612,48344006,0,216,01:47:58,-79.366003,43.659433,,,15.2979345629742,47.7247945869714,7767.94179996159,2518.23087955474,2
1049612,48344006,0,217,01:48:14,-79.365228,43.659599,,,15.2979345629742,65.092449135765,7833.03424909735,2533.54881779824,2
1049612,48344006,0,218,01:48:15,-79.365156,43.659615,,,15.2979345629742,6.06587214556433,7839.10012124292,2534.97627453328,2
1049612,48344006,0,219,01:48:28,-79.364518,43.65975,,,15.2979345629742,53.5336215716499,7892.63374281457,2547.57412144291,2
1049612,48344006,0,220,01:48:28,-79.364487,43.659755,,,15.2979345629742,2.55785752537458,7895.19160033994,2548.1760515305,2
1049612,48344006,0,221,01:48:38,-79.363979,43.659863,,,15.2979345629742,42.6413385745775,7937.83293891452,2558.21066229684,2
1049612,48344006,0,222,01:48:43,-79.363744,43.659918,,,15.2979345629742,19.8912400549347,7957.72417896945,2562.8915859799,2
1049612,48344006,0,223,01:48:58,-79.362988,43.66008,,,15.2979345629742,63.4983670469507,8021.2225460164,2577.83439544402,2
1049612,48344006,0,224,01:49:10,-79.3623790013846,43.6602165016165,,,15.2979345629742,51.3449773857309,8072.56752340214,2589.91719772218,2
1049612,48344006,0,225,01:49:22,-79.36177,43.660353,24274,31,15.2979345629742,51.3449773843006,8123.91250078644,2602,2
1049612,48344006,0,226,01:49:22,-79.36177,43.660353,24274,31,1e-12,0,8123.91250078644,2602,2
1049612,48344006,0,227,01:49:38,-79.361007,43.660524,,,14.7039003799896,64.3279797688118,8188.24048055525,2617.74961208816,2
1049612,48344006,0,228,01:49:49,-79.360473,43.660665,,,14.7039003799896,45.7796142580602,8234.02009481331,2628.95797225586,2
1049612,48344006,0,229,01:49:50,-79.360429,43.660677,,,14.7039003799896,3.78689024111954,8237.80698505443,2629.88512794352,2
1049612,48344006,0,230,01:49:56,-79.360146,43.660733,,,14.7039003799896,23.6280456377539,8261.43503069218,2635.67005317408,2
1049612,48344006,0,231,01:49:58,-79.360011,43.660758,,,14.7039003799896,11.2224972789602,8272.65752797114,2638.41769081853,2
1049612,48344006,0,232,01:50:06,-79.359633,43.660848,,,14.7039003799896,32.0477326515074,8304.70526062265,2646.26403325584,2
1049612,48344006,0,233,01:50:09,-79.359498,43.660879,,,14.7039003799896,11.4064763322936,8316.11173695494,2649.05671504333,2
1049612,48344006,0,234,01:50:23,-79.3588230017539,43.6610350019859,,,14.7039003799896,57.0660108730889,8373.17774782803,2663.02835752145,2
1049612,48344006,0,235,01:50:37,-79.358148,43.661191,6694,32,14.7039003799896,57.0660108748549,8430.24375870289,2677,2
1049612,48344006,0,236,01:50:37,-79.358148,43.661191,6694,32,1e-12,0,8430.24375870289,2677,2
1049612,48344006,0,237,01:50:53,-79.3573850023003,43.6613720025374,,,14.5949617201593,64.6652264515624,8494.90898515445,2692.95035462848,2
1049612,48344006,0,238,01:51:09,-79.356622,43.661553,,,14.5949617201593,64.6652264518488,8559.5742116063,2708.90070925703,2
1049612,48344006,0,239,01:51:14,-79.356377,43.661616,,,14.5949617201593,20.9396546832789,8580.51386628958,2714.06569415423,2
1049612,48344006,0,240,01:51:14,-79.356374,43.661616,,,14.5949617201593,0.241595519110097,8580.75546180869,2714.12528621658,2
1049612,48344006,0,241,01:51:20,-79.356076,43.66165,,,14.5949617201593,24.2951084883444,8605.05057029703,2720.11792889937,2
1049612,48344006,0,242,01:51:24,-79.355875,43.661673,,,14.5949617201593,16.3881271220774,8621.43869741911,2724.16023190576,2
1049612,48344006,0,243,01:51:28,-79.355665,43.661697,,,14.5949617201593,17.1213984802544,8638.56009589936,2728.38340396409,2
1049612,48344006,0,244,01:51:29,-79.355648,43.661699,,,14.5949617201593,1.38702451575937,8639.94712041512,2728.72552807188,2
1049612,48344006,0,245,01:51:33,-79.355436,43.661727,,,14.5949617201593,17.3549186649951,8657.30203908012,2733.00630032684,2
1049612,48344006,0,246,01:51:36,-79.355299,43.661746,,,14.5949617201593,11.2337473071381,8668.53578638725,2735.77722162702,2
1049612,48344006,0,247,01:51:39,-79.355142,43.661763,,,14.5949617201593,12.7843115376438,8681.3200979249,2738.93060581658,2
1049612,48344006,0,248,01:51:40,-79.355068,43.661774,,,14.5949617201593,6.08384587628332,8687.40394380118,2740.43125005084,2
1049612,48344006,0,249,01:51:44,-79.354899,43.661794,,,14.5949617201593,13.7907444770769,8701.19468827826,2743.83288145416,2
1049612,48344006,0,250,01:51:52,-79.35449,43.661853,,,14.5949617201593,33.585853237957,8734.78054151622,2752.11718352873,2
1049612,48344006,0,251,01:52:04,-79.353879,43.661909,,,14.5949617201593,49.5980597609248,8784.37860127714,2764.35106386106,2
1049612,48344006,0,252,01:52:10,-79.353605,43.66196,,,14.5949617201593,22.7842638741742,8807.16286515131,2769.97104091339,2
1049612,48344006,0,253,01:52:21,-79.353071,43.66207,8632,33,14.5949617201593,44.7131210228412,8851.87598617416,2781,2
1049612,48344006,0,254,01:52:21,-79.353071,43.66207,8632,33,1e-12,0,8851.87598617416,2781,2
1049612,48344006,0,255,01:52:39,-79.352232,43.662236,,,14.4085238499574,70.0470291345917,8921.92301530875,2798.50139761092,2
1049612,48344006,0,256,01:52:48,-79.351787,43.66235,8820,34,14.4085238499574,38.0168997400884,8959.93991504884,2808,2
1049612,48344006,0,257,01:52:48,-79.351787,43.66235,8820,34,1e-12,0,8959.93991504884,2808,2
1049612,48344006,0,258,,-79.351348,43.662461,,,,37.4502029001998,8997.39011794904,,2
