shape_id,trip_id,route_type,id,timestamp,shape_pt_lon,shape_pt_lat,stop_id,stop_sequence,speed,dist,cumdist,cumtime,trip_number
1049886,48349171,3,1,04:59:00,-79.414973,43.780617,14207,1,1e-12,0,0,0,1
1049886,48349171,3,2,04:59:00,-79.414973,43.780617,14207,1,1e-12,0,0,0,1
1049886,48349171,3,3,04:59:07,-79.415077,43.78087,,,14.7393793368774,29.378033077851,29.378033077851,7.17539841149576,1
1049886,48349171,3,4,04:59:08,-79.415093,43.780907,,,14.7393793368774,4.31489826035035,33.6929313382013,8.22928496819742,1
1049886,48349171,3,5,04:59:16,-79.415478,43.780875,,,14.7393793368774,31.1474641748883,64.8403955130897,15.8368557123095,1
1049886,48349171,3,6,04:59:23,-79.415805,43.780798,,,14.7393793368774,27.6440373365141,92.4844328496038,22.5887366522659,1
1049886,48349171,3,7,04:59:46,-79.416001,43.781637,,,14.7393793368774,94.716202243355,187.200635092959,45.7225688362957,1
1049886,48349171,3,8,05:00:03,-79.41616,43.782262,15156,2,14.7393793368774,70.7385033023957,257.939138395354,63,1
1049886,48349171,3,9,05:00:03,-79.41616,43.782262,15156,2,1e-12,0,257.939138395354,63,1
1049886,48349171,3,10,05:00:17,-79.416325,43.782915,,,18.7170516157821,73.891308592431,331.830446987785,77.2121054316298,1
1049886,48349171,3,11,05:00:19,-79.416344,43.783007,,,18.7170516157821,10.3546071797074,342.185054167493,79.2036897159577,1
1049886,48349171,3,12,05:00:28,-79.416453,43.783432,,,18.7170516157821,48.1149752265203,390.300029394013,88.4580271175504,1
1049886,48349171,3,13,05:00:31,-79.416475,43.783534,,,18.7170516157821,11.4914249792968,401.79145437331,90.6682646471935,1
1049886,48349171,3,14,05:00:43,-79.416621,43.784089,,,18.7170516157821,62.8866778040377,464.678132177348,102.763761563152,1
1049886,48349171,3,15,05:00:52,-79.416721,43.784503,,,18.7170516157821,46.7817582694589,511.459890446806,111.761670701152,1
1049886,48349171,3,16,05:01:02,-79.416843,43.784973,12888,3,18.7170516157821,53.2309272071987,564.690817654005,122,1
1049886,48349171,3,17,05:01:02,-79.416843,43.784973,12888,3,1e-12,0,564.690817654005,122,1
1049886,48349171,3,18,05:01:17,-79.416978,43.78555,,,16.0811962412728,65.1411923004341,629.832009954439,136.582764165249,1
1049886,48349171,3,19,05:01:32,-79.417124,43.78617,,,16.0811962412728,70.0083282605258,699.840338214965,152.255104578025,1
1049886,48349171,3,20,05:01:44,-79.4172369991512,43.7866190000557,,,16.0811962412728,50.8007120525741,750.641050267539,163.62755228934,1
1049886,48349171,3,21,05:01:55,-79.41735,43.787068,1100,4,16.0811962412728,50.8007120496489,801.441762317188,175,1
1049886,48349171,3,22,05:01:55,-79.41735,43.787068,1100,4,1e-12,0,801.441762317188,175,1
1049886,48349171,3,23,05:02:07,-79.4174682471676,43.7875452501829,,,16.3936858862591,53.9704156760818,855.41217799327,186.851727413952,1
1049886,48349171,3,24,05:02:19,-79.4175864962234,43.7880225002438,,,16.3936858862591,53.9704156807254,909.382593673995,198.703454828924,1
1049886,48349171,3,25,05:02:31,-79.4177047471675,43.7884997501829,,,16.3936858862591,53.9704156785322,963.353009352527,210.555182243414,1
1049886,48349171,3,26,05:02:42,-79.417823,43.788977,,,16.3936858862591,53.9704156747187,1017.32342502725,222.406909657066,1
1049886,48349171,3,27,05:02:52,-79.417919,43.789361,,,16.3936858862591,43.4372452325535,1060.7606702598,231.94558716511,1
1049886,48349171,3,28,05:03:03,-79.4180264991987,43.7898065000504,9807,5,16.3936858862591,50.3396032422823,1111.10027350208,243,1
1049886,48349171,3,29,05:03:03,-79.4180264991987,43.7898065000504,9807,5,1e-12,0,1111.10027350208,243,1
1049886,48349171,3,30,05:03:12,-79.418134,43.790252,,,20.1191488881122,50.3396032392479,1161.43987674133,252.007467098589,1
1049886,48349171,3,31,05:03:21,-79.4182469991293,43.7907125000557,,,20.1191488881122,52.0606605735326,1213.50053731486,261.32288988844,1
1049886,48349171,3,32,05:03:31,-79.41836,43.791173,,,20.1191488881122,52.0606605764042,1265.56119789127,270.638312678804,1
1049886,48349171,3,33,05:03:40,-79.418474,43.791647,,,20.1191488881122,53.5547477775256,1319.11594566879,280.221078484221,1
1049886,48349171,3,34,05:03:49,-79.418576,43.792063,,,20.1191488881122,47.0286727872206,1366.14461845601,288.636107518279,1
1049886,48349171,3,35,05:03:58,-79.4186849991857,43.7925095000518,,,20.1191488881122,50.4699864864711,1416.61460494248,297.666904614207,1
1049886,48349171,3,36,05:04:07,-79.418794,43.792956,,,20.1191488881122,50.4699864899437,1467.08459143243,306.697701710755,1
1049886,48349171,3,37,05:04:24,-79.419014,43.79381,3152,6,20.1191488881122,96.6965320521777,1563.78112348461,324,1
1049886,48349171,3,38,05:04:24,-79.419014,43.79381,3152,6,1e-12,0,1563.78112348461,324,1
1049886,48349171,3,39,05:04:41,-79.419209,43.79462,,,19.371539690382,91.5200921797437,1655.30121566435,341.008061161533,1
1049886,48349171,3,40,05:04:59,-79.419422,43.795476,5025,7,19.371539690382,96.8143214767479,1752.1155371411,359,1
1049886,48349171,3,41,05:04:59,-79.419422,43.795476,5025,7,1e-12,0,1752.1155371411,359,1
1049886,48349171,3,42,05:05:18,-79.419631,43.796322,,,18.5541160135761,95.6618723713667,1847.77740951246,377.560988854707,1
1049886,48349171,3,43,05:05:36,-79.419819,43.797159,,,18.5541160135761,94.3909881173499,1942.16839762981,395.875391813803,1
1049886,48349171,3,44,05:05:54,-79.420084,43.797999,,,18.5541160135761,95.9019721492681,2038.07036977908,414.482966515004,1
1049886,48349171,3,45,05:06:07,-79.4208532564112,43.7978330077392,5414,8,18.5541160135761,64.5118031740075,2102.58217295309,427,1
1049886,48349171,3,46,05:06:07,-79.4208532564112,43.7978330077392,5414,8,1e-12,0,2102.58217295309,427,1
1049886,48349171,3,47,05:06:18,-79.4216225085483,43.7976670103188,,,21.1329087767026,64.5118031750242,2167.09397612811,437.989613114032,1
1049886,48349171,3,48,05:06:29,-79.4223917564113,43.7975010077391,,,21.1329087767026,64.5118031735219,2231.60577930163,448.979226227808,1
1049886,48349171,3,49,05:06:40,-79.423161,43.797335,,,21.1329087767026,64.511803175817,2296.11758247745,459.968839341974,1
1049886,48349171,3,50,05:06:51,-79.4239652571974,43.7971567584594,,,21.1329087767026,67.5993635014667,2363.71694597892,471.484419671056,1
1049886,48349171,3,51,05:07:03,-79.4247695095966,43.7969785112792,9948,9,21.1329087767026,67.5993635006556,2431.31630947957,483,1
1049886,48349171,3,52,05:07:03,-79.4247695095966,43.7969785112792,9948,9,1e-12,0,2431.31630947957,483,1
1049886,48349171,3,53,05:07:14,-79.4255737571975,43.7968002584593,,,22.2620183739897,67.5993635016702,2498.91567298124,493.931520427202,1
1049886,48349171,3,54,05:07:25,-79.426378,43.796622,,,22.2620183739897,67.5993634997698,2566.51503648101,504.863040854097,1
1049886,48349171,3,55,05:07:35,-79.427100255575,43.7964682568223,,,22.2620183739897,60.5047016394447,2627.01973812046,514.64728064057,1
1049886,48349171,3,56,05:07:44,-79.4278225074334,43.7963145090964,,,22.2620183739897,60.5047016398953,2687.52443976035,524.431520427117,1
1049886,48349171,3,57,05:07:54,-79.4285447555751,43.7961607568222,,,22.2620183739897,60.5047016396486,2748.0291414,534.215760213624,1
1049886,48349171,3,58,05:08:04,-79.429267,43.796007,3945,10,22.2620183739897,60.5047016388411,2808.53384303884,544,1
1049886,48349171,3,59,05:08:04,-79.429267,43.796007,3945,10,1e-12,0,2808.53384303884,544,1
1049886,48349171,3,60,05:08:16,-79.430130758174,43.7958185097574,,,22.2148161893307,72.506691729502,2881.04053476835,555.750000000071,1
1049886,48349171,3,61,05:08:28,-79.4309945108987,43.7956300130098,,,22.2148161893307,72.5066917290435,2953.54722649739,567.500000000067,1
1049886,48349171,3,62,05:08:39,-79.4318582581741,43.7954415097573,,,22.2148161893307,72.5066917296956,3026.05391822709,579.250000000169,1
1049886,48349171,3,63,05:08:51,-79.432722,43.795253,3646,11,22.2148161893307,72.50669172802,3098.56060995511,591,1
1049886,48349171,3,64,05:08:51,-79.432722,43.795253,3646,11,1e-12,0,3098.56060995511,591,1
1049886,48349171,3,65,05:09:05,-79.4336825101139,43.7950432620657,,,21.1113535711698,80.6336421125212,3179.19425206763,604.750000000071,1
1049886,48349171,3,66,05:09:19,-79.4346430134853,43.7948335160875,,,21.1113535711698,80.6336421128099,3259.82789418044,618.500000000191,1
1049886,48349171,3,67,05:09:32,-79.4356035101141,43.7946237620656,,,21.1113535711698,80.6336421110562,3340.46153629149,632.250000000011,1
1049886,48349171,3,68,05:09:46,-79.436564,43.794414,10216,12,21.1113535711698,80.6336421120399,3421.09517840353,646,1
1049886,48349171,3,69,05:09:46,-79.436564,43.794414,10216,12,1e-12,0,3421.09517840353,646,1
1049886,48349171,3,70,05:09:59,-79.4374780028907,43.7942250036419,,,21.8681327581828,76.3974971464656,3497.49267555,658.576793490718,1
1049886,48349171,3,71,05:10:11,-79.438392,43.794036,,,21.8681327581828,76.3974971442618,3573.89017269426,671.153586981074,1
1049886,48349171,3,72,05:10:19,-79.43895,43.79392,,,21.8681327581828,46.6599974160902,3620.55017011035,678.834900815931,1
1049886,48349171,3,73,05:10:33,-79.4400030041496,43.7936845048338,,,21.8681327581828,88.5814251199298,3709.13159523028,693.417450407982,1
1049886,48349171,3,74,05:10:48,-79.441056,43.793449,7936,13,21.8681327581828,88.5814251197348,3797.71302035001,708,1
1049886,48349171,3,75,05:10:48,-79.441056,43.793449,7936,13,1e-12,0,3797.71302035001,708,1
1049886,48349171,3,76,05:11:05,-79.4422020046982,43.7932040057253,,,20.6573308318655,96.0408299460915,3893.75385029611,724.737253743963,1
1049886,48349171,3,77,05:11:21,-79.443348,43.792959,,,20.6573308318655,96.0408299463082,3989.79468024241,741.474507487964,1
1049886,48349171,3,78,05:11:30,-79.4439497541686,43.7928210047357,,,20.6573308318655,50.7357291019866,4040.5304093444,750.316338325344,1
1049886,48349171,3,79,05:11:39,-79.4445515055581,43.7926830063143,,,20.6573308318655,50.7357291026224,4091.26613844702,759.158169162835,1
1049886,48349171,3,80,05:11:48,-79.4451532541686,43.7925450047357,9827,14,20.6573308318655,50.7357291007503,4142.00186754777,768,1
1049886,48349171,3,81,05:11:48,-79.4451532541686,43.7925450047357,9827,14,1e-12,0,4142.00186754777,768,1
1049886,48349171,3,82,05:11:56,-79.445755,43.792407,,,23.5522103746993,50.735729101223,4192.737596649,775.755052364877,1
1049886,48349171,3,83,05:12:08,-79.4466720030227,43.7922100036658,,,23.5522103746993,76.8809279635157,4269.61852461251,787.506447935205,1
1049886,48349171,3,84,05:12:19,-79.447589,43.792013,,,23.5522103746993,76.8809279647102,4346.49945257722,799.257843505715,1
1049886,48349171,3,85,05:12:28,-79.4482696369774,43.7918627641367,8069,15,23.5522103746993,57.1936413560984,4403.69309393332,808,1
1049886,48349171,3,86,05:12:28,-79.4482696369774,43.7918627641367,8069,15,1e-12,0,4403.69309393332,808,1
1049886,48349171,3,87,05:12:38,-79.4489502705328,43.7917125242343,,,21.6733798823984,57.1936413566653,4460.88673528999,817.500000000056,1
1049886,48349171,3,88,05:12:47,-79.4496309006662,43.7915622802928,,,21.6733798823984,57.1936413556932,4518.08037664568,826.99999999995,1
1049886,48349171,3,89,05:12:57,-79.4503115273774,43.7914120323122,,,21.6733798823984,57.1936413579544,4575.27401800363,836.50000000022,1
1049886,48349171,3,90,05:13:06,-79.4509921506665,43.7912617802926,,,21.6733798823984,57.1936413547078,4632.46765935834,845.999999999951,1
1049886,48349171,3,91,05:13:16,-79.4516727705333,43.791111524234,,,21.6733798823984,57.1936413573284,4689.66130071567,855.500000000117,1
1049886,48349171,3,92,05:13:25,-79.4523533869778,43.7909612641365,6475,16,21.6733798823984,57.1936413556254,4746.8549420713,865,1
1049886,48349171,3,93,05:13:25,-79.4523533869778,43.7909612641365,6475,16,1e-12,0,4746.8549420713,865,1
1049886,48349171,3,94,05:13:32,-79.453034,43.790811,,,28.9435737862849,57.1936413568562,4804.04858342815,872.113741737803,1
1049886,48349171,3,95,05:13:43,-79.4540860039516,43.7905865048246,,,28.9435737862849,88.1539246776586,4892.20250810581,883.078321688533,1
1049886,48349171,3,96,05:13:54,-79.455138,43.790362,,,28.9435737862849,88.1539246769129,4980.35643278272,894.04290163917,1
1049886,48349171,3,97,05:14:01,-79.45581,43.790217,,,28.9435737862849,56.3620436736001,5036.71847645632,901.053209306191,1
1049886,48349171,3,98,05:14:11,-79.4567225028245,43.7900320036299,,,28.9435737862849,76.1649770086745,5112.883453465,910.526604653145,1
1049886,48349171,3,99,05:14:20,-79.457635,43.789847,10117,17,28.9435737862849,76.1649770078726,5189.04843047287,920,1
1049886,48349171,3,100,05:14:20,-79.457635,43.789847,10117,17,1e-12,0,5189.04843047287,920,1
1049886,48349171,3,101,05:14:29,-79.458388,43.789684,,,23.9557829492648,63.1728673958275,5252.2212978687,929.493420570166,1
1049886,48349171,3,102,05:14:40,-79.459249,43.789498,,,23.9557829492648,72.2216207180579,5324.44291858676,940.346659436775,1
1049886,48349171,3,103,05:14:52,-79.460135,43.789306,,,23.9557829492648,74.3380176086441,5398.7809361954,951.51794379671,1
1049886,48349171,3,104,05:15:01,-79.4608982563114,43.7891412576188,,,23.9557829492648,64.0185962390977,5462.7995324345,961.138457847486,1
1049886,48349171,3,105,05:15:11,-79.4616615084152,43.7889765101583,,,23.9557829492648,64.0185962402287,5526.81812867473,970.758971898433,1
1049886,48349171,3,106,05:15:20,-79.4624247563115,43.7888117576187,,,23.9557829492648,64.0185962381039,5590.83672491283,980.37948594906,1
1049886,48349171,3,107,05:15:30,-79.463188,43.788647,4426,18,23.9557829492648,64.0185962401882,5654.85532115302,990,1
1049886,48349171,3,108,05:15:30,-79.463188,43.788647,4426,18,1e-12,0,5654.85532115302,990,1
1049886,48349171,3,109,05:15:42,-79.4641685031414,43.7884555041911,,,24.9397790720663,81.6272605934553,5736.48258174647,1001.78270815019,1
1049886,48349171,3,110,05:15:54,-79.465149,43.788264,,,24.9397790720663,81.627260594561,5818.10984234103,1013.56541630054,1
1049886,48349171,3,111,05:16:03,-79.465913,43.788118,,,24.9397790720663,63.5112106806124,5881.62105302165,1022.73311412936,1
1049886,48349171,3,112,05:16:14,-79.466877,43.787918,,,24.9397790720663,80.6048133480185,5962.22586636967,1034.36823436096,1
1049886,48349171,3,113,05:16:18,-79.467147,43.787864,,,24.9397790720663,22.5151095624419,5984.74097593211,1037.61823886944,1
1049886,48349171,3,114,05:16:26,-79.4678100014697,43.7877315019163,,,24.9397790720663,55.2842683412915,6040.0252442734,1045.59839641027,1
1049886,48349171,3,115,05:16:34,-79.468473,43.787599,,,24.9397790720663,55.2842683432363,6095.30951261664,1053.57855395139,1
1049886,48349171,3,116,05:16:43,-79.4692810021358,43.7874410028461,,,24.9397790720663,67.2731352391363,6162.58264785577,1063.28927697588,1
1049886,48349171,3,117,05:16:53,-79.470089,43.787283,8465,19,24.9397790720663,67.2731352365528,6229.85578309232,1073,1
1049886,48349171,3,118,05:16:53,-79.470089,43.787283,8465,19,1e-12,0,6229.85578309232,1073,1
1049886,48349171,3,119,05:17:11,-79.4712455158165,43.7870105174922,,,19.5531773211134,97.765886604965,6327.62166969729,1090.99999999989,1
1049886,48349171,3,120,05:17:29,-79.4724020210888,43.7867380233227,,,19.5531773211134,97.7658866071212,6425.38755630441,1109.00000000018,1
1049886,48349171,3,121,05:17:47,-79.4735585158167,43.7864655174919,,,19.5531773211134,97.7658866060734,6523.15344291048,1127.00000000027,1
1049886,48349171,3,122,05:18:05,-79.474715,43.786193,3670,20,19.5531773211134,97.7658866041096,6620.91932951459,1145,1
1049886,48349171,3,123,05:18:05,-79.474715,43.786193,3670,20,1e-12,0,6620.91932951459,1145,1
1049886,48349171,3,124,05:18:06,-79.474757,43.786183,,,19.0463283005024,3.55414246218218,6624.47347197678,1145.6717784479,1
1049886,48349171,3,125,05:18:18,-79.4755445170943,43.7859976439248,,,19.0463283005024,66.5672104493144,6691.04068242609,1158.25383383603,1
1049886,48349171,3,126,05:18:31,-79.4763320293047,43.7858122824424,,,19.0463283005024,66.5672104484577,6757.60789287455,1170.83588922401,1
1049886,48349171,3,127,05:18:43,-79.4771195366311,43.7856269155528,,,19.0463283005024,66.5672104492854,6824.17510332383,1183.41794461214,1
1049886,48349171,3,128,05:18:56,-79.4779070390734,43.7854415432562,835,21,19.0463283005024,66.5672104478773,6890.74231377171,1196,1
1049886,48349171,3,129,05:18:56,-79.4779070390734,43.7854415432562,835,21,1e-12,0,6890.74231377171,1196,1
1049886,48349171,3,130,05:19:06,-79.4786945366315,43.7852561655525,,,23.3797031821907,66.5672104493759,6957.30952422109,1206.25000000001,1
1049886,48349171,3,131,05:19:17,-79.4794820293054,43.7850707824419,,,23.3797031821907,66.5672104504564,7023.87673467154,1216.50000000019,1
1049886,48349171,3,132,05:19:27,-79.4802695170949,43.7848853939243,,,23.3797031821907,66.5672104483908,7090.44394511993,1226.75000000005,1
1049886,48349171,3,133,05:19:37,-79.481057,43.7847,4349,22,23.3797031821907,66.5672104489478,7157.01115556888,1237,1
1049886,48349171,3,134,05:19:37,-79.481057,43.7847,4349,22,1e-12,0,7157.01115556888,1237,1
1049886,48349171,3,135,05:19:52,-79.4819077586028,43.7844985094657,,,17.2698578106603,71.9577408766054,7228.96889644549,1251.99999999976,1
1049886,48349171,3,136,05:20:07,-79.4827585114704,43.7842970126209,3421,23,17.2698578106603,71.9577408788981,7300.92663732438,1267,1
1049886,48349171,3,137,05:20:07,-79.4827585114704,43.7842970126209,3421,23,1e-12,0,7300.92663732438,1267,1
1049886,48349171,3,138,05:20:18,-79.4836092586029,43.7840955094656,,,23.0776667977285,71.9577408784215,7372.88437820281,1278.22504581736,1
1049886,48349171,3,139,05:20:29,-79.48446,43.783894,,,23.0776667977285,71.9577408775594,7444.84211908037,1289.45009163459,1
1049886,48349171,3,140,05:20:39,-79.485171256032,43.783725006616,,,23.0776667977285,60.1780745528556,7505.02019363322,1298.83756872615,1
1049886,48349171,3,141,05:20:48,-79.4858825080427,43.7835560088212,,,23.0776667977285,60.1780745513634,7565.19826818458,1308.22504581747,1
1049886,48349171,3,142,05:20:58,-79.486593756032,43.7833870066159,,,23.0776667977285,60.178074549789,7625.37634273437,1317.61252290855,1
1049886,48349171,3,143,05:21:07,-79.487305,43.783218,1771,24,23.0776667977285,60.1780745521528,7685.55441728653,1327,1
1049886,48349171,3,144,05:21:07,-79.487305,43.783218,1771,24,1e-12,0,7685.55441728653,1327,1
1049886,48349171,3,145,05:21:18,-79.4880105056999,43.7830570065094,,,20.3881533173859,59.4654471758118,7745.01986446234,1337.50000000002,1
1049886,48349171,3,146,05:21:28,-79.4887160075998,43.7828960086792,,,20.3881533173859,59.4654471756473,7804.48531163798,1348.00000000001,1
1049886,48349171,3,147,05:21:39,-79.4894215056999,43.7827350065094,,,20.3881533173859,59.4654471757869,7863.95075881377,1358.50000000002,1
1049886,48349171,3,148,05:21:49,-79.490127,43.782574,5521,25,20.3881533173859,59.46544717559,7923.41620598936,1369,1
1049886,48349171,3,149,05:21:49,-79.490127,43.782574,5521,25,1e-12,0,7923.41620598936,1369,1
1049886,48349171,3,150,05:22:05,-79.4912217636648,43.782325265674,,,21.0833595508897,92.2396980342771,8015.65590402364,1384.74999999985,1
1049886,48349171,3,151,05:22:20,-79.4923165182199,43.7820765208985,,,21.0833595508897,92.2396980351843,8107.89560205882,1400.49999999986,1
1049886,48349171,3,152,05:22:36,-79.4934112636651,43.7818277656738,,,21.0833595508897,92.2396980360187,8200.13530009484,1416.25000000001,1
1049886,48349171,3,153,05:22:52,-79.494506,43.781579,4751,26,21.0833595508897,92.2396980350906,8292.37499812993,1432,1
1049886,48349171,3,154,05:22:52,-79.494506,43.781579,4751,26,1e-12,0,8292.37499812993,1432,1
1049886,48349171,3,155,05:23:02,-79.4952220061346,43.7814082567046,,,22.0295686540124,60.6037451123544,8352.97874324229,1441.90366565188,1
1049886,48349171,3,156,05:23:12,-79.4959380081796,43.7812375089395,,,22.0295686540124,60.603745112705,8413.58248835499,1451.80733130382,1
1049886,48349171,3,157,05:23:22,-79.4966540061347,43.7810667567045,,,22.0295686540124,60.6037451134955,8474.18623346849,1461.71099695588,1
1049886,48349171,3,158,05:23:32,-79.49737,43.780896,,,22.0295686540124,60.6037451137234,8534.78997858221,1471.61466260799,1
1049886,48349171,3,159,05:23:41,-79.4980705019567,43.7807290021391,,,22.0295686540124,59.2903762178066,8594.08035480002,1481.30370181417,1
1049886,48349171,3,160,05:23:51,-79.498771,43.780562,,,22.0295686540124,59.2903762189092,8653.37073101893,1490.99274102054,1
1049886,48349171,3,161,05:24:01,-79.4995020063821,43.7803880069885,,,22.0295686540124,61.8629187647405,8715.23364978367,1501.10217670904,1
1049886,48349171,3,162,05:24:11,-79.5002330085096,43.7802140093179,,,22.0295686540124,61.8629187681733,8777.09656855184,1511.2116123981,1
1049886,48349171,3,163,05:24:21,-79.5009640063822,43.7800400069884,,,22.0295686540124,61.8629187644154,8838.95948731626,1521.32104808654,1
1049886,48349171,3,164,05:24:31,-79.501695,43.779866,,,22.0295686540124,61.8629187667025,8900.82240608296,1531.43048377536,1
1049886,48349171,3,165,05:24:41,-79.5023560052236,43.7797085057141,,,22.0295686540124,55.9451853010787,8956.76759138404,1540.57286283175,1
1049886,48349171,3,166,05:24:50,-79.5030170069649,43.7795510076188,,,22.0295686540124,55.9451852975639,9012.7127766816,1549.71524188757,1
1049886,48349171,3,167,05:24:59,-79.5036780052237,43.7793935057141,,,22.0295686540124,55.9451853014876,9068.65796198309,1558.85762094404,1
1049886,48349171,3,168,05:25:08,-79.504339,43.779236,8315,27,22.0295686540124,55.9451852984237,9124.60314728151,1568,1
1049886,48349171,3,169,05:25:08,-79.504339,43.779236,8315,27,1e-12,0,9124.60314728151,1568,1
1049886,48349171,3,170,05:25:23,-79.5054952650834,43.7789760174844,,,23.7963586576142,97.3358488740394,9221.93899615555,1582.72532251628,1
1049886,48349171,3,171,05:25:37,-79.5066515201114,43.7787160233124,,,23.7963586576142,97.3358488738022,9319.27484502935,1597.45064503253,1
1049886,48349171,3,172,05:25:52,-79.5078077650837,43.7784560174842,,,23.7963586576142,97.3358488737159,9416.61069390307,1612.17596754877,1
1049886,48349171,3,173,05:26:07,-79.508964,43.778196,,,23.7963586576142,97.3358488729937,9513.94654277606,1626.90129006489,1
1049886,48349171,3,174,05:26:20,-79.5100280042529,43.7779570049352,,,23.7963586576142,89.5625862193808,9603.50912899544,1640.45064503255,1
1049886,48349171,3,175,05:26:34,-79.511092,43.777718,8599,28,23.7963586576142,89.562586217961,9693.07171521341,1654,1
1049886,48349171,3,176,05:26:34,-79.511092,43.777718,8599,28,1e-12,0,9693.07171521341,1654,1
1049886,48349171,3,177,05:26:44,-79.5118317646784,43.7775485166992,,,22.7413777406818,62.3808625525247,9755.45257776593,1663.87499999999,1
1049886,48349171,3,178,05:26:54,-79.512571525163,43.777379028627,,,22.7413777406818,62.3808625517428,9817.83344031767,1673.74999999986,1
1049886,48349171,3,179,05:27:04,-79.513311281454,43.7772095357836,,,22.7413777406818,62.3808625529816,9880.21430287065,1683.62499999993,1
1049886,48349171,3,180,05:27:13,-79.5140510335511,43.777040038169,,,22.7413777406818,62.3808625529629,9942.59516542362,1693.49999999999,1
1049886,48349171,3,181,05:27:23,-79.5147907814543,43.7768705357834,,,22.7413777406818,62.3808625523722,10004.976027976,1703.37499999996,1
1049886,48349171,3,182,05:27:33,-79.5155305251636,43.7767010286266,,,22.7413777406818,62.3808625526869,10067.3568905287,1713.24999999998,1
1049886,48349171,3,183,05:27:43,-79.5162702646788,43.7765315166988,,,22.7413777406818,62.3808625528357,10129.7377530815,1723.12500000002,1
1049886,48349171,3,184,05:27:53,-79.51701,43.776362,7909,29,22.7413777406818,62.3808625524112,10192.1186156339,1733,1
1049886,48349171,3,185,05:27:53,-79.51701,43.776362,7909,29,1e-12,0,10192.1186156339,1733,1
1049886,48349171,3,186,05:28:04,-79.5178815024922,43.776191003311,,,22.8277367800503,72.5897823651442,10264.7083979991,1744.44761826511,1
1049886,48349171,3,187,05:28:16,-79.518753,43.77602,,,22.8277367800503,72.5897823667019,10337.2981803658,1755.89523653047,1
1049886,48349171,3,188,05:28:19,-79.519005,43.775977,,,22.8277367800503,20.8132364600829,10358.1114168259,1759.17754401361,1
1049886,48349171,3,189,05:28:23,-79.519274,43.775948,,,22.8277367800503,21.861434140683,10379.9728509665,1762.62515529741,1
1049886,48349171,3,190,05:28:27,-79.519595,43.775903,,,22.8277367800503,26.2832393715135,10406.256090338,1766.77009803305,1
1049886,48349171,3,191,05:28:31,-79.519943,43.775864,,,22.8277367800503,28.3065969529973,10434.562687291,1771.23413010125,1
1049886,48349171,3,192,05:28:34,-79.520154,43.775823,,,22.8277367800503,17.5632478298702,10452.1259351209,1774.00390499382,1
1049886,48349171,3,193,05:28:37,-79.520397,43.775781,,,22.8277367800503,20.0837681364875,10472.2097032574,1777.17117321616,1
1049886,48349171,3,194,05:28:39,-79.520571,43.775748,,,22.8277367800503,14.4602727097368,10486.6699759671,1779.45159997316,1
1049886,48349171,3,195,05:28:42,-79.520793,43.775695,,,22.8277367800503,18.7941341963485,10505.4641101635,1782.41548919962,1
1049886,48349171,3,196,05:28:47,-79.521101,43.775615,,,22.8277367800503,26.3097011078797,10531.7738112714,1786.56460502749,1
1049886,48349171,3,197,05:28:50,-79.521333,43.775548,,,22.8277367800503,20.0841081340431,10551.8579194054,1789.73192686842,1
1049886,48349171,3,198,05:28:53,-79.521616,43.775504,,,22.8277367800503,23.2685881221562,10575.1265075276,1793.40145039793,1
1049886,48349171,3,199,05:28:55,-79.521735,43.77547,,,22.8277367800503,10.2867002033139,10585.4132077309,1795.02369272045,1
1049886,48349171,3,200,05:29:03,-79.522304,43.775276,8774,30,22.8277367800503,50.5780675151307,10635.991275246,1803,1
1049886,48349171,3,201,05:29:03,-79.522304,43.775276,8774,30,1e-12,0,10635.991275246,1803,1
1049886,48349171,3,202,05:29:11,-79.523003,43.775088,,,25.8099698098487,59.9562885431188,10695.9475637891,1811.3627621553,1
1049886,48349171,3,203,05:29:17,-79.523447,43.774991,,,25.8099698098487,37.2862807964456,10733.2338445856,1816.56348931059,1
1049886,48349171,3,204,05:29:26,-79.5242935073041,43.7748190093712,,,25.8099698098487,70.6843854370422,10803.9182300226,1826.42261698288,1
1049886,48349171,3,205,05:29:36,-79.5251400097389,43.7746470124949,,,25.8099698098487,70.684385438433,10874.6026154611,1836.28174465537,1
1049886,48349171,3,206,05:29:46,-79.5259865073043,43.7744750093712,,,25.8099698098487,70.6843854379467,10945.287000899,1846.14087232779,1
1049886,48349171,3,207,05:29:56,-79.526833,43.774303,2252,31,25.8099698098487,70.684385436451,11015.9713863355,1856,1
1049886,48349171,3,208,05:29:56,-79.526833,43.774303,2252,31,1e-12,0,11015.9713863355,1856,1
1049886,48349171,3,209,05:30:07,-79.5275645053484,43.774157256998,,,20.6124194921114,60.9961076956398,11076.9674940311,1866.65309134565,1
1049886,48349171,3,210,05:30:17,-79.5282960071313,43.7740115093306,,,20.6124194921114,60.9961076970707,11137.9636017282,1877.30618269155,1
1049886,48349171,3,211,05:30:28,-79.5290275053485,43.7738657569979,,,20.6124194921114,60.9961076966635,11198.9597094248,1887.95927403738,1
1049886,48349171,3,212,05:30:39,-79.529759,43.77372,,,20.6124194921114,60.9961076950391,11259.9558171199,1898.61236538292,1
1049886,48349171,3,213,05:30:39,-79.52978,43.773716,,,20.6124194921114,1.74574975658009,11261.7015668764,1898.91726404492,1
1049886,48349171,3,214,05:30:53,-79.530777503361,43.7735145043376,,,20.6124194921114,83.2591046516066,11344.9606715281,1913.45863202263,1
1049886,48349171,3,215,05:31:08,-79.531775,43.773313,1902,32,20.6124194921114,83.2591046496273,11428.2197761777,1928,1
1049886,48349171,3,216,05:31:08,-79.531775,43.773313,1902,32,1e-12,0,11428.2197761777,1928,1
1049886,48349171,3,217,05:31:20,-79.5325445021939,43.7731425025813,,,19.3701663155164,64.7005322214583,11492.9203083991,1940.0247762566,1
1049886,48349171,3,218,05:31:32,-79.533314,43.772972,,,19.3701663155164,64.7005322197858,11557.6208406189,1952.04955251289,1
1049886,48349171,3,219,05:31:49,-79.534408,43.772773,,,19.3701663155164,90.6857175821815,11648.3065582011,1968.90374870192,1
1049886,48349171,3,220,05:31:56,-79.534881,43.772688,,,19.3701663155164,39.1807107625998,11687.4872689637,1976.18559421878,1
1049886,48349171,3,221,05:31:59,-79.535077,43.772642,,,19.3701663155164,16.566292258277,11704.053561222,1979.26448632318,1
1049886,48349171,3,222,05:32:04,-79.535405,43.772576,,,19.3701663155164,27.3701014758841,11731.4236626979,1984.35129681867,1
1049886,48349171,3,223,05:32:22,-79.5365650045872,43.7723395058659,,,19.3701663155164,96.8898665847201,11828.3135292826,2002.35855158476,1
1049886,48349171,3,224,05:32:40,-79.537725,43.772103,,,19.3701663155164,96.8898665837393,11925.2033958663,2020.36580635066,1
1049886,48349171,3,225,05:32:41,-79.537795,43.772089,,,19.3701663155164,5.8386829805321,11931.0420788469,2021.45094203755,1
1049886,48349171,3,226,05:32:44,-79.537959,43.772055,8896,33,19.3701663155164,13.7154657445931,11944.7575445915,2024,1
1049886,48349171,3,227,05:32:44,-79.537959,43.772055,8896,33,1e-12,0,11944.7575445915,2024,1
1049886,48349171,3,228,05:32:52,-79.5386342547674,43.7719142559631,,,27.1177904041785,56.4953966763063,12001.2529412678,2031.50000000012,1
1049886,48349171,3,229,05:32:59,-79.5393095063566,43.7717735079507,,,27.1177904041785,56.4953966734212,12057.7483379412,2038.99999999987,1
1049886,48349171,3,230,05:33:06,-79.5399847547675,43.771632755963,,,27.1177904041785,56.4953966762873,12114.2437346175,2046.49999999999,1
1049886,48349171,3,231,05:33:14,-79.54066,43.771492,1248,34,27.1177904041785,56.495396675474,12170.7391312929,2054,1
1049886,48349171,3,232,05:33:14,-79.54066,43.771492,1248,34,1e-12,0,12170.7391312929,2054,1
1049886,48349171,3,233,05:33:27,-79.5413570049996,43.7713490063534,,,16.5540274203901,58.2456520346163,12228.9847833276,2066.66666666665,1
1049886,48349171,3,234,05:33:39,-79.5420540066661,43.7712060084712,,,16.5540274203901,58.2456520336887,12287.2304353612,2079.33333333309,1
1049886,48349171,3,235,05:33:52,-79.5427510049996,43.7710630063534,1820,35,16.5540274203901,58.2456520358128,12345.4760873971,2092,1
1049886,48349171,3,236,05:33:52,-79.5427510049996,43.7710630063534,1820,35,1e-12,0,12345.4760873971,2092,1
1049886,48349171,3,237,05:34:06,-79.543448,43.77092,,,15.3355234045314,58.2456520350859,12403.7217394321,2105.67311318923,1
1049886,48349171,3,238,05:34:21,-79.544217506166,43.7707602577439,,,15.3355234045314,64.3621790316767,12468.0839184638,2120.78207545951,1
1049886,48349171,3,239,05:34:36,-79.5449870082214,43.7706005103251,,,15.3355234045314,64.3621790318097,12532.4460974956,2135.89103772982,1
1049886,48349171,3,240,05:34:51,-79.5457565061661,43.7704407577438,846,36,15.3355234045314,64.3621790312481,12596.8082765269,2151,1
1049886,48349171,3,241,05:34:51,-79.5457565061661,43.7704407577438,846,36,1e-12,0,12596.8082765269,2151,1
1049886,48349171,3,242,05:34:57,-79.546526,43.770281,,,36.0808659871744,64.3621790311561,12661.170455558,2157.421792775,1
1049886,48349171,3,243,05:35:04,-79.5472945059073,43.7701277577237,,,36.0808659871744,64.089157436307,12725.2596129943,2163.81634458129,1
1049886,48349171,3,244,05:35:10,-79.5480630078764,43.7699745102983,,,36.0808659871744,64.0891574367097,12789.348770431,2170.21089638761,1
1049886,48349171,3,245,05:35:17,-79.5488315059074,43.7698212577237,,,36.0808659871744,64.0891574347195,12853.4379278658,2176.60544819374,1
1049886,48349171,3,246,05:35:23,-79.5496,43.769668,3377,37,36.0808659871744,64.0891574359907,12917.5270853018,2183,1
1049886,48349171,3,247,05:35:23,-79.5496,43.769668,3377,37,1e-12,0,12917.5270853018,2183,1
1049886,48349171,3,248,05:35:28,-79.5502487544823,43.7695302555042,,,35.5803226008633,54.3588261954026,12971.8859114972,2188.49999999996,1
1049886,48349171,3,249,05:35:34,-79.5508975059765,43.7693925073389,,,35.5803226008633,54.3588261950685,13026.2447376922,2193.99999999989,1
1049886,48349171,3,250,05:35:39,-79.5515462544824,43.7692547555042,,,35.5803226008633,54.3588261946652,13080.6035638869,2199.49999999978,1
1049886,48349171,3,251,05:35:45,-79.552195,43.769117,5596,38,35.5803226008633,54.3588261979172,13134.9623900848,2205,1
1049886,48349171,3,252,05:35:45,-79.552195,43.769117,5596,38,1e-12,0,13134.9623900848,2205,1
1049886,48349171,3,253,05:35:50,-79.5528932548242,43.7689792563762,,,38.086501203138,58.1877101707248,13193.1501002555,2210.49999999993,1
1049886,48349171,3,254,05:35:56,-79.5535915064323,43.7688415085015,,,38.086501203138,58.1877101710713,13251.3378104266,2215.99999999989,1
1049886,48349171,3,255,05:36:01,-79.5542897548243,43.7687037563761,,,38.086501203138,58.1877101715675,13309.5255205982,2221.4999999999,1
1049886,48349171,3,256,05:36:07,-79.554988,43.768566,3954,39,38.086501203138,58.1877101724793,13367.7132307707,2227,1
1049886,48349171,3,257,05:36:07,-79.554988,43.768566,3954,39,1e-12,0,13367.7132307707,2227,1
1049886,48349171,3,258,05:36:14,-79.5556920051552,43.7684200064816,,,29.2375109278587,58.881098395568,13426.5943291662,2234.2499999999,1
1049886,48349171,3,259,05:36:22,-79.5563960068736,43.7682740086421,,,29.2375109278587,58.8810983974154,13485.4754275636,2241.50000000003,1
1049886,48349171,3,260,05:36:29,-79.5571000051552,43.7681280064816,,,29.2375109278587,58.8810983969612,13544.3565259606,2248.7500000001,1
1049886,48349171,3,261,05:36:36,-79.557804,43.767982,6258,40,29.2375109278587,58.8810983955846,13603.2376243562,2256,1
1049886,48349171,3,262,05:36:36,-79.557804,43.767982,6258,40,1e-12,0,13603.2376243562,2256,1
1049886,48349171,3,263,05:36:40,-79.5584927548966,43.7678402562038,,,46.0582709927257,57.5728387404665,13660.8104630967,2260.49999999997,1
1049886,48349171,3,264,05:36:45,-79.5591815065288,43.7676985082718,,,46.0582709927257,57.5728387403419,13718.383301837,2264.99999999992,1
1049886,48349171,3,265,05:36:49,-79.5598702548966,43.7675567562038,,,46.0582709927257,57.5728387406375,13775.9561405776,2269.4999999999,1
1049886,48349171,3,266,05:36:54,-79.560559,43.767415,3189,41,46.0582709927257,57.5728387421821,13833.5289793198,2274,1
1049886,48349171,3,267,05:36:54,-79.560559,43.767415,3189,41,1e-12,0,13833.5289793198,2274,1
1049886,48349171,3,268,05:36:55,-79.560622,43.767402,,,35.3187185658528,5.26725657777611,13838.7962358976,2274.53688594745,1
1049886,48349171,3,269,05:37:03,-79.5616625111805,43.7671877641587,,,35.3187185658528,86.9799822702258,13925.7762181678,2283.40266446059,1
1049886,48349171,3,270,05:37:12,-79.5627030149074,43.7669735188781,,,35.3187185658528,86.9799822691956,14012.756200437,2292.26844297363,1
1049886,48349171,3,271,05:37:21,-79.5637435111807,43.7667592641585,,,35.3187185658528,86.9799822705143,14099.7361827075,2301.1342214868,1
1049886,48349171,3,272,05:37:30,-79.564784,43.766545,3217,42,35.3187185658528,86.9799822708164,14186.7161649783,2310,1
1049886,48349171,3,273,05:37:30,-79.564784,43.766545,3217,42,1e-12,0,14186.7161649783,2310,1
1049886,48349171,3,274,05:37:39,-79.5658420122967,43.7663132646389,,,35.5726223295578,88.8807304576969,14275.596895436,2318.99485640062,1
1049886,48349171,3,275,05:37:48,-79.5669000163958,43.7660815195185,,,35.5726223295578,88.8807304594126,14364.4776258954,2327.98971280141,1
1049886,48349171,3,276,05:37:57,-79.5679580122969,43.7658497646388,,,35.5726223295578,88.8807304601406,14453.3583563556,2336.98456920227,1
1049886,48349171,3,277,05:38:06,-79.569016,43.765618,,,35.5726223295578,88.8807304574617,14542.2390868131,2345.97942560286,1
1049886,48349171,3,278,05:38:14,-79.5700085035174,43.7654060042941,,,35.5726223295578,83.2064816017856,14625.4455684148,2354.40003994474,1
1049886,48349171,3,279,05:38:23,-79.571001,43.765194,,,35.5726223295578,83.2064815979192,14708.6520500128,2362.82065428622,1
1049886,48349171,3,280,05:38:24,-79.571116,43.765169,,,35.5726223295578,9.65495724684231,14718.3070072596,2363.79774969872,1
1049886,48349171,3,281,05:38:24,-79.57115,43.765161,,,35.5726223295578,2.8747734750348,14721.1817807346,2364.08868086523,1
1049886,48349171,3,282,05:38:32,-79.5720802595402,43.7649565113171,3158,43,35.5726223295578,78.1739910305343,14799.3557717652,2372,1
1049886,48349171,3,283,05:38:32,-79.5720802595402,43.7649565113171,3158,43,1e-12,0,14799.3557717652,2372,1
1049886,48349171,3,284,05:38:39,-79.5730105127203,43.7647520150894,,,38.3763228696655,78.1739910311916,14877.5297627964,2379.33333333337,1
1049886,48349171,3,285,05:38:47,-79.5739407595403,43.764547511317,,,38.3763228696655,78.1739910292722,14955.7037538256,2386.66666666656,1
1049886,48349171,3,286,05:38:54,-79.574871,43.764343,9115,44,38.3763228696655,78.173991031936,15033.8777448576,2394,1
1049886,48349171,3,287,05:38:54,-79.574871,43.764343,9115,44,1e-12,0,15033.8777448576,2394,1
1049886,48349171,3,288,05:39:04,-79.575479,43.764183,,,19.5511695770659,52.0235323526163,15085.9012772102,2403.57920781829,1
1049886,48349171,3,289,05:39:10,-79.575869,43.764092,,,19.5511695770659,32.9495838637417,15118.8508610739,2409.64628740869,1
1049886,48349171,3,290,05:39:10,-79.575886,43.764088,,,19.5511695770659,1.43741008837183,15120.2882711623,2409.91096090036,1
1049886,48349171,3,291,05:39:13,-79.576072,43.764047,,,19.5511695770659,15.6343625711607,15135.9226337335,2412.7897505827,1
1049886,48349171,3,292,05:39:13,-79.576092,43.764043,,,19.5511695770659,1.66840369445411,15137.5910374279,2413.09695743682,1
1049886,48349171,3,293,05:39:15,-79.576215,43.764016,840,45,19.5511695770659,10.3351966292066,15147.9262340571,2415,1
1049886,48349171,3,294,05:39:15,-79.576215,43.764016,840,45,1e-12,0,15147.9262340571,2415,1
1049886,48349171,3,295,05:39:17,-79.576408,43.763975,,,27.5522935600968,16.1734613296146,15164.0996953867,2417.11323462635,1
1049886,48349171,3,296,05:39:19,-79.576566,43.763942,,,27.5522935600968,13.222853727136,15177.3225491139,2418.84094100818,1
1049886,48349171,3,297,05:39:21,-79.576755,43.763905,,,27.5522935600968,15.7429107150466,15193.0654598289,2420.89791962052,1
1049886,48349171,3,298,05:39:24,-79.577,43.763857,,,27.5522935600968,20.4085694326324,15213.4740292615,2423.56451613443,1
1049886,48349171,3,299,05:39:25,-79.577145,43.763816,,,27.5522935600968,12.5188536323184,15225.9928828939,2425.20023742123,1
1049886,48349171,3,300,05:39:27,-79.577326,43.763756,,,27.5522935600968,16.0111068279322,15242.0039897218,2427.29225870631,1
1049886,48349171,3,301,05:39:30,-79.577537,43.763701,,,27.5522935600968,18.0343868780442,15260.0383765998,2429.64864303487,1
1049886,48349171,3,302,05:39:32,-79.577767,43.763623,,,27.5522935600968,20.4280003586279,15280.4663769585,2432.31777840578,1
1049886,48349171,3,303,05:39:34,-79.577888,43.763582,,,27.5522935600968,10.7452680821427,15291.2116450406,2433.72176188946,1
1049886,48349171,3,304,05:39:35,-79.578033,43.763534,,,27.5522935600968,12.8235406812919,15304.0351857219,2435.39729377765,1
1049886,48349171,3,305,05:39:37,-79.578121,43.763486,,,27.5522935600968,8.8658619147592,15312.9010476367,2436.55571286982,1
1049886,48349171,3,306,05:39:38,-79.578235,43.763443,,,27.5522935600968,10.3397697035531,15323.2408173402,2437.90671368039,1
1049886,48349171,3,307,05:39:39,-79.578341,43.763388,,,27.5522935600968,10.4932573002255,15333.7340746404,2439.27776927685,1
1049886,48349171,3,308,05:39:41,-79.578452,43.763335,,,27.5522935600968,10.6978822122573,15344.4319568527,2440.67556129297,1
1049886,48349171,3,309,05:39:42,-79.578569,43.76328,,,27.5522935600968,11.2233437276421,15355.6553005803,2442.14201044107,1
1049886,48349171,3,310,05:39:43,-79.578635,43.763241,,,27.5522935600968,6.85586714931528,15362.5111677297,2443.03780235341,1
1049886,48349171,3,311,05:39:44,-79.578741,43.763179,,,27.5522935600968,10.966221747933,15373.4773894776,2444.47065578198,1
1049886,48349171,3,312,05:39:46,-79.578832,43.763121,,,27.5522935600968,9.75758820946915,15383.2349776871,2445.74558839249,1
1049886,48349171,3,313,05:39:47,-79.578885,43.763069,,,27.5522935600968,7.18775912574365,15390.4227368128,2446.68474551915,1
1049886,48349171,3,314,05:39:48,-79.578956,43.763033,,,27.5522935600968,6.97440862647326,15397.3971454393,2447.59602613542,1
1049886,48349171,3,315,05:39:49,-79.579048,43.762963,,,27.5522935600968,10.7437317359926,15408.1408771753,2448.99980887914,1
1049886,48349171,3,316,05:39:50,-79.579134,43.762897,,,27.5522935600968,10.0887872472333,15418.2296644225,2450.31801616417,1
1049886,48349171,3,317,05:39:52,-79.579215,43.762839,,,27.5522935600968,9.170267806816,15427.3999322293,2451.51620912159,1
1049886,48349171,3,318,05:39:53,-79.579351,43.762756,,,27.5522935600968,14.3149527637831,15441.7148849931,2453.3866098502,1
1049886,48349171,3,319,05:39:55,-79.579452,43.76269,,,27.5522935600968,10.9505326530669,15452.6654176462,2454.81741333177,1
1049886,48349171,3,320,05:39:56,-79.579538,43.762619,,,27.5522935600968,10.5010765283272,15463.1664941745,2456.18949059349,1
1049886,48349171,3,321,05:39:58,-79.579658,43.762521,,,27.5522935600968,14.5632544227187,15477.7297485972,2458.09233457297,1
1049886,48349171,3,322,05:40:00,-79.579765,43.762443,,,27.5522935600968,12.2227114548862,15489.9524600521,2459.68936173666,1
1049886,48349171,3,323,05:40:00,-79.57978,43.762415,,,27.5522935600968,3.34210407813105,15493.2945641302,2460.12604315685,1
1049886,48349171,3,324,05:40:02,-79.579923,43.762313,,,27.5522935600968,16.1586204892134,15509.4531846194,2462.23733866967,1
1049886,48349171,3,325,05:40:04,-79.580018,43.762233,,,27.5522935600968,11.732145453622,15521.1853300731,2463.7702681712,1
1049886,48349171,3,326,05:40:05,-79.580104,43.762165,,,27.5522935600968,10.2521149105524,15531.4374449836,2465.1098159514,1
1049886,48349171,3,327,05:40:07,-79.58023,43.762066,,,27.5522935600968,14.969014324507,15546.4064593081,2467.06567677477,1
1049886,48349171,3,328,05:40:08,-79.580316,43.762014,,,27.5522935600968,9.0173953292899,15555.4238546374,2468.24389531816,1
1049886,48349171,3,329,05:40:10,-79.580431,43.761939,,,27.5522935600968,12.4574276384137,15567.8812822758,2469.87159064597,1
1049886,48349171,3,330,05:40:11,-79.58052,43.761876,,,27.5522935600968,10.0191313799949,15577.9004136558,2471.18069665159,1
1049886,48349171,3,331,05:40:12,-79.580599,43.761825,,,27.5522935600968,8.51890518272113,15586.4193188385,2472.293782159,1
1049886,48349171,3,332,05:40:14,-79.580727,43.761718,,,27.5522935600968,15.7409724047002,15602.1602912432,2474.3505075105,1
1049886,48349171,3,333,05:40:16,-79.580848,43.761628,,,27.5522935600968,13.9646455249589,15616.1249367682,2476.17513687503,1
1049886,48349171,3,334,05:40:18,-79.580948,43.761555,,,27.5522935600968,11.4313115911843,15627.5562483594,2477.66875923494,1
1049886,48349171,3,335,05:40:19,-79.581058,43.76148,,,27.5522935600968,12.1621153072968,15639.7183636667,2479.2578688679,1
1049886,48349171,3,336,05:40:21,-79.581168,43.761429,,,27.5522935600968,10.5092206071517,15650.2275842738,2480.63101024007,1
1049886,48349171,3,337,05:40:22,-79.581276,43.761347,,,27.5522935600968,12.5983332881913,15662.825917562,2482.27711638868,1
1049886,48349171,3,338,05:40:24,-79.581396,43.761274,,,27.5522935600968,12.614133909896,15675.4400514719,2483.92528705645,1
1049886,48349171,3,339,05:40:25,-79.581478,43.761236,,,27.5522935600968,7.83307155787857,15683.2731230298,2484.94876111123,1
1049886,48349171,3,340,05:40:26,-79.581571,43.761173,,,27.5522935600968,10.2513358554787,15693.5244588853,2486.28820709961,1
1049886,48349171,3,341,05:40:27,-79.58166,43.761128,,,27.5522935600968,8.73465425129357,15702.2591131366,2487.42948251598,1
1049886,48349171,3,342,05:40:29,-79.581788,43.761065,,,27.5522935600968,12.4534422917255,15714.7125554283,2489.05665711588,1
1049886,48349171,3,343,05:40:30,-79.581884,43.761003,,,27.5522935600968,10.354044196016,15725.0665996243,2490.40952304062,1
1049886,48349171,3,344,05:40:33,-79.582053,43.760917,,,27.5522935600968,16.6212892426814,15741.687888867,2492.58127114366,1
1049886,48349171,3,345,05:40:35,-79.582231,43.760824,,,27.5522935600968,17.6630088141968,15759.3508976812,2494.8891309809,1
1049886,48349171,3,346,05:40:37,-79.582406,43.760755,,,27.5522935600968,16.0298753469559,15775.3807730282,2496.98360457247,1
1049886,48349171,3,347,05:40:39,-79.582613,43.76067,,,27.5522935600968,19.1443697925923,15794.5251428207,2499.48501996655,1
1049886,48349171,3,348,05:40:42,-79.582847,43.760583,,,27.5522935600968,21.1598018676125,15815.6849446884,2502.24977298275,1
1049886,48349171,3,349,05:40:46,-79.58314,43.760465,,,27.5522935600968,26.971747028659,15842.656691717,2505.77391840793,1
1049886,48349171,3,350,05:40:48,-79.583348,43.760406,,,27.5522935600968,17.9665320416733,15860.6232237587,2508.12143678091,1
1049886,48349171,3,351,05:40:50,-79.583529,43.760372,,,27.5522935600968,15.0364048312719,15875.65962859,2510.08610289027,1
1049886,48349171,3,352,05:40:51,-79.583597,43.760359,,,27.5522935600968,5.65543800590817,15881.3150665959,2510.82504597596,1
1049886,48349171,3,353,05:40:54,-79.583847,43.760307,,,27.5522935600968,20.9167649337855,15902.2318315297,2513.55804363358,1
1049886,48349171,3,354,05:40:55,-79.583984,43.760275,,,27.5522935600968,11.5764125534044,15913.8082440831,2515.07062497645,1
1049886,48349171,3,355,05:40:57,-79.584154,43.76024,,,27.5522935600968,14.2123783469699,15928.02062243,2516.92762326726,1
1049886,48349171,3,356,05:40:58,-79.584274,43.760211,,,27.5522935600968,10.1737074919497,15938.194329922,2518.25692628485,1
1049886,48349171,3,357,05:40:59,-79.584373,43.760203,,,27.5522935600968,8.00921297848315,15946.2035429005,2519.30341508839,1
1049886,48349171,3,358,05:41:01,-79.584534,43.760189,,,27.5522935600968,13.0377987748837,15959.2413416753,2521.0069420738,1
1049886,48349171,3,359,05:41:03,-79.584685,43.760166,,,27.5522935600968,12.4073732566984,15971.648714932,2522.62809726463,1
1049886,48349171,3,360,05:41:05,-79.584861,43.760135,,,27.5522935600968,14.56503747504,15986.2137524071,2524.53117421885,1
1049886,48349171,3,361,05:41:06,-79.585011,43.760126,,,27.5522935600968,12.1014801580692,15998.3152325652,2526.11236122508,1
1049886,48349171,3,362,05:41:09,-79.585247,43.760109,,,27.5522935600968,19.0684429135363,16017.3836754787,2528.6038559654,1
1049886,48349171,3,363,05:41:10,-79.585424,43.760106,,,27.5522935600968,14.23464853921,16031.6183240179,2530.46376409353,1
1049886,48349171,3,364,05:41:12,-79.585585,43.760103,,,27.5522935600968,12.9486447141841,16044.5669687321,2532.15564215332,1
1049886,48349171,3,365,05:41:14,-79.585749,43.760112,,,27.5522935600968,13.2235435375485,16057.7905122696,2533.88343866621,1
1049886,48349171,3,366,05:41:16,-79.585941,43.760106,,,27.5522935600968,15.4511672053778,16073.241679475,2535.90229788814,1
1049886,48349171,3,367,05:41:18,-79.586116,43.760101,,,27.5522935600968,14.0809372470913,16087.3226167221,2537.7421220022,1
1049886,48349171,3,368,05:41:18,-79.586145,43.7601,,,27.5522935600968,2.33424479498682,16089.6568615171,2538.04711589477,1
1049886,48349171,3,369,05:41:20,-79.586313,43.760094,,,27.5522935600968,13.5236403040735,16103.1805018212,2539.81412323985,1
1049886,48349171,3,370,05:41:22,-79.586477,43.760088,,,27.5522935600968,13.2024451619961,16116.3829469832,2541.53916302573,1
1049886,48349171,3,371,05:41:23,-79.586591,43.760069,,,27.5522935600968,9.40643432930299,16125.7893813125,2542.76821364947,1
1049886,48349171,3,372,05:41:25,-79.586786,43.760076,,,27.5522935600968,15.6972857646469,16141.4866670771,2544.8192308771,1
1049886,48349171,3,373,05:41:26,-79.586893,43.760079,,,27.5522935600968,8.60924198225103,16150.0959090594,2545.94411984755,1
1049886,48349171,3,374,05:41:28,-79.587091,43.760058,,,27.5522935600968,16.089862297316,16166.1857713567,2548.04643137177,1
1049886,48349171,3,375,05:41:29,-79.587217,43.760047,,,27.5522935600968,10.2040984928751,16176.3898698495,2549.37970529666,1
1049886,48349171,3,376,05:41:31,-79.587407,43.760035,,,27.5522935600968,15.3342384156001,16191.7241082651,2551.3832865294,1
1049886,48349171,3,377,05:41:33,-79.587574,43.760024,,,27.5522935600968,13.4824739235367,16205.2065821887,2553.14491504933,1
1049886,48349171,3,378,05:41:35,-79.587723,43.760001,,,27.5522935600968,12.2501123924215,16217.4566945811,2554.74552243675,1
1049886,48349171,3,379,05:41:36,-79.587826,43.759988,,,27.5522935600968,8.40667089962063,16225.8633654807,2555.84394334217,1
1049886,48349171,3,380,05:41:38,-79.58801,43.759966,,,27.5522935600968,14.9949044757947,16240.8582699565,2557.80318698898,1
1049886,48349171,3,381,05:41:40,-79.588191,43.759949,,,27.5522935600968,14.6748981484622,16255.533168105,2559.72061840787,1
1049886,48349171,3,382,05:41:43,-79.58845,43.759909,,,27.5522935600968,21.2943165118182,16276.8274846168,2562.50294719205,1
1049886,48349171,3,383,05:41:44,-79.588622,43.759877,,,27.5522935600968,14.2802188568035,16291.1077034736,2564.36880956653,1
1049886,48349171,3,384,05:41:46,-79.588794,43.759835,,,27.5522935600968,14.5977734130708,16305.7054768867,2566.276163819,1
1049886,48349171,3,385,05:41:48,-79.588925,43.759809,,,27.5522935600968,10.9228401365786,16316.6283170233,2567.70334897896,1
1049886,48349171,3,386,05:41:50,-79.589112,43.759772,,,27.5522935600968,15.5887807834868,16332.2170978067,2569.74018887753,1
1049886,48349171,3,387,05:41:51,-79.589235,43.759738,,,27.5522935600968,10.5887515498214,16342.8058493566,2571.12372181269,1
1049886,48349171,3,388,05:41:53,-79.589425,43.759699,,,27.5522935600968,15.8809699771323,16358.6868193337,2573.19873933502,1
1049886,48349171,3,389,05:41:54,-79.589532,43.759683,,,27.5522935600968,8.78526236621575,16367.4720816999,2574.3466272395,1
1049886,48349171,3,390,05:41:57,-79.589782,43.759657,3823,46,27.5522935600968,20.3073625615631,16387.7794442615,2577,1
1049886,48349171,3,391,05:41:57,-79.589782,43.759657,3823,46,1e-12,0,16387.7794442615,2577,1
1049886,48349171,3,392,05:41:59,-79.589911,43.759607,,,22.8008020296252,11.7707611594504,16399.5502054209,2578.85847586058,1
1049886,48349171,3,393,05:42:05,-79.590381,43.759501,,,22.8008020296252,39.5876528163997,16439.1378582373,2585.10893801336,1
1049886,48349171,3,394,05:42:07,-79.590507,43.759472,,,22.8008020296252,10.6323952424761,16449.7702534798,2586.78767820957,1
1049886,48349171,3,395,05:42:11,-79.59084,43.759423,,,22.8008020296252,27.3233657026785,16477.0936191825,2591.10174209214,1
1049886,48349171,3,396,05:42:11,-79.590865,43.759419,,,22.8008020296252,2.05874372185673,16479.1523629043,2591.42679545601,1
1049886,48349171,3,397,05:42:15,-79.591169,43.759373,,,22.8008020296252,24.9724191369627,16504.1247820413,2595.36967030647,1
1049886,48349171,3,398,05:42:19,-79.59147,43.759328,,,22.8008020296252,24.7136059455256,16528.8383879868,2599.27168135364,1
1049886,48349171,3,399,05:42:24,-79.591832,43.759305,,,22.8008020296252,29.2174415550602,16558.0558295419,2603.88479932473,1
1049886,48349171,3,400,05:42:28,-79.592175,43.759314,,,22.8008020296252,27.5956259760144,16585.6514555179,2608.24185015938,1
1049886,48349171,3,401,05:42:33,-79.592573,43.759354,,,22.8008020296252,32.307778038105,16617.959233556,2613.3428988324,1
1049886,48349171,3,402,05:42:35,-79.592733,43.759373,,,22.8008020296252,13.0368139421543,16630.9960474982,2615.40127073225,1
1049886,48349171,3,403,05:42:38,-79.592935,43.759397,8761,47,22.8008020296252,16.459197656271,16647.4552451544,2618,1
1049886,48349171,3,404,05:42:38,-79.592935,43.759397,8761,47,1e-12,0,16647.4552451544,2618,1
1049886,48349171,3,405,05:42:42,-79.593274,43.759444,,,26.1502549796294,27.753405696774,16675.2086508512,2621.8206992852,1
1049886,48349171,3,406,05:42:45,-79.593584,43.759481,,,26.1502549796294,25.2621810262924,16700.4708318775,2625.29844173037,1
1049886,48349171,3,407,05:42:48,-79.593826,43.759513,,,26.1502549796294,19.7803066756787,16720.2511385532,2628.02151667124,1
1049886,48349171,3,408,05:42:50,-79.594011,43.759523,,,26.1502549796294,14.9156722175851,16735.1668107708,2630.07489703121,1
1049886,48349171,3,409,05:42:54,-79.594337,43.759551,,,26.1502549796294,26.3952043058728,16761.5620150766,2633.70861821577,1
1049886,48349171,3,410,05:42:55,-79.594479,43.759558,,,26.1502549796294,11.4434115583429,16773.005426635,2635.28398647287,1
1049886,48349171,3,411,05:42:58,-79.594739,43.759578,,,26.1502549796294,21.0223129148108,16794.0277395498,2638.17804339707,1
1049886,48349171,3,412,05:43:01,-79.594953,43.75959,,,26.1502549796294,17.2574451351483,16811.2851846849,2640.55380617777,1
1049886,48349171,3,413,05:43:03,-79.595178,43.759597,,,26.1502549796294,18.1068422415409,16829.3920269265,2643.04650202798,1
1049886,48349171,3,414,05:43:06,-79.595418,43.75958,,,26.1502549796294,19.3886496551485,16848.7806765816,2645.71565912847,1
1049886,48349171,3,415,05:43:08,-79.595626,43.759551,,,26.1502549796294,17.0320125094327,16865.8126890911,2648.06038750996,1
1049886,48349171,3,416,05:43:08,-79.59564,43.75955,,,26.1502549796294,1.1310961970351,16866.9437852881,2648.21610095568,1
1049886,48349171,3,417,05:43:09,-79.595722,43.759541,,,26.1502549796294,6.66851994121877,16873.6123052293,2649.13412916638,1
1049886,48349171,3,418,05:43:13,-79.596072,43.759498,,,26.1502549796294,28.5443565722722,16902.1566618016,2653.0637154645,1
1049886,48349171,3,419,05:43:24,-79.597018,43.759292,2468,48,26.1502549796294,79.4407303147777,16981.5973921164,2664,1
1049886,48349171,3,420,05:43:24,-79.597018,43.759292,2468,48,1e-12,0,16981.5973921164,2664,1
1049886,48349171,3,421,05:43:32,-79.5976792549566,43.7591425057183,,,24.112168071726,55.7091258265925,17037.306517943,2672.31749564698,1
1049886,48349171,3,422,05:43:41,-79.5983405066088,43.7589930076243,,,24.112168071726,55.7091258276412,17093.0156437706,2680.63499129411,1
1049886,48349171,3,423,05:43:49,-79.5990017549567,43.7588435057182,,,24.112168071726,55.7091258270749,17148.7247695977,2688.95248694116,1
1049886,48349171,3,424,05:43:57,-79.599663,43.758694,,,24.112168071726,55.7091258272203,17204.4338954249,2697.26998258823,1
1049886,48349171,3,425,05:44:05,-79.6002602540501,43.7585587546649,,,24.112168071726,50.3249838530121,17254.7588792779,2704.78361393535,1
1049886,48349171,3,426,05:44:12,-79.6008575054001,43.7584235062199,,,24.112168071726,50.3249838535238,17305.0838631314,2712.29724528255,1
1049886,48349171,3,427,05:44:20,-79.6014547540501,43.7582882546649,,,24.112168071726,50.3249838550417,17355.4088469865,2719.81087662998,1
1049886,48349171,3,428,05:44:27,-79.602052,43.758153,,,24.112168071726,50.3249838532829,17405.7338308398,2727.32450797714,1
1049886,48349171,3,429,05:44:36,-79.6027165016214,43.7580070019249,,,24.112168071726,55.8447592139706,17461.5785900537,2735.66225398871,1
1049886,48349171,3,430,05:44:44,-79.603381,43.757861,8073,49,24.112168071726,55.8447592121087,17517.4233492658,2744,1
1049886,48349171,3,431,05:44:44,-79.603381,43.757861,8073,49,1e-12,0,17517.4233492658,2744,1
1049886,48349171,3,432,05:44:57,-79.604132002096,43.7576940024586,,,17.3778789036773,63.1795261473794,17580.6028754132,2757.08826556977,1
1049886,48349171,3,433,05:45:10,-79.604883,43.757527,,,17.3778789036773,63.1795261464968,17643.7824015597,2770.17653113935,1
1049886,48349171,3,434,05:45:23,-79.6055972557296,43.7573670066716,,,17.3778789036773,60.1268200289727,17703.9092215887,2782.63239835445,1
1049886,48349171,3,435,05:45:35,-79.6063115076395,43.7572070088955,,,17.3778789036773,60.1268200303446,17764.036041619,2795.08826556984,1
1049886,48349171,3,436,05:45:48,-79.6070257557296,43.7570470066716,,,17.3778789036773,60.1268200284909,17824.1628616475,2807.54413278484,1
1049886,48349171,3,437,05:46:00,-79.60774,43.756887,3651,50,17.3778789036773,60.126820029279,17884.2896816768,2820,1
1049886,48349171,3,438,05:46:00,-79.60774,43.756887,3651,50,1e-12,0,17884.2896816768,2820,1
1049886,48349171,3,439,,-79.608404,43.756738,,,,55.9054898660594,17940.1951715429,,1
1049886,48349171,3,440,,-79.608335,43.756566,,,,19.9345154543382,17960.1296869972,,1
1049886,48349171,3,441,,-79.608327,43.756554,,,,1.48263395250944,17961.6123209497,,1
1049886,48349171,3,442,,-79.608314,43.756543,,,,1.60996827531975,17963.222289225,,1
1049886,48349171,3,443,,-79.608302,43.756538,,,,1.11388583849341,17964.3361750635,,1
1049886,48349171,3,444,,-79.608286,43.756531,,,,1.50406644234395,17965.8402415059,,1
1049886,48349171,3,445,,-79.60827,43.756527,,,,1.36135197948055,17967.2015934853,,1
1049886,48349171,3,446,,-79.608249,43.756527,,,,1.68849279186191,17968.8900862772,,1
1049886,48349171,3,447,,-79.608223,43.75653,,,,2.11702161663362,17971.0071078938,,1
1049886,48349171,3,448,,-79.608006,43.756576,,,,18.1836618289033,17989.1907697227,,1
1049886,48349171,3,449,,-79.607987,43.756583,,,,1.71494128026935,17990.905711003,,1
1049886,48349171,3,450,,-79.607969,43.756593,,,,1.82587422438302,17992.7315852274,,1
1049886,48349171,3,451,,-79.607956,43.756606,,,,1.78516480319501,17994.5167500306,,1
1049886,48349171,3,452,,-79.607945,43.756621,,,,1.88956439389941,17996.4063144245,,1
