shape_id,trip_id,route_type,id,timestamp,shape_pt_lon,shape_pt_lat,stop_id,stop_sequence,speed,dist,cumdist,cumtime,trip_number
1049275,48337970,3,1,05:38:00,-79.536263,43.75329,3979,1,1e-12,0,0,0,1
1049275,48337970,3,2,05:38:00,-79.536263,43.75329,3979,1,1e-12,0,0,0,1
1049275,48337970,3,3,05:38:15,-79.535571,43.753413,,,13.6267426039968,57.3027167418159,57.3027167418159,15.1385981423053,1
1049275,48337970,3,4,05:38:38,-79.534531,43.753642,,,13.6267426039968,87.4239977192075,144.726714461023,38.2348289096522,1
1049275,48337970,3,5,05:38:58,-79.5336485028535,43.753835503395,,,13.6267426039968,74.1573998988656,218.884114359889,57.8262050289614,1
1049275,48337970,3,6,05:39:17,-79.532766,43.754029,,,13.6267426039968,74.1573999004311,293.04151426032,77.4175811486843,1
1049275,48337970,3,7,05:39:38,-79.5318350031659,43.7542325037784,,,13.6267426039968,78.2119504037383,371.253464664058,98.0801143479886,1
1049275,48337970,3,8,05:39:59,-79.530904,43.754436,,,13.6267426039968,78.2119504012766,449.465415065335,118.742647546643,1
1049275,48337970,3,9,05:40:02,-79.530757,43.754469,,,13.6267426039968,12.3775600727466,461.842975138082,122.012630517394,1
1049275,48337970,3,10,05:40:06,-79.530563,43.754509,,,13.6267426039968,16.2220740816649,478.065049219747,126.298281783521,1
1049275,48337970,3,11,05:40:09,-79.530419,43.754541,,,13.6267426039968,12.1142050233407,490.179254243087,129.498689933245,1
1049275,48337970,3,12,05:40:30,-79.5294735032785,43.754748503897,,,13.6267426039968,79.4562758767927,569.63553011988,150.489956993104,1
1049275,48337970,3,13,05:40:51,-79.528528,43.754956,,,13.6267426039968,79.4562758755987,649.091805995479,171.481224052647,1
1049275,48337970,3,14,05:41:09,-79.5277170024124,43.7551340028672,,,13.6267426039968,68.1535628782975,717.245368873776,189.48646811515,1
1049275,48337970,3,15,05:41:27,-79.526906,43.755312,,,13.6267426039968,68.1535628760583,785.398931749834,207.491712177062,1
1049275,48337970,3,16,05:41:42,-79.5262512550551,43.7554660056063,,,13.6267426039968,55.3664846084174,840.765416358252,222.11878413275,1
1049275,48337970,3,17,05:41:57,-79.52559650674,43.7556200074751,,,13.6267426039968,55.3664846095332,896.131900967785,236.745856088733,1
1049275,48337970,3,18,05:42:11,-79.524941755055,43.7557740056064,,,13.6267426039968,55.3664846082426,951.498385576028,251.372928044375,1
1049275,48337970,3,19,05:42:26,-79.524287,43.755928,8505,2,13.6267426039968,55.3664846081777,1006.86487018421,266,1
1049275,48337970,3,20,05:42:26,-79.524287,43.755928,8505,2,1e-12,0,1006.86487018421,266,1
1049275,48337970,3,21,05:42:46,-79.5233975031216,43.7561380034491,,,13.2523482354311,75.2437825817554,1082.10865276596,286.439971277702,1
1049275,48337970,3,22,05:43:07,-79.522508,43.756348,,,13.2523482354311,75.2437825831839,1157.35243534914,306.879942555793,1
1049275,48337970,3,23,05:43:27,-79.5216050028974,43.7565400035545,,,13.2523482354311,75.6857389865301,1233.03817433567,327.439971277574,1
1049275,48337970,3,24,05:43:48,-79.520702,43.756732,8447,3,13.2523482354311,75.685738988905,1308.72391332458,348,1
1049275,48337970,3,25,05:43:48,-79.520702,43.756732,8447,3,1e-12,0,1308.72391332458,348,1
1049275,48337970,3,26,05:44:14,-79.51955,43.757005,,,13.4064874514739,97.4834506512486,1406.20736397583,374.176910515507,1
1049275,48337970,3,27,05:44:19,-79.519332,43.757048,,,13.4064874514739,18.1698717570558,1424.37723573288,379.05600644292,1
1049275,48337970,3,28,05:44:27,-79.518967,43.75713,,,13.4064874514739,30.7341862109009,1455.11142194379,387.308956424018,1
1049275,48337970,3,29,05:44:36,-79.518564,43.757162,,,13.4064874514739,32.5978660972955,1487.70928804108,396.062354237952,1
1049275,48337970,3,30,05:44:47,-79.518078,43.757209,,,13.4064874514739,39.4248265128448,1527.13411455393,406.648973287869,1
1049275,48337970,3,31,05:44:54,-79.517731,43.757234,,,13.4064874514739,28.038465458056,1555.17258001198,414.178050237693,1
1049275,48337970,3,32,05:45:11,-79.516959,43.75731,4791,4,13.4064874514739,62.6453495549143,1617.8179295669,431,1
1049275,48337970,3,33,05:45:11,-79.516959,43.75731,4791,4,1e-12,0,1617.8179295669,431,1
1049275,48337970,3,34,05:45:14,-79.51679,43.757338,,,18.6207645020878,13.9410759820888,1631.75900554898,433.695263856105,1
1049275,48337970,3,35,05:45:19,-79.516445,43.757386,,,18.6207645020878,28.2490880438428,1660.00809359283,439.156732258567,1
1049275,48337970,3,36,05:45:22,-79.516289,43.75742,,,18.6207645020878,13.1015139775316,1673.10960757036,441.689681446224,1
1049275,48337970,3,37,05:45:24,-79.516161,43.757441,,,18.6207645020878,10.5537730260749,1683.66338059643,443.730069363143,1
1049275,48337970,3,38,05:45:26,-79.51601,43.757469,,,18.6207645020878,12.5346037744216,1696.19798437086,446.153416352085,1
1049275,48337970,3,39,05:45:29,-79.515823,43.757508,,,18.6207645020878,15.6496347804753,1711.84761915133,449.179000248138,1
1049275,48337970,3,40,05:45:33,-79.515606,43.757555,,,18.6207645020878,18.2150503731273,1730.06266952446,452.70056249849,1
1049275,48337970,3,41,05:45:37,-79.515363,43.757612,,,18.6207645020878,20.542452689379,1750.60512221384,456.672087388001,1
1049275,48337970,3,42,05:45:52,-79.5144040035821,43.7578355040091,,,18.6207645020878,81.0207893189221,1831.62591153276,472.336043694168,1
1049275,48337970,3,43,05:46:08,-79.513445,43.758059,7390,5,18.6207645020878,81.0207893171942,1912.64670084995,488,1
1049275,48337970,3,44,05:46:08,-79.513445,43.758059,7390,5,1e-12,0,1912.64670084995,488,1
1049275,48337970,3,45,05:46:24,-79.5124722603886,43.7582720123746,,,18.6802428518751,81.7260624771202,1994.37276332707,503.750000000032,1
1049275,48337970,3,46,05:46:39,-79.5114995138513,43.7584850164996,,,18.6802428518751,81.7260624752727,2076.09882580235,519.499999999708,1
1049275,48337970,3,47,05:46:55,-79.5105267603884,43.7586980123747,,,18.6802428518751,81.7260624772168,2157.82488827956,535.249999999759,1
1049275,48337970,3,48,05:47:11,-79.509554,43.758911,3178,6,18.6802428518751,81.7260624782041,2239.55095075777,551,1
1049275,48337970,3,49,05:47:11,-79.509554,43.758911,3178,6,1e-12,0,2239.55095075777,551,1
1049275,48337970,3,50,05:47:23,-79.508874,43.759067,,,17.6117942834865,57.3644712706904,2296.91542202846,562.725784054162,1
1049275,48337970,3,51,05:47:39,-79.50793,43.759283,3637,7,17.6117942834865,79.6161509342046,2376.53157296266,579,1
1049275,48337970,3,52,05:47:39,-79.50793,43.759283,3637,7,1e-12,0,2376.53157296266,579,1
1049275,48337970,3,53,05:47:50,-79.5072692548868,43.7594305057096,,,18.4968982051514,55.6041160369994,2432.13568899966,589.822074896722,1
1049275,48337970,3,54,05:48:01,-79.5066085065156,43.7595780076128,,,18.4968982051514,55.6041160366509,2487.73980503631,600.644149793377,1
1049275,48337970,3,55,05:48:11,-79.5059477548867,43.7597255057096,,,18.4968982051514,55.6041160386351,2543.34392107495,611.466224690418,1
1049275,48337970,3,56,05:48:22,-79.505287,43.759873,,,18.4968982051514,55.6041160343745,2598.94803710932,622.288299586629,1
1049275,48337970,3,57,05:48:29,-79.504882,43.759963,,,18.4968982051514,34.0683964984688,2633.01643360779,628.918937114835,1
1049275,48337970,3,58,05:48:41,-79.5041170022056,43.7601355025511,,,18.4968982051514,64.4335926473484,2697.45002625514,641.459468557337,1
1049275,48337970,3,59,05:48:54,-79.503352,43.760308,2335,8,18.4968982051514,64.4335926481769,2761.88361890332,654,1
1049275,48337970,3,60,05:48:54,-79.503352,43.760308,2335,8,1e-12,0,2761.88361890332,654,1
1049275,48337970,3,61,05:49:08,-79.5025150079218,43.7604967591618,,,17.6727019261735,70.4978281697159,2832.38144707303,668.360689297606,1
1049275,48337970,3,62,05:49:23,-79.5016780105623,43.7606855122158,,,17.6727019261735,70.4978281693568,2902.87927524239,682.721378595139,1
1049275,48337970,3,63,05:49:37,-79.5008410079216,43.7608742591619,,,17.6727019261735,70.4978281707638,2973.37710341315,697.082067892958,1
1049275,48337970,3,64,05:49:51,-79.500004,43.761063,,,17.6727019261735,70.4978281709293,3043.87493158408,711.442757190811,1
1049275,48337970,3,65,05:50:04,-79.4992697558725,43.7612225070505,630,9,17.6727019261735,61.6445581059406,3105.51948969002,724,1
1049275,48337970,3,66,05:50:04,-79.4992697558725,43.7612225070505,630,9,1e-12,0,3105.51948969002,724,1
1049275,48337970,3,67,05:50:16,-79.49853550783,43.7613820094007,,,17.8661195752739,61.6445581064307,3167.16404779645,736.421298774373,1
1049275,48337970,3,68,05:50:29,-79.4978012558724,43.7615415070505,,,17.8661195752739,61.6445581064874,3228.80860590294,748.842597548758,1
1049275,48337970,3,69,05:50:41,-79.497067,43.761701,,,17.8661195752739,61.6445581072541,3290.45316401019,761.263896323296,1
1049275,48337970,3,70,05:50:58,-79.496069,43.761927,,,17.8661195752739,84.0882533042375,3374.54141731443,778.207570668463,1
1049275,48337970,3,71,05:51:12,-79.495271,43.762109,,,17.8661195752739,67.2798143948028,3441.82123170923,791.764366300599,1
1049275,48337970,3,72,05:51:18,-79.494918,43.76218,,,17.8661195752739,29.4601089213124,3471.28134063055,797.700540167,1
1049275,48337970,3,73,05:51:24,-79.494558,43.762267,,,17.8661195752739,30.5202058534948,3501.80154648404,803.850322194914,1
1049275,48337970,3,74,05:51:27,-79.494395,43.762313,,,17.8661195752739,14.0695981920648,3515.87114467611,806.685328043723,1
1049275,48337970,3,75,05:51:28,-79.494297,43.762335,,,17.8661195752739,8.25071685423413,3524.12186153034,808.347836824665,1
1049275,48337970,3,76,05:51:31,-79.494134,43.762395,,,17.8661195752739,14.7086006730378,3538.83046220338,811.311600847392,1
1049275,48337970,3,77,05:51:33,-79.494043,43.76243,,,17.8661195752739,8.2888658589755,3547.11932806235,812.981796603476,1
1049275,48337970,3,78,05:51:35,-79.493918,43.762473,,,17.8661195752739,11.1313279225212,3558.25065598488,815.224744791091,1
1049275,48337970,3,79,05:51:37,-79.493826,43.762516,8123,10,17.8661195752739,8.81025606638796,3567.06091205126,817,1
1049275,48337970,3,80,05:51:37,-79.493826,43.762516,8123,10,1e-12,0,3567.06091205126,817,1
1049275,48337970,3,81,05:51:40,-79.493642,43.7626,,,18.0927751657815,17.5005340889741,3584.56144614024,820.482159157069,1
1049275,48337970,3,82,05:51:43,-79.493531,43.762661,,,18.0927751657815,11.2137487241565,3595.77519486439,822.713408649591,1
1049275,48337970,3,83,05:51:44,-79.493452,43.762691,,,18.0927751657815,7.1757780684795,3602.95097293287,824.141205149012,1
1049275,48337970,3,84,05:51:47,-79.493289,43.762777,,,18.0927751657815,16.229015913086,3619.17998884596,827.370364675496,1
1049275,48337970,3,85,05:51:49,-79.493195,43.762824,,,18.0927751657815,9.19160542707439,3628.37159427303,829.199259316272,1
1049275,48337970,3,86,05:51:54,-79.492964,43.762944,,,18.0927751657815,22.876710364871,3651.2483046379,833.751140194629,1
1049275,48337970,3,87,05:51:57,-79.492817,43.763014,,,18.0927751657815,14.1559246811603,3665.40422931906,836.567807532018,1
1049275,48337970,3,88,05:51:59,-79.492659,43.763075,,,18.0927751657815,14.4036318808252,3679.80786119989,839.433762273391,1
1049275,48337970,3,89,05:52:03,-79.49246,43.763158,,,18.0927751657815,18.4750545334044,3698.28291573329,843.109826100573,1
1049275,48337970,3,90,05:52:07,-79.492263,43.763216,,,18.0927751657815,17.1033943045321,3715.38631003783,846.512964587186,1
1049275,48337970,3,91,05:52:10,-79.492063,43.76327,,,18.0927751657815,17.1660109107057,3732.55232094853,849.928562178617,1
1049275,48337970,3,92,05:52:13,-79.49189,43.763322,,,18.0927751657815,15.0649056223443,3747.61722657088,852.926093499462,1
1049275,48337970,3,93,05:52:23,-79.491275,43.763453,,,18.0927751657815,51.548759283318,3799.16598585419,863.182979561414,1
1049275,48337970,3,94,05:52:27,-79.491053,43.763502,,,18.0927751657815,18.6626344246868,3817.82862027888,866.896366994423,1
1049275,48337970,3,95,05:52:38,-79.4903592550881,43.7636482562942,,,18.0927751657815,58.1013731979493,3875.92999347683,878.457055810598,1
1049275,48337970,3,96,05:52:50,-79.4896655067841,43.7637945083923,,,18.0927751657815,58.1013731979728,3934.0313666748,890.017744626778,1
1049275,48337970,3,97,05:53:02,-79.488971755088,43.7639407562942,,,18.0927751657815,58.1013731955293,3992.13273987033,901.578433442471,1
1049275,48337970,3,98,05:53:13,-79.488278,43.764087,,,18.0927751657815,58.1013731994965,4050.23411306983,913.139122258954,1
1049275,48337970,3,99,05:53:24,-79.488444,43.764552,,,18.0927751657815,53.4562068214043,4103.69031989123,923.77554164701,1
1049275,48337970,3,100,05:53:24,-79.488444,43.764566,,,18.0927751657815,1.55847286947877,4105.24879276071,924.085637930124,1
1049275,48337970,3,101,05:53:24,-79.488445,43.76458,,,18.0927751657815,1.56054503841514,4106.80933779913,924.396146521913,1
1049275,48337970,3,102,05:53:25,-79.488447,43.764595,,,18.0927751657815,1.67751573487384,4108.486853534,924.729929293778,1
1049275,48337970,3,103,05:53:25,-79.48845,43.764609,,,18.0927751657815,1.57702435777832,4110.06387789178,925.043716849085,1
1049275,48337970,3,104,05:53:25,-79.488454,43.764623,,,18.0927751657815,1.59130375727316,4111.65518164905,925.360345640063,1
1049275,48337970,3,105,05:53:26,-79.488458,43.764637,,,18.0927751657815,1.59130374185817,4113.24648539091,925.676974427975,1
1049275,48337970,3,106,05:53:26,-79.488464,43.764651,,,18.0927751657815,1.63141346451492,4114.87789885543,926.001584025919,1
1049275,48337970,3,107,05:53:26,-79.48847,43.764664,,,18.0927751657815,1.52542616921346,4116.40332502464,926.30510486,1
1049275,48337970,3,108,05:53:27,-79.488477,43.764678,,,18.0927751657815,1.6569641257418,4118.06028915038,926.634798386726,1
1049275,48337970,3,109,05:53:27,-79.488485,43.764691,,,18.0927751657815,1.58363247135465,4119.64392162174,926.949900787803,1
1049275,48337970,3,110,05:53:27,-79.488494,43.764704,,,18.0927751657815,1.61795068338613,4121.26187230512,927.271831636267,1
1049275,48337970,3,111,05:53:28,-79.488503,43.764716,,,18.0927751657815,1.51919829758478,4122.78107060271,927.574113283012,1
1049275,48337970,3,112,05:53:28,-79.488513,43.764728,,,18.0927751657815,1.55909016845265,4124.34016077116,927.88433239285,1
1049275,48337970,3,113,05:53:28,-79.488524,43.76474,,,18.0927751657815,1.60202588822585,4125.94218665939,928.203094613945,1
1049275,48337970,3,114,05:53:29,-79.488536,43.764752,,,18.0927751657815,1.64776751580123,4127.58995417519,928.53095825026,1
1049275,48337970,3,115,05:53:29,-79.488548,43.764763,,,18.0927751657815,1.55888446704752,4129.14883864223,928.841136430774,1
1049275,48337970,3,116,05:53:29,-79.488561,43.764774,,,18.0927751657815,1.60987504716625,4130.7587136894,929.161460433957,1
1049275,48337970,3,117,05:53:29,-79.488575,43.764784,,,18.0927751657815,1.5830249649284,4132.34173865433,929.476441956777,1
1049275,48337970,3,118,05:53:33,-79.488736,43.764906,,,18.0927751657815,18.7609242853569,4151.10266293969,933.20938656082,1
1049275,48337970,3,119,05:53:33,-79.488748,43.764912,,,18.0927751657815,1.17336848134022,4152.27603142103,933.442856909848,1
1049275,48337970,3,120,05:53:34,-79.488759,43.764918,,,18.0927751657815,1.10821616457461,4153.3842475856,933.663363612435,1
1049275,48337970,3,121,05:53:34,-79.488769,43.764925,,,18.0927751657815,1.11960488151462,4154.50385246711,933.88613637872,1
1049275,48337970,3,122,05:53:34,-79.488779,43.764932,,,18.0927751657815,1.11960481076694,4155.62345727788,934.108909130928,1
1049275,48337970,3,123,05:53:35,-79.488797,43.764948,,,18.0927751657815,2.2948613247733,4157.91831860266,934.565527902426,1
1049275,48337970,3,124,05:53:35,-79.488805,43.764957,,,18.0927751657815,1.19054170363937,4159.10886030629,934.802415283927,1
1049275,48337970,3,125,05:53:35,-79.488813,43.764965,,,18.0927751657815,1.09851032367441,4160.20737062997,935.020990772153,1
1049275,48337970,3,126,05:53:35,-79.488819,43.764974,,,18.0927751657815,1.11194605073052,4161.3193166807,935.24223962679,1
1049275,48337970,3,127,05:53:35,-79.488825,43.764984,,,18.0927751657815,1.21320752319975,4162.5325242039,935.483636927287,1
1049275,48337970,3,128,05:53:36,-79.488836,43.764991,,,18.0927751657815,1.17865921870443,4163.7111834226,935.718159997875,1
1049275,48337970,3,129,05:53:36,-79.488841,43.765001,,,18.0927751657815,1.18354505976877,4164.89472848237,935.953655226004,1
1049275,48337970,3,130,05:53:36,-79.488845,43.765011,,,18.0927751657815,1.15871114794008,4166.05343963031,936.18420914017,1
1049275,48337970,3,131,05:53:36,-79.488849,43.765021,,,18.0927751657815,1.15871112621839,4167.21215075653,936.414763050013,1
1049275,48337970,3,132,05:53:37,-79.488852,43.765031,,,18.0927751657815,1.13902160213049,4168.35117235866,936.641399247617,1
1049275,48337970,3,133,05:53:37,-79.488854,43.765041,,,18.0927751657815,1.12474665134538,4169.47591901001,936.865195094729,1
1049275,48337970,3,134,05:53:37,-79.488855,43.765051,,,18.0927751657815,1.11609405205738,4170.59201306206,937.087269295652,1
1049275,48337970,3,135,05:53:37,-79.488855,43.765061,,,18.0927751657815,1.1131949073775,4171.70520796944,937.308766640854,1
1049275,48337970,3,136,05:53:51,-79.4890899977411,43.7656360002408,,,18.0927751657815,66.7385074114596,4238.4437153809,950.588024492664,1
1049275,48337970,3,137,05:54:04,-79.489325,43.766211,,,18.0927751657815,66.7385074072928,4305.18222278819,963.867282343647,1
1049275,48337970,3,138,05:54:07,-79.489374,43.766344,,,18.0927751657815,15.3205645070666,4320.50278729526,966.915683250642,1
1049275,48337970,3,139,05:54:21,-79.4901760029429,43.7661245028039,,,18.0927751657815,68.9488778198486,4389.45166511511,980.634748340275,1
1049275,48337970,3,140,05:54:34,-79.490978,43.765905,,,18.0927751657815,68.948877820674,4458.40054293578,994.353813430073,1
1049275,48337970,3,141,05:54:47,-79.4908499987771,43.7653335000714,,,18.0927751657815,64.445928814838,4522.84647175062,1007.17690671497,1
1049275,48337970,3,142,05:55:00,-79.490722,43.764762,23862,11,18.0927751657815,64.4459288155459,4587.29240056617,1020,1
1049275,48337970,3,143,05:55:00,-79.490722,43.764762,23862,11,1e-12,0,4587.29240056617,1020,1
1049275,48337970,3,144,05:55:02,-79.490785,43.764684,,,20.0155632968703,10.0521214999426,4597.34452206611,1021.80797496743,1
1049275,48337970,3,145,05:55:04,-79.490876,43.764614,,,20.0155632968703,10.6884050234248,4608.03292708953,1023.73039191437,1
1049275,48337970,3,146,05:55:05,-79.490923,43.764576,,,20.0155632968703,5.67196067467515,4613.70488776421,1024.75055098388,1
1049275,48337970,3,147,05:55:06,-79.490925,43.764516,,,20.0155632968703,6.68110447438929,4620.3859922386,1025.95221469682,1
1049275,48337970,3,148,05:55:07,-79.490896,43.764461,,,20.0155632968703,6.55144237117032,4626.93743460977,1027.13055737878,1
1049275,48337970,3,149,05:55:08,-79.490826,43.764423,,,20.0155632968703,7.04014028419688,4633.97757489397,1028.39679728656,1
1049275,48337970,3,150,05:55:10,-79.49073,43.76441,,,20.0155632968703,7.85231104340306,4641.82988593737,1029.80911425895,1
1049275,48337970,3,151,05:55:11,-79.49065,43.764429,,,20.0155632968703,6.77036035289992,4648.60024629027,1031.0268315377,1
1049275,48337970,3,152,05:55:13,-79.49058,43.764489,,,20.0155632968703,8.73388640721705,4657.33413269749,1032.59770868963,1
1049275,48337970,3,153,05:55:14,-79.490565,43.764563,,,20.0155632968703,8.32544040201052,4665.6595730995,1034.09512272703,1
1049275,48337970,3,154,05:55:15,-79.490601,43.764627,,,20.0155632968703,7.68986109672345,4673.34943419622,1035.47822144564,1
1049275,48337970,3,155,05:55:18,-79.490682,43.764719,,,20.0155632968703,12.1363339064382,4685.48576810266,1037.66106293829,1
1049275,48337970,3,156,05:55:19,-79.490722,43.764762,,,20.0155632968703,5.76661207811829,4691.25238018078,1038.69824601295,1
1049275,48337970,3,157,05:55:30,-79.4908499987771,43.7653335000714,,,20.0155632968703,64.4459288155459,4755.69830899632,1050.28949329862,1
1049275,48337970,3,158,05:55:42,-79.490978,43.765905,,,20.0155632968703,64.445928814838,4820.14423781116,1061.88074058416,1
1049275,48337970,3,159,05:55:54,-79.4901760029429,43.7661245028039,,,20.0155632968703,68.948877820674,4889.09311563183,1074.28188845459,1
1049275,48337970,3,160,05:56:07,-79.489374,43.766344,,,20.0155632968703,68.9488778198486,4958.04199345168,1086.68303632487,1
1049275,48337970,3,161,05:56:09,-79.489325,43.766211,,,20.0155632968703,15.3205645070666,4973.36255795875,1089.4385936583,1
1049275,48337970,3,162,05:56:21,-79.4890899977411,43.7656360002408,,,20.0155632968703,66.7385074072928,5040.10106536604,1101.44218421944,1
1049275,48337970,3,163,05:56:33,-79.488855,43.765061,,,20.0155632968703,66.7385074114596,5106.8395727775,1113.44577478133,1
1049275,48337970,3,164,05:56:34,-79.488855,43.765051,,,20.0155632968703,1.1131949073775,5107.95276768488,1113.64599406105,1
1049275,48337970,3,165,05:56:34,-79.488854,43.765041,,,20.0155632968703,1.11609405205738,5109.06886173694,1113.84673478105,1
1049275,48337970,3,166,05:56:34,-79.488852,43.765031,,,20.0155632968703,1.12474665134538,5110.19360838828,1114.0490317579,1
1049275,48337970,3,167,05:56:34,-79.488849,43.765021,,,20.0155632968703,1.13902160213049,5111.33262999041,1114.25389622796,1
1049275,48337970,3,168,05:56:34,-79.488845,43.765011,,,20.0155632968703,1.15871112621839,5112.49134111663,1114.46230205659,1
1049275,48337970,3,169,05:56:35,-79.488841,43.765001,,,20.0155632968703,1.15871114794008,5113.65005226457,1114.67070788912,1
1049275,48337970,3,170,05:56:35,-79.48883,43.764993,,,20.0155632968703,1.2550369454079,5114.90508920998,1114.89643888337,1
1049275,48337970,3,171,05:56:35,-79.488825,43.764984,,,20.0155632968703,1.07950470393824,5115.98459391392,1115.09059864178,1
1049275,48337970,3,172,05:56:35,-79.488819,43.764974,,,20.0155632968703,1.21320752319975,5117.19780143712,1115.30880619451,1
1049275,48337970,3,173,05:56:36,-79.488813,43.764965,,,20.0155632968703,1.11194605073052,5118.30974748785,1115.50880085483,1
1049275,48337970,3,174,05:56:36,-79.488805,43.764957,,,20.0155632968703,1.09851032367441,5119.40825781152,1115.70637896475,1
1049275,48337970,3,175,05:56:36,-79.488789,43.76494,,,20.0155632968703,2.2881952285746,5121.6964530401,1116.11793384836,1
1049275,48337970,3,176,05:56:36,-79.488779,43.764932,,,20.0155632968703,1.19974797809484,5122.89620101819,1116.33372056677,1
1049275,48337970,3,177,05:56:37,-79.488769,43.764925,,,20.0155632968703,1.11960481076694,5124.01580582896,1116.53509273197,1
1049275,48337970,3,178,05:56:37,-79.488759,43.764918,,,20.0155632968703,1.11960488151462,5125.13541071047,1116.7364649099,1
1049275,48337970,3,179,05:56:37,-79.488748,43.764912,,,20.0155632968703,1.10821616457461,5126.24362687505,1116.93578871274,1
1049275,48337970,3,180,05:56:37,-79.488735,43.764908,,,20.0155632968703,1.13601472720453,5127.37964160225,1117.14011236616,1
1049275,48337970,3,181,05:56:41,-79.488575,43.764784,,,20.0155632968703,18.8678166800297,5146.24745828228,1120.53367861461,1
1049275,48337970,3,182,05:56:41,-79.488561,43.764774,,,20.0155632968703,1.5830249649284,5147.83048324721,1120.81840154692,1
1049275,48337970,3,183,05:56:41,-79.488548,43.764763,,,20.0155632968703,1.60987504716625,5149.44035829438,1121.10795373608,1
1049275,48337970,3,184,05:56:41,-79.488536,43.764752,,,20.0155632968703,1.55888446704752,5150.99924276142,1121.3883347575,1
1049275,48337970,3,185,05:56:42,-79.488524,43.76474,,,20.0155632968703,1.64776751580123,5152.64701027722,1121.68470228755,1
1049275,48337970,3,186,05:56:42,-79.488513,43.764728,,,20.0155632968703,1.60202588822585,5154.24903616545,1121.97284272667,1
1049275,48337970,3,187,05:56:42,-79.488503,43.764716,,,20.0155632968703,1.55909016845265,5155.8081263339,1122.25326074555,1
1049275,48337970,3,188,05:56:43,-79.488494,43.764704,,,20.0155632968703,1.51919829758478,5157.32732463149,1122.52650381096,1
1049275,48337970,3,189,05:56:43,-79.488485,43.764691,,,20.0155632968703,1.61795068338613,5158.94527531487,1122.81750848437,1
1049275,48337970,3,190,05:56:43,-79.488477,43.764678,,,20.0155632968703,1.58363247135465,5160.52890778623,1123.10234068281,1
1049275,48337970,3,191,05:56:43,-79.48847,43.764664,,,20.0155632968703,1.6569641257418,5162.18587191197,1123.40036231548,1
1049275,48337970,3,192,05:56:44,-79.488464,43.764651,,,20.0155632968703,1.52542616921346,5163.71129808119,1123.67472552614,1
1049275,48337970,3,193,05:56:44,-79.488458,43.764637,,,20.0155632968703,1.63141346451492,5165.3427115457,1123.96815161588,1
1049275,48337970,3,194,05:56:44,-79.488454,43.764623,,,20.0155632968703,1.59130374185817,5166.93401528756,1124.25436356934,1
1049275,48337970,3,195,05:56:45,-79.48845,43.764609,,,20.0155632968703,1.59130375727316,5168.52531904483,1124.54057552556,1
1049275,48337970,3,196,05:56:45,-79.488447,43.764595,,,20.0155632968703,1.57702435777832,5170.10234340261,1124.82421918844,1
1049275,48337970,3,197,05:56:45,-79.488445,43.76458,,,20.0155632968703,1.67751573487384,5171.77985913748,1125.12593723434,1
1049275,48337970,3,198,05:56:45,-79.488444,43.764566,,,20.0155632968703,1.56054503841514,5173.3404041759,1125.40661692619,1
1049275,48337970,3,199,05:56:46,-79.488444,43.764552,,,20.0155632968703,1.55847286947877,5174.89887704538,1125.68692391765,1
1049275,48337970,3,200,05:56:55,-79.488278,43.764087,,,20.0155632968703,53.4562068214043,5228.35508386678,1135.3015593742,1
1049275,48337970,3,201,05:57:06,-79.4875882552404,43.7642385062218,,,20.0155632968703,57.9595678977392,5286.31465176452,1145.72616953067,1
1049275,48337970,3,202,05:57:16,-79.4868985069872,43.7643900082958,,,20.0155632968703,57.9595678981016,5344.27421966262,1156.15077968719,1
1049275,48337970,3,203,05:57:27,-79.4862087552404,43.7645415062219,,,20.0155632968703,57.9595678988149,5402.23378756144,1166.57538984385,1
1049275,48337970,3,204,05:57:37,-79.485519,43.764693,3786,12,20.0155632968703,57.9595678960171,5460.19335545745,1177,1
1049275,48337970,3,205,05:57:37,-79.485519,43.764693,3786,12,1e-12,0,5460.19335545745,1177,1
1049275,48337970,3,206,05:57:52,-79.4843427657945,43.7649607680939,,,23.79554489867,99.1481037454798,5559.34145920293,1192.00000000015,1
1049275,48337970,3,207,05:58:07,-79.4831665210592,43.7652285241253,9332,13,23.79554489867,99.1481037434368,5658.48956294637,1207,1
1049275,48337970,3,208,05:58:07,-79.4831665210592,43.7652285241253,9332,13,1e-12,0,5658.48956294637,1207,1
1049275,48337970,3,209,05:58:23,-79.4819902657943,43.7654962680941,,,22.5123792083531,99.1481037462179,5757.63766669259,1222.85497339854,1
1049275,48337970,3,210,05:58:39,-79.480814,43.765764,,,22.5123792083531,99.1481037437689,5856.78577043636,1238.7099467967,1
1049275,48337970,3,211,05:58:50,-79.4799937574767,43.7659457587989,,,22.5123792083531,68.9752194080953,5925.76098984445,1249.73991335736,1
1049275,48337970,3,212,05:59:01,-79.4791735099689,43.7661275117319,,,22.5123792083531,68.9752194063381,5994.73620925079,1260.76987991775,1
1049275,48337970,3,213,05:59:12,-79.4783532574766,43.7663092587989,,,22.5123792083531,68.9752194083076,6063.7114286591,1271.79984647845,1
1049275,48337970,3,214,05:59:23,-79.477533,43.766491,,,22.5123792083531,68.9752194081729,6132.68664806727,1282.82981303912,1
1049275,48337970,3,215,05:59:33,-79.4767763897761,43.7666578924691,6441,14,22.5123792083531,63.5986404119795,6196.28528847925,1293,1
1049275,48337970,3,216,05:59:33,-79.4767763897761,43.7666578924691,6441,14,1e-12,0,6196.28528847925,1293,1
1049275,48337970,3,217,05:59:45,-79.4760197753303,43.7668247799471,,,18.5639274720923,63.5986404133048,6259.88392889256,1305.33333333327,1
1049275,48337970,3,218,05:59:58,-79.4752631566627,43.766991662434,,,18.5639274720923,63.5986404146044,6323.48256930716,1317.66666666679,1
1049275,48337970,3,219,06:00:10,-79.4745065337733,43.7671585399297,8208,15,18.5639274720923,63.5986404130391,6387.0812097202,1330,1
1049275,48337970,3,220,06:00:10,-79.4745065337733,43.7671585399297,8208,15,1e-12,0,6387.0812097202,1330,1
1049275,48337970,3,221,06:00:20,-79.4737499066623,43.7673254124343,,,23.4825749218191,63.5986404127847,6450.67985013298,1339.74999999993,1
1049275,48337970,3,222,06:00:29,-79.4729932753297,43.7674922799475,,,23.4825749218191,63.598640413428,6514.27849054641,1349.49999999995,1
1049275,48337970,3,223,06:00:39,-79.4722366397756,43.7676591424695,,,23.4825749218191,63.5986404144046,6577.87713096082,1359.25000000013,1
1049275,48337970,3,224,06:00:49,-79.47148,43.767826,5352,16,23.4825749218191,63.598640412423,6641.47577137324,1369,1
1049275,48337970,3,225,06:00:49,-79.47148,43.767826,5352,16,1e-12,0,6641.47577137324,1369,1
1049275,48337970,3,226,06:01:05,-79.4703417646437,43.7680825169438,,,21.9094547462676,95.8538645152881,6737.32963588853,1384.75000000006,1
1049275,48337970,3,227,06:01:20,-79.4692035195247,43.7683390225918,,,21.9094547462676,95.8538645137364,6833.18350040226,1400.49999999987,1
1049275,48337970,3,228,06:01:36,-79.4680652646434,43.768595516944,,,21.9094547462676,95.8538645166573,6929.03736491892,1416.25000000015,1
1049275,48337970,3,229,06:01:52,-79.466927,43.768852,623,17,21.9094547462676,95.8538645140002,7024.89122943292,1432,1
1049275,48337970,3,230,06:01:52,-79.466927,43.768852,623,17,1e-12,0,7024.89122943292,1432,1
1049275,48337970,3,231,06:02:00,-79.466379,43.768975,,,19.7377444374994,46.1313530295633,7071.02258246249,1440.41397412112,1
1049275,48337970,3,232,06:02:14,-79.4655180028071,43.7691700032316,,,19.7377444374994,72.537755541971,7143.56033800446,1453.64425586775,1
1049275,48337970,3,233,06:02:27,-79.464657,43.769365,,,19.7377444374994,72.5377555409774,7216.09809354543,1466.8745376142,1
1049275,48337970,3,234,06:02:41,-79.4637090101758,43.7695790117531,,,19.7377444374994,79.8431851671043,7295.94127871254,1481.43726880731,1
1049275,48337970,3,235,06:02:56,-79.4627610135676,43.7697930156709,7716,18,19.7377444374994,79.8431851648182,7375.78446387736,1496,1
1049275,48337970,3,236,06:02:56,-79.4627610135676,43.7697930156709,7716,18,1e-12,0,7375.78446387736,1496,1
1049275,48337970,3,237,06:03:06,-79.4618130101756,43.7700070117532,,,30.2563649051406,79.8431851678591,7455.62764904521,1505.50000000018,1
1049275,48337970,3,238,06:03:15,-79.460865,43.770221,631,19,30.2563649051406,79.8431851648274,7535.47083421004,1515,1
1049275,48337970,3,239,06:03:15,-79.460865,43.770221,631,19,1e-12,0,7535.47083421004,1515,1
1049275,48337970,3,240,06:03:17,-79.460724,43.770253,,,21.9801874903288,11.8810198283995,7547.35185403844,1516.94591931489,1
1049275,48337970,3,241,06:03:33,-79.4595572645727,43.7705020178029,,,21.9801874903288,97.7997873271193,7645.15164136556,1532.9639462099,1
1049275,48337970,3,242,06:03:49,-79.45839051943,43.7707510237374,,,21.9801874903288,97.799787327127,7742.95142869269,1548.98197310492,1
1049275,48337970,3,243,06:04:05,-79.4572237645724,43.7710000178032,8491,20,21.9801874903288,97.7997873274762,7840.75121602016,1565,1
1049275,48337970,3,244,06:04:05,-79.4572237645724,43.7710000178032,8491,20,1e-12,0,7840.75121602016,1565,1
1049275,48337970,3,245,06:04:19,-79.456057,43.771249,,,25.409272374425,97.799787328347,7938.55100334851,1578.85632887058,1
1049275,48337970,3,246,06:04:26,-79.4554181349361,43.771381887455,,,25.409272374425,53.4430089544043,7991.99401230292,1586.4281644352,1
1049275,48337970,3,247,06:04:34,-79.4547792670333,43.7715147713515,9340,21,25.409272374425,53.4430089556713,8045.43702125859,1594,1
1049275,48337970,3,248,06:04:34,-79.4547792670333,43.7715147713515,9340,21,1e-12,0,8045.43702125859,1594,1
1049275,48337970,3,249,06:04:42,-79.4541403962915,43.7716476516894,,,23.0873798685122,53.4430089533756,8098.88003021196,1602.3333333331,1
1049275,48337970,3,250,06:04:51,-79.4535015227108,43.7717805284688,,,23.0873798685122,53.4430089551641,8152.32303916713,1610.66666666647,1
1049275,48337970,3,251,06:04:59,-79.4528626462912,43.7719134016896,,,23.0873798685122,53.4430089547595,8205.76604812188,1618.99999999979,1
1049275,48337970,3,252,06:05:07,-79.4522237670329,43.7720462713518,,,23.0873798685122,53.4430089547155,8259.2090570766,1627.33333333309,1
1049275,48337970,3,253,06:05:16,-79.4515848849358,43.7721791374552,,,23.0873798685122,53.4430089566031,8312.6520660332,1635.66666666669,1
1049275,48337970,3,254,06:05:24,-79.450946,43.772312,7976,22,23.0873798685122,53.4430089547191,8366.09507498792,1644,1
1049275,48337970,3,255,06:05:24,-79.450946,43.772312,7976,22,1e-12,0,8366.09507498792,1644,1
1049275,48337970,3,256,06:05:34,-79.4498905038122,43.7725280048566,,,30.3487282148832,88.1855722297492,8454.28064721767,1654.46067096385,1
1049275,48337970,3,257,06:05:45,-79.448835,43.772744,,,30.3487282148832,88.1855722329332,8542.46621945061,1664.92134192807,1
1049275,48337970,3,258,06:05:51,-79.448217,43.772857,7985,23,30.3487282148832,51.244317148941,8593.71053659955,1671,1
1049275,48337970,3,259,06:05:51,-79.448217,43.772857,7985,23,1e-12,0,8593.71053659955,1671,1
1049275,48337970,3,260,06:06:02,-79.4473655027551,43.7730505031607,,,23.2087054405164,71.7548997857853,8665.46543638533,1682.13020456444,1
1049275,48337970,3,261,06:06:13,-79.446514,43.773244,,,23.2087054405164,71.7548997867514,8737.22033617208,1693.26040912903,1
1049275,48337970,3,262,06:06:21,-79.4459100013584,43.7733785015903,,,23.2087054405164,50.8068372707931,8788.02717344288,1701.14127153403,1
1049275,48337970,3,263,06:06:29,-79.445306,43.773513,,,23.2087054405164,50.8068372720855,8838.83401071496,1709.02213393923,1
1049275,48337970,3,264,06:06:38,-79.44464,43.773633,,,23.2087054405164,55.1755704803922,8894.00958119535,1717.58064894294,1
1049275,48337970,3,265,06:06:46,-79.44397,43.773734,,,23.2087054405164,55.0166094396405,8949.02619063499,1726.11450683047,1
1049275,48337970,3,266,06:06:54,-79.443332,43.773823,,,23.2087054405164,52.2314721124713,9001.25766274747,1734.21635034289,1
1049275,48337970,3,267,06:06:58,-79.443008,43.773859,,,23.2087054405164,26.3500205000035,9027.60768324747,1738.30361294541,1
1049275,48337970,3,268,06:07:02,-79.442682,43.77389,,,23.2087054405164,26.4304927968203,9054.03817604429,1742.40335794465,1
1049275,48337970,3,269,06:07:10,-79.442079,43.773953,24443,24,23.2087054405164,48.9745077221453,9103.01268376643,1750,1
1049275,48337970,3,270,06:07:10,-79.442079,43.773953,24443,24,1e-12,0,9103.01268376643,1750,1
1049275,48337970,3,271,06:07:20,-79.441503,43.774034,,,17.799041919698,47.1692782270653,9150.1819619935,1759.54036753122,1
1049275,48337970,3,272,06:07:27,-79.441037,43.774105,,,17.799041919698,38.2822477568831,9188.46420975038,1767.28326136486,1
1049275,48337970,3,273,06:07:46,-79.4399465044677,43.7743500051841,,,17.799041919698,91.7998514657356,9280.26406121612,1785.850522837,1
1049275,48337970,3,274,06:08:04,-79.438856,43.774595,,,17.799041919698,91.7998514649805,9372.0639126811,1804.41778430899,1
1049275,48337970,3,275,06:08:17,-79.4381170020514,43.7747610023807,24180,25,17.799041919698,62.2087179241582,9434.27263060526,1817,1
1049275,48337970,3,276,06:08:17,-79.4381170020514,43.7747610023807,24180,25,1e-12,0,9434.27263060526,1817,1
1049275,48337970,3,277,06:08:28,-79.437378,43.774927,,,20.4166687706001,62.2087179242461,9496.4813485295,1827.96904627506,1
1049275,48337970,3,278,06:08:41,-79.436485,43.775125,,,20.4166687706001,75.0868431936796,9571.56819172318,1841.20884746567,1
1049275,48337970,3,279,06:08:52,-79.4357495019864,43.7752865023582,,,20.4166687706001,61.7920476980682,9633.36023942125,1852.10442373291,1
1049275,48337970,3,280,06:09:03,-79.435014,43.775448,4564,26,20.4166687706001,61.7920476972297,9695.15228711848,1863,1
1049275,48337970,3,281,06:09:03,-79.435014,43.775448,4564,26,1e-12,0,9695.15228711848,1863,1
1049275,48337970,3,282,06:09:22,-79.43388,43.775708,,,18.4546010793626,95.6344420196505,9790.78672913813,1881.65572654701,1
1049275,48337970,3,283,06:09:40,-79.432729,43.775955,,,18.4546010793626,96.5151079173561,9887.30183705549,1900.48324750009,1
1049275,48337970,3,284,06:09:57,-79.431722,43.776188,,,18.4546010793626,84.9950812412843,9972.29691829677,1917.0635187914,1
1049275,48337970,3,285,06:10:09,-79.4309885018707,43.7763405023454,,,18.4546010793626,61.3525294377961,10033.6494477346,1929.0317593958,1
1049275,48337970,3,286,06:10:21,-79.430255,43.776493,629,27,18.4546010793626,61.3525294367697,10095.0019771713,1941,1
1049275,48337970,3,287,06:10:21,-79.430255,43.776493,629,27,1e-12,0,10095.0019771713,1941,1
1049275,48337970,3,288,06:10:31,-79.429634504335,43.7766322550353,,,18.9649789570595,52.2274853715768,10147.2294625429,1950.91400769615,1
1049275,48337970,3,289,06:10:41,-79.42901400578,43.7767715067138,,,18.9649789570595,52.2274853724029,10199.4569479153,1960.82801539246,1
1049275,48337970,3,290,06:10:51,-79.4283935043349,43.7769107550353,,,18.9649789570595,52.2274853699055,10251.6844332852,1970.7420230883,1
1049275,48337970,3,291,06:11:01,-79.427773,43.77705,,,18.9649789570595,52.2274853706615,10303.9119186559,1980.65603078428,1
1049275,48337970,3,292,06:11:12,-79.427062,43.777207,7591,28,18.9649789570595,59.7605937404632,10363.6725123963,1992,1
1049275,48337970,3,293,06:11:12,-79.427062,43.777207,7591,28,1e-12,0,10363.6725123963,1992,1
1049275,48337970,3,294,06:11:25,-79.426230502656,43.777398003014,,,18.7199903136324,70.1335649439565,10433.8060773403,2005.48723100644,1
1049275,48337970,3,295,06:11:39,-79.425399,43.777589,,,18.7199903136324,70.133564942871,10503.9396422832,2018.97446201267,1
1049275,48337970,3,296,06:11:57,-79.424279,43.777831,,,18.7199903136324,93.9655185758483,10597.905160859,2037.04476339668,1
1049275,48337970,3,297,06:12:08,-79.4236320015798,43.7779770018249,,,18.7199903136324,54.4835869770025,10652.388747836,2047.52238169835,1
1049275,48337970,3,298,06:12:18,-79.422985,43.778123,15150,29,18.7199903136324,54.483586976917,10706.8723348129,2058,1
1049275,48337970,3,299,06:12:18,-79.422985,43.778123,15150,29,1e-12,0,10706.8723348129,2058,1
1049275,48337970,3,300,06:12:33,-79.422069,43.778321,,,18.8545858030812,76.8522746390216,10783.724609452,2072.67378767108,1
1049275,48337970,3,301,06:12:40,-79.421616,43.778419,,,18.8545858030812,38.0091318602618,10821.7337413122,2079.93106057678,1
1049275,48337970,3,302,06:12:41,-79.421534,43.778438,,,18.8545858030812,6.92181266590769,10828.6555539781,2081.25267675321,1
1049275,48337970,3,303,06:12:56,-79.420637,43.778647,,,18.8545858030812,75.7572544101215,10904.4128083883,2095.71738675664,1
1049275,48337970,3,304,06:13:01,-79.420305,43.778715,,,18.8545858030812,27.7372850502425,10932.1500934385,2101.01340477707,1
1049275,48337970,3,305,06:13:13,-79.41958,43.778881,,,18.8545858030812,61.1313572061322,10993.2814506446,2112.68551936185,1
1049275,48337970,3,306,06:13:22,-79.418976,43.77902,,,18.8545858030812,50.9523989297998,11044.2338495744,2122.41411473186,1
1049275,48337970,3,307,06:13:30,-79.418509,43.779137,10437,30,18.8545858030812,39.7302013001375,11083.9640508746,2130,1
1049275,48337970,3,308,06:13:30,-79.418509,43.779137,10437,30,1e-12,0,11083.9640508746,2130,1
1049275,48337970,3,309,06:13:44,-79.417672,43.779311,,,18.3496171053979,70.005950335243,11153.9700012098,2143.73442398058,1
1049275,48337970,3,310,06:13:48,-79.417431,43.77937,,,18.3496171053979,20.4532756228345,11174.4232768326,2147.74713944049,1
1049275,48337970,3,311,06:14:03,-79.4165040030931,43.7795695037461,1118,31,18.3496171053979,77.7455975080689,11252.1688743407,2163,1
1049275,48337970,3,312,06:14:03,-79.4165040030931,43.7795695037461,1118,31,1e-12,0,11252.1688743407,2163,1
1049275,48337970,3,313,06:14:52,-79.415577,43.779769,,,5.66198031328565,77.7455975067478,11329.9144718475,2212.43220137441,1
1049275,48337970,3,314,06:15:27,-79.414932,43.779908,,,5.66198031328565,54.1006336408759,11384.0151054883,2246.83046317164,1
1049275,48337970,3,315,06:15:47,-79.414543,43.779987,,,5.66198031328565,32.4783548028614,11416.4934602912,2267.48084887078,1
1049275,48337970,3,316,06:16:00,-79.414587,43.780161,14206,32,5.66198031328565,19.6897742312996,11436.1832345225,2280,1
1049275,48337970,3,317,06:16:00,-79.414587,43.780161,14206,32,1e-12,0,11436.1832345225,2280,1
1049275,48337970,3,318,,-79.414746,43.780179,,,,12.9353876350211,11449.1186221575,,1
1049275,48337970,3,319,,-79.41485,43.780376,,,,23.4689323464,11472.5875545039,,1
1049275,48337970,3,320,,-79.414973,43.780617,,,,28.5914341190402,11501.178988623,,1
1049275,48337970,3,321,,-79.415077,43.78087,,,,29.378033077851,11530.5570217008,,1
1049275,48337970,3,322,,-79.415093,43.780907,,,,4.31489826035035,11534.8719199612,,1
1049275,48337970,3,323,,-79.415162,43.781066,,,,18.5482336368817,11553.420153598,,1
1049275,48337970,3,324,,-79.41524,43.781281,,,,24.7410875320816,11578.1612411301,,1
1049275,48337970,3,325,,-79.41531,43.781456,,,,20.277017827191,11598.4382589573,,1
1049275,48337970,3,326,,-79.415333,43.781608,,,,17.0212366384349,11615.4594955957,,1
1049275,48337970,3,327,,-79.415307,43.781727,,,,13.4108203712292,11628.870315967,,1
1049275,48337970,3,328,,-79.415214,43.781745,,,,7.73838288829824,11636.6086988553,,1
1049275,48337970,3,329,,-79.415114,43.781745,,,,8.0370525550389,11644.6457514103,,1
1049275,48337970,3,330,,-79.41501,43.781675,,,,11.4274286525504,11656.0731800629,,1
1049275,48337970,3,331,,-79.414723,43.780991,,,,79.5597168182113,11735.6328968811,,1
1049275,48337970,3,332,,-79.414453,43.780346,,,,75.0086838144762,11810.6415806956,,1
1049275,48337970,3,333,,-79.414461,43.780205,,,,15.7092123359638,11826.3507930315,,1
