shape_id,trip_id,route_type,id,timestamp,shape_pt_lon,shape_pt_lat,stop_id,stop_sequence,speed,dist,cumdist,cumtime,trip_number
1049585,48343720,0,1,04:28:00,-79.349852,43.658878,4041,1,1e-12,0,0,0,1
1049585,48343720,0,2,04:28:00,-79.349852,43.658878,4041,1,1e-12,0,0,0,1
1049585,48343720,0,3,04:28:36,-79.350929,43.658632,,,9.18783514190639,90.9571881659805,90.9571881659805,35.6390675648962,1
1049585,48343720,0,4,04:28:56,-79.351553,43.658493,,,9.18783514190639,52.5826349208061,143.539823086787,56.2421239749424,1
1049585,48343720,0,5,04:29:19,-79.352239,43.658332,1070,2,9.18783514190639,58.0821147494925,201.621937836279,79,1
1049585,48343720,0,6,04:29:19,-79.352239,43.658332,1070,2,1e-12,0,201.621937836279,79,1
1049585,48343720,0,7,04:30:03,-79.353347,43.65809,,,7.67485892877408,93.2120915745226,294.834029410802,122.722436175369,1
1049585,48343720,0,8,04:30:14,-79.353623,43.658022,,,7.67485892877408,23.4816827436177,318.315712154419,133.73684812242,1
1049585,48343720,0,9,04:30:19,-79.353755,43.657992,,,7.67485892877408,11.1430527291497,329.458764883569,138.96365296629,1
1049585,48343720,0,10,04:30:25,-79.353921,43.657957,,,7.67485892877408,13.9252636882127,343.384028571782,145.495492801107,1
1049585,48343720,0,11,04:30:35,-79.354174,43.657903,,,7.67485892877408,21.2440259607464,364.628054532528,155.460300515287,1
1049585,48343720,0,12,04:30:41,-79.354324,43.657871,,,7.67485892877408,12.5947827094527,377.222837241981,161.368059625235,1
1049585,48343720,0,13,04:30:50,-79.354546,43.657825,,,7.67485892877408,18.5980370861335,395.820874328114,170.091729223781,1
1049585,48343720,0,14,04:30:50,-79.354554,43.657823,,,7.67485892877408,0.681677847791201,396.502552175906,170.41147975924,1
1049585,48343720,0,15,04:30:55,-79.354659,43.657802,,,7.67485892877408,8.77355275823693,405.276104934143,174.526837477574,1
1049585,48343720,0,16,04:30:59,-79.354782,43.657778,,,7.67485892877408,10.2599993107959,415.536104244938,179.339433756105,1
1049585,48343720,0,17,04:31:03,-79.354874,43.657757,,,7.67485892877408,7.7694372266888,423.305541471627,182.983797030486,1
1049585,48343720,0,18,04:31:06,-79.354962,43.657737,,,7.67485892877408,7.42873109694421,430.734272568571,186.468347326092,1
1049585,48343720,0,19,04:31:17,-79.35517,43.657613,,,7.67485892877408,21.7062210864908,452.440493655062,196.649954133014,1
1049585,48343720,0,20,04:31:21,-79.355247,43.657552,,,7.67485892877408,9.19607024909887,461.636563904161,200.963499594108,1
1049585,48343720,0,21,04:31:23,-79.355285,43.657514,,,7.67485892877408,5.22113477686603,466.857698681027,203.412545937651,1
1049585,48343720,0,22,04:31:47,-79.355721502348,43.6571910008304,1159,3,7.67485892877408,50.2862173381862,517.143916019213,227,1
1049585,48343720,0,23,04:31:47,-79.355721502348,43.6571910008304,1159,3,1e-12,0,517.143916019213,227,1
1049585,48343720,0,24,04:32:30,-79.356158,43.656868,,,4.17410230593376,50.2862173385008,567.430133357714,270.369895884262,1
1049585,48343720,0,25,04:33:44,-79.356979,43.656382,,,4.17410230593376,85.4346804590667,652.864813816781,344.053966640126,1
1049585,48343720,0,26,04:34:21,-79.357411,43.656153,,,4.17410230593376,43.1322741749166,695.997087991697,381.253866318906,1
1049585,48343720,0,27,04:34:34,-79.357549,43.65607,,,4.17410230593376,14.4533338320077,710.450421823705,393.719301514699,1
1049585,48343720,0,28,04:34:43,-79.357654,43.656007,,,4.17410230593376,10.9862883558303,721.436710179536,403.194545574905,1
1049585,48343720,0,29,04:35:15,-79.358009,43.655796,,,4.17410230593376,37.002442818068,758.439152997604,435.10770543102,1
1049585,48343720,0,30,04:35:18,-79.358041,43.655779,,,4.17410230593376,3.19743836315904,761.636591360763,437.8653709753,1
1049585,48343720,0,31,04:35:50,-79.358415,43.655582,10198,4,4.17410230593376,37.2592303089795,798.895821669742,470,1
1049585,48343720,0,32,04:35:50,-79.358415,43.655582,10198,4,1e-12,0,798.895821669742,470,1
1049585,48343720,0,33,04:36:10,-79.358941,43.655262,,,9.88709674688329,55.3503589565947,854.246180626337,490.153670723062,1
1049585,48343720,0,34,04:36:21,-79.359215,43.655098,,,9.88709674688329,28.6408201980848,882.887000824421,500.58210642595,1
1049585,48343720,0,35,04:36:29,-79.359449,43.654967,,,9.88709674688329,23.8296203305716,906.716621154993,509.258731666529,1
1049585,48343720,0,36,04:36:37,-79.359651,43.654833,,,9.88709674688329,22.0726031357153,928.789224290708,517.295607740754,1
1049585,48343720,0,37,04:36:38,-79.359668,43.654822,,,9.88709674688329,1.83688142647897,930.626105717187,517.964436346827,1
1049585,48343720,0,38,04:36:40,-79.359711,43.654793,,,9.88709674688329,4.73454101580396,935.360646732991,519.688334483281,1
1049585,48343720,0,39,04:37:04,-79.360349,43.65441,7621,5,9.88709674688329,66.7699414004628,1002.13058813345,544,1
1049585,48343720,0,40,04:37:04,-79.360349,43.65441,7621,5,1e-12,0,1002.13058813345,544,1
1049585,48343720,0,41,04:37:18,-79.36074,43.654182,,,10.1593242915178,40.4465074060398,1042.57709553949,558.33239283279,1
1049585,48343720,0,42,04:37:22,-79.360848,43.654118,,,10.1593242915178,11.243754019354,1053.82084955885,562.316665143447,1
1049585,48343720,0,43,04:37:28,-79.36099,43.654034,,,10.1593242915178,14.7730209927103,1068.59387055156,567.551548295879,1
1049585,48343720,0,44,04:37:33,-79.361139,43.653944,,,10.1593242915178,15.6331019451646,1084.22697249672,573.091204811183,1
1049585,48343720,0,45,04:37:36,-79.36122,43.653895,,,10.1593242915178,8.50380685515548,1092.73077935188,576.104565129262,1
1049585,48343720,0,46,04:37:49,-79.361569,43.653683,,,10.1593242915178,36.7025713499352,1129.43335070181,589.110278212964,1
1049585,48343720,0,47,04:38:00,-79.361874,43.653497,,,10.1593242915178,32.1275295143113,1161.56088021612,600.494805661122,1
1049585,48343720,0,48,04:38:19,-79.36241,43.653218,,,10.1593242915178,53.1821723272347,1214.74305254336,619.340135811464,1
1049585,48343720,0,49,04:38:50,-79.363245,43.652729,1389,6,10.1593242915178,86.5231952847864,1301.26624782815,650,1
1049585,48343720,0,50,04:38:50,-79.363245,43.652729,1389,6,1e-12,0,1301.26624782815,650,1
1049585,48343720,0,51,04:39:17,-79.364158,43.652212,,,12.5062565574424,93.3804552596987,1394.64670308784,676.88011695513,1
1049585,48343720,0,52,04:39:19,-79.364245,43.652165,,,12.5062565574424,8.74512597607867,1403.39182906392,679.397453247512,1
1049585,48343720,0,53,04:39:23,-79.364412,43.652123,,,12.5062565574424,14.2403404159288,1417.63216947985,683.496619553742,1
1049585,48343720,0,54,04:39:44,-79.3652495025031,43.6519435030571,,,12.5062565574424,70.3535649031688,1487.98573438302,703.7483097768,1
1049585,48343720,0,55,04:40:04,-79.366087,43.651764,1581,7,12.5062565574424,70.3535649036643,1558.33929928669,724,1
1049585,48343720,0,56,04:40:04,-79.366087,43.651764,1581,7,1e-12,0,1558.33929928669,724,1
1049585,48343720,0,57,04:40:27,-79.36705,43.651547,,,12.6904119743932,81.2395324702556,1639.57883175694,747.04592770377,1
1049585,48343720,0,58,04:40:42,-79.3676555013611,43.651412001598,,,12.6904119743932,51.0332091344928,1690.61204089143,761.522963851602,1
1049585,48343720,0,59,04:40:56,-79.368261,43.651277,1962,8,12.6904119743932,51.0332091364859,1741.64525002792,776,1
1049585,48343720,0,60,04:40:56,-79.368261,43.651277,1962,8,1e-12,0,1741.64525002792,776,1
1049585,48343720,0,61,04:41:14,-79.3688675013936,43.6511390016032,,,10.3615864525527,51.2095904163109,1792.85484044423,793.792113817986,1
1049585,48343720,0,62,04:41:32,-79.369474,43.651001,,,10.3615864525527,51.2095904146104,1844.06443085884,811.584227635381,1
1049585,48343720,0,63,04:41:49,-79.370083501365,43.6508665016191,,,10.3615864525527,51.3253547132477,1895.38978557209,829.416562270023,1
1049585,48343720,0,64,04:42:07,-79.370693,43.650732,,,10.3615864525527,51.3253547114826,1946.71514028357,847.248896904052,1
1049585,48343720,0,65,04:42:25,-79.3713030013661,43.6505975016218,,,10.3615864525527,51.3640879966516,1998.07922828022,865.094688920041,1
1049585,48343720,0,66,04:42:43,-79.371913,43.650463,,,10.3615864525527,51.3640879985884,2049.44331627881,882.940480936703,1
1049585,48343720,0,67,04:43:02,-79.372566,43.650323,23882,9,10.3615864525527,54.8574595884516,2104.30077586726,902,1
1049585,48343720,0,68,04:43:02,-79.372566,43.650323,23882,9,1e-12,0,2104.30077586726,902,1
1049585,48343720,0,69,04:43:21,-79.3731910014152,43.6501870017025,,,9.81722445627904,52.5691730519447,2156.86994891921,921.277243158677,1
1049585,48343720,0,70,04:43:41,-79.373816,43.650051,,,9.81722445627904,52.5691730500624,2209.43912196927,940.554486316664,1
1049585,48343720,0,71,04:43:59,-79.374412,43.649921,,,9.81722445627904,50.1400792789759,2259.57920124825,958.940974901924,1
1049585,48343720,0,72,04:44:18,-79.375028,43.649782,23899,10,9.81722445627904,51.9740909182413,2311.55329216649,978,1
1049585,48343720,0,73,04:44:18,-79.375028,43.649782,23899,10,1e-12,0,2311.55329216649,978,1
1049585,48343720,0,74,04:44:35,-79.375586,43.649673,,,9.64875963303076,46.5547248094657,2358.10801697595,995.369798366656,1
1049585,48343720,0,75,04:44:40,-79.375719,43.64964,,,9.64875963303076,11.325213521579,2369.43323049753,999.595291614318,1
1049585,48343720,0,76,04:44:47,-79.375961,43.649585,,,9.64875963303076,20.4315293374149,2389.86475983495,1007.21839638759,1
1049585,48343720,0,77,04:45:12,-79.376731,43.649405,,,9.64875963303076,65.1784817968087,2455.04324163176,1031.53681071157,1
1049585,48343720,0,78,04:45:49,-79.377918,43.649148,,,9.64875963303076,99.7994623365519,2554.84270396831,1068.77248431894,1
1049585,48343720,0,79,04:46:17,-79.378821,43.648961,23884,11,9.64875963303076,75.6556982900297,2630.49840225834,1097,1
1049585,48343720,0,80,04:46:17,-79.378821,43.648961,23884,11,1e-12,0,2630.49840225834,1097,1
1049585,48343720,0,81,04:46:43,-79.3794970015982,43.6488190019917,,,7.72889872912974,56.6991888000139,2687.19759105835,1123.40959428162,1
1049585,48343720,0,82,04:47:10,-79.380173,43.648677,,,7.72889872912974,56.6991888012251,2743.89677985958,1149.81918856381,1
1049585,48343720,0,83,04:47:14,-79.380278,43.64865,23886,12,7.72889872912974,8.9758522766482,2752.87263213622,1154,1
1049585,48343720,0,84,04:47:14,-79.380278,43.64865,23886,12,1e-12,0,2752.87263213622,1154,1
1049585,48343720,0,85,04:47:37,-79.3811670028788,43.6484555034446,,,11.9220201190093,74.8102294002889,2827.68286153651,1176.58986506923,1
1049585,48343720,0,86,04:47:59,-79.382056,43.648261,,,11.9220201190093,74.8102294005797,2902.49309093709,1199.17973013854,1
1049585,48343720,0,87,04:48:18,-79.3827890019831,43.6480985023418,,,11.9220201190093,61.7520682101036,2964.2451591472,1217.82652349548,1
1049585,48343720,0,88,04:48:36,-79.383522,43.647936,,,11.9220201190093,61.7520682069942,3025.99722735419,1236.47331685147,1
1049585,48343720,0,89,04:48:38,-79.383578,43.647924,,,11.9220201190093,4.70445188294966,3030.70167923714,1237.8938837193,1
1049585,48343720,0,90,04:48:53,-79.3841920013391,43.6477930016431,,,11.9220201190093,51.5630363889179,3082.26471562606,1253.46397411901,1
1049585,48343720,0,91,04:49:09,-79.384806,43.647662,,,11.9220201190093,51.5630363907204,3133.82775201678,1269.03406451926,1
1049585,48343720,0,92,04:49:26,-79.385461,43.647521,,,11.9220201190093,55.045933413866,3188.87368543064,1285.65585833539,1
1049585,48343720,0,93,04:49:42,-79.38611,43.647395,23888,13,11.9220201190093,54.1264404870734,3243.00012591772,1302,1
1049585,48343720,0,94,04:49:42,-79.38611,43.647395,23888,13,1e-12,0,3243.00012591772,1302,1
1049585,48343720,0,95,04:50:10,-79.3871305036527,43.647180004539,,,11.0889883859036,85.6158435630421,3328.61596948076,1329.79487416713,1
1049585,48343720,0,96,04:50:38,-79.388151,43.646965,,,11.0889883859036,85.6158435603243,3414.23181304108,1357.58974833338,1
1049585,48343720,0,97,04:51:00,-79.3889620024438,43.6467840028666,,,11.0889883859036,68.3641105456453,3482.59592358673,1379.78390973021,1
1049585,48343720,0,98,04:51:22,-79.389773,43.646603,,,11.0889883859036,68.3641105428104,3550.96003412954,1401.97807112612,1
1049585,48343720,0,99,04:51:40,-79.3904330015767,43.6464595018986,23890,14,11.0889883859036,55.512488881686,3606.47252301123,1420,1
1049585,48343720,0,100,04:51:40,-79.3904330015767,43.6464595018986,23890,14,1e-12,0,3606.47252301123,1420,1
1049585,48343720,0,101,04:52:06,-79.391093,43.646316,,,7.57745511595516,55.512488882498,3661.98501189372,1446.37362503886,1
1049585,48343720,0,102,04:52:31,-79.3917105013467,43.6461850016619,6593,15,7.57745511595516,51.834791926867,3713.81980382059,1471,1
1049585,48343720,0,103,04:52:31,-79.3917105013467,43.6461850016619,6593,15,1e-12,0,3713.81980382059,1471,1
1049585,48343720,0,104,04:52:47,-79.392328,43.646054,,,11.3620469735569,51.8347919263627,3765.65459574695,1487.42355918517,1
1049585,48343720,0,105,04:53:05,-79.3929840015944,43.6459080018756,,,11.3620469735569,55.2856234799327,3820.94021922689,1504.94049473305,1
1049585,48343720,0,106,04:53:22,-79.39364,43.645762,,,11.3620469735569,55.2856234793536,3876.22584270624,1522.45743028074,1
1049585,48343720,0,107,04:53:41,-79.3943430017086,43.645616002154,,,11.3620469735569,58.9150965158498,3935.14093922209,1541.12434372958,1
1049585,48343720,0,108,04:54:00,-79.395046,43.64547,,,11.3620469735569,58.9150965178191,3994.05603573991,1559.79125717905,1
1049585,48343720,0,109,04:54:17,-79.3956962541891,43.6453410055286,23894,16,11.3620469735569,54.3129289687479,4048.36896470866,1577,1
1049585,48343720,0,110,04:54:17,-79.3956962541891,43.6453410055286,23894,16,1e-12,0,4048.36896470866,1577,1
1049585,48343720,0,111,04:54:31,-79.3963465055855,43.6452120073714,,,13.6587106146758,54.3129289714103,4102.68189368007,1591.31515388334,1
1049585,48343720,0,112,04:54:46,-79.3969967541892,43.6450830055286,,,13.6587106146758,54.3129289702038,4156.99482265027,1605.63030776636,1
1049585,48343720,0,113,04:55:00,-79.397647,43.644954,,,13.6587106146758,54.3129289701007,4211.30775162037,1619.94546164935,1
1049585,48343720,0,114,04:55:19,-79.398509,43.644779,,,13.6587106146758,72.1187582493393,4283.42650986971,1638.95366359622,1
1049585,48343720,0,115,04:55:34,-79.399203,43.644637,,,13.6587106146758,58.096672465433,4341.52318233514,1654.26609145093,1
1049585,48343720,0,116,04:55:54,-79.400097,43.644453,5279,17,13.6587106146758,74.8721517133892,4416.39533404853,1674,1
1049585,48343720,0,117,04:55:54,-79.400097,43.644453,5279,17,1e-12,0,4416.39533404853,1674,1
1049585,48343720,0,118,04:56:14,-79.400827,43.644305,,,11.2058127902851,61.0694440426599,4477.46477809119,1693.61928176635,1
1049585,48343720,0,119,04:56:14,-79.400838,43.644302,,,11.2058127902851,0.946948503931726,4478.41172659513,1693.92350018209,1
1049585,48343720,0,120,04:56:39,-79.4017715029214,43.6441140037981,7211,18,11.2058127902851,78.0562673319714,4556.4679939271,1719,1
1049585,48343720,0,121,04:56:39,-79.4017715029214,43.6441140037981,7211,18,1e-12,0,4556.4679939271,1719,1
1049585,48343720,0,122,04:56:59,-79.402705,43.643926,,,13.7417666601333,78.0562673308854,4634.52426125798,1739.44879449208,1
1049585,48343720,0,123,04:57:14,-79.4033500042195,43.6437950054397,,,13.7417666601333,53.9662132238685,4688.49047448185,1753.58659586878,1
1049585,48343720,0,124,04:57:28,-79.403995005626,43.6436640072529,,,13.7417666601333,53.9662132255919,4742.45668770744,1767.72439724593,1
1049585,48343720,0,125,04:57:42,-79.4046400042195,43.6435330054397,,,13.7417666601333,53.966213224516,4796.42290093196,1781.8621986228,1
1049585,48343720,0,126,04:57:56,-79.405285,43.643402,954,19,13.7417666601333,53.9662132257657,4850.38911415772,1796,1
1049585,48343720,0,127,04:57:56,-79.405285,43.643402,954,19,1e-12,0,4850.38911415772,1796,1
1049585,48343720,0,128,04:58:11,-79.4058932537436,43.6432787548375,,,12.2119675582568,50.8831981580525,4901.27231231578,1810.9999999996,1
1049585,48343720,0,129,04:58:26,-79.4065015049915,43.64315550645,,,12.2119675582568,50.8831981602837,4952.15551047606,1825.99999999986,1
1049585,48343720,0,130,04:58:41,-79.4071097537436,43.6430322548374,,,12.2119675582568,50.8831981586806,5003.03870863474,1840.99999999965,1
1049585,48343720,0,131,04:58:56,-79.407718,43.642909,2333,20,12.2119675582568,50.8831981605976,5053.92190679534,1856,1
1049585,48343720,0,132,04:58:56,-79.407718,43.642909,2333,20,1e-12,0,5053.92190679534,1856,1
1049585,48343720,0,133,04:59:21,-79.408759,43.642704,,,12.4384381634867,86.9094860801073,5140.83139287545,1881.15381318587,1
1049585,48343720,0,134,04:59:38,-79.4094510016817,43.6425580020871,,,12.4384381634867,58.0666324372771,5198.89802531272,1897.95977178185,1
1049585,48343720,0,135,04:59:55,-79.410143,43.642412,,,12.4384381634867,58.0666324363607,5256.96465774908,1914.76573037757,1
1049585,48343720,0,136,05:00:09,-79.410724,43.642292,,,12.4384381634867,48.672995657231,5305.63765340631,1928.85293184635,1
1049585,48343720,0,137,05:00:23,-79.411308,43.642175,,,12.4384381634867,48.8153607347056,5354.45301414102,1942.9813373853,1
1049585,48343720,0,138,05:00:39,-79.41197,43.642042,2462,21,12.4384381634867,55.346428998521,5409.79944313954,1959,1
1049585,48343720,0,139,05:00:39,-79.41197,43.642042,2462,21,1e-12,0,5409.79944313954,1959,1
1049585,48343720,0,140,05:00:56,-79.412709,43.641911,,,12.7324255551654,61.2925563473332,5471.09199948687,1976.330021047,1
1049585,48343720,0,141,05:01:22,-79.413797,43.64168,,,12.7324255551654,91.3419196174587,5562.43391910433,2002.15627930378,1
1049585,48343720,0,142,05:01:37,-79.4144075012346,43.6415585016244,,,12.7324255551654,51.007017568273,5613.44093667261,2016.57813965161,1
1049585,48343720,0,143,05:01:51,-79.415018,43.641437,8560,22,12.7324255551654,51.0070175702439,5664.44795424285,2031,1
1049585,48343720,0,144,05:01:51,-79.415018,43.641437,8560,22,1e-12,0,5664.44795424285,2031,1
1049585,48343720,0,145,05:02:11,-79.415801,43.64128,,,11.5492252667108,65.4541649893679,5729.90211923222,2051.40266671747,1
1049585,48343720,0,146,05:02:29,-79.416459,43.641148,,,11.5492252667108,55.0069262937326,5784.90904552595,2068.54883280952,1
1049585,48343720,0,147,05:02:33,-79.41664,43.641112,,,11.5492252667108,15.1219214054135,5800.03096693136,2073.26247513637,1
1049585,48343720,0,148,05:02:49,-79.417244,43.640991,2217,23,11.5492252667108,50.4878388307154,5850.51880576208,2089,1
1049585,48343720,0,149,05:02:49,-79.417244,43.640991,2217,23,1e-12,0,5850.51880576208,2089,1
1049585,48343720,0,150,05:03:16,-79.4183985043908,43.6407625058092,,,12.7420311855755,96.4219214671852,5946.94072722926,2116.24203953251,1
1049585,48343720,0,151,05:03:43,-79.419553,43.640534,,,12.7420311855755,96.4219214675515,6043.36264869682,2143.48407906511,1
1049585,48343720,0,152,05:03:58,-79.420159,43.640414,,,12.7420311855755,50.6140946016147,6093.97674329843,2157.78405509814,1
1049585,48343720,0,153,05:04:03,-79.42038,43.640368,,,12.7420311855755,18.5255985410085,6112.50234183944,2163.01808362753,1
1049585,48343720,0,154,05:04:25,-79.42129,43.640179,,,12.7420311855755,76.2693568562783,6188.77169869572,2184.56642868208,1
1049585,48343720,0,155,05:04:48,-79.422281,43.639977,5091,24,12.7420311855755,82.9420268117752,6271.71372550749,2208,1
1049585,48343720,0,156,05:04:48,-79.422281,43.639977,5091,24,1e-12,0,6271.71372550749,2208,1
1049585,48343720,0,157,05:05:04,-79.4229170013444,43.639850001763,,,11.9590881545219,53.1515029084545,6324.86522841595,2223.99999999984,1
1049585,48343720,0,158,05:05:20,-79.423553,43.639723,10438,25,11.9590881545219,53.1515029095172,6378.01673132546,2240,1
1049585,48343720,0,159,05:05:20,-79.423553,43.639723,10438,25,1e-12,0,6378.01673132546,2240,1
1049585,48343720,0,160,05:05:35,-79.4241965013763,43.6395945018048,,,13.2136966253817,53.778571845588,6431.79530317105,2254.65168030816,1
1049585,48343720,0,161,05:05:49,-79.42484,43.639466,,,13.2136966253817,53.7785718428441,6485.5738750139,2269.30336061557,1
1049585,48343720,0,162,05:06:03,-79.4254450011982,43.6393470015953,,,13.2136966253817,50.5079664222195,6536.08184143612,2283.06398220959,1
1049585,48343720,0,163,05:06:17,-79.42605,43.639228,,,13.2136966253817,50.5079664230042,6586.58980785912,2296.82460380382,1
1049585,48343720,0,164,05:06:23,-79.42634,43.63917,,,13.2136966253817,24.2386943807815,6610.8285022399,2303.42830466397,1
1049585,48343720,0,165,05:06:47,-79.427374,43.63896,4341,26,13.2136966253817,86.5192308656212,6697.34773310552,2327,1
1049585,48343720,0,166,05:06:47,-79.427374,43.63896,4341,26,1e-12,0,6697.34773310552,2327,1
1049585,48343720,0,167,05:07:01,-79.4271939957626,43.6384885004237,,,13.6767105474122,54.4535697707865,6751.80130287631,2341.33333333299,1
1049585,48343720,0,168,05:07:16,-79.4270139943502,43.6380170005648,,,13.6767105474122,54.4535697739185,6806.25487265023,2355.6666666668,1
1049585,48343720,0,169,05:07:30,-79.4268339957627,43.6375455004236,6129,27,13.6767105474122,54.4535697716066,6860.70844242183,2370,1
1049585,48343720,0,170,05:07:30,-79.4268339957627,43.6375455004236,6129,27,1e-12,0,6860.70844242183,2370,1
1049585,48343720,0,171,05:07:39,-79.426654,43.637074,,,23.0117475384936,54.4535697754542,6915.16201219729,2378.51881635081,1
1049585,48343720,0,172,05:07:52,-79.426367,43.636332,,,23.0117475384936,85.7743692899138,7000.9363814872,2391.93751603571,1
1049585,48343720,0,173,05:08:05,-79.426084,43.635597,,,23.0117475384936,84.9372420438157,7085.87362353102,2405.22525399851,1
1049585,48343720,0,174,05:08:18,-79.425804,43.634892,4396,28,23.0117475384936,81.6581194040643,7167.53174293508,2418,1
1049585,48343720,0,175,05:08:18,-79.425804,43.634892,4396,28,1e-12,0,7167.53174293508,2418,1
1049585,48343720,0,176,05:08:43,-79.426924,43.634638,,,13.3802828367386,94.5622439204062,7262.09398685549,2443.44221839457,1
1049585,48343720,0,177,05:08:51,-79.426832,43.634393,,,13.3802828367386,28.2625782532336,7290.35656510872,2451.04633879719,1
1049585,48343720,0,178,05:08:52,-79.426808,43.634368,,,13.3802828367386,3.38880282377116,7293.74536793249,2451.9581050367,1
1049585,48343720,0,179,05:08:53,-79.426791,43.634345,,,13.3802828367386,2.90368030747539,7296.64904823997,2452.73934779774,1
1049585,48343720,0,180,05:08:54,-79.42676,43.63432,,,13.3802828367386,3.73940237049378,7300.38845061046,2453.74544375984,1
1049585,48343720,0,181,05:08:55,-79.42673,43.634301,,,13.3802828367386,3.21180185465641,7303.60025246512,2454.60958742689,1
1049585,48343720,0,182,05:08:55,-79.426704,43.634289,,,13.3802828367386,2.48446316728461,7306.0847156324,2455.27803872283,1
1049585,48343720,0,183,05:08:56,-79.426679,43.634282,,,13.3802828367386,2.15968990612338,7308.24440553853,2455.85910892567,1
1049585,48343720,0,184,05:08:57,-79.426635,43.634278,,,13.3802828367386,3.57286945559237,7311.81727499412,2456.82039877261,1
1049585,48343720,0,185,05:08:58,-79.426577,43.634284,,,13.3802828367386,4.72046480619526,7316.53773980031,2458.09045214216,1
1049585,48343720,0,186,05:09:00,-79.42649,43.634294,6113,29,13.3802828367386,7.09730289671883,7323.63504269703,2460,1
1049585,48343720,0,187,05:09:00,-79.42649,43.634294,6113,29,1e-12,0,7323.63504269703,2460,1
1049585,48343720,0,188,,-79.425639,43.634477,,,,71.5260352465206,7395.16107794355,,1
1049585,48343719,0,1,04:42:00,-79.349852,43.658878,4041,1,1e-12,0,0,0,2
1049585,48343719,0,2,04:42:00,-79.349852,43.658878,4041,1,1e-12,0,0,0,2
1049585,48343719,0,3,04:42:36,-79.350929,43.658632,,,9.18783514190639,90.9571881659805,90.9571881659805,35.6390675648962,2
1049585,48343719,0,4,04:42:56,-79.351553,43.658493,,,9.18783514190639,52.5826349208061,143.539823086787,56.2421239749424,2
1049585,48343719,0,5,04:43:19,-79.352239,43.658332,1070,2,9.18783514190639,58.0821147494925,201.621937836279,79,2
1049585,48343719,0,6,04:43:19,-79.352239,43.658332,1070,2,1e-12,0,201.621937836279,79,2
1049585,48343719,0,7,04:44:03,-79.353347,43.65809,,,7.67485892877408,93.2120915745226,294.834029410802,122.722436175369,2
1049585,48343719,0,8,04:44:14,-79.353623,43.658022,,,7.67485892877408,23.4816827436177,318.315712154419,133.73684812242,2
1049585,48343719,0,9,04:44:19,-79.353755,43.657992,,,7.67485892877408,11.1430527291497,329.458764883569,138.96365296629,2
1049585,48343719,0,10,04:44:25,-79.353921,43.657957,,,7.67485892877408,13.9252636882127,343.384028571782,145.495492801107,2
1049585,48343719,0,11,04:44:35,-79.354174,43.657903,,,7.67485892877408,21.2440259607464,364.628054532528,155.460300515287,2
1049585,48343719,0,12,04:44:41,-79.354324,43.657871,,,7.67485892877408,12.5947827094527,377.222837241981,161.368059625235,2
1049585,48343719,0,13,04:44:50,-79.354546,43.657825,,,7.67485892877408,18.5980370861335,395.820874328114,170.091729223781,2
1049585,48343719,0,14,04:44:50,-79.354554,43.657823,,,7.67485892877408,0.681677847791201,396.502552175906,170.41147975924,2
1049585,48343719,0,15,04:44:55,-79.354659,43.657802,,,7.67485892877408,8.77355275823693,405.276104934143,174.526837477574,2
1049585,48343719,0,16,04:44:59,-79.354782,43.657778,,,7.67485892877408,10.2599993107959,415.536104244938,179.339433756105,2
1049585,48343719,0,17,04:45:03,-79.354874,43.657757,,,7.67485892877408,7.7694372266888,423.305541471627,182.983797030486,2
1049585,48343719,0,18,04:45:06,-79.354962,43.657737,,,7.67485892877408,7.42873109694421,430.734272568571,186.468347326092,2
1049585,48343719,0,19,04:45:17,-79.35517,43.657613,,,7.67485892877408,21.7062210864908,452.440493655062,196.649954133014,2
1049585,48343719,0,20,04:45:21,-79.355247,43.657552,,,7.67485892877408,9.19607024909887,461.636563904161,200.963499594108,2
1049585,48343719,0,21,04:45:23,-79.355285,43.657514,,,7.67485892877408,5.22113477686603,466.857698681027,203.412545937651,2
1049585,48343719,0,22,04:45:47,-79.355721502348,43.6571910008304,1159,3,7.67485892877408,50.2862173381862,517.143916019213,227,2
1049585,48343719,0,23,04:45:47,-79.355721502348,43.6571910008304,1159,3,1e-12,0,517.143916019213,227,2
1049585,48343719,0,24,04:46:30,-79.356158,43.656868,,,4.17410230593376,50.2862173385008,567.430133357714,270.369895884262,2
1049585,48343719,0,25,04:47:44,-79.356979,43.656382,,,4.17410230593376,85.4346804590667,652.864813816781,344.053966640126,2
1049585,48343719,0,26,04:48:21,-79.357411,43.656153,,,4.17410230593376,43.1322741749166,695.997087991697,381.253866318906,2
1049585,48343719,0,27,04:48:34,-79.357549,43.65607,,,4.17410230593376,14.4533338320077,710.450421823705,393.719301514699,2
1049585,48343719,0,28,04:48:43,-79.357654,43.656007,,,4.17410230593376,10.9862883558303,721.436710179536,403.194545574905,2
1049585,48343719,0,29,04:49:15,-79.358009,43.655796,,,4.17410230593376,37.002442818068,758.439152997604,435.10770543102,2
1049585,48343719,0,30,04:49:18,-79.358041,43.655779,,,4.17410230593376,3.19743836315904,761.636591360763,437.8653709753,2
1049585,48343719,0,31,04:49:50,-79.358415,43.655582,10198,4,4.17410230593376,37.2592303089795,798.895821669742,470,2
1049585,48343719,0,32,04:49:50,-79.358415,43.655582,10198,4,1e-12,0,798.895821669742,470,2
1049585,48343719,0,33,04:50:10,-79.358941,43.655262,,,9.88709674688329,55.3503589565947,854.246180626337,490.153670723062,2
1049585,48343719,0,34,04:50:21,-79.359215,43.655098,,,9.88709674688329,28.6408201980848,882.887000824421,500.58210642595,2
1049585,48343719,0,35,04:50:29,-79.359449,43.654967,,,9.88709674688329,23.8296203305716,906.716621154993,509.258731666529,2
1049585,48343719,0,36,04:50:37,-79.359651,43.654833,,,9.88709674688329,22.0726031357153,928.789224290708,517.295607740754,2
1049585,48343719,0,37,04:50:38,-79.359668,43.654822,,,9.88709674688329,1.83688142647897,930.626105717187,517.964436346827,2
1049585,48343719,0,38,04:50:40,-79.359711,43.654793,,,9.88709674688329,4.73454101580396,935.360646732991,519.688334483281,2
1049585,48343719,0,39,04:51:04,-79.360349,43.65441,7621,5,9.88709674688329,66.7699414004628,1002.13058813345,544,2
1049585,48343719,0,40,04:51:04,-79.360349,43.65441,7621,5,1e-12,0,1002.13058813345,544,2
1049585,48343719,0,41,04:51:18,-79.36074,43.654182,,,10.1593242915178,40.4465074060398,1042.57709553949,558.33239283279,2
1049585,48343719,0,42,04:51:22,-79.360848,43.654118,,,10.1593242915178,11.243754019354,1053.82084955885,562.316665143447,2
1049585,48343719,0,43,04:51:28,-79.36099,43.654034,,,10.1593242915178,14.7730209927103,1068.59387055156,567.551548295879,2
1049585,48343719,0,44,04:51:33,-79.361139,43.653944,,,10.1593242915178,15.6331019451646,1084.22697249672,573.091204811183,2
1049585,48343719,0,45,04:51:36,-79.36122,43.653895,,,10.1593242915178,8.50380685515548,1092.73077935188,576.104565129262,2
1049585,48343719,0,46,04:51:49,-79.361569,43.653683,,,10.1593242915178,36.7025713499352,1129.43335070181,589.110278212964,2
1049585,48343719,0,47,04:52:00,-79.361874,43.653497,,,10.1593242915178,32.1275295143113,1161.56088021612,600.494805661122,2
1049585,48343719,0,48,04:52:19,-79.36241,43.653218,,,10.1593242915178,53.1821723272347,1214.74305254336,619.340135811464,2
1049585,48343719,0,49,04:52:50,-79.363245,43.652729,1389,6,10.1593242915178,86.5231952847864,1301.26624782815,650,2
1049585,48343719,0,50,04:52:50,-79.363245,43.652729,1389,6,1e-12,0,1301.26624782815,650,2
1049585,48343719,0,51,04:53:17,-79.364158,43.652212,,,12.5062565574424,93.3804552596987,1394.64670308784,676.88011695513,2
1049585,48343719,0,52,04:53:19,-79.364245,43.652165,,,12.5062565574424,8.74512597607867,1403.39182906392,679.397453247512,2
1049585,48343719,0,53,04:53:23,-79.364412,43.652123,,,12.5062565574424,14.2403404159288,1417.63216947985,683.496619553742,2
1049585,48343719,0,54,04:53:44,-79.3652495025031,43.6519435030571,,,12.5062565574424,70.3535649031688,1487.98573438302,703.7483097768,2
1049585,48343719,0,55,04:54:04,-79.366087,43.651764,1581,7,12.5062565574424,70.3535649036643,1558.33929928669,724,2
1049585,48343719,0,56,04:54:04,-79.366087,43.651764,1581,7,1e-12,0,1558.33929928669,724,2
1049585,48343719,0,57,04:54:27,-79.36705,43.651547,,,12.6904119743932,81.2395324702556,1639.57883175694,747.04592770377,2
1049585,48343719,0,58,04:54:42,-79.3676555013611,43.651412001598,,,12.6904119743932,51.0332091344928,1690.61204089143,761.522963851602,2
1049585,48343719,0,59,04:54:56,-79.368261,43.651277,1962,8,12.6904119743932,51.0332091364859,1741.64525002792,776,2
1049585,48343719,0,60,04:54:56,-79.368261,43.651277,1962,8,1e-12,0,1741.64525002792,776,2
1049585,48343719,0,61,04:55:14,-79.3688675013936,43.6511390016032,,,10.3615864525527,51.2095904163109,1792.85484044423,793.792113817986,2
1049585,48343719,0,62,04:55:32,-79.369474,43.651001,,,10.3615864525527,51.2095904146104,1844.06443085884,811.584227635381,2
1049585,48343719,0,63,04:55:49,-79.370083501365,43.6508665016191,,,10.3615864525527,51.3253547132477,1895.38978557209,829.416562270023,2
1049585,48343719,0,64,04:56:07,-79.370693,43.650732,,,10.3615864525527,51.3253547114826,1946.71514028357,847.248896904052,2
1049585,48343719,0,65,04:56:25,-79.3713030013661,43.6505975016218,,,10.3615864525527,51.3640879966516,1998.07922828022,865.094688920041,2
1049585,48343719,0,66,04:56:43,-79.371913,43.650463,,,10.3615864525527,51.3640879985884,2049.44331627881,882.940480936703,2
1049585,48343719,0,67,04:57:02,-79.372566,43.650323,23882,9,10.3615864525527,54.8574595884516,2104.30077586726,902,2
1049585,48343719,0,68,04:57:02,-79.372566,43.650323,23882,9,1e-12,0,2104.30077586726,902,2
1049585,48343719,0,69,04:57:21,-79.3731910014152,43.6501870017025,,,9.81722445627904,52.5691730519447,2156.86994891921,921.277243158677,2
1049585,48343719,0,70,04:57:41,-79.373816,43.650051,,,9.81722445627904,52.5691730500624,2209.43912196927,940.554486316664,2
1049585,48343719,0,71,04:57:59,-79.374412,43.649921,,,9.81722445627904,50.1400792789759,2259.57920124825,958.940974901924,2
1049585,48343719,0,72,04:58:18,-79.375028,43.649782,23899,10,9.81722445627904,51.9740909182413,2311.55329216649,978,2
1049585,48343719,0,73,04:58:18,-79.375028,43.649782,23899,10,1e-12,0,2311.55329216649,978,2
1049585,48343719,0,74,04:58:35,-79.375586,43.649673,,,9.64875963303076,46.5547248094657,2358.10801697595,995.369798366656,2
1049585,48343719,0,75,04:58:40,-79.375719,43.64964,,,9.64875963303076,11.325213521579,2369.43323049753,999.595291614318,2
1049585,48343719,0,76,04:58:47,-79.375961,43.649585,,,9.64875963303076,20.4315293374149,2389.86475983495,1007.21839638759,2
1049585,48343719,0,77,04:59:12,-79.376731,43.649405,,,9.64875963303076,65.1784817968087,2455.04324163176,1031.53681071157,2
1049585,48343719,0,78,04:59:49,-79.377918,43.649148,,,9.64875963303076,99.7994623365519,2554.84270396831,1068.77248431894,2
1049585,48343719,0,79,05:00:17,-79.378821,43.648961,23884,11,9.64875963303076,75.6556982900297,2630.49840225834,1097,2
1049585,48343719,0,80,05:00:17,-79.378821,43.648961,23884,11,1e-12,0,2630.49840225834,1097,2
1049585,48343719,0,81,05:00:43,-79.3794970015982,43.6488190019917,,,7.72889872912974,56.6991888000139,2687.19759105835,1123.40959428162,2
1049585,48343719,0,82,05:01:10,-79.380173,43.648677,,,7.72889872912974,56.6991888012251,2743.89677985958,1149.81918856381,2
1049585,48343719,0,83,05:01:14,-79.380278,43.64865,23886,12,7.72889872912974,8.9758522766482,2752.87263213622,1154,2
1049585,48343719,0,84,05:01:14,-79.380278,43.64865,23886,12,1e-12,0,2752.87263213622,1154,2
1049585,48343719,0,85,05:01:37,-79.3811670028788,43.6484555034446,,,11.9220201190093,74.8102294002889,2827.68286153651,1176.58986506923,2
1049585,48343719,0,86,05:01:59,-79.382056,43.648261,,,11.9220201190093,74.8102294005797,2902.49309093709,1199.17973013854,2
1049585,48343719,0,87,05:02:18,-79.3827890019831,43.6480985023418,,,11.9220201190093,61.7520682101036,2964.2451591472,1217.82652349548,2
1049585,48343719,0,88,05:02:36,-79.383522,43.647936,,,11.9220201190093,61.7520682069942,3025.99722735419,1236.47331685147,2
1049585,48343719,0,89,05:02:38,-79.383578,43.647924,,,11.9220201190093,4.70445188294966,3030.70167923714,1237.8938837193,2
1049585,48343719,0,90,05:02:53,-79.3841920013391,43.6477930016431,,,11.9220201190093,51.5630363889179,3082.26471562606,1253.46397411901,2
1049585,48343719,0,91,05:03:09,-79.384806,43.647662,,,11.9220201190093,51.5630363907204,3133.82775201678,1269.03406451926,2
1049585,48343719,0,92,05:03:26,-79.385461,43.647521,,,11.9220201190093,55.045933413866,3188.87368543064,1285.65585833539,2
1049585,48343719,0,93,05:03:42,-79.38611,43.647395,23888,13,11.9220201190093,54.1264404870734,3243.00012591772,1302,2
1049585,48343719,0,94,05:03:42,-79.38611,43.647395,23888,13,1e-12,0,3243.00012591772,1302,2
1049585,48343719,0,95,05:04:10,-79.3871305036527,43.647180004539,,,11.0889883859036,85.6158435630421,3328.61596948076,1329.79487416713,2
1049585,48343719,0,96,05:04:38,-79.388151,43.646965,,,11.0889883859036,85.6158435603243,3414.23181304108,1357.58974833338,2
1049585,48343719,0,97,05:05:00,-79.3889620024438,43.6467840028666,,,11.0889883859036,68.3641105456453,3482.59592358673,1379.78390973021,2
1049585,48343719,0,98,05:05:22,-79.389773,43.646603,,,11.0889883859036,68.3641105428104,3550.96003412954,1401.97807112612,2
1049585,48343719,0,99,05:05:40,-79.3904330015767,43.6464595018986,23890,14,11.0889883859036,55.512488881686,3606.47252301123,1420,2
1049585,48343719,0,100,05:05:40,-79.3904330015767,43.6464595018986,23890,14,1e-12,0,3606.47252301123,1420,2
1049585,48343719,0,101,05:06:06,-79.391093,43.646316,,,7.57745511595516,55.512488882498,3661.98501189372,1446.37362503886,2
1049585,48343719,0,102,05:06:31,-79.3917105013467,43.6461850016619,6593,15,7.57745511595516,51.834791926867,3713.81980382059,1471,2
1049585,48343719,0,103,05:06:31,-79.3917105013467,43.6461850016619,6593,15,1e-12,0,3713.81980382059,1471,2
1049585,48343719,0,104,05:06:47,-79.392328,43.646054,,,11.3620469735569,51.8347919263627,3765.65459574695,1487.42355918517,2
1049585,48343719,0,105,05:07:05,-79.3929840015944,43.6459080018756,,,11.3620469735569,55.2856234799327,3820.94021922689,1504.94049473305,2
1049585,48343719,0,106,05:07:22,-79.39364,43.645762,,,11.3620469735569,55.2856234793536,3876.22584270624,1522.45743028074,2
1049585,48343719,0,107,05:07:41,-79.3943430017086,43.645616002154,,,11.3620469735569,58.9150965158498,3935.14093922209,1541.12434372958,2
1049585,48343719,0,108,05:08:00,-79.395046,43.64547,,,11.3620469735569,58.9150965178191,3994.05603573991,1559.79125717905,2
1049585,48343719,0,109,05:08:17,-79.3956962541891,43.6453410055286,23894,16,11.3620469735569,54.3129289687479,4048.36896470866,1577,2
1049585,48343719,0,110,05:08:17,-79.3956962541891,43.6453410055286,23894,16,1e-12,0,4048.36896470866,1577,2
1049585,48343719,0,111,05:08:31,-79.3963465055855,43.6452120073714,,,13.6587106146758,54.3129289714103,4102.68189368007,1591.31515388334,2
1049585,48343719,0,112,05:08:46,-79.3969967541892,43.6450830055286,,,13.6587106146758,54.3129289702038,4156.99482265027,1605.63030776636,2
1049585,48343719,0,113,05:09:00,-79.397647,43.644954,,,13.6587106146758,54.3129289701007,4211.30775162037,1619.94546164935,2
1049585,48343719,0,114,05:09:19,-79.398509,43.644779,,,13.6587106146758,72.1187582493393,4283.42650986971,1638.95366359622,2
1049585,48343719,0,115,05:09:34,-79.399203,43.644637,,,13.6587106146758,58.096672465433,4341.52318233514,1654.26609145093,2
1049585,48343719,0,116,05:09:54,-79.400097,43.644453,5279,17,13.6587106146758,74.8721517133892,4416.39533404853,1674,2
1049585,48343719,0,117,05:09:54,-79.400097,43.644453,5279,17,1e-12,0,4416.39533404853,1674,2
1049585,48343719,0,118,05:10:14,-79.400827,43.644305,,,11.2058127902851,61.0694440426599,4477.46477809119,1693.61928176635,2
1049585,48343719,0,119,05:10:14,-79.400838,43.644302,,,11.2058127902851,0.946948503931726,4478.41172659513,1693.92350018209,2
1049585,48343719,0,120,05:10:39,-79.4017715029214,43.6441140037981,7211,18,11.2058127902851,78.0562673319714,4556.4679939271,1719,2
1049585,48343719,0,121,05:10:39,-79.4017715029214,43.6441140037981,7211,18,1e-12,0,4556.4679939271,1719,2
1049585,48343719,0,122,05:10:59,-79.402705,43.643926,,,13.7417666601333,78.0562673308854,4634.52426125798,1739.44879449208,2
1049585,48343719,0,123,05:11:14,-79.4033500042195,43.6437950054397,,,13.7417666601333,53.9662132238685,4688.49047448185,1753.58659586878,2
1049585,48343719,0,124,05:11:28,-79.403995005626,43.6436640072529,,,13.7417666601333,53.9662132255919,4742.45668770744,1767.72439724593,2
1049585,48343719,0,125,05:11:42,-79.4046400042195,43.6435330054397,,,13.7417666601333,53.966213224516,4796.42290093196,1781.8621986228,2
1049585,48343719,0,126,05:11:56,-79.405285,43.643402,954,19,13.7417666601333,53.9662132257657,4850.38911415772,1796,2
1049585,48343719,0,127,05:11:56,-79.405285,43.643402,954,19,1e-12,0,4850.38911415772,1796,2
1049585,48343719,0,128,05:12:11,-79.4058932537436,43.6432787548375,,,12.2119675582568,50.8831981580525,4901.27231231578,1810.9999999996,2
1049585,48343719,0,129,05:12:26,-79.4065015049915,43.64315550645,,,12.2119675582568,50.8831981602837,4952.15551047606,1825.99999999986,2
1049585,48343719,0,130,05:12:41,-79.4071097537436,43.6430322548374,,,12.2119675582568,50.8831981586806,5003.03870863474,1840.99999999965,2
1049585,48343719,0,131,05:12:56,-79.407718,43.642909,2333,20,12.2119675582568,50.8831981605976,5053.92190679534,1856,2
1049585,48343719,0,132,05:12:56,-79.407718,43.642909,2333,20,1e-12,0,5053.92190679534,1856,2
1049585,48343719,0,133,05:13:21,-79.408759,43.642704,,,12.4384381634867,86.9094860801073,5140.83139287545,1881.15381318587,2
1049585,48343719,0,134,05:13:38,-79.4094510016817,43.6425580020871,,,12.4384381634867,58.0666324372771,5198.89802531272,1897.95977178185,2
1049585,48343719,0,135,05:13:55,-79.410143,43.642412,,,12.4384381634867,58.0666324363607,5256.96465774908,1914.76573037757,2
1049585,48343719,0,136,05:14:09,-79.410724,43.642292,,,12.4384381634867,48.672995657231,5305.63765340631,1928.85293184635,2
1049585,48343719,0,137,05:14:23,-79.411308,43.642175,,,12.4384381634867,48.8153607347056,5354.45301414102,1942.9813373853,2
1049585,48343719,0,138,05:14:39,-79.41197,43.642042,2462,21,12.4384381634867,55.346428998521,5409.79944313954,1959,2
1049585,48343719,0,139,05:14:39,-79.41197,43.642042,2462,21,1e-12,0,5409.79944313954,1959,2
1049585,48343719,0,140,05:14:56,-79.412709,43.641911,,,12.7324255551654,61.2925563473332,5471.09199948687,1976.330021047,2
1049585,48343719,0,141,05:15:22,-79.413797,43.64168,,,12.7324255551654,91.3419196174587,5562.43391910433,2002.15627930378,2
1049585,48343719,0,142,05:15:37,-79.4144075012346,43.6415585016244,,,12.7324255551654,51.007017568273,5613.44093667261,2016.57813965161,2
1049585,48343719,0,143,05:15:51,-79.415018,43.641437,8560,22,12.7324255551654,51.0070175702439,5664.44795424285,2031,2
1049585,48343719,0,144,05:15:51,-79.415018,43.641437,8560,22,1e-12,0,5664.44795424285,2031,2
1049585,48343719,0,145,05:16:11,-79.415801,43.64128,,,11.5492252667108,65.4541649893679,5729.90211923222,2051.40266671747,2
1049585,48343719,0,146,05:16:29,-79.416459,43.641148,,,11.5492252667108,55.0069262937326,5784.90904552595,2068.54883280952,2
1049585,48343719,0,147,05:16:33,-79.41664,43.641112,,,11.5492252667108,15.1219214054135,5800.03096693136,2073.26247513637,2
1049585,48343719,0,148,05:16:49,-79.417244,43.640991,2217,23,11.5492252667108,50.4878388307154,5850.51880576208,2089,2
1049585,48343719,0,149,05:16:49,-79.417244,43.640991,2217,23,1e-12,0,5850.51880576208,2089,2
1049585,48343719,0,150,05:17:16,-79.4183985043908,43.6407625058092,,,12.7420311855755,96.4219214671852,5946.94072722926,2116.24203953251,2
1049585,48343719,0,151,05:17:43,-79.419553,43.640534,,,12.7420311855755,96.4219214675515,6043.36264869682,2143.48407906511,2
1049585,48343719,0,152,05:17:58,-79.420159,43.640414,,,12.7420311855755,50.6140946016147,6093.97674329843,2157.78405509814,2
1049585,48343719,0,153,05:18:03,-79.42038,43.640368,,,12.7420311855755,18.5255985410085,6112.50234183944,2163.01808362753,2
1049585,48343719,0,154,05:18:25,-79.42129,43.640179,,,12.7420311855755,76.2693568562783,6188.77169869572,2184.56642868208,2
1049585,48343719,0,155,05:18:48,-79.422281,43.639977,5091,24,12.7420311855755,82.9420268117752,6271.71372550749,2208,2
1049585,48343719,0,156,05:18:48,-79.422281,43.639977,5091,24,1e-12,0,6271.71372550749,2208,2
1049585,48343719,0,157,05:19:04,-79.4229170013444,43.639850001763,,,11.9590881545219,53.1515029084545,6324.86522841595,2223.99999999984,2
1049585,48343719,0,158,05:19:20,-79.423553,43.639723,10438,25,11.9590881545219,53.1515029095172,6378.01673132546,2240,2
1049585,48343719,0,159,05:19:20,-79.423553,43.639723,10438,25,1e-12,0,6378.01673132546,2240,2
1049585,48343719,0,160,05:19:35,-79.4241965013763,43.6395945018048,,,13.2136966253817,53.778571845588,6431.79530317105,2254.65168030816,2
1049585,48343719,0,161,05:19:49,-79.42484,43.639466,,,13.2136966253817,53.7785718428441,6485.5738750139,2269.30336061557,2
1049585,48343719,0,162,05:20:03,-79.4254450011982,43.6393470015953,,,13.2136966253817,50.5079664222195,6536.08184143612,2283.06398220959,2
1049585,48343719,0,163,05:20:17,-79.42605,43.639228,,,13.2136966253817,50.5079664230042,6586.58980785912,2296.82460380382,2
1049585,48343719,0,164,05:20:23,-79.42634,43.63917,,,13.2136966253817,24.2386943807815,6610.8285022399,2303.42830466397,2
1049585,48343719,0,165,05:20:47,-79.427374,43.63896,4341,26,13.2136966253817,86.5192308656212,6697.34773310552,2327,2
1049585,48343719,0,166,05:20:47,-79.427374,43.63896,4341,26,1e-12,0,6697.34773310552,2327,2
1049585,48343719,0,167,05:21:01,-79.4271939957626,43.6384885004237,,,13.6767105474122,54.4535697707865,6751.80130287631,2341.33333333299,2
1049585,48343719,0,168,05:21:16,-79.4270139943502,43.6380170005648,,,13.6767105474122,54.4535697739185,6806.25487265023,2355.6666666668,2
1049585,48343719,0,169,05:21:30,-79.4268339957627,43.6375455004236,6129,27,13.6767105474122,54.4535697716066,6860.70844242183,2370,2
1049585,48343719,0,170,05:21:30,-79.4268339957627,43.6375455004236,6129,27,1e-12,0,6860.70844242183,2370,2
1049585,48343719,0,171,05:21:39,-79.426654,43.637074,,,23.0117475384936,54.4535697754542,6915.16201219729,2378.51881635081,2
1049585,48343719,0,172,05:21:52,-79.426367,43.636332,,,23.0117475384936,85.7743692899138,7000.9363814872,2391.93751603571,2
1049585,48343719,0,173,05:22:05,-79.426084,43.635597,,,23.0117475384936,84.9372420438157,7085.87362353102,2405.22525399851,2
1049585,48343719,0,174,05:22:18,-79.425804,43.634892,4396,28,23.0117475384936,81.6581194040643,7167.53174293508,2418,2
1049585,48343719,0,175,05:22:18,-79.425804,43.634892,4396,28,1e-12,0,7167.53174293508,2418,2
1049585,48343719,0,176,05:22:43,-79.426924,43.634638,,,13.3802828367386,94.5622439204062,7262.09398685549,2443.44221839457,2
1049585,48343719,0,177,05:22:51,-79.426832,43.634393,,,13.3802828367386,28.2625782532336,7290.35656510872,2451.04633879719,2
1049585,48343719,0,178,05:22:52,-79.426808,43.634368,,,13.3802828367386,3.38880282377116,7293.74536793249,2451.9581050367,2
1049585,48343719,0,179,05:22:53,-79.426791,43.634345,,,13.3802828367386,2.90368030747539,7296.64904823997,2452.73934779774,2
1049585,48343719,0,180,05:22:54,-79.42676,43.63432,,,13.3802828367386,3.73940237049378,7300.38845061046,2453.74544375984,2
1049585,48343719,0,181,05:22:55,-79.42673,43.634301,,,13.3802828367386,3.21180185465641,7303.60025246512,2454.60958742689,2
1049585,48343719,0,182,05:22:55,-79.426704,43.634289,,,13.3802828367386,2.48446316728461,7306.0847156324,2455.27803872283,2
1049585,48343719,0,183,05:22:56,-79.426679,43.634282,,,13.3802828367386,2.15968990612338,7308.24440553853,2455.85910892567,2
1049585,48343719,0,184,05:22:57,-79.426635,43.634278,,,13.3802828367386,3.57286945559237,7311.81727499412,2456.82039877261,2
1049585,48343719,0,185,05:22:58,-79.426577,43.634284,,,13.3802828367386,4.72046480619526,7316.53773980031,2458.09045214216,2
1049585,48343719,0,186,05:23:00,-79.42649,43.634294,6113,29,13.3802828367386,7.09730289671883,7323.63504269703,2460,2
1049585,48343719,0,187,05:23:00,-79.42649,43.634294,6113,29,1e-12,0,7323.63504269703,2460,2
1049585,48343719,0,188,,-79.425639,43.634477,,,,71.5260352465206,7395.16107794355,,2
1049585,48343770,0,1,07:27:00,-79.349852,43.658878,4041,1,1e-12,0,0,0,3
1049585,48343770,0,2,07:27:00,-79.349852,43.658878,4041,1,1e-12,0,0,0,3
1049585,48343770,0,3,07:27:36,-79.350929,43.658632,,,9.18783514190639,90.9571881659805,90.9571881659805,35.6390675648962,3
1049585,48343770,0,4,07:27:56,-79.351553,43.658493,,,9.18783514190639,52.5826349208061,143.539823086787,56.2421239749424,3
1049585,48343770,0,5,07:28:19,-79.352239,43.658332,1070,2,9.18783514190639,58.0821147494925,201.621937836279,79,3
1049585,48343770,0,6,07:28:19,-79.352239,43.658332,1070,2,1e-12,0,201.621937836279,79,3
1049585,48343770,0,7,07:29:03,-79.353347,43.65809,,,7.67485892877408,93.2120915745226,294.834029410802,122.722436175369,3
1049585,48343770,0,8,07:29:14,-79.353623,43.658022,,,7.67485892877408,23.4816827436177,318.315712154419,133.73684812242,3
1049585,48343770,0,9,07:29:19,-79.353755,43.657992,,,7.67485892877408,11.1430527291497,329.458764883569,138.96365296629,3
1049585,48343770,0,10,07:29:25,-79.353921,43.657957,,,7.67485892877408,13.9252636882127,343.384028571782,145.495492801107,3
1049585,48343770,0,11,07:29:35,-79.354174,43.657903,,,7.67485892877408,21.2440259607464,364.628054532528,155.460300515287,3
1049585,48343770,0,12,07:29:41,-79.354324,43.657871,,,7.67485892877408,12.5947827094527,377.222837241981,161.368059625235,3
1049585,48343770,0,13,07:29:50,-79.354546,43.657825,,,7.67485892877408,18.5980370861335,395.820874328114,170.091729223781,3
1049585,48343770,0,14,07:29:50,-79.354554,43.657823,,,7.67485892877408,0.681677847791201,396.502552175906,170.41147975924,3
1049585,48343770,0,15,07:29:55,-79.354659,43.657802,,,7.67485892877408,8.77355275823693,405.276104934143,174.526837477574,3
1049585,48343770,0,16,07:29:59,-79.354782,43.657778,,,7.67485892877408,10.2599993107959,415.536104244938,179.339433756105,3
1049585,48343770,0,17,07:30:03,-79.354874,43.657757,,,7.67485892877408,7.7694372266888,423.305541471627,182.983797030486,3
1049585,48343770,0,18,07:30:06,-79.354962,43.657737,,,7.67485892877408,7.42873109694421,430.734272568571,186.468347326092,3
1049585,48343770,0,19,07:30:17,-79.35517,43.657613,,,7.67485892877408,21.7062210864908,452.440493655062,196.649954133014,3
1049585,48343770,0,20,07:30:21,-79.355247,43.657552,,,7.67485892877408,9.19607024909887,461.636563904161,200.963499594108,3
1049585,48343770,0,21,07:30:23,-79.355285,43.657514,,,7.67485892877408,5.22113477686603,466.857698681027,203.412545937651,3
1049585,48343770,0,22,07:30:47,-79.355721502348,43.6571910008304,1159,3,7.67485892877408,50.2862173381862,517.143916019213,227,3
1049585,48343770,0,23,07:30:47,-79.355721502348,43.6571910008304,1159,3,1e-12,0,517.143916019213,227,3
1049585,48343770,0,24,07:31:30,-79.356158,43.656868,,,4.17410230593376,50.2862173385008,567.430133357714,270.369895884262,3
1049585,48343770,0,25,07:32:44,-79.356979,43.656382,,,4.17410230593376,85.4346804590667,652.864813816781,344.053966640126,3
1049585,48343770,0,26,07:33:21,-79.357411,43.656153,,,4.17410230593376,43.1322741749166,695.997087991697,381.253866318906,3
1049585,48343770,0,27,07:33:34,-79.357549,43.65607,,,4.17410230593376,14.4533338320077,710.450421823705,393.719301514699,3
1049585,48343770,0,28,07:33:43,-79.357654,43.656007,,,4.17410230593376,10.9862883558303,721.436710179536,403.194545574905,3
1049585,48343770,0,29,07:34:15,-79.358009,43.655796,,,4.17410230593376,37.002442818068,758.439152997604,435.10770543102,3
1049585,48343770,0,30,07:34:18,-79.358041,43.655779,,,4.17410230593376,3.19743836315904,761.636591360763,437.8653709753,3
1049585,48343770,0,31,07:34:50,-79.358415,43.655582,10198,4,4.17410230593376,37.2592303089795,798.895821669742,470,3
1049585,48343770,0,32,07:34:50,-79.358415,43.655582,10198,4,1e-12,0,798.895821669742,470,3
1049585,48343770,0,33,07:35:10,-79.358941,43.655262,,,9.88709674688329,55.3503589565947,854.246180626337,490.153670723062,3
1049585,48343770,0,34,07:35:21,-79.359215,43.655098,,,9.88709674688329,28.6408201980848,882.887000824421,500.58210642595,3
1049585,48343770,0,35,07:35:29,-79.359449,43.654967,,,9.88709674688329,23.8296203305716,906.716621154993,509.258731666529,3
1049585,48343770,0,36,07:35:37,-79.359651,43.654833,,,9.88709674688329,22.0726031357153,928.789224290708,517.295607740754,3
1049585,48343770,0,37,07:35:38,-79.359668,43.654822,,,9.88709674688329,1.83688142647897,930.626105717187,517.964436346827,3
1049585,48343770,0,38,07:35:40,-79.359711,43.654793,,,9.88709674688329,4.73454101580396,935.360646732991,519.688334483281,3
1049585,48343770,0,39,07:36:04,-79.360349,43.65441,7621,5,9.88709674688329,66.7699414004628,1002.13058813345,544,3
1049585,48343770,0,40,07:36:04,-79.360349,43.65441,7621,5,1e-12,0,1002.13058813345,544,3
1049585,48343770,0,41,07:36:18,-79.36074,43.654182,,,10.1593242915178,40.4465074060398,1042.57709553949,558.33239283279,3
1049585,48343770,0,42,07:36:22,-79.360848,43.654118,,,10.1593242915178,11.243754019354,1053.82084955885,562.316665143447,3
1049585,48343770,0,43,07:36:28,-79.36099,43.654034,,,10.1593242915178,14.7730209927103,1068.59387055156,567.551548295879,3
1049585,48343770,0,44,07:36:33,-79.361139,43.653944,,,10.1593242915178,15.6331019451646,1084.22697249672,573.091204811183,3
1049585,48343770,0,45,07:36:36,-79.36122,43.653895,,,10.1593242915178,8.50380685515548,1092.73077935188,576.104565129262,3
1049585,48343770,0,46,07:36:49,-79.361569,43.653683,,,10.1593242915178,36.7025713499352,1129.43335070181,589.110278212964,3
1049585,48343770,0,47,07:37:00,-79.361874,43.653497,,,10.1593242915178,32.1275295143113,1161.56088021612,600.494805661122,3
1049585,48343770,0,48,07:37:19,-79.36241,43.653218,,,10.1593242915178,53.1821723272347,1214.74305254336,619.340135811464,3
1049585,48343770,0,49,07:37:50,-79.363245,43.652729,1389,6,10.1593242915178,86.5231952847864,1301.26624782815,650,3
1049585,48343770,0,50,07:37:50,-79.363245,43.652729,1389,6,1e-12,0,1301.26624782815,650,3
1049585,48343770,0,51,07:38:29,-79.364158,43.652212,,,8.64918677804431,93.3804552596987,1394.64670308784,688.867196137823,3
1049585,48343770,0,52,07:38:33,-79.364245,43.652165,,,8.64918677804431,8.74512597607867,1403.39182906392,692.507128344375,3
1049585,48343770,0,53,07:38:38,-79.364412,43.652123,,,8.64918677804431,14.2403404159288,1417.63216947985,698.434301246627,3
1049585,48343770,0,54,07:39:08,-79.3652495025031,43.6519435030571,,,8.64918677804431,70.3535649031688,1487.98573438302,727.717150623211,3
1049585,48343770,0,55,07:39:37,-79.366087,43.651764,1581,7,8.64918677804431,70.3535649036643,1558.33929928669,757,3
1049585,48343770,0,56,07:39:37,-79.366087,43.651764,1581,7,1e-12,0,1558.33929928669,757,3
1049585,48343770,0,57,07:40:12,-79.36705,43.651547,,,8.46027464959544,81.2395324702556,1639.57883175694,791.568891555655,3
1049585,48343770,0,58,07:40:33,-79.3676555013611,43.651412001598,,,8.46027464959544,51.0332091344928,1690.61204089143,813.284445777403,3
1049585,48343770,0,59,07:40:55,-79.368261,43.651277,1962,8,8.46027464959544,51.0332091364859,1741.64525002792,835,3
1049585,48343770,0,60,07:40:55,-79.368261,43.651277,1962,8,1e-12,0,1741.64525002792,835,3
1049585,48343770,0,61,07:41:13,-79.3688675013936,43.6511390016032,,,10.2799991576507,51.2095904163109,1792.85484044423,852.93332107051,3
1049585,48343770,0,62,07:41:31,-79.369474,43.651001,,,10.2799991576507,51.2095904146104,1844.06443085884,870.866642140424,3
1049585,48343770,0,63,07:41:49,-79.370083501365,43.6508665016191,,,10.2799991576507,51.3253547132477,1895.38978557209,888.84050324042,3
1049585,48343770,0,64,07:42:07,-79.370693,43.650732,,,10.2799991576507,51.3253547114826,1946.71514028357,906.814364339798,3
1049585,48343770,0,65,07:42:25,-79.3713030013661,43.6505975016218,,,10.2799991576507,51.3640879966516,1998.07922828022,924.801789625756,3
1049585,48343770,0,66,07:42:43,-79.371913,43.650463,,,10.2799991576507,51.3640879985884,2049.44331627881,942.789214912391,3
1049585,48343770,0,67,07:43:02,-79.372566,43.650323,23882,9,10.2799991576507,54.8574595884516,2104.30077586726,962,3
1049585,48343770,0,68,07:43:02,-79.372566,43.650323,23882,9,1e-12,0,2104.30077586726,962,3
1049585,48343770,0,69,07:43:21,-79.3731910014152,43.6501870017025,,,9.81722445627904,52.5691730519447,2156.86994891921,981.277243158677,3
1049585,48343770,0,70,07:43:41,-79.373816,43.650051,,,9.81722445627904,52.5691730500624,2209.43912196927,1000.55448631666,3
1049585,48343770,0,71,07:43:59,-79.374412,43.649921,,,9.81722445627904,50.1400792789759,2259.57920124825,1018.94097490192,3
1049585,48343770,0,72,07:44:18,-79.375028,43.649782,23899,10,9.81722445627904,51.9740909182413,2311.55329216649,1038,3
1049585,48343770,0,73,07:44:18,-79.375028,43.649782,23899,10,1e-12,0,2311.55329216649,1038,3
1049585,48343770,0,74,07:44:36,-79.375586,43.649673,,,9.48927600273273,46.5547248094657,2358.10801697595,1055.66172775097,3
1049585,48343770,0,75,07:44:40,-79.375719,43.64964,,,9.48927600273273,11.325213521579,2369.43323049753,1059.95823769187,3
1049585,48343770,0,76,07:44:48,-79.375961,43.649585,,,9.48927600273273,20.4315293374149,2389.86475983495,1067.70946187309,3
1049585,48343770,0,77,07:45:12,-79.376731,43.649405,,,9.48927600273273,65.1784817968087,2455.04324163176,1092.43658904285,3
1049585,48343770,0,78,07:45:50,-79.377918,43.649148,,,9.48927600273273,99.7994623365519,2554.84270396831,1130.29807229069,3
1049585,48343770,0,79,07:46:19,-79.378821,43.648961,23884,11,9.48927600273273,75.6556982900297,2630.49840225834,1159,3
1049585,48343770,0,80,07:46:19,-79.378821,43.648961,23884,11,1e-12,0,2630.49840225834,1159,3
1049585,48343770,0,81,07:46:49,-79.3794970015982,43.6488190019917,,,6.88355043063117,56.6991888000139,2687.19759105835,1188.65287778989,3
1049585,48343770,0,82,07:47:18,-79.380173,43.648677,,,6.88355043063117,56.6991888012251,2743.89677985958,1218.30575558041,3
1049585,48343770,0,83,07:47:23,-79.380278,43.64865,23886,12,6.88355043063117,8.9758522766482,2752.87263213622,1223,3
1049585,48343770,0,84,07:47:23,-79.380278,43.64865,23886,12,1e-12,0,2752.87263213622,1223,3
1049585,48343770,0,85,07:47:48,-79.3811670028788,43.6484555034446,,,10.5656226204394,74.8102294002889,2827.68286153651,1248.4899153146,3
1049585,48343770,0,86,07:48:14,-79.382056,43.648261,,,10.5656226204394,74.8102294005797,2902.49309093709,1273.9798306293,3
1049585,48343770,0,87,07:48:35,-79.3827890019831,43.6480985023418,,,10.5656226204394,61.7520682101036,2964.2451591472,1295.02046907936,3
1049585,48343770,0,88,07:48:56,-79.383522,43.647936,,,10.5656226204394,61.7520682069942,3025.99722735419,1316.06110752835,3
1049585,48343770,0,89,07:48:58,-79.383578,43.647924,,,10.5656226204394,4.70445188294966,3030.70167923714,1317.66404446705,3
1049585,48343770,0,90,07:49:15,-79.3841920013391,43.6477930016431,,,10.5656226204394,51.5630363889179,3082.26471562606,1335.23299782347,3
1049585,48343770,0,91,07:49:33,-79.384806,43.647662,,,10.5656226204394,51.5630363907204,3133.82775201678,1352.80195118051,3
1049585,48343770,0,92,07:49:52,-79.385461,43.647521,,,10.5656226204394,55.045933413866,3188.87368543064,1371.5576239325,3
1049585,48343770,0,93,07:50:10,-79.38611,43.647395,23888,13,10.5656226204394,54.1264404870734,3243.00012591772,1390,3
1049585,48343770,0,94,07:50:10,-79.38611,43.647395,23888,13,1e-12,0,3243.00012591772,1390,3
1049585,48343770,0,95,07:50:41,-79.3871305036527,43.647180004539,,,9.83835059801976,85.6158435630421,3328.61596948076,1421.32812088329,3
1049585,48343770,0,96,07:51:13,-79.388151,43.646965,,,9.83835059801976,85.6158435603243,3414.23181304108,1452.65624176559,3
1049585,48343770,0,97,07:51:38,-79.3889620024438,43.6467840028666,,,9.83835059801976,68.3641105456453,3482.59592358673,1477.6716948654,3
1049585,48343770,0,98,07:52:03,-79.389773,43.646603,,,9.83835059801976,68.3641105428104,3550.96003412954,1502.68714796418,3
1049585,48343770,0,99,07:52:23,-79.3904330015767,43.6464595018986,23890,14,9.83835059801976,55.512488881686,3606.47252301123,1523,3
1049585,48343770,0,100,07:52:23,-79.3904330015767,43.6464595018986,23890,14,1e-12,0,3606.47252301123,1523,3
1049585,48343770,0,101,07:52:53,-79.391093,43.646316,,,6.66293467092609,55.512488882498,3661.98501189372,1552.99353435792,3
1049585,48343770,0,102,07:53:21,-79.3917105013467,43.6461850016619,6593,15,6.66293467092609,51.834791926867,3713.81980382059,1581,3
1049585,48343770,0,103,07:53:21,-79.3917105013467,43.6461850016619,6593,15,1e-12,0,3713.81980382059,1581,3
1049585,48343770,0,104,07:53:40,-79.392328,43.646054,,,9.95352875369452,51.8347919263627,3765.65459574695,1599.74764774911,3
1049585,48343770,0,105,07:54:00,-79.3929840015944,43.6459080018756,,,9.95352875369452,55.2856234799327,3820.94021922689,1619.74339493112,3
1049585,48343770,0,106,07:54:20,-79.39364,43.645762,,,9.95352875369452,55.2856234793536,3876.22584270624,1639.73914211292,3
1049585,48343770,0,107,07:54:41,-79.3943430017086,43.645616002154,,,9.95352875369452,58.9150965158498,3935.14093922209,1661.04759991773,3
1049585,48343770,0,108,07:55:02,-79.395046,43.64547,,,9.95352875369452,58.9150965178191,3994.05603573991,1682.35605772326,3
1049585,48343770,0,109,07:55:22,-79.3956962541891,43.6453410055286,23894,16,9.95352875369452,54.3129289687479,4048.36896470866,1702,3
1049585,48343770,0,110,07:55:22,-79.3956962541891,43.6453410055286,23894,16,1e-12,0,4048.36896470866,1702,3
1049585,48343770,0,111,07:55:41,-79.3963465055855,43.6452120073714,,,10.2705033304151,54.3129289714103,4102.68189368007,1721.03767887578,3
1049585,48343770,0,112,07:56:00,-79.3969967541892,43.6450830055286,,,10.2705033304151,54.3129289702038,4156.99482265027,1740.07535775114,3
1049585,48343770,0,113,07:56:19,-79.397647,43.644954,,,10.2705033304151,54.3129289701007,4211.30775162037,1759.11303662646,3
1049585,48343770,0,114,07:56:44,-79.398509,43.644779,,,10.2705033304151,72.1187582493393,4283.42650986971,1784.39198560735,3
1049585,48343770,0,115,07:57:05,-79.399203,43.644637,,,10.2705033304151,58.096672465433,4341.52318233514,1804.7559360533,3
1049585,48343770,0,116,07:57:31,-79.400097,43.644453,5279,17,10.2705033304151,74.8721517133892,4416.39533404853,1831,3
1049585,48343770,0,117,07:57:31,-79.400097,43.644453,5279,17,1e-12,0,4416.39533404853,1831,3
1049585,48343770,0,118,07:57:57,-79.400827,43.644305,,,8.40435959271379,61.0694440426599,4477.46477809119,1857.15904235513,3
1049585,48343770,0,119,07:57:58,-79.400838,43.644302,,,8.40435959271379,0.946948503931726,4478.41172659513,1857.56466690946,3
1049585,48343770,0,120,07:58:31,-79.4017715029214,43.6441140037981,7211,18,8.40435959271379,78.0562673319714,4556.4679939271,1891,3
1049585,48343770,0,121,07:58:31,-79.4017715029214,43.6441140037981,7211,18,1e-12,0,4556.4679939271,1891,3
1049585,48343770,0,122,07:58:55,-79.402705,43.643926,,,11.6276487124204,78.0562673308854,4634.52426125798,1915.166757127,3
1049585,48343770,0,123,07:59:12,-79.4033500042195,43.6437950054397,,,11.6276487124204,53.9662132238685,4688.49047448185,1931.87506784492,3
1049585,48343770,0,124,07:59:29,-79.403995005626,43.6436640072529,,,11.6276487124204,53.9662132255919,4742.45668770744,1948.58337856338,3
1049585,48343770,0,125,07:59:45,-79.4046400042195,43.6435330054397,,,11.6276487124204,53.966213224516,4796.42290093196,1965.29168928149,3
1049585,48343770,0,126,08:00:02,-79.405285,43.643402,954,19,11.6276487124204,53.9662132257657,4850.38911415772,1982,3
1049585,48343770,0,127,08:00:02,-79.405285,43.643402,954,19,1e-12,0,4850.38911415772,1982,3
1049585,48343770,0,128,08:00:18,-79.4058932537436,43.6432787548375,,,11.1017886893244,50.8831981580525,4901.27231231578,1998.49999999956,3
1049585,48343770,0,129,08:00:35,-79.4065015049915,43.64315550645,,,11.1017886893244,50.8831981602837,4952.15551047606,2014.99999999985,3
1049585,48343770,0,130,08:00:51,-79.4071097537436,43.6430322548374,,,11.1017886893244,50.8831981586806,5003.03870863474,2031.49999999961,3
1049585,48343770,0,131,08:01:08,-79.407718,43.642909,2333,20,11.1017886893244,50.8831981605976,5053.92190679534,2048,3
1049585,48343770,0,132,08:01:08,-79.407718,43.642909,2333,20,1e-12,0,5053.92190679534,2048,3
1049585,48343770,0,133,08:01:36,-79.408759,43.642704,,,11.3376914233551,86.9094860801073,5140.83139287545,2075.59593097091,3
1049585,48343770,0,134,08:01:54,-79.4094510016817,43.6425580020871,,,11.3376914233551,58.0666324372771,5198.89802531272,2094.03353603252,3
1049585,48343770,0,135,08:02:12,-79.410143,43.642412,,,11.3376914233551,58.0666324363607,5256.96465774908,2112.47114109383,3
1049585,48343770,0,136,08:02:28,-79.410724,43.642292,,,11.3376914233551,48.672995657231,5305.63765340631,2127.92603202561,3
1049585,48343770,0,137,08:02:43,-79.411308,43.642175,,,11.3376914233551,48.8153607347056,5354.45301414102,2143.42612742271,3
1049585,48343770,0,138,08:03:01,-79.41197,43.642042,2462,21,11.3376914233551,55.346428998521,5409.79944313954,2161,3
1049585,48343770,0,139,08:03:01,-79.41197,43.642042,2462,21,1e-12,0,5409.79944313954,2161,3
1049585,48343770,0,140,08:03:20,-79.412709,43.641911,,,11.4591829996489,61.2925563473332,5471.09199948687,2180.25557894111,3
1049585,48343770,0,141,08:03:49,-79.413797,43.64168,,,11.4591829996489,91.3419196174587,5562.43391910433,2208.95142144864,3
1049585,48343770,0,142,08:04:05,-79.4144075012346,43.6415585016244,,,11.4591829996489,51.007017568273,5613.44093667261,2224.97571072401,3
1049585,48343770,0,143,08:04:21,-79.415018,43.641437,8560,22,11.4591829996489,51.0070175702439,5664.44795424285,2241,3
1049585,48343770,0,144,08:04:21,-79.415018,43.641437,8560,22,1e-12,0,5664.44795424285,2241,3
1049585,48343770,0,145,08:04:44,-79.415801,43.64128,,,10.4664853979566,65.4541649893679,5729.90211923222,2263.51328741238,3
1049585,48343770,0,146,08:05:02,-79.416459,43.641148,,,10.4664853979566,55.0069262937326,5784.90904552595,2282.43319482429,3
1049585,48343770,0,147,08:05:08,-79.41664,43.641112,,,10.4664853979566,15.1219214054135,5800.03096693136,2287.63445532289,3
1049585,48343770,0,148,08:05:25,-79.417244,43.640991,2217,23,10.4664853979566,50.4878388307154,5850.51880576208,2305,3
1049585,48343770,0,149,08:05:25,-79.417244,43.640991,2217,23,1e-12,0,5850.51880576208,2305,3
1049585,48343770,0,150,08:05:55,-79.4183985043908,43.6407625058092,,,11.5748222220114,96.4219214671852,5946.94072722926,2334.98913595595,3
1049585,48343770,0,151,08:06:25,-79.419553,43.640534,,,11.5748222220114,96.4219214675515,6043.36264869682,2364.97827191202,3
1049585,48343770,0,152,08:06:41,-79.420159,43.640414,,,11.5748222220114,50.6140946016147,6093.97674329843,2380.72026233493,3
1049585,48343770,0,153,08:06:46,-79.42038,43.640368,,,11.5748222220114,18.5255985410085,6112.50234183944,2386.48209206056,3
1049585,48343770,0,154,08:07:10,-79.42129,43.640179,,,11.5748222220114,76.2693568562783,6188.77169869572,2410.20337947355,3
1049585,48343770,0,155,08:07:36,-79.422281,43.639977,5091,24,11.5748222220114,82.9420268117752,6271.71372550749,2436,3
1049585,48343770,0,156,08:07:36,-79.422281,43.639977,5091,24,1e-12,0,6271.71372550749,2436,3
1049585,48343770,0,157,08:07:53,-79.4229170013444,43.639850001763,,,10.9340234555628,53.1515029084545,6324.86522841595,2453.49999999983,3
1049585,48343770,0,158,08:08:11,-79.423553,43.639723,10438,25,10.9340234555628,53.1515029095172,6378.01673132546,2471,3
1049585,48343770,0,159,08:08:11,-79.423553,43.639723,10438,25,1e-12,0,6378.01673132546,2471,3
1049585,48343770,0,160,08:08:27,-79.4241965013763,43.6395945018048,,,12.1009642779812,53.778571845588,6431.79530317105,2486.99896125604,3
1049585,48343770,0,161,08:08:43,-79.42484,43.639466,,,12.1009642779812,53.7785718428441,6485.5738750139,2502.99792251126,3
1049585,48343770,0,162,08:08:58,-79.4254450011982,43.6393470015953,,,12.1009642779812,50.5079664222195,6536.08184143612,2518.02388861967,3
1049585,48343770,0,163,08:09:13,-79.42605,43.639228,,,12.1009642779812,50.5079664230042,6586.58980785912,2533.04985472831,3
1049585,48343770,0,164,08:09:20,-79.42634,43.63917,,,12.1009642779812,24.2386943807815,6610.8285022399,2540.26079244916,3
1049585,48343770,0,165,08:09:46,-79.427374,43.63896,4341,26,12.1009642779812,86.5192308656212,6697.34773310552,2566,3
1049585,48343770,0,166,08:09:46,-79.427374,43.63896,4341,26,1e-12,0,6697.34773310552,2566,3
1049585,48343770,0,167,08:10:01,-79.4271939957626,43.6384885004237,,,13.3658762167892,54.4535697707865,6751.80130287631,2580.66666666631,3
1049585,48343770,0,168,08:10:15,-79.4270139943502,43.6380170005648,,,13.3658762167892,54.4535697739185,6806.25487265023,2595.33333333347,3
1049585,48343770,0,169,08:10:30,-79.4268339957627,43.6375455004236,6129,27,13.3658762167892,54.4535697716066,6860.70844242183,2610,3
1049585,48343770,0,170,08:10:30,-79.4268339957627,43.6375455004236,6129,27,1e-12,0,6860.70844242183,2610,3
1049585,48343770,0,171,08:10:39,-79.426654,43.637074,,,23.0117475384936,54.4535697754542,6915.16201219729,2618.51881635081,3
1049585,48343770,0,172,08:10:52,-79.426367,43.636332,,,23.0117475384936,85.7743692899138,7000.9363814872,2631.93751603571,3
1049585,48343770,0,173,08:11:05,-79.426084,43.635597,,,23.0117475384936,84.9372420438157,7085.87362353102,2645.22525399851,3
1049585,48343770,0,174,08:11:18,-79.425804,43.634892,4396,28,23.0117475384936,81.6581194040643,7167.53174293508,2658,3
1049585,48343770,0,175,08:11:18,-79.425804,43.634892,4396,28,1e-12,0,7167.53174293508,2658,3
1049585,48343770,0,176,08:11:43,-79.426924,43.634638,,,13.3802828367386,94.5622439204062,7262.09398685549,2683.44221839457,3
1049585,48343770,0,177,08:11:51,-79.426832,43.634393,,,13.3802828367386,28.2625782532336,7290.35656510872,2691.04633879719,3
1049585,48343770,0,178,08:11:52,-79.426808,43.634368,,,13.3802828367386,3.38880282377116,7293.74536793249,2691.9581050367,3
1049585,48343770,0,179,08:11:53,-79.426791,43.634345,,,13.3802828367386,2.90368030747539,7296.64904823997,2692.73934779774,3
1049585,48343770,0,180,08:11:54,-79.42676,43.63432,,,13.3802828367386,3.73940237049378,7300.38845061046,2693.74544375984,3
1049585,48343770,0,181,08:11:55,-79.42673,43.634301,,,13.3802828367386,3.21180185465641,7303.60025246512,2694.60958742689,3
1049585,48343770,0,182,08:11:55,-79.426704,43.634289,,,13.3802828367386,2.48446316728461,7306.0847156324,2695.27803872283,3
1049585,48343770,0,183,08:11:56,-79.426679,43.634282,,,13.3802828367386,2.15968990612338,7308.24440553853,2695.85910892567,3
1049585,48343770,0,184,08:11:57,-79.426635,43.634278,,,13.3802828367386,3.57286945559237,7311.81727499412,2696.82039877261,3
1049585,48343770,0,185,08:11:58,-79.426577,43.634284,,,13.3802828367386,4.72046480619526,7316.53773980031,2698.09045214216,3
1049585,48343770,0,186,08:12:00,-79.42649,43.634294,6113,29,13.3802828367386,7.09730289671883,7323.63504269703,2700,3
1049585,48343770,0,187,08:12:00,-79.42649,43.634294,6113,29,1e-12,0,7323.63504269703,2700,3
1049585,48343770,0,188,,-79.425639,43.634477,,,,71.5260352465206,7395.16107794355,,3
1049585,48343886,0,1,14:44:00,-79.349852,43.658878,4041,1,1e-12,0,0,0,4
1049585,48343886,0,2,14:44:00,-79.349852,43.658878,4041,1,1e-12,0,0,0,4
1049585,48343886,0,3,14:44:36,-79.350929,43.658632,,,9.18783514190639,90.9571881659805,90.9571881659805,35.6390675648962,4
1049585,48343886,0,4,14:44:56,-79.351553,43.658493,,,9.18783514190639,52.5826349208061,143.539823086787,56.2421239749424,4
1049585,48343886,0,5,14:45:19,-79.352239,43.658332,1070,2,9.18783514190639,58.0821147494925,201.621937836279,79,4
1049585,48343886,0,6,14:45:19,-79.352239,43.658332,1070,2,1e-12,0,201.621937836279,79,4
1049585,48343886,0,7,14:46:03,-79.353347,43.65809,,,7.67485892877408,93.2120915745226,294.834029410802,122.722436175369,4
1049585,48343886,0,8,14:46:14,-79.353623,43.658022,,,7.67485892877408,23.4816827436177,318.315712154419,133.73684812242,4
1049585,48343886,0,9,14:46:19,-79.353755,43.657992,,,7.67485892877408,11.1430527291497,329.458764883569,138.96365296629,4
1049585,48343886,0,10,14:46:25,-79.353921,43.657957,,,7.67485892877408,13.9252636882127,343.384028571782,145.495492801107,4
1049585,48343886,0,11,14:46:35,-79.354174,43.657903,,,7.67485892877408,21.2440259607464,364.628054532528,155.460300515287,4
1049585,48343886,0,12,14:46:41,-79.354324,43.657871,,,7.67485892877408,12.5947827094527,377.222837241981,161.368059625235,4
1049585,48343886,0,13,14:46:50,-79.354546,43.657825,,,7.67485892877408,18.5980370861335,395.820874328114,170.091729223781,4
1049585,48343886,0,14,14:46:50,-79.354554,43.657823,,,7.67485892877408,0.681677847791201,396.502552175906,170.41147975924,4
1049585,48343886,0,15,14:46:55,-79.354659,43.657802,,,7.67485892877408,8.77355275823693,405.276104934143,174.526837477574,4
1049585,48343886,0,16,14:46:59,-79.354782,43.657778,,,7.67485892877408,10.2599993107959,415.536104244938,179.339433756105,4
1049585,48343886,0,17,14:47:03,-79.354874,43.657757,,,7.67485892877408,7.7694372266888,423.305541471627,182.983797030486,4
1049585,48343886,0,18,14:47:06,-79.354962,43.657737,,,7.67485892877408,7.42873109694421,430.734272568571,186.468347326092,4
1049585,48343886,0,19,14:47:17,-79.35517,43.657613,,,7.67485892877408,21.7062210864908,452.440493655062,196.649954133014,4
1049585,48343886,0,20,14:47:21,-79.355247,43.657552,,,7.67485892877408,9.19607024909887,461.636563904161,200.963499594108,4
1049585,48343886,0,21,14:47:23,-79.355285,43.657514,,,7.67485892877408,5.22113477686603,466.857698681027,203.412545937651,4
1049585,48343886,0,22,14:47:47,-79.355721502348,43.6571910008304,1159,3,7.67485892877408,50.2862173381862,517.143916019213,227,4
1049585,48343886,0,23,14:47:47,-79.355721502348,43.6571910008304,1159,3,1e-12,0,517.143916019213,227,4
1049585,48343886,0,24,14:48:20,-79.356158,43.656868,,,5.48273978563191,50.2862173385008,567.430133357714,260.018233492133,4
1049585,48343886,0,25,14:49:16,-79.356979,43.656382,,,5.48273978563191,85.4346804590667,652.864813816781,316.11515978775,4
1049585,48343886,0,26,14:49:44,-79.357411,43.656153,,,5.48273978563191,43.1322741749166,695.997087991697,344.436071065834,4
1049585,48343886,0,27,14:49:54,-79.357549,43.65607,,,5.48273978563191,14.4533338320077,710.450421823705,353.926217202549,4
1049585,48343886,0,28,14:50:01,-79.357654,43.656007,,,5.48273978563191,10.9862883558303,721.436710179536,361.139880375956,4
1049585,48343886,0,29,14:50:25,-79.358009,43.655796,,,5.48273978563191,37.002442818068,758.439152997604,385.435907426908,4
1049585,48343886,0,30,14:50:28,-79.358041,43.655779,,,5.48273978563191,3.19743836315904,761.636591360763,387.535364734282,4
1049585,48343886,0,31,14:50:52,-79.358415,43.655582,10198,4,5.48273978563191,37.2592303089795,798.895821669742,412,4
1049585,48343886,0,32,14:50:52,-79.358415,43.655582,10198,4,1e-12,0,798.895821669742,412,4
1049585,48343886,0,33,14:51:17,-79.358941,43.655262,,,7.86715225020821,55.3503589565947,854.246180626337,437.328261854659,4
1049585,48343886,0,34,14:51:30,-79.359215,43.655098,,,7.86715225020821,28.6408201980848,882.887000824421,450.434268886667,4
1049585,48343886,0,35,14:51:41,-79.359449,43.654967,,,7.86715225020821,23.8296203305716,906.716621154993,461.338676283611,4
1049585,48343886,0,36,14:51:51,-79.359651,43.654833,,,7.86715225020821,22.0726031357153,928.789224290708,471.43907459311,4
1049585,48343886,0,37,14:51:52,-79.359668,43.654822,,,7.86715225020821,1.83688142647897,930.626105717187,472.279629462904,4
1049585,48343886,0,38,14:51:54,-79.359711,43.654793,,,7.86715225020821,4.73454101580396,935.360646732991,474.446150093853,4
1049585,48343886,0,39,14:52:25,-79.360349,43.65441,7621,5,7.86715225020821,66.7699414004628,1002.13058813345,505,4
1049585,48343886,0,40,14:52:25,-79.360349,43.65441,7621,5,1e-12,0,1002.13058813345,505,4
1049585,48343886,0,41,14:52:44,-79.36074,43.654182,,,7.63750620497086,40.4465074060398,1042.57709553949,524.064786692674,4
1049585,48343886,0,42,14:52:49,-79.360848,43.654118,,,7.63750620497086,11.243754019354,1053.82084955885,529.36462061534,4
1049585,48343886,0,43,14:52:56,-79.36099,43.654034,,,7.63750620497086,14.7730209927103,1068.59387055156,536.328002921876,4
1049585,48343886,0,44,14:53:04,-79.361139,43.653944,,,7.63750620497086,15.6331019451646,1084.22697249672,543.696791305441,4
1049585,48343886,0,45,14:53:08,-79.36122,43.653895,,,7.63750620497086,8.50380685515548,1092.73077935188,547.705129087037,4
1049585,48343886,0,46,14:53:25,-79.361569,43.653683,,,7.63750620497086,36.7025713499352,1129.43335070181,565.00518139649,4
1049585,48343886,0,47,14:53:40,-79.361874,43.653497,,,7.63750620497086,32.1275295143113,1161.56088021612,580.148750926587,4
1049585,48343886,0,48,14:54:05,-79.36241,43.653218,,,7.63750620497086,53.1821723272347,1214.74305254336,605.216595749212,4
1049585,48343886,0,49,14:54:46,-79.363245,43.652729,1389,6,7.63750620497086,86.5231952847864,1301.26624782815,646,4
1049585,48343886,0,50,14:54:46,-79.363245,43.652729,1389,6,1e-12,0,1301.26624782815,646,4
1049585,48343886,0,51,14:55:26,-79.364158,43.652212,,,8.3375043716283,93.3804552596987,1394.64670308784,686.320175432695,4
1049585,48343886,0,52,14:55:30,-79.364245,43.652165,,,8.3375043716283,8.74512597607867,1403.39182906392,690.096179871267,4
1049585,48343886,0,53,14:55:36,-79.364412,43.652123,,,8.3375043716283,14.2403404159288,1417.63216947985,696.244929330613,4
1049585,48343886,0,54,14:56:07,-79.3652495025031,43.6519435030571,,,8.3375043716283,70.3535649031688,1487.98573438302,726.6224646652,4
1049585,48343886,0,55,14:56:37,-79.366087,43.651764,1581,7,8.3375043716283,70.3535649036643,1558.33929928669,757,4
1049585,48343886,0,56,14:56:37,-79.366087,43.651764,1581,7,1e-12,0,1558.33929928669,757,4
1049585,48343886,0,57,14:57:12,-79.36705,43.651547,,,8.46027464959544,81.2395324702556,1639.57883175694,791.568891555655,4
1049585,48343886,0,58,14:57:33,-79.3676555013611,43.651412001598,,,8.46027464959544,51.0332091344928,1690.61204089143,813.284445777403,4
1049585,48343886,0,59,14:57:55,-79.368261,43.651277,1962,8,8.46027464959544,51.0332091364859,1741.64525002792,835,4
1049585,48343886,0,60,14:57:55,-79.368261,43.651277,1962,8,1e-12,0,1741.64525002792,835,4
1049585,48343886,0,61,14:58:13,-79.3688675013936,43.6511390016032,,,10.2799991576507,51.2095904163109,1792.85484044423,852.93332107051,4
1049585,48343886,0,62,14:58:31,-79.369474,43.651001,,,10.2799991576507,51.2095904146104,1844.06443085884,870.866642140424,4
1049585,48343886,0,63,14:58:49,-79.370083501365,43.6508665016191,,,10.2799991576507,51.3253547132477,1895.38978557209,888.84050324042,4
1049585,48343886,0,64,14:59:07,-79.370693,43.650732,,,10.2799991576507,51.3253547114826,1946.71514028357,906.814364339798,4
1049585,48343886,0,65,14:59:25,-79.3713030013661,43.6505975016218,,,10.2799991576507,51.3640879966516,1998.07922828022,924.801789625756,4
1049585,48343886,0,66,14:59:43,-79.371913,43.650463,,,10.2799991576507,51.3640879985884,2049.44331627881,942.789214912391,4
1049585,48343886,0,67,15:00:02,-79.372566,43.650323,23882,9,10.2799991576507,54.8574595884516,2104.30077586726,962,4
1049585,48343886,0,68,15:00:02,-79.372566,43.650323,23882,9,1e-12,0,2104.30077586726,962,4
1049585,48343886,0,69,15:00:21,-79.3731910014152,43.6501870017025,,,9.81722445627904,52.5691730519447,2156.86994891921,981.277243158677,4
1049585,48343886,0,70,15:00:41,-79.373816,43.650051,,,9.81722445627904,52.5691730500624,2209.43912196927,1000.55448631666,4
1049585,48343886,0,71,15:00:59,-79.374412,43.649921,,,9.81722445627904,50.1400792789759,2259.57920124825,1018.94097490192,4
1049585,48343886,0,72,15:01:18,-79.375028,43.649782,23899,10,9.81722445627904,51.9740909182413,2311.55329216649,1038,4
1049585,48343886,0,73,15:01:18,-79.375028,43.649782,23899,10,1e-12,0,2311.55329216649,1038,4
1049585,48343886,0,74,15:01:36,-79.375586,43.649673,,,9.33497883195658,46.5547248094657,2358.10801697595,1055.95365713528,4
1049585,48343886,0,75,15:01:40,-79.375719,43.64964,,,9.33497883195658,11.325213521579,2369.43323049753,1060.32118376942,4
1049585,48343886,0,76,15:01:48,-79.375961,43.649585,,,9.33497883195658,20.4315293374149,2389.86475983495,1068.2005273586,4
1049585,48343886,0,77,15:02:13,-79.376731,43.649405,,,9.33497883195658,65.1784817968087,2455.04324163176,1093.33636737414,4
1049585,48343886,0,78,15:02:52,-79.377918,43.649148,,,9.33497883195658,99.7994623365519,2554.84270396831,1131.82366026244,4
1049585,48343886,0,79,15:03:21,-79.378821,43.648961,23884,11,9.33497883195658,75.6556982900297,2630.49840225834,1161,4
1049585,48343886,0,80,15:03:21,-79.378821,43.648961,23884,11,1e-12,0,2630.49840225834,1161,4
1049585,48343886,0,81,15:03:54,-79.3794970015982,43.6488190019917,,,6.20489052901965,56.6991888000139,2687.19759105835,1193.89616129816,4
1049585,48343886,0,82,15:04:27,-79.380173,43.648677,,,6.20489052901965,56.6991888012251,2743.89677985958,1226.79232259702,4
1049585,48343886,0,83,15:04:32,-79.380278,43.64865,23886,12,6.20489052901965,8.9758522766482,2752.87263213622,1232,4
1049585,48343886,0,84,15:04:32,-79.380278,43.64865,23886,12,1e-12,0,2752.87263213622,1232,4
1049585,48343886,0,85,15:05:00,-79.3811670028788,43.6484555034446,,,9.53761609520745,74.8102294002889,2827.68286153651,1260.23733133653,4
1049585,48343886,0,86,15:05:28,-79.382056,43.648261,,,9.53761609520745,74.8102294005797,2902.49309093709,1288.47466267318,4
1049585,48343886,0,87,15:05:52,-79.3827890019831,43.6480985023418,,,9.53761609520745,61.7520682101036,2964.2451591472,1311.78315436935,4
1049585,48343886,0,88,15:06:15,-79.383522,43.647936,,,9.53761609520745,61.7520682069942,3025.99722735419,1335.09164606434,4
1049585,48343886,0,89,15:06:17,-79.383578,43.647924,,,9.53761609520745,4.70445188294966,3030.70167923714,1336.86735464912,4
1049585,48343886,0,90,15:06:36,-79.3841920013391,43.6477930016431,,,9.53761609520745,51.5630363889179,3082.26471562606,1356.32996764876,4
1049585,48343886,0,91,15:06:56,-79.384806,43.647662,,,9.53761609520745,51.5630363907204,3133.82775201678,1375.79258064907,4
1049585,48343886,0,92,15:07:17,-79.385461,43.647521,,,9.53761609520745,55.045933413866,3188.87368543064,1396.56982291923,4
1049585,48343886,0,93,15:07:37,-79.38611,43.647395,23888,13,9.53761609520745,54.1264404870734,3243.00012591772,1417,4
1049585,48343886,0,94,15:07:37,-79.38611,43.647395,23888,13,1e-12,0,3243.00012591772,1417,4
1049585,48343886,0,95,15:08:12,-79.3871305036527,43.647180004539,,,8.84122046984209,85.6158435630421,3328.61596948076,1451.86136759945,4
1049585,48343886,0,96,15:08:47,-79.388151,43.646965,,,8.84122046984209,85.6158435603243,3414.23181304108,1486.72273519779,4
1049585,48343886,0,97,15:09:15,-79.3889620024438,43.6467840028666,,,8.84122046984209,68.3641105456453,3482.59592358673,1514.5594800006,4
1049585,48343886,0,98,15:09:42,-79.389773,43.646603,,,8.84122046984209,68.3641105428104,3550.96003412954,1542.39622480225,4
1049585,48343886,0,99,15:10:05,-79.3904330015767,43.6464595018986,23890,14,8.84122046984209,55.512488881686,3606.47252301123,1565,4
1049585,48343886,0,100,15:10:05,-79.3904330015767,43.6464595018986,23890,14,1e-12,0,3606.47252301123,1565,4
1049585,48343886,0,101,15:10:38,-79.391093,43.646316,,,6.03828454552677,55.512488882498,3661.98501189372,1598.09631377426,4
1049585,48343886,0,102,15:11:09,-79.3917105013467,43.6461850016619,6593,15,6.03828454552677,51.834791926867,3713.81980382059,1629,4
1049585,48343886,0,103,15:11:09,-79.3917105013467,43.6461850016619,6593,15,1e-12,0,3713.81980382059,1629,4
1049585,48343886,0,104,15:11:30,-79.392328,43.646054,,,9.05546600900027,51.8347919263627,3765.65459574695,1649.60691860026,4
1049585,48343886,0,105,15:11:52,-79.3929840015944,43.6459080018756,,,9.05546600900027,55.2856234799327,3820.94021922689,1671.58571508958,4
1049585,48343886,0,106,15:12:14,-79.39364,43.645762,,,9.05546600900027,55.2856234793536,3876.22584270624,1693.56451157867,4
1049585,48343886,0,107,15:12:37,-79.3943430017086,43.645616002154,,,9.05546600900027,58.9150965158498,3935.14093922209,1716.98620486825,4
1049585,48343886,0,108,15:13:00,-79.395046,43.64547,,,9.05546600900027,58.9150965178191,3994.05603573991,1740.40789815862,4
1049585,48343886,0,109,15:13:22,-79.3956962541891,43.6453410055286,23894,16,9.05546600900027,54.3129289687479,4048.36896470866,1762,4
1049585,48343886,0,110,15:13:22,-79.3956962541891,43.6453410055286,23894,16,1e-12,0,4048.36896470866,1762,4
1049585,48343886,0,111,15:13:41,-79.3963465055855,43.6452120073714,,,10.2705033304151,54.3129289714103,4102.68189368007,1781.03767887578,4
1049585,48343886,0,112,15:14:00,-79.3969967541892,43.6450830055286,,,10.2705033304151,54.3129289702038,4156.99482265027,1800.07535775114,4
1049585,48343886,0,113,15:14:19,-79.397647,43.644954,,,10.2705033304151,54.3129289701007,4211.30775162037,1819.11303662646,4
1049585,48343886,0,114,15:14:44,-79.398509,43.644779,,,10.2705033304151,72.1187582493393,4283.42650986971,1844.39198560735,4
1049585,48343886,0,115,15:15:05,-79.399203,43.644637,,,10.2705033304151,58.096672465433,4341.52318233514,1864.7559360533,4
1049585,48343886,0,116,15:15:31,-79.400097,43.644453,5279,17,10.2705033304151,74.8721517133892,4416.39533404853,1891,4
1049585,48343886,0,117,15:15:31,-79.400097,43.644453,5279,17,1e-12,0,4416.39533404853,1891,4
1049585,48343886,0,118,15:15:57,-79.400827,43.644305,,,8.40435959271379,61.0694440426599,4477.46477809119,1917.15904235513,4
1049585,48343886,0,119,15:15:58,-79.400838,43.644302,,,8.40435959271379,0.946948503931726,4478.41172659513,1917.56466690946,4
1049585,48343886,0,120,15:16:31,-79.4017715029214,43.6441140037981,7211,18,8.40435959271379,78.0562673319714,4556.4679939271,1951,4
1049585,48343886,0,121,15:16:31,-79.4017715029214,43.6441140037981,7211,18,1e-12,0,4556.4679939271,1951,4
1049585,48343886,0,122,15:16:56,-79.402705,43.643926,,,11.0220420086485,78.0562673308854,4634.52426125798,1976.49460092519,4
1049585,48343886,0,123,15:17:14,-79.4033500042195,43.6437950054397,,,11.0220420086485,53.9662132238685,4688.49047448185,1994.12095069355,4
1049585,48343886,0,124,15:17:32,-79.403995005626,43.6436640072529,,,11.0220420086485,53.9662132255919,4742.45668770744,2011.74730046246,4
1049585,48343886,0,125,15:17:49,-79.4046400042195,43.6435330054397,,,11.0220420086485,53.966213224516,4796.42290093196,2029.37365023103,4
1049585,48343886,0,126,15:18:07,-79.405285,43.643402,954,19,11.0220420086485,53.9662132257657,4850.38911415772,2047,4
1049585,48343886,0,127,15:18:07,-79.405285,43.643402,954,19,1e-12,0,4850.38911415772,2047,4
1049585,48343886,0,128,15:18:25,-79.4058932537436,43.6432787548375,,,10.1766396318807,50.8831981580525,4901.27231231578,2064.99999999952,4
1049585,48343886,0,129,15:18:43,-79.4065015049915,43.64315550645,,,10.1766396318807,50.8831981602837,4952.15551047606,2082.99999999983,4
1049585,48343886,0,130,15:19:01,-79.4071097537436,43.6430322548374,,,10.1766396318807,50.8831981586806,5003.03870863474,2100.99999999958,4
1049585,48343886,0,131,15:19:19,-79.407718,43.642909,2333,20,10.1766396318807,50.8831981605976,5053.92190679534,2119,4
1049585,48343886,0,132,15:19:19,-79.407718,43.642909,2333,20,1e-12,0,5053.92190679534,2119,4
1049585,48343886,0,133,15:19:49,-79.408759,43.642704,,,10.4159278930011,86.9094860801073,5140.83139287545,2149.03804875595,4
1049585,48343886,0,134,15:20:09,-79.4094510016817,43.6425580020871,,,10.4159278930011,58.0666324372771,5198.89802531272,2169.10730028318,4
1049585,48343886,0,135,15:20:29,-79.410143,43.642412,,,10.4159278930011,58.0666324363607,5256.96465774908,2189.1765518101,4
1049585,48343886,0,136,15:20:46,-79.410724,43.642292,,,10.4159278930011,48.672995657231,5305.63765340631,2205.99913220486,4
1049585,48343886,0,137,15:21:03,-79.411308,43.642175,,,10.4159278930011,48.8153607347056,5354.45301414102,2222.87091746012,4
1049585,48343886,0,138,15:21:22,-79.41197,43.642042,2462,21,10.4159278930011,55.346428998521,5409.79944313954,2242,4
1049585,48343886,0,139,15:21:22,-79.41197,43.642042,2462,21,1e-12,0,5409.79944313954,2242,4
1049585,48343886,0,140,15:21:43,-79.412709,43.641911,,,10.5371797697921,61.2925563473332,5471.09199948687,2262.94044209846,4
1049585,48343886,0,141,15:22:14,-79.413797,43.64168,,,10.5371797697921,91.3419196174587,5562.43391910433,2294.1471708254,4
1049585,48343886,0,142,15:22:32,-79.4144075012346,43.6415585016244,,,10.5371797697921,51.007017568273,5613.44093667261,2311.57358541236,4
1049585,48343886,0,143,15:22:49,-79.415018,43.641437,8560,22,10.5371797697921,51.0070175702439,5664.44795424285,2329,4
1049585,48343886,0,144,15:22:49,-79.415018,43.641437,8560,22,1e-12,0,5664.44795424285,2329,4
1049585,48343886,0,145,15:23:14,-79.415801,43.64128,,,9.56935807813178,65.4541649893679,5729.90211923222,2353.6239081073,4
1049585,48343886,0,146,15:23:34,-79.416459,43.641148,,,9.56935807813178,55.0069262937326,5784.90904552595,2374.31755683907,4
1049585,48343886,0,147,15:23:40,-79.41664,43.641112,,,9.56935807813178,15.1219214054135,5800.03096693136,2380.00643550941,4
1049585,48343886,0,148,15:23:59,-79.417244,43.640991,2217,23,9.56935807813178,50.4878388307154,5850.51880576208,2399,4
1049585,48343886,0,149,15:23:59,-79.417244,43.640991,2217,23,1e-12,0,5850.51880576208,2399,4
1049585,48343886,0,150,15:24:32,-79.4183985043908,43.6407625058092,,,10.6781810639682,96.4219214671852,5946.94072722926,2431.50730767744,4
1049585,48343886,0,151,15:25:04,-79.419553,43.640534,,,10.6781810639682,96.4219214675515,6043.36264869682,2464.01461535501,4
1049585,48343886,0,152,15:25:21,-79.420159,43.640414,,,10.6781810639682,50.6140946016147,6093.97674329843,2481.07845230198,4
1049585,48343886,0,153,15:25:27,-79.42038,43.640368,,,10.6781810639682,18.5255985410085,6112.50234183944,2487.32409979083,4
1049585,48343886,0,154,15:25:53,-79.42129,43.640179,,,10.6781810639682,76.2693568562783,6188.77169869572,2513.03725103239,4
1049585,48343886,0,155,15:26:21,-79.422281,43.639977,5091,24,10.6781810639682,82.9420268117752,6271.71372550749,2541,4
1049585,48343886,0,156,15:26:21,-79.422281,43.639977,5091,24,1e-12,0,6271.71372550749,2541,4
1049585,48343886,0,157,15:26:40,-79.4229170013444,43.639850001763,,,10.0708110774921,53.1515029084545,6324.86522841595,2559.99999999981,4
1049585,48343886,0,158,15:26:59,-79.423553,43.639723,10438,25,10.0708110774921,53.1515029095172,6378.01673132546,2579,4
1049585,48343886,0,159,15:26:59,-79.423553,43.639723,10438,25,1e-12,0,6378.01673132546,2579,4
1049585,48343886,0,160,15:27:17,-79.4241965013763,43.6395945018048,,,11.0537654462328,53.778571845588,6431.79530317105,2596.5146523224,4
1049585,48343886,0,161,15:27:34,-79.42484,43.639466,,,11.0537654462328,53.7785718428441,6485.5738750139,2614.0293046439,4
1049585,48343886,0,162,15:27:50,-79.4254450011982,43.6393470015953,,,11.0537654462328,50.5079664222195,6536.08184143612,2630.478783331,4
1049585,48343886,0,163,15:28:07,-79.42605,43.639228,,,11.0537654462328,50.5079664230042,6586.58980785912,2646.92826201836,4
1049585,48343886,0,164,15:28:15,-79.42634,43.63917,,,11.0537654462328,24.2386943807815,6610.8285022399,2654.8223412075,4
1049585,48343886,0,165,15:28:43,-79.427374,43.63896,4341,26,11.0537654462328,86.5192308656212,6697.34773310552,2683,4
1049585,48343886,0,166,15:28:43,-79.427374,43.63896,4341,26,1e-12,0,6697.34773310552,2683,4
1049585,48343886,0,167,15:28:59,-79.4271939957626,43.6384885004237,,,12.512735181675,54.4535697707865,6751.80130287631,2698.66666666629,4
1049585,48343886,0,168,15:29:14,-79.4270139943502,43.6380170005648,,,12.512735181675,54.4535697739185,6806.25487265023,2714.33333333348,4
1049585,48343886,0,169,15:29:30,-79.4268339957627,43.6375455004236,6129,27,12.512735181675,54.4535697716066,6860.70844242183,2730,4
1049585,48343886,0,170,15:29:30,-79.4268339957627,43.6375455004236,6129,27,1e-12,0,6860.70844242183,2730,4
1049585,48343886,0,171,15:29:39,-79.426654,43.637074,,,23.0117475384936,54.4535697754542,6915.16201219729,2738.51881635081,4
1049585,48343886,0,172,15:29:52,-79.426367,43.636332,,,23.0117475384936,85.7743692899138,7000.9363814872,2751.93751603571,4
1049585,48343886,0,173,15:30:05,-79.426084,43.635597,,,23.0117475384936,84.9372420438157,7085.87362353102,2765.22525399851,4
1049585,48343886,0,174,15:30:18,-79.425804,43.634892,4396,28,23.0117475384936,81.6581194040643,7167.53174293508,2778,4
1049585,48343886,0,175,15:30:18,-79.425804,43.634892,4396,28,1e-12,0,7167.53174293508,2778,4
1049585,48343886,0,176,15:30:43,-79.426924,43.634638,,,13.3802828367386,94.5622439204062,7262.09398685549,2803.44221839457,4
1049585,48343886,0,177,15:30:51,-79.426832,43.634393,,,13.3802828367386,28.2625782532336,7290.35656510872,2811.04633879719,4
1049585,48343886,0,178,15:30:52,-79.426808,43.634368,,,13.3802828367386,3.38880282377116,7293.74536793249,2811.9581050367,4
1049585,48343886,0,179,15:30:53,-79.426791,43.634345,,,13.3802828367386,2.90368030747539,7296.64904823997,2812.73934779774,4
1049585,48343886,0,180,15:30:54,-79.42676,43.63432,,,13.3802828367386,3.73940237049378,7300.38845061046,2813.74544375984,4
1049585,48343886,0,181,15:30:55,-79.42673,43.634301,,,13.3802828367386,3.21180185465641,7303.60025246512,2814.60958742689,4
1049585,48343886,0,182,15:30:55,-79.426704,43.634289,,,13.3802828367386,2.48446316728461,7306.0847156324,2815.27803872283,4
1049585,48343886,0,183,15:30:56,-79.426679,43.634282,,,13.3802828367386,2.15968990612338,7308.24440553853,2815.85910892567,4
1049585,48343886,0,184,15:30:57,-79.426635,43.634278,,,13.3802828367386,3.57286945559237,7311.81727499412,2816.82039877261,4
1049585,48343886,0,185,15:30:58,-79.426577,43.634284,,,13.3802828367386,4.72046480619526,7316.53773980031,2818.09045214216,4
1049585,48343886,0,186,15:31:00,-79.42649,43.634294,6113,29,13.3802828367386,7.09730289671883,7323.63504269703,2820,4
1049585,48343886,0,187,15:31:00,-79.42649,43.634294,6113,29,1e-12,0,7323.63504269703,2820,4
1049585,48343886,0,188,,-79.425639,43.634477,,,,71.5260352465206,7395.16107794355,,4
