shape_id,trip_id,route_type,id,timestamp,shape_pt_lon,shape_pt_lat,stop_id,stop_sequence,speed,dist,cumdist,cumtime,trip_number
1049946,48349561,3,1,,-79.411957,43.642034,,,1e-12,0,0,0,1
1049946,48349561,3,2,05:12:44,-79.411732,43.641444,8626,1,,68.1337282025377,68.1337282025377,,1
1049946,48349561,3,3,05:12:44,-79.411732,43.641444,8626,1,1e-12,0,68.1337282025377,0,1
1049946,48349561,3,4,05:12:47,-79.411698,43.641354,,,13.8130757208022,10.3864132484593,78.520141450997,2.70693424478542,1
1049946,48349561,3,5,05:13:05,-79.411456,43.64075,,,13.8130757208022,70.0062873597597,148.526428810757,20.9521563509376,1
1049946,48349561,3,6,05:13:21,-79.411256,43.640216,,,13.8130757208022,61.5894401556915,210.115868966448,37.0037576772506,1
1049946,48349561,3,7,05:13:26,-79.411199,43.640063,,,13.8130757208022,17.640041740569,227.755910707017,41.601151592236,1
1049946,48349561,3,8,05:13:31,-79.411128,43.639873,,,13.8130757208022,21.9104680487958,249.666378755813,47.3115152049451,1
1049946,48349561,3,9,05:13:50,-79.410857,43.639276,,,13.8130757208022,69.9519333142968,319.61831207011,65.5425714173006,1
1049946,48349561,3,10,05:13:53,-79.411016,43.639245,14048,2,13.8130757208022,13.26603411447,332.88434618458,69,1
1049946,48349561,3,11,05:13:53,-79.411016,43.639245,14048,2,1e-12,0,332.88434618458,69,1
1049946,48349561,3,12,05:14:01,-79.411411,43.639166,,,14.3782768724139,33.0147700628139,365.899116247394,77.2661624394062,1
1049946,48349561,3,13,05:14:15,-79.4120437539728,43.639040255235,,,14.3782768724139,52.8629041372575,418.762020384651,90.5018551849846,1
1049946,48349561,3,14,05:14:28,-79.4126765052971,43.6389145069799,,,14.3782768724139,52.862904137088,471.624924521739,103.737547930521,1
1049946,48349561,3,15,05:14:41,-79.4133092539728,43.6387887552349,,,14.3782768724139,52.8629041356287,524.487828657368,116.973240675691,1
1049946,48349561,3,16,05:14:54,-79.413942,43.638663,,,14.3782768724139,52.8629041384852,577.350732795853,130.208933421577,1
1049946,48349561,3,17,05:15:07,-79.4145535012365,43.6385415016298,14049,3,14.3782768724139,51.0870824327894,628.437815228643,143,1
1049946,48349561,3,18,05:15:07,-79.4145535012365,43.6385415016298,14049,3,1e-12,0,628.437815228643,143,1
1049946,48349561,3,19,05:15:19,-79.415165,43.63842,,,15.1310763116426,51.0870824348074,679.52489766345,155.154687014816,1
1049946,48349561,3,20,05:15:21,-79.41526,43.6384,,,15.1310763116426,7.97073317507188,687.495630838522,157.051091397376,1
1049946,48349561,3,21,05:15:22,-79.415325,43.63839,,,15.1310763116426,5.35360786125787,692.84923869978,158.324826847755,1
1049946,48349561,3,22,05:15:24,-79.415389,43.638388,,,15.1310763116426,5.16083586901929,698.010074568799,159.552697803252,1
1049946,48349561,3,23,05:15:25,-79.415457,43.638389,,,15.1310763116426,5.47941419662815,703.489488765427,160.856365216038,1
1049946,48349561,3,24,05:15:26,-79.415524,43.638397,,,15.1310763116426,5.47069191544535,708.960180680873,162.157957415427,1
1049946,48349561,3,25,05:15:28,-79.415623,43.63841,,,15.1310763116426,8.1059598782969,717.066140559169,164.086535063232,1
1049946,48349561,3,26,05:15:43,-79.4163599985772,43.6385260023673,,,15.1310763116426,60.7627561663781,777.828896725548,178.543267531804,1
1049946,48349561,3,27,05:15:57,-79.417097,43.638642,14050,4,15.1310763116426,60.7627561647976,838.591652890345,193,1
1049946,48349561,3,28,05:15:57,-79.417097,43.638642,14050,4,1e-12,0,838.591652890345,193,1
1049946,48349561,3,29,05:16:21,-79.418011,43.638786,,,11.2103302561491,75.3588259452508,913.950478835596,217.200158889529,1
1049946,48349561,3,30,05:16:22,-79.418057,43.638791,,,11.2103302561491,3.74743837007949,917.697917205675,218.403582680268,1
1049946,48349561,3,31,05:16:29,-79.418324,43.638785,,,11.2103302561491,21.5205425457439,939.218459751419,225.314525658257,1
1049946,48349561,3,32,05:16:46,-79.4189515013107,43.6386595017162,,,11.2103302561491,52.4479572491224,991.666417000542,242.15726282858,1
1049946,48349561,3,33,05:17:03,-79.419579,43.638534,14051,5,11.2103302561491,52.4479572525373,1044.11437425308,259,1
1049946,48349561,3,34,05:17:03,-79.419579,43.638534,14051,5,1e-12,0,1044.11437425308,259,1
1049946,48349561,3,35,05:17:04,-79.419563,43.638487,,,14.0792553296921,5.38846235386343,1049.50283660694,260.377804721887,1
1049946,48349561,3,36,05:17:26,-79.420562,43.6383,,,14.0792553296921,83.1309616997302,1132.63379830667,281.634004365337,1
1049946,48349561,3,37,05:17:40,-79.420747,43.638793,,,14.0792553296921,56.8682940778495,1189.50209238452,296.174962241745,1
1049946,48349561,3,38,05:17:43,-79.420786,43.638896,,,14.0792553296921,11.8885986242049,1201.39069100873,299.214821527263,1
1049946,48349561,3,39,05:17:49,-79.420859,43.639092,,,14.0792553296921,22.5973185635515,1223.98800957228,304.992850615011,1
1049946,48349561,3,40,05:18:00,-79.421,43.639465,14052,6,14.0792553296921,43.0479074009251,1267.0359169732,316,1
1049946,48349561,3,41,05:18:00,-79.421,43.639465,14052,6,1e-12,0,1267.0359169732,316,1
1049946,48349561,3,42,,-79.421277,43.640171,,,,81.6982938659188,1348.73421083912,,1
1049946,48349560,3,1,,-79.411957,43.642034,,,1e-12,0,0,0,2
1049946,48349560,3,2,05:27:44,-79.411732,43.641444,8626,1,,68.1337282025377,68.1337282025377,,2
1049946,48349560,3,3,05:27:44,-79.411732,43.641444,8626,1,1e-12,0,68.1337282025377,0,2
1049946,48349560,3,4,05:27:47,-79.411698,43.641354,,,13.8130757208022,10.3864132484593,78.520141450997,2.70693424478542,2
1049946,48349560,3,5,05:28:05,-79.411456,43.64075,,,13.8130757208022,70.0062873597597,148.526428810757,20.9521563509376,2
1049946,48349560,3,6,05:28:21,-79.411256,43.640216,,,13.8130757208022,61.5894401556915,210.115868966448,37.0037576772506,2
1049946,48349560,3,7,05:28:26,-79.411199,43.640063,,,13.8130757208022,17.640041740569,227.755910707017,41.601151592236,2
1049946,48349560,3,8,05:28:31,-79.411128,43.639873,,,13.8130757208022,21.9104680487958,249.666378755813,47.3115152049451,2
1049946,48349560,3,9,05:28:50,-79.410857,43.639276,,,13.8130757208022,69.9519333142968,319.61831207011,65.5425714173006,2
1049946,48349560,3,10,05:28:53,-79.411016,43.639245,14048,2,13.8130757208022,13.26603411447,332.88434618458,69,2
1049946,48349560,3,11,05:28:53,-79.411016,43.639245,14048,2,1e-12,0,332.88434618458,69,2
1049946,48349560,3,12,05:29:01,-79.411411,43.639166,,,14.3782768724139,33.0147700628139,365.899116247394,77.2661624394062,2
1049946,48349560,3,13,05:29:15,-79.4120437539728,43.639040255235,,,14.3782768724139,52.8629041372575,418.762020384651,90.5018551849846,2
1049946,48349560,3,14,05:29:28,-79.4126765052971,43.6389145069799,,,14.3782768724139,52.862904137088,471.624924521739,103.737547930521,2
1049946,48349560,3,15,05:29:41,-79.4133092539728,43.6387887552349,,,14.3782768724139,52.8629041356287,524.487828657368,116.973240675691,2
1049946,48349560,3,16,05:29:54,-79.413942,43.638663,,,14.3782768724139,52.8629041384852,577.350732795853,130.208933421577,2
1049946,48349560,3,17,05:30:07,-79.4145535012365,43.6385415016298,14049,3,14.3782768724139,51.0870824327894,628.437815228643,143,2
1049946,48349560,3,18,05:30:07,-79.4145535012365,43.6385415016298,14049,3,1e-12,0,628.437815228643,143,2
1049946,48349560,3,19,05:30:19,-79.415165,43.63842,,,15.1310763116426,51.0870824348074,679.52489766345,155.154687014816,2
1049946,48349560,3,20,05:30:21,-79.41526,43.6384,,,15.1310763116426,7.97073317507188,687.495630838522,157.051091397376,2
1049946,48349560,3,21,05:30:22,-79.415325,43.63839,,,15.1310763116426,5.35360786125787,692.84923869978,158.324826847755,2
1049946,48349560,3,22,05:30:24,-79.415389,43.638388,,,15.1310763116426,5.16083586901929,698.010074568799,159.552697803252,2
1049946,48349560,3,23,05:30:25,-79.415457,43.638389,,,15.1310763116426,5.47941419662815,703.489488765427,160.856365216038,2
1049946,48349560,3,24,05:30:26,-79.415524,43.638397,,,15.1310763116426,5.47069191544535,708.960180680873,162.157957415427,2
1049946,48349560,3,25,05:30:28,-79.415623,43.63841,,,15.1310763116426,8.1059598782969,717.066140559169,164.086535063232,2
1049946,48349560,3,26,05:30:43,-79.4163599985772,43.6385260023673,,,15.1310763116426,60.7627561663781,777.828896725548,178.543267531804,2
1049946,48349560,3,27,05:30:57,-79.417097,43.638642,14050,4,15.1310763116426,60.7627561647976,838.591652890345,193,2
1049946,48349560,3,28,05:30:57,-79.417097,43.638642,14050,4,1e-12,0,838.591652890345,193,2
1049946,48349560,3,29,05:31:21,-79.418011,43.638786,,,11.2103302561491,75.3588259452508,913.950478835596,217.200158889529,2
1049946,48349560,3,30,05:31:22,-79.418057,43.638791,,,11.2103302561491,3.74743837007949,917.697917205675,218.403582680268,2
1049946,48349560,3,31,05:31:29,-79.418324,43.638785,,,11.2103302561491,21.5205425457439,939.218459751419,225.314525658257,2
1049946,48349560,3,32,05:31:46,-79.4189515013107,43.6386595017162,,,11.2103302561491,52.4479572491224,991.666417000542,242.15726282858,2
1049946,48349560,3,33,05:32:03,-79.419579,43.638534,14051,5,11.2103302561491,52.4479572525373,1044.11437425308,259,2
1049946,48349560,3,34,05:32:03,-79.419579,43.638534,14051,5,1e-12,0,1044.11437425308,259,2
1049946,48349560,3,35,05:32:04,-79.419563,43.638487,,,14.0792553296921,5.38846235386343,1049.50283660694,260.377804721887,2
1049946,48349560,3,36,05:32:26,-79.420562,43.6383,,,14.0792553296921,83.1309616997302,1132.63379830667,281.634004365337,2
1049946,48349560,3,37,05:32:40,-79.420747,43.638793,,,14.0792553296921,56.8682940778495,1189.50209238452,296.174962241745,2
1049946,48349560,3,38,05:32:43,-79.420786,43.638896,,,14.0792553296921,11.8885986242049,1201.39069100873,299.214821527263,2
1049946,48349560,3,39,05:32:49,-79.420859,43.639092,,,14.0792553296921,22.5973185635515,1223.98800957228,304.992850615011,2
1049946,48349560,3,40,05:33:00,-79.421,43.639465,14052,6,14.0792553296921,43.0479074009251,1267.0359169732,316,2
1049946,48349560,3,41,05:33:00,-79.421,43.639465,14052,6,1e-12,0,1267.0359169732,316,2
1049946,48349560,3,42,,-79.421277,43.640171,,,,81.6982938659188,1348.73421083912,,2
