shape_id,trip_id,route_type,id,timestamp,shape_pt_lon,shape_pt_lat,stop_id,stop_sequence,speed,dist,cumdist,cumtime,trip_number
1049117,48336632,3,1,,-79.454494,43.713064,,,1e-12,0,0,0,1
1049117,48336632,3,2,,-79.4546169989574,43.7135720000659,,,,57.4097902750081,57.4097902750081,,1
1049117,48336632,3,3,,-79.45474,43.71408,,,,57.4097902767396,114.819580551748,,1
1049117,48336632,3,4,04:44:32,-79.4548519970998,43.7145972501641,1415,1,,58.2809122977001,173.100492849448,,1
1049117,48336632,3,5,04:44:32,-79.4548519970998,43.7145972501641,1415,1,1e-12,0,173.100492849448,0,1
1049117,48336632,3,6,04:44:44,-79.454963996133,43.7151145002187,,,17.4842736886157,58.2809122926125,231.38140514206,11.999999999429,1
1049117,48336632,3,7,04:44:56,-79.4550759970997,43.7156317501641,,,17.4842736886157,58.2809122988652,289.662317440925,24.0000000001455,1
1049117,48336632,3,8,04:45:08,-79.455188,43.716149,9652,2,17.4842736886157,58.2809122946788,347.943229735604,36,1
1049117,48336632,3,9,04:45:08,-79.455188,43.716149,9652,2,1e-12,0,347.943229735604,36,1
1049117,48336632,3,10,04:45:16,-79.455281,43.716552,,,19.3990938424858,45.4814994002583,393.424729135863,44.4402601054663,1
1049117,48336632,3,11,04:45:28,-79.4553929989897,43.7170925000547,,,19.3990938424858,60.8392363051544,454.263965441017,55.7305426556171,1
1049117,48336632,3,12,04:45:39,-79.455505,43.717633,,,19.3990938424858,60.8392363040961,515.103201745113,67.0208252055715,1
1049117,48336632,3,13,04:45:52,-79.455669,43.71825,5133,3,19.3990938424858,69.9400638430959,585.043265588209,80,1
1049117,48336632,3,14,04:45:52,-79.455669,43.71825,5133,3,1e-12,0,585.043265588209,80,1
1049117,48336632,3,15,04:46:05,-79.4557919966051,43.7188012501978,,,16.5753782119162,62.1576682923666,647.200933880576,93.4999999994963,1
1049117,48336632,3,16,04:46:19,-79.4559149954734,43.7193525002638,,,16.5753782119162,62.1576682962729,709.358602176848,106.999999999841,1
1049117,48336632,3,17,04:46:33,-79.456037996605,43.7199037501979,,,16.5753782119162,62.1576682955615,771.51627047241,120.500000000031,1
1049117,48336632,3,18,04:46:46,-79.456161,43.720455,4840,4,16.5753782119162,62.1576682945424,833.673938766952,134,1
1049117,48336632,3,19,04:46:46,-79.456161,43.720455,4840,4,1e-12,0,833.673938766952,134,1
1049117,48336632,3,20,04:46:51,-79.456195,43.720718,,,19.5339587151687,29.4045340463668,863.078472813319,139.419092162037,1
1049117,48336632,3,21,04:47:01,-79.4562974992361,43.7211645000458,,,19.5339587151687,50.3835747990871,913.462047612406,148.704504910241,1
1049117,48336632,3,22,04:47:10,-79.4564,43.721611,,,19.5339587151687,50.3835747975946,963.845622410001,157.989917658169,1
1049117,48336632,3,23,04:47:15,-79.456461,43.721844,,,19.5339587151687,26.3976253774832,990.243247787484,162.854853268233,1
1049117,48336632,3,24,04:47:30,-79.456622,43.722573,4474,5,19.5339587151687,82.1790752759742,1072.42232306346,178,1
1049117,48336632,3,25,04:47:30,-79.456622,43.722573,4474,5,1e-12,0,1072.42232306346,178,1
1049117,48336632,3,26,04:47:33,-79.456653,43.722718,,,17.3612699781648,16.3328560242606,1088.75517908772,181.386750033914,1
1049117,48336632,3,27,04:47:37,-79.456688,43.722881,,,17.3612699781648,18.3622496629154,1107.11742875063,185.194311282004,1
1049117,48336632,3,28,04:47:46,-79.456764,43.723237,,,17.3612699781648,40.0986165683686,1147.216045319,193.509084327276,1
1049117,48336632,3,29,04:47:56,-79.456861,43.723689,,,17.3612699781648,50.917936754595,1198.1339820736,204.067331076914,1
1049117,48336632,3,30,04:48:00,-79.456892,43.723846,,,17.3612699781648,17.6541968428773,1215.78817891647,207.728071835757,1
1049117,48336632,3,31,04:48:10,-79.4569804993389,43.7242935000342,,,17.3612699781648,50.3216682240725,1266.10984714055,218.162677474314,1
1049117,48336632,3,32,04:48:21,-79.457069,43.724741,,,17.3612699781648,50.3216682223244,1316.43151536287,228.597283112508,1
1049117,48336632,3,33,04:48:32,-79.4571969968894,43.7252262502142,293,6,17.3612699781648,54.9904573245349,1371.42197268741,240,1
1049117,48336632,3,34,04:48:32,-79.4571969968894,43.7252262502142,293,6,1e-12,0,1371.42197268741,240,1
1049117,48336632,3,35,04:48:43,-79.4573249958525,43.7257115002857,,,17.9968769429204,54.9904573286405,1426.41243001605,251.00000000061,1
1049117,48336632,3,36,04:48:54,-79.4574529968893,43.7261967502142,,,17.9968769429204,54.9904573215623,1481.40288733761,261.999999999805,1
1049117,48336632,3,37,04:49:05,-79.457581,43.726682,291,7,17.9968769429204,54.990457326567,1536.39334466418,273,1
1049117,48336632,3,38,04:49:05,-79.457581,43.726682,291,7,1e-12,0,1536.39334466418,273,1
1049117,48336632,3,39,04:49:12,-79.457642,43.726988,,,17.6072554129297,34.4153989518871,1570.80874361606,280.036612653203,1
1049117,48336632,3,40,04:49:28,-79.457776,43.727669,,,17.6072554129297,76.5711190230444,1647.37986263911,295.692433053271,1
1049117,48336632,3,41,04:49:28,-79.457784,43.727696,,,17.6072554129297,3.07375011313297,1650.45361275224,296.32089559032,1
1049117,48336632,3,42,04:49:32,-79.457831,43.727875,,,17.6072554129297,20.2817065136627,1670.7353192659,300.467716985071,1
1049117,48336632,3,43,04:49:33,-79.457833,43.727884,,,17.6072554129297,1.01471109182552,1671.75003035773,300.675185999685,1
1049117,48336632,3,44,04:49:36,-79.457874,43.728046,,,17.6072554129297,18.3328729636551,1690.08290332138,304.423546611339,1
1049117,48336632,3,45,04:49:37,-79.457878,43.728061,,,17.6072554129297,1.70051253789541,1691.78341585928,304.77123539036,1
1049117,48336632,3,46,04:49:42,-79.45793,43.72827,,,17.6072554129297,23.6388197677903,1715.42223562707,309.604456080823,1
1049117,48336632,3,47,04:49:44,-79.457953,43.728367,,,17.6072554129297,10.9553521983485,1726.37758782542,311.844400182792,1
1049117,48336632,3,48,04:50:01,-79.458127,43.72909,,,17.6072554129297,81.6920143543433,1808.06960217976,328.547244821467,1
1049117,48336632,3,49,04:50:20,-79.458356,43.729922,,,17.6072554129297,94.4319349987904,1902.50153717855,347.854908510267,1
1049117,48336632,3,50,04:50:21,-79.45837,43.729976,,,17.6072554129297,6.1158316549909,1908.61736883354,349.105358591305,1
1049117,48336632,3,51,04:50:32,-79.4584989989888,43.7304455000725,2688,8,17.6072554129297,53.2846483097681,1961.90201714331,360,1
1049117,48336632,3,52,04:50:32,-79.4584989989888,43.7304455000725,2688,8,1e-12,0,1961.90201714331,360,1
1049117,48336632,3,53,04:50:47,-79.458628,43.730915,,,12.6387772327383,53.284648310965,2015.18666545428,375.177475667709,1
1049117,48336632,3,54,04:51:06,-79.4587674986374,43.7315000000849,7299,9,12.6387772327383,66.081581109341,2081.26824656362,394,1
1049117,48336632,3,55,04:51:06,-79.4587674986374,43.7315000000849,7299,9,1e-12,0,2081.26824656362,394,1
1049117,48336632,3,56,04:51:19,-79.458907,43.732085,,,18.9236200277681,66.0815811046682,2147.34982766829,406.571257065388,1
1049117,48336632,3,57,04:51:29,-79.4582780013233,43.7322110017246,,,18.9236200277681,52.5031657744226,2199.85299344271,416.559377547123,1
1049117,48336632,3,58,04:51:39,-79.457649,43.732337,,,18.9236200277681,52.5031657710943,2252.3561592138,426.547498028225,1
1049117,48336632,3,59,04:51:57,-79.4564995143382,43.7325860172794,,,18.9236200277681,96.5268914857445,2348.88305069955,444.910623521063,1
1049117,48336632,3,60,04:52:15,-79.4553500191174,43.7328350230394,,,18.9236200277681,96.5268914881124,2445.40994218766,463.273749014351,1
1049117,48336632,3,61,04:52:34,-79.4542005143379,43.7330840172796,,,18.9236200277681,96.5268914855162,2541.93683367318,481.636874507145,1
1049117,48336632,3,62,04:52:52,-79.453051,43.733333,891,10,18.9236200277681,96.5268914858362,2638.46372515901,500,1
1049117,48336632,3,63,04:52:52,-79.453051,43.733333,891,10,1e-12,0,2638.46372515901,500,1
1049117,48336632,3,64,,-79.452852,43.733376,,,,16.7070787731067,2655.17080393212,,1
1049117,48336631,3,1,,-79.454494,43.713064,,,1e-12,0,0,0,2
1049117,48336631,3,2,,-79.4546169989574,43.7135720000659,,,,57.4097902750081,57.4097902750081,,2
1049117,48336631,3,3,,-79.45474,43.71408,,,,57.4097902767396,114.819580551748,,2
1049117,48336631,3,4,05:14:32,-79.4548519970998,43.7145972501641,1415,1,,58.2809122977001,173.100492849448,,2
1049117,48336631,3,5,05:14:32,-79.4548519970998,43.7145972501641,1415,1,1e-12,0,173.100492849448,0,2
1049117,48336631,3,6,05:14:44,-79.454963996133,43.7151145002187,,,17.4842736886157,58.2809122926125,231.38140514206,11.999999999429,2
1049117,48336631,3,7,05:14:56,-79.4550759970997,43.7156317501641,,,17.4842736886157,58.2809122988652,289.662317440925,24.0000000001455,2
1049117,48336631,3,8,05:15:08,-79.455188,43.716149,9652,2,17.4842736886157,58.2809122946788,347.943229735604,36,2
1049117,48336631,3,9,05:15:08,-79.455188,43.716149,9652,2,1e-12,0,347.943229735604,36,2
1049117,48336631,3,10,05:15:16,-79.455281,43.716552,,,19.3990938424858,45.4814994002583,393.424729135863,44.4402601054663,2
1049117,48336631,3,11,05:15:28,-79.4553929989897,43.7170925000547,,,19.3990938424858,60.8392363051544,454.263965441017,55.7305426556171,2
1049117,48336631,3,12,05:15:39,-79.455505,43.717633,,,19.3990938424858,60.8392363040961,515.103201745113,67.0208252055715,2
1049117,48336631,3,13,05:15:52,-79.455669,43.71825,5133,3,19.3990938424858,69.9400638430959,585.043265588209,80,2
1049117,48336631,3,14,05:15:52,-79.455669,43.71825,5133,3,1e-12,0,585.043265588209,80,2
1049117,48336631,3,15,05:16:05,-79.4557919966051,43.7188012501978,,,16.5753782119162,62.1576682923666,647.200933880576,93.4999999994963,2
1049117,48336631,3,16,05:16:19,-79.4559149954734,43.7193525002638,,,16.5753782119162,62.1576682962729,709.358602176848,106.999999999841,2
1049117,48336631,3,17,05:16:33,-79.456037996605,43.7199037501979,,,16.5753782119162,62.1576682955615,771.51627047241,120.500000000031,2
1049117,48336631,3,18,05:16:46,-79.456161,43.720455,4840,4,16.5753782119162,62.1576682945424,833.673938766952,134,2
1049117,48336631,3,19,05:16:46,-79.456161,43.720455,4840,4,1e-12,0,833.673938766952,134,2
1049117,48336631,3,20,05:16:51,-79.456195,43.720718,,,19.5339587151687,29.4045340463668,863.078472813319,139.419092162037,2
1049117,48336631,3,21,05:17:01,-79.4562974992361,43.7211645000458,,,19.5339587151687,50.3835747990871,913.462047612406,148.704504910241,2
1049117,48336631,3,22,05:17:10,-79.4564,43.721611,,,19.5339587151687,50.3835747975946,963.845622410001,157.989917658169,2
1049117,48336631,3,23,05:17:15,-79.456461,43.721844,,,19.5339587151687,26.3976253774832,990.243247787484,162.854853268233,2
1049117,48336631,3,24,05:17:30,-79.456622,43.722573,4474,5,19.5339587151687,82.1790752759742,1072.42232306346,178,2
1049117,48336631,3,25,05:17:30,-79.456622,43.722573,4474,5,1e-12,0,1072.42232306346,178,2
1049117,48336631,3,26,05:17:33,-79.456653,43.722718,,,17.3612699781648,16.3328560242606,1088.75517908772,181.386750033914,2
1049117,48336631,3,27,05:17:37,-79.456688,43.722881,,,17.3612699781648,18.3622496629154,1107.11742875063,185.194311282004,2
1049117,48336631,3,28,05:17:46,-79.456764,43.723237,,,17.3612699781648,40.0986165683686,1147.216045319,193.509084327276,2
1049117,48336631,3,29,05:17:56,-79.456861,43.723689,,,17.3612699781648,50.917936754595,1198.1339820736,204.067331076914,2
1049117,48336631,3,30,05:18:00,-79.456892,43.723846,,,17.3612699781648,17.6541968428773,1215.78817891647,207.728071835757,2
1049117,48336631,3,31,05:18:10,-79.4569804993389,43.7242935000342,,,17.3612699781648,50.3216682240725,1266.10984714055,218.162677474314,2
1049117,48336631,3,32,05:18:21,-79.457069,43.724741,,,17.3612699781648,50.3216682223244,1316.43151536287,228.597283112508,2
1049117,48336631,3,33,05:18:32,-79.4571969968894,43.7252262502142,293,6,17.3612699781648,54.9904573245349,1371.42197268741,240,2
1049117,48336631,3,34,05:18:32,-79.4571969968894,43.7252262502142,293,6,1e-12,0,1371.42197268741,240,2
1049117,48336631,3,35,05:18:43,-79.4573249958525,43.7257115002857,,,17.9968769429204,54.9904573286405,1426.41243001605,251.00000000061,2
1049117,48336631,3,36,05:18:54,-79.4574529968893,43.7261967502142,,,17.9968769429204,54.9904573215623,1481.40288733761,261.999999999805,2
1049117,48336631,3,37,05:19:05,-79.457581,43.726682,291,7,17.9968769429204,54.990457326567,1536.39334466418,273,2
1049117,48336631,3,38,05:19:05,-79.457581,43.726682,291,7,1e-12,0,1536.39334466418,273,2
1049117,48336631,3,39,05:19:12,-79.457642,43.726988,,,17.6072554129297,34.4153989518871,1570.80874361606,280.036612653203,2
1049117,48336631,3,40,05:19:28,-79.457776,43.727669,,,17.6072554129297,76.5711190230444,1647.37986263911,295.692433053271,2
1049117,48336631,3,41,05:19:28,-79.457784,43.727696,,,17.6072554129297,3.07375011313297,1650.45361275224,296.32089559032,2
1049117,48336631,3,42,05:19:32,-79.457831,43.727875,,,17.6072554129297,20.2817065136627,1670.7353192659,300.467716985071,2
1049117,48336631,3,43,05:19:33,-79.457833,43.727884,,,17.6072554129297,1.01471109182552,1671.75003035773,300.675185999685,2
1049117,48336631,3,44,05:19:36,-79.457874,43.728046,,,17.6072554129297,18.3328729636551,1690.08290332138,304.423546611339,2
1049117,48336631,3,45,05:19:37,-79.457878,43.728061,,,17.6072554129297,1.70051253789541,1691.78341585928,304.77123539036,2
1049117,48336631,3,46,05:19:42,-79.45793,43.72827,,,17.6072554129297,23.6388197677903,1715.42223562707,309.604456080823,2
1049117,48336631,3,47,05:19:44,-79.457953,43.728367,,,17.6072554129297,10.9553521983485,1726.37758782542,311.844400182792,2
1049117,48336631,3,48,05:20:01,-79.458127,43.72909,,,17.6072554129297,81.6920143543433,1808.06960217976,328.547244821467,2
1049117,48336631,3,49,05:20:20,-79.458356,43.729922,,,17.6072554129297,94.4319349987904,1902.50153717855,347.854908510267,2
1049117,48336631,3,50,05:20:21,-79.45837,43.729976,,,17.6072554129297,6.1158316549909,1908.61736883354,349.105358591305,2
1049117,48336631,3,51,05:20:32,-79.4584989989888,43.7304455000725,2688,8,17.6072554129297,53.2846483097681,1961.90201714331,360,2
1049117,48336631,3,52,05:20:32,-79.4584989989888,43.7304455000725,2688,8,1e-12,0,1961.90201714331,360,2
1049117,48336631,3,53,05:20:47,-79.458628,43.730915,,,12.6387772327383,53.284648310965,2015.18666545428,375.177475667709,2
1049117,48336631,3,54,05:21:06,-79.4587674986374,43.7315000000849,7299,9,12.6387772327383,66.081581109341,2081.26824656362,394,2
1049117,48336631,3,55,05:21:06,-79.4587674986374,43.7315000000849,7299,9,1e-12,0,2081.26824656362,394,2
1049117,48336631,3,56,05:21:19,-79.458907,43.732085,,,18.9236200277681,66.0815811046682,2147.34982766829,406.571257065388,2
1049117,48336631,3,57,05:21:29,-79.4582780013233,43.7322110017246,,,18.9236200277681,52.5031657744226,2199.85299344271,416.559377547123,2
1049117,48336631,3,58,05:21:39,-79.457649,43.732337,,,18.9236200277681,52.5031657710943,2252.3561592138,426.547498028225,2
1049117,48336631,3,59,05:21:57,-79.4564995143382,43.7325860172794,,,18.9236200277681,96.5268914857445,2348.88305069955,444.910623521063,2
1049117,48336631,3,60,05:22:15,-79.4553500191174,43.7328350230394,,,18.9236200277681,96.5268914881124,2445.40994218766,463.273749014351,2
1049117,48336631,3,61,05:22:34,-79.4542005143379,43.7330840172796,,,18.9236200277681,96.5268914855162,2541.93683367318,481.636874507145,2
1049117,48336631,3,62,05:22:52,-79.453051,43.733333,891,10,18.9236200277681,96.5268914858362,2638.46372515901,500,2
1049117,48336631,3,63,05:22:52,-79.453051,43.733333,891,10,1e-12,0,2638.46372515901,500,2
1049117,48336631,3,64,,-79.452852,43.733376,,,,16.7070787731067,2655.17080393212,,2
