shape_id,trip_id,route_type,id,timestamp,shape_pt_lon,shape_pt_lat,stop_id,stop_sequence,speed,dist,cumdist,cumtime,trip_number
1049778,48347276,3,1,,-79.453,43.714249,,,1e-12,0,0,0,1
1049778,48347276,3,2,,-79.453116,43.714231,,,,9.54616481749266,9.54616481749266,,1
1049778,48347276,3,3,,-79.453224,43.71422,,,,8.77566498375827,18.3218298012509,,1
1049778,48347276,3,4,,-79.453348,43.714205,,,,10.1159595534303,28.4377893546812,,1
1049778,48347276,3,5,,-79.45349,43.714185,,,,11.6403992842183,40.0781886388995,,1
1049778,48347276,3,6,,-79.453635,43.714174,,,,11.7309726230306,51.8091612619301,,1
1049778,48347276,3,7,,-79.453786,43.714152,,,,12.3940294921386,64.2031907540687,,1
1049778,48347276,3,8,,-79.453935,43.714151,,,,11.9892559301248,76.1924466841935,,1
1049778,48347276,3,9,,-79.454096,43.714133,,,,13.1083300030811,89.3007766872746,,1
1049778,48347276,3,10,,-79.454205,43.714121,,,,8.87143876270903,98.1722154499836,,1
1049778,48347276,3,11,04:47:35,-79.454339,43.714106,5733,1,,10.9103609706861,109.08257642067,,1
1049778,48347276,3,12,04:47:35,-79.454339,43.714106,5733,1,1e-12,0,109.08257642067,0,1
1049778,48347276,3,13,04:47:38,-79.454478,43.714096,,,16.1443405933483,11.2393986787123,120.321975099382,2.5062550563406,1
1049778,48347276,3,14,04:47:41,-79.45465,43.714081,,,16.1443405933483,13.9397350668681,134.26171016625,5.61465368993987,1
1049778,48347276,3,15,04:47:42,-79.45474,43.71408,,,16.1443405933483,7.2423844257243,141.504094591974,7.2296211010802,1
1049778,48347276,3,16,04:47:57,-79.455527,43.713937,,,16.1443405933483,65.2934541251545,206.797548717129,21.7893012249871,1
1049778,48347276,3,17,04:48:09,-79.4561685014772,43.7137990017938,,,16.1443405933483,53.853794271637,260.651342988766,33.7980703820111,1
1049778,48347276,3,18,04:48:21,-79.45681,43.713661,,,16.1443405933483,53.8537942729574,314.505137261723,45.8068395393296,1
1049778,48347276,3,19,04:48:37,-79.4576950028723,43.713466503414,,,16.1443405933483,74.4280122024332,388.933149464156,62.4034197699991,1
1049778,48347276,3,20,04:48:54,-79.45858,43.713272,8765,2,16.1443405933483,74.4280121994351,463.361161663592,79,1
1049778,48347276,3,21,04:48:54,-79.45858,43.713272,8765,2,1e-12,0,463.361161663592,79,1
1049778,48347276,3,22,04:49:11,-79.459721505,43.7130095056798,,,19.8277098673387,96.3847007439542,559.745862407546,96.4999999999904,1
1049778,48347276,3,23,04:49:29,-79.460863,43.712747,6925,3,19.8277098673387,96.3847007440605,656.130563151606,114,1
1049778,48347276,3,24,04:49:29,-79.460863,43.712747,6925,3,1e-12,0,656.130563151606,114,1
1049778,48347276,3,25,04:49:38,-79.4614685013286,43.7126155015981,,,20.9810161483969,50.8722099834777,707.002773135084,122.728841093548,1
1049778,48347276,3,26,04:49:46,-79.462074,43.712484,,,20.9810161483969,50.8722099834229,757.874983118507,131.457682187087,1
1049778,48347276,3,27,04:50:03,-79.463222,43.712236,4030,4,20.9810161483969,96.4096214346257,854.284604553133,148,1
1049778,48347276,3,28,04:50:03,-79.463222,43.712236,4030,4,1e-12,0,854.284604553133,148,1
1049778,48347276,3,29,04:50:15,-79.4640645080234,43.712045759282,,,21.7508002853102,71.022439877957,925.307044431089,159.755005802399,1
1049778,48347276,3,30,04:50:27,-79.4649070106979,43.7118555123759,,,21.7508002853102,71.0224398764805,996.32948430757,171.510011604554,1
1049778,48347276,3,31,04:50:38,-79.4657495080235,43.7116652592819,,,21.7508002853102,71.0224398783558,1067.35192418593,183.265017407019,1
1049778,48347276,3,32,04:50:50,-79.466592,43.711475,,,21.7508002853102,71.022439878196,1138.37436406412,195.020023209458,1
1049778,48347276,3,33,04:51:05,-79.467669004214,43.711240505056,7121,5,21.7508002853102,90.5073565137975,1228.88172057792,210,1
1049778,48347276,3,34,04:51:05,-79.467669004214,43.711240505056,7121,5,1e-12,0,1228.88172057792,210,1
1049778,48347276,3,35,04:51:19,-79.468746,43.711006,,,23.0489209393511,90.5073565139829,1319.3890770919,224.136300970778,1
1049778,48347276,3,36,04:51:32,-79.469766,43.710797,,,23.0489209393511,85.3088748211528,1404.69795191306,237.460653558227,1
1049778,48347276,3,37,04:51:48,-79.470936,43.710508,8467,6,23.0489209393511,99.4903243293359,1504.18827624239,253,1
1049778,48347276,3,38,04:51:48,-79.470936,43.710508,8467,6,1e-12,0,1504.18827624239,253,1
1049778,48347276,3,39,04:51:56,-79.471898,43.710295,,,35.2795288390582,80.9587111718098,1585.1469874142,261.261203304276,1
1049778,48347276,3,40,04:52:03,-79.472634501874,43.7101425023644,,,35.2795288390582,61.6472450442874,1646.79423245849,267.551822523479,1
1049778,48347276,3,41,04:52:09,-79.473371,43.70999,,,35.2795288390582,61.6472450454817,1708.44147750397,273.842441742805,1
1049778,48347276,3,42,04:52:19,-79.474549,43.709717,1344,7,35.2795288390582,99.5427415192,1807.98421902317,284,1
1049778,48347276,3,43,04:52:19,-79.474549,43.709717,1344,7,1e-12,0,1807.98421902317,284,1
1049778,48347276,3,44,04:52:32,-79.475739,43.709465,,,27.2032775533723,99.7807993306092,1907.76501835378,297.204691121701,1
1049778,48347276,3,45,04:52:36,-79.476042,43.709394,,,27.2032775533723,25.6307588518179,1933.3957772056,300.596588722478,1
1049778,48347276,3,46,04:52:39,-79.476353,43.709326,,,27.2032775533723,26.1452711969047,1959.5410484025,304.056575340789,1
1049778,48347276,3,47,04:52:42,-79.476598,43.709261,,,27.2032775533723,21.0005422943772,1980.54159069688,306.835723997101,1
1049778,48347276,3,48,04:52:45,-79.476877,43.709176,,,27.2032775533723,24.3630885611102,2004.90467925799,310.059861921214,1
1049778,48347276,3,49,04:52:48,-79.477128,43.70908,,,27.2032775533723,22.8504589305524,2027.75513818854,313.083822985781,1
1049778,48347276,3,50,04:52:52,-79.477448,43.708949,8990,8,27.2032775533723,29.5924584072078,2057.34759659575,317,1
1049778,48347276,3,51,04:52:52,-79.477448,43.708949,8990,8,1e-12,0,2057.34759659575,317,1
1049778,48347276,3,52,04:52:58,-79.47789,43.70877,,,23.6482393801623,40.7684697373353,2098.11606633309,323.206233313822,1
1049778,48347276,3,53,04:53:01,-79.478051,43.708652,,,23.6482393801623,18.4496700994912,2116.56573643258,326.014848842887,1
1049778,48347276,3,54,04:53:05,-79.478308,43.708559,,,23.6482393801623,23.1270575483626,2139.69279398094,329.535508704101,1
1049778,48347276,3,55,04:53:06,-79.478412,43.708521,,,23.6482393801623,9.37711447719461,2149.06990845813,330.962998149519,1
1049778,48347276,3,56,04:53:08,-79.478538,43.708481,,,23.6482393801623,11.0737652117739,2160.14367366991,332.648770782378,1
1049778,48347276,3,57,04:53:10,-79.478681,43.708432,,,23.6482393801623,12.7344334264723,2172.87810709638,334.587348940284,1
1049778,48347276,3,58,04:53:11,-79.478789,43.708388,,,23.6482393801623,9.97589517583739,2182.85400227222,336.10599149357,1
1049778,48347276,3,59,04:53:13,-79.47892,43.708336,,,23.6482393801623,12.0262331789395,2194.88023545116,337.936759473722,1
1049778,48347276,3,60,04:53:14,-79.479032,43.708312,,,23.6482393801623,9.40020176717188,2204.28043721833,339.367763525136,1
1049778,48347276,3,61,04:53:25,-79.4798805082917,43.7081167594146,,,23.6482393801623,71.6545536707868,2275.93499088912,350.275822643957,1
1049778,48347276,3,62,04:53:36,-79.4807290110557,43.7079215125528,,,23.6482393801623,71.6545536695656,2347.58954455868,361.183881762591,1
1049778,48347276,3,63,04:53:47,-79.4815775082918,43.7077262594145,,,23.6482393801623,71.6545536714556,2419.24409823014,372.091940881514,1
1049778,48347276,3,64,04:53:58,-79.482426,43.707531,2742,9,23.6482393801623,71.6545536685894,2490.89865189873,383,1
1049778,48347276,3,65,04:53:58,-79.482426,43.707531,2742,9,1e-12,0,2490.89865189873,383,1
1049778,48347276,3,66,04:54:05,-79.483079761108,43.7073855130407,,,26.8693510410167,55.0448510914862,2545.94350299021,390.375000000069,1
1049778,48347276,3,67,04:54:13,-79.4837335190423,43.7072400223554,,,26.8693510410167,55.0448510915422,2600.98835408175,397.750000000145,1
1049778,48347276,3,68,04:54:20,-79.484387273803,43.7070945279442,,,26.8693510410167,55.0448510909104,2656.03320517266,405.125000000137,1
1049778,48347276,3,69,04:54:28,-79.48504102539,43.706949029807,,,26.8693510410167,55.0448510915477,2711.07805626421,412.500000000214,1
1049778,48347276,3,70,04:54:35,-79.4856947738033,43.706803527944,,,26.8693510410167,55.0448510894766,2766.12290735369,419.875000000014,1
1049778,48347276,3,71,04:54:42,-79.4863485190427,43.7066580223551,,,26.8693510410167,55.0448510902777,2821.16775844397,427.249999999921,1
1049778,48347276,3,72,04:54:50,-79.4870022611083,43.7065125130404,,,26.8693510410167,55.0448510915137,2876.21260953548,434.624999999994,1
1049778,48347276,3,73,04:54:57,-79.487656,43.706367,449,10,26.8693510410167,55.0448510910191,2931.2574606265,442,1
1049778,48347276,3,74,04:54:57,-79.487656,43.706367,449,10,1e-12,0,2931.2574606265,442,1
1049778,48347276,3,75,04:55:06,-79.4882970045553,43.7062250053729,,,22.1967285511988,53.9503818960487,2985.20784252255,450.750000000126,1
1049778,48347276,3,76,04:55:15,-79.4889380060738,43.7060830071639,,,22.1967285511988,53.9503818953539,3039.1582244179,459.500000000138,1
1049778,48347276,3,77,04:55:23,-79.4895790045554,43.7059410053729,,,22.1967285511988,53.9503818953875,3093.10860631329,468.250000000157,1
1049778,48347276,3,78,04:55:32,-79.49022,43.705799,9548,11,22.1967285511988,53.9503818943089,3147.0589882076,477,1
1049778,48347276,3,79,04:55:32,-79.49022,43.705799,9548,11,1e-12,0,3147.0589882076,477,1
1049778,48347276,3,80,04:55:40,-79.4909695019755,43.7056410024486,,,26.8019888810975,62.8265361829848,3209.88552439058,485.438759200376,1
1049778,48347276,3,81,04:55:49,-79.491719,43.705483,,,26.8019888810975,62.8265361814895,3272.71206057207,493.877518400552,1
1049778,48347276,3,82,04:55:50,-79.491859,43.705454,,,26.8019888810975,11.7196155976782,3284.43167616975,495.451678301103,1
1049778,48347276,3,83,04:55:57,-79.4924610013708,43.7053175015797,,,26.8019888810975,50.7720026799051,3335.20367884966,502.271291967034,1
1049778,48347276,3,84,04:56:04,-79.493063,43.705181,,,26.8019888810975,50.7720026806012,3385.97568153026,509.090905633058,1
1049778,48347276,3,85,04:56:08,-79.493437,43.70511,,,26.8019888810975,31.1175408584418,3417.0932223887,513.270563627372,1
1049778,48347276,3,86,04:56:16,-79.494086,43.704943,,,26.8019888810975,55.4373360087114,3472.53055839741,520.716817355658,1
1049778,48347276,3,87,04:56:24,-79.4948390020098,43.7047830024715,,,26.8019888810975,63.1602331280585,3535.69079152547,529.200398192503,1
1049778,48347276,3,88,04:56:33,-79.495592,43.704623,,,26.8019888810975,63.1602331282064,3598.85102465367,537.683979029368,1
1049778,48347276,3,89,04:56:39,-79.49613,43.704501,,,26.8019888810975,45.3752227272124,3644.22624738089,543.778705899924,1
1049778,48347276,3,90,04:56:45,-79.496671,43.704359,9872,12,26.8019888810975,46.3175153600762,3690.54376274096,550,1
1049778,48347276,3,91,04:56:45,-79.496671,43.704359,9872,12,1e-12,0,3690.54376274096,550,1
1049778,48347276,3,92,04:56:55,-79.497724,43.704128,,,32.9573382401332,88.5555405101249,3779.09930325109,559.673109627774,1
1049778,48347276,3,93,04:57:05,-79.498798,43.703893,,,32.9573382401332,90.3023340467676,3869.40163729786,569.537025220706,1
1049778,48347276,3,94,04:57:10,-79.4994195014773,43.7037505016837,,,32.9573382401332,52.470713477984,3921.87235077584,575.268512610386,1
1049778,48347276,3,95,04:57:16,-79.500041,43.703608,5047,13,32.9573382401332,52.4707134773818,3974.34306425322,581,1
1049778,48347276,3,96,04:57:16,-79.500041,43.703608,5047,13,1e-12,0,3974.34306425322,581,1
1049778,48347276,3,97,04:57:27,-79.5010140034733,43.7033940041267,,,26.6322400929017,81.8465308319077,4056.18959508513,592.063564685774,1
1049778,48347276,3,98,04:57:38,-79.501987,43.70318,,,26.6322400929017,81.846530833132,4138.03612591826,603.127129371713,1
1049778,48347276,3,99,04:57:46,-79.502697,43.703031,,,26.6322400929017,59.4968517405403,4197.5329776588,611.169587141648,1
1049778,48347276,3,100,04:57:48,-79.502901,43.703,,,26.6322400929017,16.7759340689773,4214.30891172778,613.437265806216,1
1049778,48347276,3,101,04:57:50,-79.503058,43.702975,,,26.6322400929017,12.9376488328615,4227.24656056064,615.186106145437,1
1049778,48347276,3,102,04:57:52,-79.503213,43.702957,,,26.6322400929017,12.6337472842868,4239.88030784493,616.893866741797,1
1049778,48347276,3,103,04:57:54,-79.503405,43.702939,4523,14,26.6322400929017,15.5808462778114,4255.46115412274,619,1
1049778,48347276,3,104,04:57:54,-79.503405,43.702939,4523,14,1e-12,0,4255.46115412274,619,1
1049778,48347276,3,105,04:57:56,-79.503574,43.702931,,,22.1141956064469,13.629636146691,4269.09079026943,621.218787018135,1
1049778,48347276,3,106,04:57:58,-79.503676,43.702909,,,22.1141956064469,8.56614048003716,4277.65693074947,622.613280685323,1
1049778,48347276,3,107,04:58:00,-79.503828,43.702871,,,22.1141956064469,12.9431919515333,4290.600122701,624.720320518684,1
1049778,48347276,3,108,04:58:06,-79.504319,43.702833,,,22.1141956064469,39.7397468848165,4330.33986958582,631.18960799951,1
1049778,48347276,3,109,04:58:08,-79.504442,43.702824,,,22.1141956064469,9.94918671075244,4340.28905629657,632.80924964491,1
1049778,48347276,3,110,04:58:13,-79.504872,43.702784,,,22.1141956064469,34.8902293692547,4375.17928566582,638.489077569227,1
1049778,48347276,3,111,04:58:15,-79.504979,43.702763,,,22.1141956064469,8.92267681916518,4384.10196248499,639.941612272304,1
1049778,48347276,3,112,04:58:29,-79.50603,43.702512,,,22.1141956064469,89.076789853757,4473.17875233875,654.442544125328,1
1049778,48347276,3,113,04:58:43,-79.507026,43.702272,,,22.1141956064469,84.4904692191238,4557.66922155787,668.196862600297,1
1049778,48347276,3,114,04:58:52,-79.5076730016188,43.7021220018247,,,22.1141956064469,54.6808420636677,4612.35006362154,677.098431299989,1
1049778,48347276,3,115,04:59:01,-79.50832,43.701972,8066,15,22.1141956064469,54.6808420656303,4667.03090568717,686,1
1049778,48347276,3,116,04:59:01,-79.50832,43.701972,8066,15,1e-12,0,4667.03090568717,686,1
1049778,48347276,3,117,04:59:11,-79.5090055054968,43.7018117561448,,,21.6870759374632,57.9802438957723,4725.01114958294,695.624574498963,1
1049778,48347276,3,118,04:59:20,-79.5096910073291,43.7016515081931,,,21.6870759374632,57.9802438955023,4782.99139347844,705.249148997881,1
1049778,48347276,3,119,04:59:30,-79.5103765054969,43.7014912561448,,,21.6870759374632,57.9802438978325,4840.97163737628,714.873723497186,1
1049778,48347276,3,120,04:59:39,-79.511062,43.701331,,,21.6870759374632,57.9802438960458,4898.95188127232,724.498297996194,1
1049778,48347276,3,121,04:59:54,-79.512114,43.701085,,,21.6870759374632,88.9822579063276,4987.93413917865,739.269128761324,1
1049778,48347276,3,122,05:00:06,-79.5129525026363,43.7008965030646,9512,16,21.6870759374632,70.6689709349379,5058.60311011359,751,1
1049778,48347276,3,123,05:00:06,-79.5129525026363,43.7008965030646,9512,16,1e-12,0,5058.60311011359,751,1
1049778,48347276,3,124,05:00:19,-79.513791,43.700708,,,19.6919500224966,70.6689709360886,5129.27208104967,763.919405903391,1
1049778,48347276,3,125,05:00:31,-79.5145525022799,43.7005285025276,,,19.6919500224966,64.4604859098397,5193.73256695951,775.703802522838,1
1049778,48347276,3,126,05:00:42,-79.515314,43.700349,,,19.6919500224966,64.4604859088552,5258.19305286837,787.488199142104,1
1049778,48347276,3,127,05:00:56,-79.516191,43.700152,453,17,19.6919500224966,73.9093631132249,5332.10241598159,801,1
1049778,48347276,3,128,05:00:56,-79.516191,43.700152,453,17,1e-12,0,5332.10241598159,801,1
1049778,48347276,3,129,05:01:13,-79.5171122600833,43.6999332610981,2143,18,16.5259822702304,78.0393607205329,5410.14177670213,818,1
1049778,48347276,3,130,05:01:13,-79.5171122600833,43.6999332610981,2143,18,1e-12,0,5410.14177670213,818,1
1049778,48347276,3,131,05:01:28,-79.5180335134445,43.6997145147974,,,19.1551158135524,78.0393607235608,5488.18113742569,832.666666666983,1
1049778,48347276,3,132,05:01:42,-79.5189547600834,43.699495761098,,,19.1551158135524,78.0393607212555,5566.22049814694,847.333333333532,1
1049778,48347276,3,133,05:01:57,-79.519876,43.699277,10259,19,19.1551158135524,78.0393607208243,5644.25985886777,862,1
1049778,48347276,3,134,05:01:57,-79.519876,43.699277,10259,19,1e-12,0,5644.25985886777,862,1
1049778,48347276,3,135,05:02:12,-79.520786,43.698977,,,18.9978784922722,80.4929330519757,5724.75279191974,877.252995701861,1
1049778,48347276,3,136,05:02:24,-79.5214840028172,43.6987350021236,,,18.9978784922722,62.3018563142005,5787.05464823394,889.058876175429,1
1049778,48347276,3,137,05:02:36,-79.522182,43.698493,,,18.9978784922722,62.3018563145049,5849.35650454845,900.864756649054,1
1049778,48347276,3,138,05:02:54,-79.523284,43.69817,4043,20,18.9978784922722,95.703097113628,5945.05960166208,919,1
1049778,48347276,3,139,05:02:54,-79.523284,43.69817,4043,20,1e-12,0,5945.05960166208,919,1
1049778,48347276,3,140,05:03:00,-79.5237119974267,43.6985305007985,,,29.6416588367134,52.886931749948,5997.94653341203,925.423154498492,1
1049778,48347276,3,141,05:03:07,-79.52414,43.698891,,,29.6416588367134,52.886931752989,6050.83346516501,931.846308997354,1
1049778,48347276,3,142,05:03:15,-79.524685,43.699364,,,29.6416588367134,68.5300532654765,6119.36351843049,940.169331440691,1
1049778,48347276,3,143,05:03:21,-79.52507,43.6997,,,29.6416588367134,48.5704777416602,6167.93399617215,946.068249609651,1
1049778,48347276,3,144,05:03:28,-79.5255144970382,43.7000995008612,4130,21,29.6416588367134,57.0746056144419,6225.00860178659,953,1
1049778,48347276,3,145,05:03:28,-79.5255144970382,43.7000995008612,4130,21,1e-12,0,6225.00860178659,953,1
1049778,48347276,3,146,05:03:36,-79.525959,43.700499,,,26.2178264798307,57.07460561376,6282.08320740035,960.836979940637,1
1049778,48347276,3,147,05:03:42,-79.526297,43.70082,,,26.2178264798307,44.9092284019709,6326.99243580232,967.003517901801,1
1049778,48347276,3,148,05:03:45,-79.526476,43.700974,,,26.2178264798307,22.392306866391,6349.38474266872,970.07823139039,1
1049778,48347276,3,149,05:03:47,-79.52662,43.701059,,,26.2178264798307,14.9611722264736,6364.34591489519,972.132567208683,1
1049778,48347276,3,150,05:03:49,-79.526751,43.701106,,,26.2178264798307,11.7695888287299,6376.11550372392,973.748663028679,1
1049778,48347276,3,151,05:03:51,-79.526947,43.701164,,,26.2178264798307,17.0440908638685,6393.15959458779,976.08900680802,1
1049778,48347276,3,152,05:03:53,-79.527091,43.701199,,,26.2178264798307,12.2263551842466,6405.38594977203,977.767821743238,1
1049778,48347276,3,153,05:03:55,-79.52727,43.701213,,,26.2178264798307,14.4897462086812,6419.87569598071,979.75742551117,1
1049778,48347276,3,154,05:03:56,-79.527404,43.701217,,,26.2178264798307,10.793335143184,6430.6690311239,981.239470811353,1
1049778,48347276,3,155,05:03:59,-79.527651,43.70119,5929,22,26.2178264798307,20.1041875723475,6450.77321869625,984,1
1049778,48347276,3,156,05:03:59,-79.527651,43.70119,5929,22,1e-12,0,6450.77321869625,984,1
1049778,48347276,3,157,05:04:05,-79.5283165015485,43.7010505019305,,,36.4202763104041,55.7645848230664,6506.53780351931,989.512108245749,1
1049778,48347276,3,158,05:04:10,-79.528982,43.700911,,,36.4202763104041,55.7645848266402,6562.30238834595,995.024216491851,1
1049778,48347276,3,159,05:04:14,-79.529438,43.700816,,,36.4202763104041,38.1918611439719,6600.49424948992,998.799330632845,1
1049778,48347276,3,160,05:04:19,-79.5300550012967,43.7006900016594,,,36.4202763104041,51.5987773456263,6652.09302683555,1003.89966531623,1
1049778,48347276,3,161,05:04:24,-79.530672,43.700564,4913,23,36.4202763104041,51.5987773496127,6703.69180418516,1009,1
1049778,48347276,3,162,05:04:24,-79.530672,43.700564,4913,23,1e-12,0,6703.69180418516,1009,1
1049778,48347276,3,163,05:04:36,-79.531834,43.700325,,,29.004605528196,97.2283886268425,6800.92019281201,1021.06781449644,1
1049778,48347276,3,164,05:04:42,-79.5324407538632,43.7001977548141,,,29.004605528196,50.8444974359391,6851.76469024794,1027.37854299752,1
1049778,48347276,3,165,05:04:49,-79.533047505151,43.7000705064187,,,29.004605528196,50.8444974378413,6902.60918768579,1033.68927149883,1
1049778,48347276,3,166,05:04:55,-79.5336542538633,43.699943254814,3191,24,29.004605528196,50.8444974366212,6953.45368512241,1040,1
1049778,48347276,3,167,05:04:55,-79.5336542538633,43.699943254814,3191,24,1e-12,0,6953.45368512241,1040,1
1049778,48347276,3,168,05:05:00,-79.534261,43.699816,,,33.9315844779786,50.8444974373866,7004.29818255979,1045.39438972835,1
1049778,48347276,3,169,05:05:07,-79.5350060061319,43.6996515072578,,,33.9315844779786,62.6923967019791,7066.99057926177,1052.04579229617,1
1049778,48347276,3,170,05:05:14,-79.5357510081759,43.699487009677,,,33.9315844779786,62.6923967039156,7129.68297596569,1058.6971948642,1
1049778,48347276,3,171,05:05:20,-79.536496006132,43.6993225072578,,,33.9315844779786,62.6923967019897,7192.37537266768,1065.34859743202,1
1049778,48347276,3,172,05:05:27,-79.537241,43.699158,1938,25,33.9315844779786,62.6923967034273,7255.06776937111,1072,1
1049778,48347276,3,173,05:05:27,-79.537241,43.699158,1938,25,1e-12,0,7255.06776937111,1072,1
1049778,48347276,3,174,05:05:33,-79.5378885047381,43.6990117554824,,,35.7355126020266,54.5959220311093,7309.66369140222,1077.50000000002,1
1049778,48347276,3,175,05:05:38,-79.5385360063175,43.6988655073098,,,35.7355126020266,54.5959220305429,7364.25961343276,1082.99999999999,1
1049778,48347276,3,176,05:05:44,-79.5391835047381,43.6987192554824,,,35.7355126020266,54.5959220321623,7418.85553546492,1088.50000000012,1
1049778,48347276,3,177,05:05:49,-79.539831,43.698573,2962,26,35.7355126020266,54.5959220296809,7473.4514574946,1094,1
1049778,48347276,3,178,05:05:49,-79.539831,43.698573,2962,26,1e-12,0,7473.4514574946,1094,1
1049778,48347276,3,179,05:05:49,-79.539876,43.698563,,,31.8000428098642,3.78892135410608,7477.24037884871,1094.42893391548,1
1049778,48347276,3,180,05:05:58,-79.5407310025739,43.6983825031864,,,31.8000428098642,71.686131080759,7548.92650992947,1102.54433405609,1
1049778,48347276,3,181,05:06:06,-79.541586,43.698202,,,31.8000428098642,71.6861310778244,7620.61264100729,1110.65973419638,1
1049778,48347276,3,182,05:06:12,-79.5422105015258,43.6980555016999,,,31.8000428098642,52.8411690754969,7673.45381008279,1116.64174528388,1
1049778,48347276,3,183,05:06:18,-79.542835,43.697909,,,31.8000428098642,52.8411690758598,7726.29497915865,1122.62375637143,1
1049778,48347276,3,184,05:06:23,-79.543397,43.697779,2635,27,31.8000428098642,47.4902159846711,7773.78519514332,1128,1
1049778,48347276,3,185,05:06:23,-79.543397,43.697779,2635,27,1e-12,0,7773.78519514332,1128,1
1049778,48347276,3,186,05:06:30,-79.544156,43.697616,,,31.9944236512495,63.724842679294,7837.51003782261,1135.17029430335,1
1049778,48347276,3,187,05:06:40,-79.545151,43.697422,,,31.9944236512495,82.9421028739325,7920.45214069654,1144.50290718617,1
1049778,48347276,3,188,05:06:47,-79.5459365024759,43.6972330026894,2109,28,31.9944236512495,66.6292121217698,7987.08135281832,1152,1
1049778,48347276,3,189,05:06:47,-79.5459365024759,43.6972330026894,2109,28,1e-12,0,7987.08135281832,1152,1
1049778,48347276,3,190,05:07:00,-79.546722,43.697044,,,18.7631607621012,66.6292121233783,8053.71056494169,1164.78383565996,1
1049778,48347276,3,191,05:07:14,-79.547629,43.696859,,,18.7631607621012,75.8487040912875,8129.55926903298,1179.33657217332,1
1049778,48347276,3,192,05:07:32,-79.548747,43.696615,,,18.7631607621012,93.9921064973477,8223.55137553033,1197.37039854622,1
1049778,48347276,3,193,05:07:47,-79.549627,43.696381,,,18.7631607621012,75.4650774891249,8299.01645301945,1211.8495304156,1
1049778,48347276,3,194,05:07:58,-79.550324,43.696205,,,18.7631607621012,59.4211276371436,8358.4375806566,1223.25038457903,1
1049778,48347276,3,195,05:08:13,-79.5512350031524,43.6959975036175,1503,29,18.7631607621012,76.8748348119141,8435.31241546851,1238,1
1049778,48347276,3,196,05:08:13,-79.5512350031524,43.6959975036175,1503,29,1e-12,0,8435.31241546851,1238,1
1049778,48347276,3,197,05:08:25,-79.552146,43.69579,,,23.2887082810627,76.8748348133473,8512.18725028186,1249.88341585923,1
1049778,48347276,3,198,05:08:37,-79.5530985036136,43.6955625039546,,,23.2887082810627,80.7379090338348,8592.92515931569,1262.36399095227,1
1049778,48347276,3,199,05:08:50,-79.554051,43.695335,,,23.2887082810627,80.7379090358741,8673.66306835157,1274.84456604563,1
1049778,48347276,3,200,05:08:58,-79.5546655015525,43.6951835016459,,,23.2887082810627,52.2554428488532,8725.91851120042,1282.92228302269,1
1049778,48347276,3,201,05:09:06,-79.55528,43.695032,2033,30,23.2887082810627,52.2554428504033,8778.17395405082,1291,1
1049778,48347276,3,202,05:09:06,-79.55528,43.695032,2033,30,1e-12,0,8778.17395405082,1291,1
1049778,48347276,3,203,05:09:18,-79.5559370050698,43.6948777556444,,,17.4046637895564,55.5982315502327,8833.77218560106,1302.50000000005,1
1049778,48347276,3,204,05:09:29,-79.5565940067598,43.6947235075259,,,17.4046637895564,55.5982315493467,8889.3704171504,1313.99999999993,1
1049778,48347276,3,205,05:09:40,-79.5572510050699,43.6945692556444,,,17.4046637895564,55.5982315493948,8944.9686486998,1325.49999999981,1
1049778,48347276,3,206,05:09:52,-79.557908,43.694415,8213,31,17.4046637895564,55.5982315509132,9000.56688025071,1337,1
1049778,48347276,3,207,05:09:52,-79.557908,43.694415,8213,31,1e-12,0,9000.56688025071,1337,1
1049778,48347276,3,208,05:10:00,-79.558639,43.694243,,,28.4417411169235,61.8737564338646,9062.44063668457,1344.83164160894,1
1049778,48347276,3,209,05:10:08,-79.5594095065236,43.6940737577631,,,28.4417411169235,64.8152043707736,9127.25584105535,1353.03559560653,1
1049778,48347276,3,210,05:10:16,-79.5601800086983,43.6939045103507,,,28.4417411169235,64.8152043715636,9192.07104542691,1361.23954960423,1
1049778,48347276,3,211,05:10:24,-79.5609505065237,43.693735257763,,,28.4417411169235,64.8152043694212,9256.88624979633,1369.44350360165,1
1049778,48347276,3,212,05:10:33,-79.561721,43.693566,,,28.4417411169235,64.8152043703812,9321.70145416671,1377.6474575992,1
1049778,48347276,3,213,05:10:41,-79.562506,43.693395,8796,32,28.4417411169235,65.9891246198985,9387.69057878661,1386,1
1049778,48347276,3,214,05:10:41,-79.562506,43.693395,8796,32,1e-12,0,9387.69057878661,1386,1
1049778,48347276,3,215,05:10:46,-79.562914,43.693291,,,26.7957814764083,34.8205824574094,9422.51116124402,1390.67812804628,1
1049778,48347276,3,216,05:10:58,-79.563993,43.693021,,,26.7957814764083,91.9020539382834,9514.41321518231,1403.02512357873,1
1049778,48347276,3,217,05:11:10,-79.5650715042081,43.69278700507,,,26.7957814764083,90.6325025959821,9605.04571777829,1415.2015555157,1
1049778,48347276,3,218,05:11:22,-79.56615,43.692553,,,26.7957814764083,90.6325025935791,9695.67822037187,1427.37798745236,1
1049778,48347276,3,219,05:11:23,-79.566234,43.692535,,,26.7957814764083,7.05185724082327,9702.73007761269,1428.32540098793,1
1049778,48347276,3,220,05:11:27,-79.566557,43.69247,,,26.7957814764083,26.9865345450017,9729.71661215769,1431.95102856843,1
1049778,48347276,3,221,05:11:31,-79.566877,43.692402,,,26.7957814764083,26.8462570450226,9756.56286920272,1435.55780993613,1
1049778,48347276,3,222,05:11:34,-79.567198,43.69233,,,26.7957814764083,27.052088099367,9783.61495730208,1439.19224460427,1
1049778,48347276,3,223,05:11:38,-79.567517,43.692258,,,26.7957814764083,26.8984065390862,9810.51336384117,1442.80603223073,1
1049778,48347276,3,224,05:11:40,-79.567718,43.692217,,,26.7957814764083,16.8100993420245,9827.32346318319,1445.06446077048,1
1049778,48347276,3,225,05:11:52,-79.568796,43.691998,,,26.7957814764083,90.1289725861903,9917.45243576938,1457.17324369946,1
1049778,48347276,3,226,05:11:54,-79.568997,43.691954,,,26.7957814764083,16.903895700539,9934.35633146992,1459.44427373363,1
1049778,48347276,3,227,05:11:59,-79.569442,43.691864,,,26.7957814764083,37.1933625109328,9971.54969398085,1464.44118360757,1
1049778,48347276,3,228,05:12:02,-79.569643,43.691827,,,26.7957814764083,16.6948060358006,9988.24450001666,1466.6841225486,1
1049778,48347276,3,229,05:12:15,-79.570828,43.691585,4200,33,26.7957814764083,99.1137062095073,10087.3582062262,1480,1
1049778,48347276,3,230,05:12:15,-79.570828,43.691585,4200,33,1e-12,0,10087.3582062262,1480,1
1049778,48347276,3,231,05:12:25,-79.5715455017945,43.6914350022439,,,22.6732842118268,60.1183563512563,10147.4765625774,1489.54542274699,1
1049778,48347276,3,232,05:12:34,-79.572263,43.691285,,,22.6732842118268,60.118356354588,10207.594918932,1499.09084549451,1
1049778,48347276,3,233,05:12:48,-79.573288,43.691077,,,22.6732842118268,85.6919905949184,10293.2869095269,1512.69677762413,1
1049778,48347276,3,234,05:13:00,-79.5742145029197,43.6908880037416,9011,34,22.6732842118268,77.4873493470744,10370.774258874,1525,1
1049778,48347276,3,235,05:13:00,-79.5742145029197,43.6908880037416,9011,34,1e-12,0,10370.774258874,1525,1
1049778,48347276,3,236,05:13:08,-79.575141,43.690699,,,33.3948152499278,77.4873493454359,10448.2616082194,1533.35322655795,1
1049778,48347276,3,237,05:13:17,-79.5760985039512,43.6904515039961,,,33.3948152499278,81.8487137291202,10530.1103219486,1542.1766132789,1
1049778,48347276,3,238,05:13:26,-79.577056,43.690204,7257,35,33.3948152499278,81.8487137304768,10611.959035679,1551,1
1049778,48347276,3,239,05:13:26,-79.577056,43.690204,7257,35,1e-12,0,10611.959035679,1551,1
1049778,48347276,3,240,05:13:34,-79.5777315017795,43.6900460019889,,,26.753144898209,57.1474505835558,10669.1064862626,1558.68996777327,1
1049778,48347276,3,241,05:13:41,-79.578407,43.689888,,,26.753144898209,57.1474505844165,10726.253936847,1566.37993554665,1
1049778,48347276,3,242,05:13:50,-79.579166,43.68972,,,26.753144898209,63.893245786742,10790.1471826337,1574.97764193622,1
1049778,48347276,3,243,05:13:53,-79.579436,43.689656,,,26.753144898209,22.8713710195347,10813.0185536533,1578.05529639455,1
1049778,48347276,3,244,05:13:59,-79.579925,43.689549,,,26.753144898209,41.1244498679114,10854.1430035212,1583.58915120256,1
1049778,48347276,3,245,05:14:03,-79.580293,43.689453,,,26.753144898209,31.490709583965,10885.6337131052,1587.82665505243,1
1049778,48347276,3,246,05:14:13,-79.5812140032707,43.6892400036973,,,26.753144898209,77.8351742606491,10963.4688873658,1598.30043779478,1
1049778,48347276,3,247,05:14:24,-79.582135,43.689027,,,26.753144898209,77.8351742592482,11041.3040616251,1608.77422053693,1
1049778,48347276,3,248,05:14:25,-79.582256,43.688999,,,26.753144898209,10.2264899320771,11051.5305515571,1610.15033403296,1
1049778,48347276,3,249,05:14:32,-79.582881,43.688854,,,26.753144898209,52.835480669094,11104.3660322262,1617.26006752905,1
1049778,48347276,3,250,05:14:44,-79.5838775039707,43.6886150043283,,,26.753144898209,84.5110153244296,11188.8770475507,1628.63217560553,1
1049778,48347276,3,251,05:14:55,-79.584874,43.688376,,,26.753144898209,84.5110153251685,11273.3880628758,1640.0042836821,1
1049778,48347276,3,252,05:15:07,-79.585972,43.688123,,,26.753144898209,92.7634670645831,11366.1515299404,1652.48687153123,1
1049778,48347276,3,253,05:15:17,-79.586813,43.68794,2588,36,26.753144898209,70.6961401000687,11436.8476700405,1662,1
1049778,48347276,3,254,05:15:17,-79.586813,43.68794,2588,36,1e-12,0,11436.8476700405,1662,1
1049778,48347276,3,255,05:15:27,-79.5876460075408,43.6877590090735,,,26.4876781894088,70.015820159516,11506.8634902,1671.51600781208,1
1049778,48347276,3,256,05:15:36,-79.5884790100545,43.687578012098,,,26.4876781894088,70.0158201580791,11576.8793103581,1681.03201562396,1
1049778,48347276,3,257,05:15:46,-79.5893120075409,43.6873970090734,,,26.4876781894088,70.0158201597227,11646.8951305178,1690.54802343607,1
1049778,48347276,3,258,05:15:55,-79.590145,43.687216,,,26.4876781894088,70.0158201594661,11716.9109506773,1700.06403124814,1
1049778,48347276,3,259,05:16:06,-79.591148,43.687011,,,26.4876781894088,83.9022110057418,11800.813161683,1711.46736971597,1
1049778,48347276,3,260,05:16:12,-79.591636,43.68692,,,26.4876781894088,40.5680638225724,11841.3812255056,1716.98106664014,1
1049778,48347276,3,261,05:16:17,-79.592067,43.68687,,,26.4876781894088,35.1382368287594,11876.5194623343,1721.75678354816,1
1049778,48347276,3,262,05:16:25,-79.59281,43.686824,,,26.4876781894088,60.0288116201979,11936.5482739545,1729.91543453627,1
1049778,48347276,3,263,05:16:33,-79.593561,43.68678,,,26.4876781894088,60.6521328463624,11997.2004068009,1738.15880251611,1
1049778,48347276,3,264,05:16:42,-79.594348,43.686747,,,26.4876781894088,63.4584226524911,12060.6588294534,1746.78357966401,1
1049778,48347276,3,265,05:16:55,-79.595556,43.68675,5652,37,26.4876781894088,97.2423024098857,12157.9011318633,1760,1
1049778,48347276,3,266,05:16:55,-79.595556,43.68675,5652,37,1e-12,0,12157.9011318633,1760,1
1049778,48347276,3,267,05:17:08,-79.596367,43.68671,,,17.7908170037977,65.4356730553284,12223.3368049186,1773.2410120878,1
1049778,48347276,3,268,05:17:24,-79.597337,43.686663,,,17.7908170037977,78.2583479991603,12301.5951529178,1789.07671276062,1
1049778,48347276,3,269,05:17:41,-79.5983730009758,43.6866065046782,694,38,17.7908170037977,83.6330851051493,12385.2282380229,1806,1
1049778,48347276,3,270,05:17:41,-79.5983730009758,43.6866065046782,694,38,1e-12,0,12385.2282380229,1806,1
1049778,48347276,3,271,05:17:53,-79.599409,43.68655,,,25.8093588979078,83.6330851054835,12468.8613231284,1817.66550116842,1
1049778,48347276,3,272,05:17:53,-79.599444,43.686548,,,25.8093588979078,2.82622652938932,12471.6875496578,1818.05971535817,1
1049778,48347276,3,273,05:17:56,-79.599675,43.686528,,,25.8093588979078,18.7279392216159,12490.4154888794,1820.6719685902,1
1049778,48347276,3,274,05:18:07,-79.600682,43.686436,,,25.8093588979078,81.7063560786375,12572.121844958,1832.06872133585,1
1049778,48347276,3,275,05:18:08,-79.600778,43.686421,,,25.8093588979078,7.90620251555054,12580.0280474736,1833.17151234932,1
1049778,48347276,3,276,05:18:09,-79.600822,43.686414,,,25.8093588979078,3.62664112969547,12583.6546886033,1833.67737179815,1
1049778,48347276,3,277,05:18:13,-79.601215,43.686377,,,25.8093588979078,31.9029442394938,12615.5576328428,1838.12733119918,1
1049778,48347276,3,278,05:18:24,-79.6021765013304,43.6862940040296,2607,39,25.8093588979078,77.9490586829216,12693.5066915257,1849,1
1049778,48347276,3,279,05:18:24,-79.6021765013304,43.6862940040296,2607,39,1e-12,0,12693.5066915257,1849,1
1049778,48347276,3,280,05:19:09,-79.603138,43.686211,,,6.20030956403536,77.9490586818796,12771.4557502076,1894.258484009,1
1049778,48347276,3,281,05:19:54,-79.6040807535243,43.6861362616219,,,6.20030956403536,76.345300724718,12847.8010509323,1938.58580021321,1
1049778,48347276,3,282,05:20:38,-79.6050235046992,43.6860615154958,,,6.20030956403536,76.3453007252134,12924.1463516575,1982.91311641771,1
1049778,48347276,3,283,05:21:22,-79.6059662535245,43.6859867616218,,,6.20030956403536,76.3453007250656,13000.4916523826,2027.24043262212,1
1049778,48347276,3,284,05:22:07,-79.606909,43.685912,,,6.20030956403536,76.3453007249063,13076.8369531075,2071.56774882644,1
1049778,48347276,3,285,05:22:23,-79.606921,43.685661,,,6.20030956403536,27.9578855127579,13104.7948386202,2087.80054927075,1
1049778,48347276,3,286,05:22:38,-79.60702,43.685437,14957,40,6.20030956403536,26.1781388123986,13130.9729774326,2103,1
1049778,48347276,3,287,05:22:38,-79.60702,43.685437,14957,40,1e-12,0,13130.9729774326,2103,1
1049778,48347276,3,288,05:22:45,-79.607403,43.684755,,,44.73249982759,81.9415613068085,13212.9145387394,2109.5945257216,1
1049778,48347276,3,289,05:22:46,-79.607453,43.684621,,,44.73249982759,15.4503156698676,13228.3648544093,2110.83794240133,1
1049778,48347276,3,290,05:22:54,-79.607749,43.68376,,,44.73249982759,98.7636918559391,13327.1285462653,2118.7862862688,1
1049778,48347276,3,291,05:22:55,-79.607549,43.68367,,,44.73249982759,18.963110079741,13346.091656345,2120.31240702105,1
1049778,48347276,3,292,05:23:00,-79.6068239997281,43.6836475022911,,,44.73249982759,58.417873428059,13404.5095297731,2125.0137839875,1
1049778,48347276,3,293,05:23:05,-79.606099,43.683625,,,44.73249982759,58.4178734317499,13462.9274032048,2129.71516095424,1
1049778,48347276,3,294,05:23:10,-79.605295,43.683711,,,44.73249982759,65.4280008862299,13528.355404091,2134.98070176011,1
1049778,48347276,3,295,05:23:11,-79.605226,43.68361,,,44.73249982759,12.5405459882812,13540.8959500793,2135.98994483241,1
1049778,48347276,3,296,05:23:11,-79.605189,43.683574,,,44.73249982759,4.99320048779827,13545.8891505671,2136.39178961697,1
1049778,48347276,3,297,05:23:12,-79.605156,43.683546,,,44.73249982759,4.09545645459898,13549.9846070217,2136.72138539841,1
1049778,48347276,3,298,05:23:12,-79.605101,43.683514,,,44.73249982759,5.6827266216575,13555.6673336434,2137.17872214277,1
1049778,48347276,3,299,05:23:13,-79.605046,43.683492,,,44.73249982759,5.05981262872899,13560.7271462721,2137.58592776583,1
1049778,48347276,3,300,05:23:13,-79.60499,43.683479,,,44.73249982759,4.73472053397823,13565.4618668061,2137.96697049736,1
1049778,48347276,3,301,05:23:13,-79.604932,43.683474,,,44.73249982759,4.70220391140424,13570.1640707175,2138.34539634314,1
1049778,48347276,3,302,05:23:14,-79.604874,43.68348,,,44.73249982759,4.71667611670519,13574.8807468342,2138.72498688884,1
1049778,48347276,3,303,05:23:14,-79.604815,43.683493,,,44.73249982759,4.96521931232085,13579.8459661465,2139.12457979317,1
1049778,48347276,3,304,05:23:15,-79.604756,43.683521,,,44.73249982759,5.68106374319093,13585.5270298897,2139.58178271173,1
1049778,48347276,3,305,05:23:15,-79.604695,43.683563,,,44.73249982759,6.78041304011481,13592.3074429298,2140.1274595024,1
1049778,48347276,3,306,05:23:16,-79.604623,43.683622,,,44.73249982759,8.7596937592428,13601.0671366891,2140.83242563787,1
1049778,48347276,3,307,05:23:16,-79.604559,43.683673,,,44.73249982759,7.66656872079879,13608.7337054099,2141.44941881958,1
1049778,48347276,3,308,05:23:17,-79.604506,43.683711,,,44.73249982759,6.00817084610509,13614.741876256,2141.93294679431,1
1049778,48347276,3,309,05:23:17,-79.604453,43.683744,,,44.73249982759,5.63017984004076,13620.372056096,2142.38605465777,1
1049778,48347276,3,310,05:23:18,-79.604367,43.683789,,,44.73249982759,8.54542650904168,13628.917482605,2143.07377690784,1
1049778,48347276,3,311,05:23:19,-79.604258,43.68384,,,44.73249982759,10.4511938553361,13639.3686764604,2143.9148722641,1
1049778,48347276,3,312,05:23:20,-79.604067,43.68392,,,44.73249982759,17.7686958758372,13657.1373723362,2145.34486847267,1
1049778,48347276,3,313,05:23:23,-79.603772,43.684044,,,44.73249982759,27.4683321274918,13684.6057044637,2147.55547588428,1
1049778,48347276,3,314,05:23:24,-79.603636,43.684114,,,44.73249982759,13.438181259366,13698.0438857231,2148.6369592067,1
1049778,48347276,3,315,05:23:25,-79.603425,43.684224,,,44.73249982759,20.9394865719428,13718.983372295,2150.32213557622,1
1049778,48347276,3,316,05:23:28,-79.603068,43.684416,,,44.73249982759,35.8154915489139,13754.7988638439,2153.20450901998,1
1049778,48347276,3,317,05:23:31,-79.602744,43.684575,,,44.73249982759,31.5209919706684,13786.3198558146,2155.74126801024,1
1049778,48347276,3,318,05:23:32,-79.602587,43.68466,,,44.73249982759,15.7882228224763,13802.1080786371,2157.01187891685,1
1049778,48347276,3,319,05:23:33,-79.602467,43.684734,,,44.73249982759,12.6955257823313,13814.8036044194,2158.03359451497,1
1049778,48347276,3,320,05:23:34,-79.602376,43.684796,,,44.73249982759,10.064738054772,13824.8683424742,2158.84358852685,1
1049778,48347276,3,321,05:23:35,-79.602286,43.684869,,,44.73249982759,10.8870587851583,13835.7554012593,2159.71976159515,1
1049778,48347276,3,322,05:23:35,-79.602219,43.684923,,,44.73249982759,8.07622664511873,13843.8316279045,2160.36972339104,1
1049778,48347276,3,323,05:23:36,-79.602178,43.684966,,,44.73249982759,5.81431924688185,13849.6459471513,2160.83765049928,1
1049778,48347276,3,324,05:23:37,-79.602118,43.685036,,,44.73249982759,9.1678848006729,13858.813831952,2161.57546719653,1
1049778,48347276,3,325,05:23:38,-79.60204,43.685157,,,44.73249982759,14.8612875579254,13873.6751195099,2162.77147983644,1
1049778,48347276,3,326,05:23:38,-79.602036,43.685204,,,44.73249982759,5.24191536279131,13878.9170348727,2163.19334079612,1
1049778,48347276,3,327,05:23:39,-79.602037,43.685251,,,44.73249982759,5.23263531777809,13884.1496701905,2163.61445491262,1
1049778,48347276,3,328,05:23:39,-79.602045,43.685301,,,44.73249982759,5.60310713370344,13889.7527773242,2164.065384008,1
1049778,48347276,3,329,05:23:40,-79.602058,43.68536,,,44.73249982759,6.65070040436491,13896.4034777286,2164.60062173332,1
1049778,48347276,3,330,05:23:40,-79.602087,43.685439,,,44.73249982759,9.09882046703799,13905.5022981956,2165.33288024353,1
1049778,48347276,3,331,05:23:41,-79.6021,43.685465,,,44.73249982759,3.07768907541105,13908.579987271,2165.58056773504,1
1049778,48347276,3,332,05:23:41,-79.602118,43.68549,,,44.73249982759,3.13761215876199,13911.7175994298,2165.83307774041,1
1049778,48347276,3,333,05:23:42,-79.602172,43.685565,,,44.73249982759,9.41283479184412,13921.1304342216,2166.59060762095,1
1049778,48347276,3,334,05:23:42,-79.602217,43.685617,,,44.73249982759,6.82864893097474,13927.9590831526,2167.14016635892,1
1049778,48347276,3,335,05:23:43,-79.602268,43.68566,,,44.73249982759,6.30617383054437,13934.2652569831,2167.64767713693,1
1049778,48347276,3,336,05:23:43,-79.602337,43.685706,,,44.73249982759,7.55471102372142,13941.8199680069,2168.2556681902,1
1049778,48347276,3,337,05:23:44,-79.602424,43.685754,,,44.73249982759,8.80906474558543,13950.6290327525,2168.96460762364,1
1049778,48347276,3,338,05:23:45,-79.602528,43.685806,,,44.73249982759,10.1782817779056,13960.8073145304,2169.78373945266,1
1049778,48347276,3,339,05:23:45,-79.602603,43.68583,,,44.73249982759,6.60216958562439,13967.409484116,2170.31507149535,1
1049778,48347276,3,340,05:23:46,-79.602735,43.685867,,,44.73249982759,11.3962571901831,13978.8057413062,2171.23222403641,1
1049778,48347276,3,341,05:23:47,-79.60282,43.685879,,,44.73249982759,6.97161661463715,13985.7773579208,2171.79328858477,1
1049778,48347276,3,342,05:23:47,-79.602919,43.68589,,,44.73249982759,8.06295409891381,13993.8403120197,2172.44218222737,1
1049778,48347276,3,343,05:23:48,-79.60302,43.685893,,,44.73249982759,8.13728208309339,14001.9775941028,2173.0970576672,1
1049778,48347276,3,344,05:23:49,-79.603138,43.685888,,,44.73249982759,9.51520721791019,14011.4928013207,2173.86282631676,1
1049778,48347276,3,345,05:23:51,-79.603469,43.68587,,,44.73249982759,26.720499771686,14038.2133010924,2176.01324937715,1
1049778,48347276,3,346,05:23:57,-79.604394,43.685806,,,44.73249982759,74.8019451287045,14113.0152462211,2182.03319021438,1
1049778,48347276,3,347,05:23:58,-79.604564,43.685756,,,44.73249982759,14.7735097796659,14127.7887560008,2183.22213863916,1
1049778,48347276,3,348,05:23:59,-79.604723,43.685717,,,44.73249982759,13.5156706099667,14141.3044266107,2184.30985818051,1
1049778,48347276,3,349,05:24:01,-79.605006,43.685666,,,44.73249982759,23.4781272351462,14164.7825538459,2186.19934028798,1
1049778,48347276,3,350,05:24:06,-79.605697,43.685538,,,44.73249982759,57.4212591805753,14222.2038130265,2190.82051133469,1
1049778,48347276,3,351,05:24:09,-79.606227,43.685456,,,44.73249982759,43.6304613681228,14265.8342743946,2194.33182104308,1
1049778,48347276,3,352,05:24:11,-79.60656,43.685438,,,44.73249982759,26.8812402505899,14292.7155146452,2196.49518023997,1
1049778,48347276,3,353,05:24:13,-79.6068,43.685426,,,44.73249982759,19.3660992833978,14312.0816139286,2198.05373291843,1
1049778,48347276,3,354,05:24:15,-79.607053,43.685418,,,44.73249982759,20.3859359046735,14332.4675498332,2199.6943604161,1
1049778,48347276,3,355,05:24:19,-79.6077089998961,43.6854275018757,,,44.73249982759,52.8185177084218,14385.2860675417,2203.94511019497,1
1049778,48347276,3,356,05:24:23,-79.608365,43.685437,,,44.73249982759,52.8185177075232,14438.1045852492,2208.19585997376,1
1049778,48347276,3,357,05:24:27,-79.609015,43.685482,,,44.73249982759,52.5641443015007,14490.6687295507,2212.42613818792,1
1049778,48347276,3,358,05:24:30,-79.609453,43.685525,,,44.73249982759,35.5823478626405,14526.2510774133,2215.28974860091,1
1049778,48347276,3,359,05:24:33,-79.609844,43.68558,,,44.73249982759,32.0653429583846,14558.3164203717,2217.87031608753,1
1049778,48347276,3,360,05:24:36,-79.610302,43.685669,,,44.73249982759,38.1767975630742,14596.4932179348,2220.94272366048,1
1049778,48347276,3,361,05:24:38,-79.610547,43.685687,,,44.73249982759,19.8239183402393,14616.317136275,2222.53812088397,1
1049778,48347276,3,362,05:24:41,-79.611123,43.685782,,,44.73249982759,47.5584035693399,14663.8755398444,2226.36554509477,1
1049778,48347276,3,363,05:24:46,-79.611786,43.685916,,,44.73249982759,55.416429546104,14719.2919693905,2230.82537066085,1
1049778,48347276,3,364,05:24:47,-79.61199,43.685971,,,44.73249982759,17.5260552784795,14736.818024669,2232.23583954244,1
1049778,48347276,3,365,05:24:48,-79.612166,43.686017,,,44.73249982759,15.0648408933051,14751.8828655623,2233.44823382903,1
1049778,48347276,3,366,05:24:51,-79.612535,43.686117,,,44.73249982759,31.7215454541245,14783.6044110164,2236.00113304269,1
1049778,48347276,3,367,05:24:52,-79.612675,43.686155,,,44.73249982759,12.0375932452756,14795.6420042617,2236.96989928312,1
1049778,48347276,3,368,05:24:54,-79.612909,43.686241,,,44.73249982759,21.1299303085248,14816.7719345702,2238.67040225979,1
1049778,48347276,3,369,05:24:55,-79.613143,43.686324,,,44.73249982759,20.9807101025474,14837.7526446727,2240.35889623308,1
1049778,48347276,3,370,05:24:56,-79.61318,43.686336,,,44.73249982759,3.26429530479694,14841.0169399775,2240.62160149531,1
1049778,48347276,3,371,05:24:56,-79.613289,43.686366,,,44.73249982759,9.38840245282674,14850.4053424304,2241.37716510031,1
1049778,48347276,3,372,05:24:57,-79.613394,43.6864,,,44.73249982759,9.26107312369517,14859.6664155541,2242.12248144466,1
1049778,48347276,3,373,05:24:58,-79.613571,43.686443,,,44.73249982759,15.0308131743289,14874.6972287284,2243.33213723488,1
1049778,48347276,3,374,05:24:59,-79.613625,43.686453,,,44.73249982759,4.48719496191483,14879.1844236903,2243.69325950449,1
1049778,48347276,3,375,05:24:59,-79.613711,43.686462,,,44.73249982759,6.99499176147281,14886.1794154518,2244.25620524726,1
1049778,48347276,3,376,05:25:00,-79.61384,43.68646,,,44.73249982759,10.3866936594294,14896.5661091112,2245.09210973098,1
1049778,48347276,3,377,05:25:00,-79.613896,43.686455,,,44.73249982759,4.54214846701484,14901.1082575782,2245.45765457073,1
1049778,48347276,3,378,05:25:01,-79.613968,43.68644,,,44.73249982759,6.03163249717273,14907.1398900754,2245.94307070159,1
1049778,48347276,3,379,05:25:02,-79.61407,43.686408,,,44.73249982759,8.95028150784114,14916.0901715832,2246.66337503406,1
1049778,48347276,3,380,05:25:02,-79.614145,43.686372,,,44.73249982759,7.24639282510613,14923.3365644083,2247.24655313211,1
1049778,48347276,3,381,05:25:03,-79.614203,43.686337,,,44.73249982759,6.08104141653988,14929.4176058249,2247.73594561373,1
1049778,48347276,3,382,05:25:03,-79.614266,43.686295,,,44.73249982759,6.89774028155722,14936.3153461064,2248.29106471302,1
1049778,48347276,3,383,05:25:04,-79.614326,43.686239,,,44.73249982759,7.88603752635881,14944.2013836328,2248.92572039299,1
1049778,48347276,3,384,05:25:05,-79.614404,43.686128,,,44.73249982759,13.8602644888068,14958.0616481216,2250.04117229825,1
1049778,48347276,3,385,05:25:06,-79.614466,43.686034,,,44.73249982759,11.5933360268999,14969.6549841485,2250.9741854287,1
1049778,48347276,3,386,05:25:07,-79.614536,43.685909,,,44.73249982759,15.0125953070484,14984.6675794555,2252.18237507412,1
1049778,48347276,3,387,05:25:09,-79.614634,43.685712,,,44.73249982759,23.3057420946236,15007.9733215502,2254.05798390135,1
1049778,48347276,3,388,05:25:11,-79.614738,43.685541,,,44.73249982759,20.7953132372562,15028.7686347874,2255.73155743161,1
1049778,48347276,3,389,05:25:12,-79.614876,43.685372,,,44.73249982759,21.8480702468174,15050.6167050342,2257.48985516127,1
1049778,48347276,3,390,05:25:14,-79.615004,43.685233,,,44.73249982759,18.5902923110088,15069.2069973453,2258.98597213612,1
1049778,48347276,3,391,05:25:16,-79.615145,43.685086,,,44.73249982759,19.9151704231703,15089.1221677684,2260.58871318122,1
1049778,48347276,3,392,05:25:17,-79.615235,43.68498,,,44.73249982759,13.8465668514831,15102.9687346199,2261.70306272254,1
1049778,48347276,3,393,05:25:17,-79.615284,43.684905,,,44.73249982759,9.23387532761516,15112.2026099475,2262.44619023179,1
1049778,48347276,3,394,05:25:18,-79.615317,43.684843,,,44.73249982759,7.39540825347669,15119.598018201,2263.04136085304,1
1049778,48347276,3,395,05:25:19,-79.615337,43.684766,,,44.73249982759,8.72149568462886,15128.3195138856,2263.7432528686,1
1049778,48347276,3,396,05:25:19,-79.615345,43.684697,,,44.73249982759,7.70799550184726,15136.0275093875,2264.36358001136,1
1049778,48347276,3,397,05:25:20,-79.615345,43.68464,,,44.73249982759,6.34521097198096,15142.3727203595,2264.87423243604,1
1049778,48347276,3,398,05:25:22,-79.615279,43.684436,,,44.73249982759,23.3224229107692,15165.6951432702,2266.75118370866,1
1049778,48347276,3,399,05:25:22,-79.615279,43.684354,,,44.73249982759,9.12819824219501,15174.8233415124,2267.48580649519,1
1049778,48347276,3,400,05:25:23,-79.61527,43.684276,,,44.73249982759,8.7130949036719,15183.5364364161,2268.18702242934,1
1049778,48347276,3,401,05:25:24,-79.615244,43.684201,,,44.73249982759,8.60732096623657,15192.1437573823,2268.87972584627,1
1049778,48347276,3,402,05:25:26,-79.615117,43.683997,,,44.73249982759,24.9044370087577,15217.0481943911,2270.88399508177,1
1049778,48347276,3,403,05:25:29,-79.614781,43.683769,,,44.73249982759,37.0920107796413,15254.1402051707,2273.86910075039,1
1049778,48347276,3,404,05:25:32,-79.614486,43.683476,,,44.73249982759,40.3462450555654,15294.4864502263,2277.11610198573,1
1049778,48347276,3,405,05:25:33,-79.614321,43.683405,,,44.73249982759,15.4565274879178,15309.9429777142,2278.36001858263,1
1049778,48347276,3,406,05:25:41,-79.613497,43.682798,,,44.73249982759,94.6894630376728,15404.6324407519,2285.98047503486,1
1049778,48347276,3,407,05:25:46,-79.612993,43.682392,,,44.73249982759,60.7362391216611,15465.3686798735,2290.86843036221,1
1049778,48347276,3,408,05:25:48,-79.612737,43.682206,,,44.73249982759,29.2138231898473,15494.5825030634,2293.21951210119,1
1049778,48347276,3,409,05:25:49,-79.612597,43.682119,,,44.73249982759,14.8600691543297,15509.4425722177,2294.41542668593,1
1049778,48347276,3,410,05:25:50,-79.612531,43.682082,,,44.73249982759,6.72277566312816,15516.1653478808,2294.95646491273,1
1049778,48347276,3,411,05:25:51,-79.612367,43.682011,,,44.73249982759,15.3876640432558,15531.5530119241,2296.19483948981,1
1049778,48347276,3,412,05:25:52,-79.612212,43.681965,,,44.73249982759,13.4880309210796,15545.0410428452,2297.28033463323,1
1049778,48347276,3,413,05:25:54,-79.612016,43.681913,,,44.73249982759,16.8071895694782,15561.8482324147,2298.63295035297,1
1049778,48347276,3,414,05:25:55,-79.611843,43.681884,,,44.73249982759,14.2965520756683,15576.1447844903,2299.78351398503,1
1049778,48347276,3,415,05:25:56,-79.611728,43.681871,,,44.73249982759,9.37045752344304,15585.5152420138,2300.53763341082,1
1049778,48347276,3,416,05:25:56,-79.61162,43.681866,,,44.73249982759,8.71230188450732,15594.2275438983,2301.23878552405,1
1049778,48347276,3,417,05:25:57,-79.61146,43.681868,,,44.73249982759,12.8826712697843,15607.1102151681,2302.2755622915,1
1049778,48347276,3,418,05:25:58,-79.61132,43.681881,,,44.73249982759,11.3631800165773,15618.4733951846,2303.19005283456,1
1049778,48347276,3,419,05:25:59,-79.611181,43.681898,,,44.73249982759,11.3490370465821,15629.8224322312,2304.10340517403,1
1049778,48347276,3,420,05:26:00,-79.611047,43.681923,7221,41,44.73249982759,11.1408133050753,15640.9632455363,2305,1
1049778,48347276,3,421,05:26:00,-79.611047,43.681923,7221,41,1e-12,0,15640.9632455363,2305,1
1049778,48347276,3,422,,-79.610921,43.681955,,,,10.7508873269862,15651.7141328633,,1
