shape_id,trip_id,route_type,id,timestamp,shape_pt_lon,shape_pt_lat,stop_id,stop_sequence,speed,dist,cumdist,cumtime,trip_number
1049865,48348863,3,1,,-79.487656,43.706367,,,1e-12,0,0,0,1
1049865,48348863,3,2,05:58:08,-79.4878799979522,43.7069150002187,2578,1,,63.6104951644913,63.6104951644913,,1
1049865,48348863,3,3,05:58:08,-79.4878799979522,43.7069150002187,2578,1,1e-12,0,63.6104951644913,0,1
1049865,48348863,3,4,05:58:18,-79.488104,43.707463,,,24.1030858633634,63.6104951633105,127.220990327802,9.50076616272584,1
1049865,48348863,3,5,05:58:24,-79.488266,43.707806,,,24.1030858633634,40.3466371702792,167.567627498081,15.5268781152116,1
1049865,48348863,3,6,05:58:26,-79.488326,43.707943,,,24.1030858633634,15.9967925210448,183.564420019126,17.9161345532553,1
1049865,48348863,3,7,05:58:28,-79.488378,43.708035,,,24.1030858633634,11.0632500645446,194.62767008367,19.568524643808,1
1049865,48348863,3,8,05:58:29,-79.488441,43.708092,,,24.1030858633634,8.12171994358175,202.749390027252,20.781572299309,1
1049865,48348863,3,9,05:58:30,-79.488471,43.708162,6388,2,24.1030858633634,8.15774096890401,210.907130996156,22,1
1049865,48348863,3,10,05:58:30,-79.488471,43.708162,6388,2,1e-12,0,210.907130996156,22,1
1049865,48348863,3,11,05:58:32,-79.488538,43.708278,,,23.9210264361623,13.9933841887884,224.900515184945,24.105937352399,1
1049865,48348863,3,12,05:58:39,-79.488794,43.708619,,,23.9210264361623,43.189351587491,268.089866772436,30.6057280754225,1
1049865,48348863,3,13,05:58:48,-79.489083,43.709111,,,23.9210264361623,59.5019049359665,327.591771708402,39.5604800105508,1
1049865,48348863,3,14,05:58:51,-79.48919,43.709274,,,23.9210264361623,20.0842529642051,347.676024672607,42.5830639646338,1
1049865,48348863,3,15,05:58:52,-79.489235,43.709374,,,23.9210264361623,11.7060798861525,359.38210455876,44.3447729658179,1
1049865,48348863,3,16,05:58:54,-79.48928,43.709454,,,23.9210264361623,9.61358218676015,368.99568674552,45.7915710772909,1
1049865,48348863,3,17,05:58:56,-79.489332,43.709549,,,23.9210264361623,11.3730623264827,380.368749072003,47.5031625294638,1
1049865,48348863,3,18,05:58:57,-79.489382,43.709656,,,23.9210264361623,12.5723452054705,392.941094277473,49.3952403155271,1
1049865,48348863,3,19,05:58:59,-79.489431,43.709745,6620,3,23.9210264361623,10.6631941211013,403.604288398574,51,1
1049865,48348863,3,20,05:58:59,-79.489431,43.709745,6620,3,1e-12,0,403.604288398574,51,1
1049865,48348863,3,21,05:59:02,-79.489512,43.709891,,,24.4015362320064,17.5108744080579,421.115162806632,53.5834089816986,1
1049865,48348863,3,22,05:59:04,-79.489565,43.710037,,,24.4015362320064,16.8028739460859,437.918036752718,56.0623654552081,1
1049865,48348863,3,23,05:59:05,-79.489577,43.710109,,,24.4015362320064,8.07295888343279,445.990995636151,57.2533827626446,1
1049865,48348863,3,24,05:59:06,-79.489594,43.710183,,,24.4015362320064,8.35044877402481,454.341444410176,58.4853386239751,1
1049865,48348863,3,25,05:59:09,-79.489594,43.710323,,,24.4015362320064,15.5847287039932,469.926173114169,60.784580065208,1
1049865,48348863,3,26,05:59:12,-79.489616,43.710501,,,24.4015362320064,19.8937896644679,489.819962778637,63.7195445736371,1
1049865,48348863,3,27,05:59:15,-79.489657,43.710671,,,24.4015362320064,19.2097311893559,509.029693967993,66.5535887757793,1
1049865,48348863,3,28,05:59:16,-79.489687,43.710729,,,24.4015362320064,6.89304582889001,515.922739796883,67.5705315103705,1
1049865,48348863,3,29,05:59:18,-79.489708,43.710876,,,24.4015362320064,16.4509792951249,532.373719092008,69.9975723695755,1
1049865,48348863,3,30,05:59:20,-79.489736,43.710999,,,24.4015362320064,13.876425634919,546.250144726927,72.044784963518,1
1049865,48348863,3,31,05:59:22,-79.48976,43.711102,,,24.4015362320064,11.627401302193,557.87754602912,73.7601951856413,1
1049865,48348863,3,32,05:59:23,-79.489776,43.711193,,,24.4015362320064,10.2115576342582,568.089103663378,75.266723591632,1
1049865,48348863,3,33,05:59:25,-79.489803,43.711311,,,24.4015362320064,13.3141516482821,581.40325531166,77.2309829512926,1
1049865,48348863,3,34,05:59:27,-79.489807,43.711405,,,24.4015362320064,10.4689809682671,591.872236279927,78.7754894580726,1
1049865,48348863,3,35,05:59:29,-79.489833,43.711551,,,24.4015362320064,16.3867422914739,608.258978571401,81.1930533232496,1
1049865,48348863,3,36,05:59:31,-79.489862,43.711667,,,24.4015362320064,13.1222048800949,621.381183451496,83.1289944508569,1
1049865,48348863,3,37,05:59:33,-79.489894,43.711785,,,24.4015362320064,13.3856845890747,634.766868040571,85.1038071865183,1
1049865,48348863,3,38,05:59:35,-79.489935,43.71188,,,24.4015362320064,11.0779846081089,645.844852648679,86.7381610325226,1
1049865,48348863,3,39,05:59:37,-79.489979,43.712014,6408,4,24.4015362320064,15.3312070877403,661.17605973642,89,1
1049865,48348863,3,40,05:59:37,-79.489979,43.712014,6408,4,1e-12,0,661.17605973642,89,1
1049865,48348863,3,41,05:59:38,-79.490024,43.712101,,,25.3588273766409,10.3395400157592,671.515599752179,90.4678259173379,1
1049865,48348863,3,42,05:59:43,-79.490145,43.712354,,,25.3588273766409,29.7992230760231,701.314822828202,94.698195148547,1
1049865,48348863,3,43,05:59:51,-79.4908725019908,43.712190002307,,,25.3588273766409,61.3183445968091,762.633167425011,103.40309452224,1
1049865,48348863,3,44,06:00:00,-79.4916,43.712026,,,25.3588273766409,61.3183445956501,823.951512020661,112.107993895769,1
1049865,48348863,3,45,06:00:08,-79.4922580050147,43.7118737556618,5163,5,25.3588273766409,55.5922279035,879.543739924161,120,1
1049865,48348863,3,46,06:00:08,-79.4922580050147,43.7118737556618,5163,5,1e-12,0,879.543739924161,120,1
1049865,48348863,3,47,06:00:17,-79.4929160066863,43.711721507549,,,23.0807363063175,55.5922279011619,935.135967825323,128.670954764533,1
1049865,48348863,3,48,06:00:25,-79.4935740050147,43.7115692556618,,,23.0807363063175,55.5922279009182,990.728195726241,137.341909529027,1
1049865,48348863,3,49,06:00:34,-79.494232,43.711417,,,23.0807363063175,55.5922279036392,1046.32042362988,146.012864293946,1
1049865,48348863,3,50,06:00:35,-79.494309,43.711395,,,23.0807363063175,6.66226411587505,1052.98268774576,147.052005788344,1
1049865,48348863,3,51,06:00:36,-79.49441,43.711381,,,23.0807363063175,8.27505132854515,1061.2577390743,148.342700521276,1
1049865,48348863,3,52,06:00:37,-79.49448,43.711376,,,23.0807363063175,5.65998826205815,1066.91772733636,149.225512814307,1
1049865,48348863,3,53,06:00:38,-79.494547,43.711369,,,23.0807363063175,5.44718371636127,1072.36491105272,150.075133082856,1
1049865,48348863,3,54,06:00:39,-79.494624,43.711361,,,23.0807363063175,6.25948588114566,1078.62439693387,151.051451553509,1
1049865,48348863,3,55,06:00:40,-79.494704,43.711356,,,23.0807363063175,6.46122538460619,1085.08562231847,152.059236187235,1
1049865,48348863,3,56,06:00:41,-79.494772,43.711347,,,23.0807363063175,5.56259391010186,1090.64821622857,152.926857471521,1
1049865,48348863,3,57,06:00:42,-79.494833,43.711357,,,23.0807363063175,5.0330216362422,1095.68123786482,153.711879129843,1
1049865,48348863,3,58,06:00:43,-79.494899,43.711355,,,23.0807363063175,5.31536068999513,1100.99659855481,154.540938403777,1
1049865,48348863,3,59,06:00:43,-79.494959,43.711359,,,23.0807363063175,4.848395822167,1105.84499437698,155.297163193496,1
1049865,48348863,3,60,06:00:44,-79.495026,43.711358,,,23.0807363063175,5.39230995252497,1111.2373043295,156.138224569159,1
1049865,48348863,3,61,06:00:45,-79.495081,43.711352,,,23.0807363063175,4.47569787177035,1115.71300220127,156.836318084224,1
1049865,48348863,3,62,06:00:45,-79.49512,43.711351,,,23.0807363063175,3.14011253570892,1118.85311473698,157.326094709134,1
1049865,48348863,3,63,06:00:47,-79.495229,43.711346,,,23.0807363063175,8.78833925248924,1127.64145398947,158.696849129144,1
1049865,48348863,3,64,06:00:48,-79.495307,43.711338,,,23.0807363063175,6.33914514627214,1133.98059913574,159.685592392084,1
1049865,48348863,3,65,06:00:49,-79.495371,43.711329,,,23.0807363063175,5.24631884710529,1139.22691798285,160.503882917955,1
1049865,48348863,3,66,06:00:49,-79.495423,43.711316,,,23.0807363063175,4.42737775295797,1143.65429573581,161.194439739848,1
1049865,48348863,3,67,06:00:50,-79.495477,43.711306,,,23.0807363063175,4.48544916853962,1148.13974490435,161.894054205888,1
1049865,48348863,3,68,06:00:51,-79.495561,43.711292,,,23.0807363063175,6.93641971774318,1155.07616462209,162.975956908318,1
1049865,48348863,3,69,06:00:52,-79.49565,43.711285,,,23.0807363063175,7.20367089703559,1162.27983551913,164.099543906807,1
1049865,48348863,3,70,06:00:54,-79.495793,43.711249,1907,6,23.0807363063175,12.1844238746478,1174.46425939377,166,1
1049865,48348863,3,71,06:00:54,-79.495793,43.711249,1907,6,1e-12,0,1174.46425939377,166,1
1049865,48348863,3,72,06:01:00,-79.496299,43.711143,,,26.9297613694896,42.3908507130359,1216.85511010681,171.666855360249,1
1049865,48348863,3,73,06:01:10,-79.497213,43.710939,,,26.9297613694896,76.9717096667656,1293.82681977357,181.956517826932,1
1049865,48348863,3,74,06:01:21,-79.49819,43.710711,5541,7,26.9297613694896,82.6106498913708,1376.43746966495,193,1
1049865,48348863,3,75,06:01:21,-79.49819,43.710711,5541,7,1e-12,0,1376.43746966495,193,1
1049865,48348863,3,76,06:01:34,-79.4992210038791,43.7104855046333,,,24.0024066573649,86.6753573740578,1463.112827039,206.000000000036,1
1049865,48348863,3,77,06:01:47,-79.500252,43.71026,1952,8,24.0024066573649,86.6753573735772,1549.78818441258,219,1
1049865,48348863,3,78,06:01:47,-79.500252,43.71026,1952,8,1e-12,0,1549.78818441258,219,1
1049865,48348863,3,79,06:02:02,-79.501375,43.710027,,,22.022487476024,94.0129019602024,1643.80108637278,234.368220661957,1
1049865,48348863,3,80,06:02:04,-79.501515,43.709984,,,22.022487476024,12.240152845412,1656.04123921819,236.369109539359,1
1049865,48348863,3,81,06:02:16,-79.5023685023781,43.7098170031753,6301,9,22.022487476024,71.1503165290231,1727.19155574722,248,1
1049865,48348863,3,82,06:02:16,-79.5023685023781,43.7098170031753,6301,9,1e-12,0,1727.19155574722,248,1
1049865,48348863,3,83,06:02:26,-79.503222,43.70965,,,24.9168176474979,71.1503165293077,1798.34187227653,258.279849663355,1
1049865,48348863,3,84,06:02:38,-79.504214,43.709459,,,24.9168176474979,82.606946365188,1880.94881864171,270.214961567364,1
1049865,48348863,3,85,06:02:40,-79.504376,43.709418,,,24.9168176474979,13.8116646586823,1894.7604833004,272.21048095811,1
1049865,48348863,3,86,06:02:43,-79.504588,43.709398,,,24.9168176474979,17.2038230742191,1911.96430637461,274.696101872601,1
1049865,48348863,3,87,06:02:45,-79.504813,43.709349,,,24.9168176474979,18.9090751652189,1930.87338153983,277.42809885383,1
1049865,48348863,3,88,06:02:47,-79.50497,43.709327,,,24.9168176474979,12.868630868638,1943.74201240847,279.287368034288,1
1049865,48348863,3,89,06:02:49,-79.505127,43.709302,,,24.9168176474979,12.9363465349337,1956.67835894341,281.156420823637,1
1049865,48348863,3,90,06:02:51,-79.505278,43.709267,1434,10,24.9168176474979,12.7600350433754,1969.43839398678,283,1
1049865,48348863,3,91,06:02:51,-79.505278,43.709267,1434,10,1e-12,0,1969.43839398678,283,1
1049865,48348863,3,92,06:02:55,-79.50547,43.709247,,,15.0564498747327,15.6094303076502,1985.04782429443,286.73221772563,1
1049865,48348863,3,93,06:02:56,-79.505556,43.709238,,,15.0564498747327,6.99238872340267,1992.04021301783,288.40409918598,1
1049865,48348863,3,94,06:03:11,-79.5062965060691,43.7090742571705,,,15.0564498747327,62.3126870379919,2054.35290005583,303.303074389506,1
1049865,48348863,3,95,06:03:26,-79.5070370080922,43.7089105095606,,,15.0564498747327,62.3126870377204,2116.66558709355,318.202049592967,1
1049865,48348863,3,96,06:03:41,-79.5077775060692,43.7087467571704,,,15.0564498747327,62.3126870380944,2178.97827413164,333.101024796517,1
1049865,48348863,3,97,06:03:56,-79.508518,43.708583,413,11,15.0564498747327,62.3126870378137,2241.29096116945,348,1
1049865,48348863,3,98,06:03:56,-79.508518,43.708583,413,11,1e-12,0,2241.29096116945,348,1
1049865,48348863,3,99,06:04:09,-79.509475,43.708379,,,21.9533673081778,80.2873564089011,2321.57831757836,361.165838252266,1
1049865,48348863,3,100,06:04:20,-79.5102275021656,43.7082065024682,,,21.9533673081778,63.525000751657,2385.10331833001,371.582919126268,1
1049865,48348863,3,101,06:04:30,-79.51098,43.708034,3881,12,21.9533673081778,63.52500075001,2448.62831908002,382,1
1049865,48348863,3,102,06:04:30,-79.51098,43.708034,3881,12,1e-12,0,2448.62831908002,382,1
1049865,48348863,3,103,06:04:46,-79.5120745046563,43.7077790052217,,,20.6265930024384,92.5357954235738,2541.1641145036,398.150455069603,1
1049865,48348863,3,104,06:05:02,-79.513169,43.707524,,,20.6265930024384,92.5357954224948,2633.69990992609,414.300910139017,1
1049865,48348863,3,105,06:05:13,-79.5138942561162,43.7073555068782,2895,13,20.6265930024384,61.3016033497237,2695.00151327581,425,1
1049865,48348863,3,106,06:05:13,-79.5138942561162,43.7073555068782,2895,13,1e-12,0,2695.00151327581,425,1
1049865,48348863,3,107,06:05:22,-79.5146195081549,43.7071870091709,,,24.4945351178811,61.301603350355,2756.30311662617,434.009592180428,1
1049865,48348863,3,108,06:05:31,-79.5153447561162,43.7070185068781,,,24.4945351178811,61.3016033505414,2817.60471997671,443.019184360883,1
1049865,48348863,3,109,06:05:40,-79.51607,43.70685,,,24.4945351178811,61.3016033491995,2878.90632332591,452.028776541141,1
1049865,48348863,3,110,06:05:45,-79.516499,43.706759,,,24.4945351178811,35.9777275583268,2914.88405088424,457.316479230197,1
1049865,48348863,3,111,06:05:47,-79.516633,43.706701,,,24.4945351178811,12.568341210671,2927.45239209491,459.163667925171,1
1049865,48348863,3,112,06:05:48,-79.516709,43.706646,,,24.4945351178811,8.65385452294026,2936.10624661785,460.435538411084,1
1049865,48348863,3,113,06:05:50,-79.516802,43.706578,5207,14,24.4945351178811,10.6446553695214,2946.75090198737,462,1
1049865,48348863,3,114,06:05:50,-79.516802,43.706578,5207,14,1e-12,0,2946.75090198737,462,1
1049865,48348863,3,115,06:05:52,-79.516915,43.706474,,,23.3376993223496,14.7214153581177,2961.47231734549,464.270879170959,1
1049865,48348863,3,116,06:05:58,-79.517168,43.706208,,,23.3376993223496,35.9348632377261,2997.40718058321,469.81407800427,1
1049865,48348863,3,117,06:05:59,-79.517229,43.706234,,,23.3376993223496,5.69852969302257,3003.10571027624,470.693115248324,1
1049865,48348863,3,118,06:05:59,-79.51729,43.70624,,,23.3376993223496,4.95402152060917,3008.05973179685,471.457307006383,1
1049865,48348863,3,119,06:06:03,-79.517565,43.706201,,,23.3376993223496,22.5516325827799,3030.61136437963,474.936050826699,1
1049865,48348863,3,120,06:06:15,-79.5185120035467,43.7059765039091,,,23.3376993223496,80.2004412176455,3110.81180559727,487.307518313514,1
1049865,48348863,3,121,06:06:28,-79.519459,43.705752,,,23.3376993223496,80.2004412168179,3191.01224681409,499.678985800202,1
1049865,48348863,3,122,06:06:33,-79.51987,43.705664,9740,15,23.3376993223496,34.4945081902339,3225.50675500432,505,1
1049865,48348863,3,123,06:06:33,-79.51987,43.705664,9740,15,1e-12,0,3225.50675500432,505,1
1049865,48348863,3,124,06:06:37,-79.520178,43.70558,,,21.7283274758392,26.4908483513949,3251.99760335572,509.389065572169,1
1049865,48348863,3,125,06:06:43,-79.520532,43.705439,,,21.7283274758392,32.5253600174863,3284.5229633732,514.777943118918,1
1049865,48348863,3,126,06:06:51,-79.521049,43.705196,3046,16,21.7283274758392,49.6254290103148,3334.14839238352,523,1
1049865,48348863,3,127,06:06:51,-79.521049,43.705196,3046,16,1e-12,0,3334.14839238352,523,1
1049865,48348863,3,128,06:06:53,-79.521203,43.705126,,,26.6568126445837,14.639160726536,3348.78755311005,524.977017257022,1
1049865,48348863,3,129,06:07:05,-79.522142,43.704676,,,26.6568126445837,90.6610909458256,3439.44864405588,537.220788924573,1
1049865,48348863,3,130,06:07:14,-79.522849,43.70436,,,26.6568126445837,66.8916631640883,3506.34030721997,546.254501641897,1
1049865,48348863,3,131,06:07:22,-79.523439,43.704071,4511,17,26.6568126445837,57.3528607141319,3563.6931679341,554,1
1049865,48348863,3,132,06:07:22,-79.523439,43.704071,4511,17,1e-12,0,3563.6931679341,554,1
1049865,48348863,3,133,06:07:31,-79.523983,43.703823,,,19.9960754448287,51.7562497242516,3615.44941765835,563.317953391474,1
1049865,48348863,3,134,06:07:41,-79.5245380024811,43.7035550013426,,,19.9960754448287,53.7113803159032,3669.16079797426,572.987899360159,1
1049865,48348863,3,135,06:07:51,-79.525093,43.703287,,,19.9960754448287,53.7113803148702,3722.87217828913,582.657845328659,1
1049865,48348863,3,136,06:07:54,-79.525256,43.703169,7507,18,19.9960754448287,18.5638824878972,3741.43606077702,586,1
1049865,48348863,3,137,06:07:54,-79.525256,43.703169,7507,18,1e-12,0,3741.43606077702,586,1
1049865,48348863,3,138,06:08:01,-79.525436,43.703001,,,13.0466992392118,23.6556242894669,3765.09168506649,592.527340431527,1
1049865,48348863,3,139,06:08:06,-79.525635,43.703093,,,13.0466992392118,19.0094470227232,3784.10113208921,597.772652523656,1
1049865,48348863,3,140,06:08:15,-79.525977,43.703245,,,13.0466992392118,32.3080645632463,3816.40919665246,606.687476901466,1
1049865,48348863,3,141,06:08:27,-79.526413,43.70351,,,13.0466992392118,45.8405859861956,3862.24978263865,619.336355098514,1
1049865,48348863,3,142,06:08:38,-79.526783,43.703711,,,13.0466992392118,37.2458911031158,3899.49567374177,629.613683142394,1
1049865,48348863,3,143,06:08:59,-79.5275464947273,43.7041250025409,,,13.0466992392118,76.8057677637157,3976.30144150549,650.806841571183,1
1049865,48348863,3,144,06:09:20,-79.52831,43.704539,9474,19,13.0466992392118,76.8057677638174,4053.1072092693,672,1
1049865,48348863,3,145,06:09:20,-79.52831,43.704539,9474,19,1e-12,0,4053.1072092693,672,1
1049865,48348863,3,146,06:09:33,-79.5288529973007,43.7048370012852,,,15.261497301128,54.8626960346729,4107.96990530398,684.941436991915,1
1049865,48348863,3,147,06:09:46,-79.529396,43.705135,,,15.261497301128,54.8626960345977,4162.83260133857,697.882873983811,1
1049865,48348863,3,148,06:09:59,-79.529947,43.705431,,,15.261497301128,55.2434858134049,4218.07608715198,710.914134613367,1
1049865,48348863,3,149,06:10:17,-79.530751,43.705806,,,15.261497301128,76.9982809178295,4295.07436806981,729.077084541203,1
1049865,48348863,3,150,06:10:28,-79.531224,43.706023,,,15.261497301128,45.0816363426079,4340.15600441242,739.71128953637,1
1049865,48348863,3,151,06:10:32,-79.531418,43.706089,,,15.261497301128,17.2540423053131,4357.41004671773,743.781306460236,1
1049865,48348863,3,152,06:10:37,-79.53167,43.706168,,,15.261497301128,22.1037400421071,4379.51378675984,748.995307588796,1
1049865,48348863,3,153,06:10:42,-79.531933,43.706229,,,15.261497301128,22.2268204136875,4401.74060717352,754.238341867179,1
1049865,48348863,3,154,06:10:47,-79.532176,43.706274,24452,20,15.261497301128,20.186120206372,4421.9267273799,759,1
1049865,48348863,3,155,06:10:47,-79.532176,43.706274,24452,20,1e-12,0,4421.9267273799,759,1
1049865,48348863,3,156,06:10:53,-79.532378,43.706282,,,10.6438356278035,16.2797017112193,4438.20642909111,764.50618482,1
1049865,48348863,3,157,06:10:58,-79.532537,43.706355,,,10.6438356278035,15.1574990182371,4453.36392810935,769.6328138261,1
1049865,48348863,3,158,06:11:06,-79.532764,43.706499,,,10.6438356278035,24.3032350453625,4477.66716315472,777.852749685947,1
1049865,48348863,3,159,06:11:17,-79.533037,43.706705,,,10.6438356278035,31.7567700604342,4509.42393321515,788.593649509591,1
1049865,48348863,3,160,06:11:24,-79.533121,43.706882,,,10.6438356278035,20.830790352874,4530.25472356802,795.639121451534,1
1049865,48348863,3,161,06:11:42,-79.5333684981481,43.707330500267,,,10.6438356278035,53.7526686861878,4584.00739225421,813.81956072521,1
1049865,48348863,3,162,06:12:00,-79.533616,43.707779,8461,21,10.6438356278035,53.7526686894785,4637.76006094369,832,1
1049865,48348863,3,163,06:12:00,-79.533616,43.707779,8461,21,1e-12,0,4637.76006094369,832,1
1049865,48348863,3,164,,-79.532934,43.707895,,,,56.3791352984424,4694.13919624213,,1
