shape_id,trip_id,route_type,id,timestamp,shape_pt_lon,shape_pt_lat,stop_id,stop_sequence,speed,dist,cumdist,cumtime,trip_number
1049949,48349583,3,1,05:32:00,-79.436588,43.699519,14197,1,1e-12,0,0,0,1
1049949,48349583,3,2,05:32:00,-79.436588,43.699519,14197,1,1e-12,0,0,0,1
1049949,48349583,3,3,05:32:02,-79.436574,43.699607,,,15.5560662874278,9.86069975939677,9.86069975939677,2.28197273513278,1
1049949,48349583,3,4,05:32:04,-79.436528,43.699678,,,15.5560662874278,8.72776557640352,18.5884653358003,4.30176073902203,1
1049949,48349583,3,5,05:32:07,-79.436441,43.69974,,,15.5560662874278,9.83160648396528,28.4200718197656,6.57700068003976,1
1049949,48349583,3,6,05:32:09,-79.436294,43.699776,,,15.5560662874278,12.4909772601781,40.9110490799437,9.46767479429083,1
1049949,48349583,3,7,05:32:12,-79.436162,43.699783,,,15.5560662874278,10.6519836390265,51.5630327189701,11.9327672149555,1
1049949,48349583,3,8,05:32:14,-79.43604,43.699757,,,15.5560662874278,10.2363408090578,61.799373528028,14.3016711673892,1
1049949,48349583,3,9,05:32:16,-79.435963,43.699719,,,15.5560662874278,7.50313654504456,69.3025100730726,16.0380543289852,1
1049949,48349583,3,10,05:32:19,-79.435873,43.699645,,,15.5560662874278,10.9692155522181,80.2717256252907,18.576560867743,1
1049949,48349583,3,11,05:32:27,-79.435738,43.699323,,,15.5560662874278,37.4553337838238,117.727059409114,27.2445106649704,1
1049949,48349583,3,12,05:32:34,-79.435639,43.699056,,,15.5560662874278,30.7717236370111,148.498783046126,34.3657328972753,1
1049949,48349583,3,13,05:32:38,-79.435663,43.698921,,,15.5560662874278,15.1517541965326,163.650537242658,37.8721665997082,1
1049949,48349583,3,14,05:32:40,-79.435716,43.698827,,,15.5560662874278,11.3000345750539,174.950571817712,40.4872315986965,1
1049949,48349583,3,15,05:32:46,-79.436006,43.698762,,,15.5560662874278,24.4356504376151,199.386222255327,46.1421536046865,1
1049949,48349583,3,16,05:32:55,-79.436449,43.698678,,,15.5560662874278,36.8593778650073,236.245600120334,54.6721867031741,1
1049949,48349583,3,17,05:33:09,-79.437177,43.698507,,,15.5560662874278,61.6057424857374,297.851342606072,68.9290475863072,1
1049949,48349583,3,18,05:33:11,-79.437281,43.698482,,,15.5560662874278,8.82069609010581,306.672038696178,70.970341660121,1
1049949,48349583,3,19,05:33:31,-79.438313,43.698269,,,15.5560662874278,86.376142230332,393.04818092651,90.9595925596562,1
1049949,48349583,3,20,05:33:33,-79.438405,43.698237,,,15.5560662874278,8.21673131834342,401.264912244853,92.861116518187,1
1049949,48349583,3,21,05:33:45,-79.439043,43.698102,,,15.5560662874278,53.5019998951651,454.766912140018,105.242601404135,1
1049949,48349583,3,22,05:33:49,-79.439237,43.698062,338,2,15.5560662874278,16.2362060071007,471.003118147119,109,1
1049949,48349583,3,23,05:33:49,-79.439237,43.698062,338,2,1e-12,0,471.003118147119,109,1
1049949,48349583,3,24,05:33:52,-79.439378,43.698033,,,15.8787789050848,11.7983471378427,482.801465284961,111.674893954385,1
1049949,48349583,3,25,05:34:08,-79.440244,43.697839,,,15.8787789050848,72.9674518962554,555.768917181217,128.217905756282,1
1049949,48349583,3,26,05:34:20,-79.4408785043173,43.6977030052645,,,15.8787789050848,53.2637359194857,609.032653100702,140.293736678567,1
1049949,48349583,3,27,05:34:32,-79.4415130057565,43.6975670070192,,,15.8787789050848,53.2637359223624,662.296389023065,152.369567601504,1
1049949,48349583,3,28,05:34:44,-79.4421475043174,43.6974310052644,,,15.8787789050848,53.2637359190665,715.560124942131,164.445398523694,1
1049949,48349583,3,29,05:34:57,-79.442782,43.697295,,,15.8787789050848,53.2637359208977,768.823860863029,176.521229446299,1
1049949,48349583,3,30,05:35:05,-79.442643,43.696959,,,15.8787789050848,39.0405717918035,807.864432654833,185.372417518795,1
1049949,48349583,3,31,05:35:06,-79.442634,43.696935,597,3,15.8787789050848,2.76812318437784,810.63255583921,186,1
1049949,48349583,3,32,05:35:06,-79.442634,43.696935,597,3,1e-12,0,810.63255583921,186,1
1049949,48349583,3,33,05:35:12,-79.442497,43.696604,,,24.8419252329454,38.4612088410552,849.093764680266,191.573656249644,1
1049949,48349583,3,34,05:35:13,-79.442442,43.696501,,,24.8419252329454,12.2907472872139,861.38451196748,193.354785925346,1
1049949,48349583,3,35,05:35:26,-79.44215,43.695777,,,24.8419252329454,83.9519948570942,945.336506824574,205.520798770628,1
1049949,48349583,3,36,05:35:39,-79.441803,43.69498,5003,4,24.8419252329454,93.0136969833024,1038.35020380788,219,1
1049949,48349583,3,37,05:35:39,-79.441803,43.69498,5003,4,1e-12,0,1038.35020380788,219,1
1049949,48349583,3,38,05:35:53,-79.441494,43.694188,,,23.8404622331887,91.6058071226177,1129.95601093049,232.832823475307,1
1049949,48349583,3,39,05:36:05,-79.441205,43.69349,,,23.8404622331887,81.1081366809019,1211.0641476114,245.080458994922,1
1049949,48349583,3,40,05:36:17,-79.440911,43.692815,,,23.8404622331887,78.7788001477704,1289.84294775917,256.976355884755,1
1049949,48349583,3,41,05:36:20,-79.440833,43.692647,,,23.8404622331887,19.7273607611984,1309.57030852036,259.955262000151,1
1049949,48349583,3,42,05:36:27,-79.440628,43.692255,2095,5,23.8404622331887,46.6527250633612,1356.22303358373,267,1
1049949,48349583,3,43,05:36:27,-79.440628,43.692255,2095,5,1e-12,0,1356.22303358373,267,1
1049949,48349583,3,44,05:36:29,-79.440579,43.69214,,,22.3787322234158,13.3955257672205,1369.61855935095,269.15489833296,1
1049949,48349583,3,45,05:36:42,-79.440312,43.691475,,,22.3787322234158,77.0839547234684,1446.70251407441,281.555164542595,1
1049949,48349583,3,46,05:36:55,-79.440012,43.69078,,,22.3787322234158,81.0479483100281,1527.75046238444,294.593106594147,1
1049949,48349583,3,47,05:36:58,-79.439946,43.6906,,,22.3787322234158,20.7298017612079,1548.48026414565,297.927848061863,1
1049949,48349583,3,48,05:37:11,-79.439646,43.689903,4196,6,22.3787322234158,81.2606077242683,1629.74087186992,311,1
1049949,48349583,3,49,05:37:11,-79.439646,43.689903,4196,6,1e-12,0,1629.74087186992,311,1
1049949,48349583,3,50,05:37:13,-79.439599,43.689772,,,25.5072296904934,15.0656011945863,1644.80647306451,313.126305559585,1
1049949,48349583,3,51,05:37:17,-79.439538,43.689555,,,25.5072296904934,24.6503102406809,1669.45678330519,316.605362985391,1
1049949,48349583,3,52,05:37:26,-79.439365,43.688998,,,25.5072296904934,63.5494815607588,1733.00626486594,325.574511591286,1
1049949,48349583,3,53,05:37:32,-79.439259,43.688604,,,25.5072296904934,44.6821297819869,1777.68839464793,331.880789033681,1
1049949,48349583,3,54,05:37:39,-79.439108,43.688162,,,25.5072296904934,50.6823202274829,1828.37071487541,339.033912090669,1
1049949,48349583,3,55,05:37:48,-79.4388949981623,43.6876445001977,,,25.5072296904934,60.1052640651633,1888.47597894058,347.516956045663,1
1049949,48349583,3,56,05:37:56,-79.438682,43.687127,9353,7,25.5072296904934,60.1052640605087,1948.58124300109,356,1
1049949,48349583,3,57,05:37:56,-79.438682,43.687127,9353,7,1e-12,0,1948.58124300109,356,1
1049949,48349583,3,58,05:38:14,-79.438405,43.686366,,,17.5371277147414,87.5995670506585,2036.18081005175,373.982331343649,1
1049949,48349583,3,59,05:38:20,-79.438296,43.686119,,,17.5371277147414,28.8619966612014,2065.04280671295,379.907086507118,1
1049949,48349583,3,60,05:38:25,-79.438214,43.685903,,,17.5371277147414,24.9346093404753,2089.97741605342,385.025632433556,1
1049949,48349583,3,61,05:38:33,-79.438079,43.685547,,,17.5371277147414,41.0927884130387,2131.07020446646,393.461109479354,1
1049949,48349583,3,62,05:38:36,-79.438053,43.685455,,,17.5371277147414,10.453074197477,2141.52327866394,395.606903689388,1
1049949,48349583,3,63,05:38:46,-79.437873996097,43.685019000419,9182,8,17.5371277147414,50.6291825974456,2192.15246126138,406,1
1049949,48349583,3,64,05:38:46,-79.437873996097,43.685019000419,9182,8,1e-12,0,2192.15246126138,406,1
1049949,48349583,3,65,05:38:56,-79.4376949947961,43.6845830005586,,,17.8031204353731,50.6291826036638,2242.78164386505,416.237815220923,1
1049949,48349583,3,66,05:39:06,-79.4375159960971,43.684147000419,,,17.8031204353731,50.6291826027316,2293.41082646778,426.475630441658,1
1049949,48349583,3,67,05:39:17,-79.437337,43.683711,,,17.8031204353731,50.6291825982388,2344.04000906602,436.713445661484,1
1049949,48349583,3,68,05:39:29,-79.437118,43.68318,,,17.8031204353731,61.6837731787555,2405.72378224477,449.186628902008,1
1049949,48349583,3,69,05:39:41,-79.436911,43.682677,24364,9,17.8031204353731,58.4207967792539,2464.14457902403,461,1
1049949,48349583,3,70,05:39:41,-79.436911,43.682677,24364,9,1e-12,0,2464.14457902403,461,1
1049949,48349583,3,71,05:40:02,-79.436588,43.68186,,,16.6051053935655,94.5922325707618,2558.73681159479,481.507670935151,1
1049949,48349583,3,72,05:40:19,-79.4363094967483,43.6811595003381,,,16.6051053935655,81.1385524175097,2639.8753640123,499.098573358223,1
1049949,48349583,3,73,05:40:37,-79.436031,43.680459,,,16.6051053935655,81.138552422378,2721.01391643468,516.68947578235,1
1049949,48349583,3,74,05:40:45,-79.435905,43.680146,,,16.6051053935655,36.2895638498564,2757.30348028453,524.557081965091,1
1049949,48349583,3,75,05:40:48,-79.43585,43.680009,9023,10,16.6051053935655,15.8805602308522,2773.18404051539,528,1
1049949,48349583,3,76,05:40:48,-79.43585,43.680009,9023,10,1e-12,0,2773.18404051539,528,1
1049949,48349583,3,77,05:40:56,-79.435678,43.679585,,,22.9769526229848,49.1887853267195,2822.3728258421,535.706836937073,1
1049949,48349583,3,78,05:40:59,-79.435901,43.67954,,,22.9769526229848,18.6390012169395,2841.01182705904,538.627172173951,1
1049949,48349583,3,79,05:41:07,-79.435717,43.679095,,,22.9769526229848,51.7046516103352,2892.71647866938,546.728191871881,1
1049949,48349583,3,80,05:41:14,-79.435544,43.678677,,,22.9769526229848,48.5713296310733,2941.28780830045,554.338286628178,1
1049949,48349583,3,81,05:41:27,-79.435254,43.677982,8430,11,22.9769526229848,80.8132189639346,3022.10102726439,567,1
1049949,48349583,3,82,05:41:27,-79.435254,43.677982,8430,11,1e-12,0,3022.10102726439,567,1
1049949,48349583,3,83,05:41:38,-79.4350344980649,43.67745300021,,,21.0684845273227,61.4825181267869,3083.58354539117,577.505599725001,1
1049949,48349583,3,84,05:41:48,-79.434815,43.676924,,,21.0684845273227,61.4825181279299,3145.0660635191,588.011199450198,1
1049949,48349583,3,85,05:42:03,-79.434503,43.676169,7474,12,21.0684845273227,87.7198090185106,3232.78587253761,603,1
1049949,48349583,3,86,05:42:03,-79.434503,43.676169,7474,12,1e-12,0,3232.78587253761,603,1
1049949,48349583,3,87,05:42:14,-79.434294998253,43.6756650001886,,,18.5903346899959,58.551051949377,3291.33692448699,614.338353533312,1
1049949,48349583,3,88,05:42:26,-79.434087,43.675161,,,18.5903346899959,58.5510519499497,3349.88797643694,625.676707066734,1
1049949,48349583,3,89,05:42:29,-79.434032,43.675031,,,18.5903346899959,15.1338939693572,3365.0218704063,628.607370726006,1
1049949,48349583,3,90,05:42:35,-79.433914,43.674747,3604,13,18.5903346899959,33.0114215979466,3398.03329200424,635,1
1049949,48349583,3,91,05:42:35,-79.433914,43.674747,3604,13,1e-12,0,3398.03329200424,635,1
1049949,48349583,3,92,05:42:42,-79.433771,43.6744,,,20.3155641426418,40.3072456825481,3438.34053768679,642.142606694963,1
1049949,48349583,3,93,05:42:47,-79.433429,43.674449,,,20.3155641426418,28.0710750075618,3466.41161269435,647.116914536856,1
1049949,48349583,3,94,05:42:59,-79.432609,43.674564,,,20.3155641426418,67.2516141289976,3533.66322682335,659.034172121459,1
1049949,48349583,3,95,05:43:05,-79.432161,43.674596,,,20.3155641426418,36.2459438103939,3569.90917063375,665.457099725203,1
1049949,48349583,3,96,05:43:15,-79.43148,43.674674,,,20.3155641426418,55.5135450790944,3625.42271571284,675.294324076028,1
1049949,48349583,3,97,05:43:23,-79.430972,43.674715,,,20.3155641426418,41.1551236367085,3666.57783934955,682.587178168186,1
1049949,48349583,3,98,05:43:30,-79.430823,43.674355,2952,14,20.3155641426418,41.8321270561673,3708.40996640572,690,1
1049949,48349583,3,99,05:43:30,-79.430823,43.674355,2952,14,1e-12,0,3708.40996640572,690,1
1049949,48349583,3,100,05:43:32,-79.430791,43.674278,,,21.3952386264398,8.95045007163168,3717.36041647735,691.506018269787,1
1049949,48349583,3,101,05:43:36,-79.430691,43.674036,,,21.3952386264398,28.116782619208,3745.47719909656,696.236996932678,1
1049949,48349583,3,102,05:43:47,-79.4304504977919,43.6734850002521,,,21.3952386264398,64.321069036974,3809.79826813353,707.05977169,1
1049949,48349583,3,103,05:43:58,-79.43021,43.672934,,,21.3952386264398,64.3210690351933,3874.11933716872,717.882546447022,1
1049949,48349583,3,104,05:44:11,-79.4299304968774,43.6722635003405,24790,15,21.3952386264398,77.9586247047798,3952.0779618735,731,1
1049949,48349583,3,105,05:44:11,-79.4299304968774,43.6722635003405,24790,15,1e-12,0,3952.0779618735,731,1
1049949,48349583,3,106,05:44:25,-79.429651,43.671593,,,20.3079221325542,77.9586247058403,4030.03658657934,744.819781615724,1
1049949,48349583,3,107,05:44:28,-79.429581,43.671427,,,20.3079221325542,19.31948823839,4049.35607481773,748.244561226569,1
1049949,48349583,3,108,05:44:38,-79.429385,43.670965,,,20.3079221325542,53.7965331698044,4103.15260798754,757.781111452987,1
1049949,48349583,3,109,05:44:49,-79.429166,43.670419,2197,16,20.3079221325542,63.2867541740376,4166.43936216158,769,1
1049949,48349583,3,110,05:44:49,-79.429166,43.670419,2197,16,1e-12,0,4166.43936216158,769,1
1049949,48349583,3,111,05:44:55,-79.429008,43.670025,,,29.5456346150557,45.6677518304609,4212.10711399204,774.564406002161,1
1049949,48349583,3,112,05:45:05,-79.428709,43.669297,,,29.5456346150557,84.5412380193547,4296.64835201139,784.865367915315,1
1049949,48349583,3,113,05:45:15,-79.428421,43.668608,,,29.5456346150557,80.1283224867631,4376.77667449815,794.628636320637,1
1049949,48349583,3,114,05:45:24,-79.428143,43.667947,7017,17,29.5456346150557,76.9119130875737,4453.68858758573,804,1
1049949,48349583,3,115,05:45:24,-79.428143,43.667947,7017,17,1e-12,0,4453.68858758573,804,1
1049949,48349583,3,116,05:45:28,-79.428012,43.667621,,,32.2215105107945,37.7921680453175,4491.48075563105,808.222390657867,1
1049949,48349583,3,117,05:45:34,-79.427849,43.667213,,,32.2215105107945,47.2768802526396,4538.75763588369,813.50447601673,1
1049949,48349583,3,118,05:45:43,-79.427559,43.666513,,,32.2215105107945,81.3475205832608,4620.10515646695,822.593158373866,1
1049949,48349583,3,119,05:45:51,-79.427284,43.665867,2502,18,32.2215105107945,75.2447599497411,4695.34991641669,831,1
1049949,48349583,3,120,05:45:51,-79.427284,43.665867,2502,18,1e-12,0,4695.34991641669,831,1
1049949,48349583,3,121,05:45:58,-79.4270952457811,43.6654197504658,,,27.7632412061212,52.0560772618607,4747.40599367855,837.75000000005,1
1049949,48349583,3,122,05:46:05,-79.4269064943749,43.6649725006211,,,27.7632412061212,52.0560772637496,4799.4620709423,844.500000000344,1
1049949,48349583,3,123,05:46:11,-79.4267177457812,43.6645252504658,,,27.7632412061212,52.0560772619491,4851.51814820425,851.250000000406,1
1049949,48349583,3,124,05:46:18,-79.426529,43.664078,7691,19,27.7632412061212,52.0560772583498,4903.5742254626,858,1
1049949,48349583,3,125,05:46:18,-79.426529,43.664078,7691,19,1e-12,0,4903.5742254626,858,1
1049949,48349583,3,126,05:46:39,-79.4263089980394,43.663543000211,,,10.6517451682719,62.1351801462933,4965.70940560889,878.999999999338,1
1049949,48349583,3,127,05:47:00,-79.426089,43.663008,14265,20,10.6517451682719,62.1351801502125,5027.8445857591,900,1
1049949,48349583,3,128,05:47:00,-79.426089,43.663008,14265,20,1e-12,0,5027.8445857591,900,1
1049949,48349583,3,129,,-79.427235,43.662766,,,,96.1390441161991,5123.9836298753,,1
1049949,48349583,3,130,,-79.427016,43.662216,,,,63.7151856858219,5187.69881556112,,1
1049949,48349583,3,131,,-79.426842,43.662252,,,,14.5742000616471,5202.27301562277,,1
1049949,48349583,3,132,,-79.426831,43.662278,,,,3.02683420406619,5205.29984982684,,1
1049949,48349583,3,133,,-79.426802,43.662305,,,,3.80629329453713,5209.10614312137,,1
1049949,48349583,3,134,,-79.426737,43.66233,,,,5.92832999047696,5215.03447311185,,1
1049949,48349583,3,135,,-79.42606,43.662488,,,,57.2862334000369,5272.32070651189,,1
1049949,48349582,3,1,05:45:00,-79.436588,43.699519,14197,1,1e-12,0,0,0,2
1049949,48349582,3,2,05:45:00,-79.436588,43.699519,14197,1,1e-12,0,0,0,2
1049949,48349582,3,3,05:45:02,-79.436574,43.699607,,,15.5560662874278,9.86069975939677,9.86069975939677,2.28197273513278,2
1049949,48349582,3,4,05:45:04,-79.436528,43.699678,,,15.5560662874278,8.72776557640352,18.5884653358003,4.30176073902203,2
1049949,48349582,3,5,05:45:07,-79.436441,43.69974,,,15.5560662874278,9.83160648396528,28.4200718197656,6.57700068003976,2
1049949,48349582,3,6,05:45:09,-79.436294,43.699776,,,15.5560662874278,12.4909772601781,40.9110490799437,9.46767479429083,2
1049949,48349582,3,7,05:45:12,-79.436162,43.699783,,,15.5560662874278,10.6519836390265,51.5630327189701,11.9327672149555,2
1049949,48349582,3,8,05:45:14,-79.43604,43.699757,,,15.5560662874278,10.2363408090578,61.799373528028,14.3016711673892,2
1049949,48349582,3,9,05:45:16,-79.435963,43.699719,,,15.5560662874278,7.50313654504456,69.3025100730726,16.0380543289852,2
1049949,48349582,3,10,05:45:19,-79.435873,43.699645,,,15.5560662874278,10.9692155522181,80.2717256252907,18.576560867743,2
1049949,48349582,3,11,05:45:27,-79.435738,43.699323,,,15.5560662874278,37.4553337838238,117.727059409114,27.2445106649704,2
1049949,48349582,3,12,05:45:34,-79.435639,43.699056,,,15.5560662874278,30.7717236370111,148.498783046126,34.3657328972753,2
1049949,48349582,3,13,05:45:38,-79.435663,43.698921,,,15.5560662874278,15.1517541965326,163.650537242658,37.8721665997082,2
1049949,48349582,3,14,05:45:40,-79.435716,43.698827,,,15.5560662874278,11.3000345750539,174.950571817712,40.4872315986965,2
1049949,48349582,3,15,05:45:46,-79.436006,43.698762,,,15.5560662874278,24.4356504376151,199.386222255327,46.1421536046865,2
1049949,48349582,3,16,05:45:55,-79.436449,43.698678,,,15.5560662874278,36.8593778650073,236.245600120334,54.6721867031741,2
1049949,48349582,3,17,05:46:09,-79.437177,43.698507,,,15.5560662874278,61.6057424857374,297.851342606072,68.9290475863072,2
1049949,48349582,3,18,05:46:11,-79.437281,43.698482,,,15.5560662874278,8.82069609010581,306.672038696178,70.970341660121,2
1049949,48349582,3,19,05:46:31,-79.438313,43.698269,,,15.5560662874278,86.376142230332,393.04818092651,90.9595925596562,2
1049949,48349582,3,20,05:46:33,-79.438405,43.698237,,,15.5560662874278,8.21673131834342,401.264912244853,92.861116518187,2
1049949,48349582,3,21,05:46:45,-79.439043,43.698102,,,15.5560662874278,53.5019998951651,454.766912140018,105.242601404135,2
1049949,48349582,3,22,05:46:49,-79.439237,43.698062,338,2,15.5560662874278,16.2362060071007,471.003118147119,109,2
1049949,48349582,3,23,05:46:49,-79.439237,43.698062,338,2,1e-12,0,471.003118147119,109,2
1049949,48349582,3,24,05:46:52,-79.439378,43.698033,,,15.8787789050848,11.7983471378427,482.801465284961,111.674893954385,2
1049949,48349582,3,25,05:47:08,-79.440244,43.697839,,,15.8787789050848,72.9674518962554,555.768917181217,128.217905756282,2
1049949,48349582,3,26,05:47:20,-79.4408785043173,43.6977030052645,,,15.8787789050848,53.2637359194857,609.032653100702,140.293736678567,2
1049949,48349582,3,27,05:47:32,-79.4415130057565,43.6975670070192,,,15.8787789050848,53.2637359223624,662.296389023065,152.369567601504,2
1049949,48349582,3,28,05:47:44,-79.4421475043174,43.6974310052644,,,15.8787789050848,53.2637359190665,715.560124942131,164.445398523694,2
1049949,48349582,3,29,05:47:57,-79.442782,43.697295,,,15.8787789050848,53.2637359208977,768.823860863029,176.521229446299,2
1049949,48349582,3,30,05:48:05,-79.442643,43.696959,,,15.8787789050848,39.0405717918035,807.864432654833,185.372417518795,2
1049949,48349582,3,31,05:48:06,-79.442634,43.696935,597,3,15.8787789050848,2.76812318437784,810.63255583921,186,2
1049949,48349582,3,32,05:48:06,-79.442634,43.696935,597,3,1e-12,0,810.63255583921,186,2
1049949,48349582,3,33,05:48:12,-79.442497,43.696604,,,24.8419252329454,38.4612088410552,849.093764680266,191.573656249644,2
1049949,48349582,3,34,05:48:13,-79.442442,43.696501,,,24.8419252329454,12.2907472872139,861.38451196748,193.354785925346,2
1049949,48349582,3,35,05:48:26,-79.44215,43.695777,,,24.8419252329454,83.9519948570942,945.336506824574,205.520798770628,2
1049949,48349582,3,36,05:48:39,-79.441803,43.69498,5003,4,24.8419252329454,93.0136969833024,1038.35020380788,219,2
1049949,48349582,3,37,05:48:39,-79.441803,43.69498,5003,4,1e-12,0,1038.35020380788,219,2
1049949,48349582,3,38,05:48:53,-79.441494,43.694188,,,23.8404622331887,91.6058071226177,1129.95601093049,232.832823475307,2
1049949,48349582,3,39,05:49:05,-79.441205,43.69349,,,23.8404622331887,81.1081366809019,1211.0641476114,245.080458994922,2
1049949,48349582,3,40,05:49:17,-79.440911,43.692815,,,23.8404622331887,78.7788001477704,1289.84294775917,256.976355884755,2
1049949,48349582,3,41,05:49:20,-79.440833,43.692647,,,23.8404622331887,19.7273607611984,1309.57030852036,259.955262000151,2
1049949,48349582,3,42,05:49:27,-79.440628,43.692255,2095,5,23.8404622331887,46.6527250633612,1356.22303358373,267,2
1049949,48349582,3,43,05:49:27,-79.440628,43.692255,2095,5,1e-12,0,1356.22303358373,267,2
1049949,48349582,3,44,05:49:29,-79.440579,43.69214,,,22.3787322234158,13.3955257672205,1369.61855935095,269.15489833296,2
1049949,48349582,3,45,05:49:42,-79.440312,43.691475,,,22.3787322234158,77.0839547234684,1446.70251407441,281.555164542595,2
1049949,48349582,3,46,05:49:55,-79.440012,43.69078,,,22.3787322234158,81.0479483100281,1527.75046238444,294.593106594147,2
1049949,48349582,3,47,05:49:58,-79.439946,43.6906,,,22.3787322234158,20.7298017612079,1548.48026414565,297.927848061863,2
1049949,48349582,3,48,05:50:11,-79.439646,43.689903,4196,6,22.3787322234158,81.2606077242683,1629.74087186992,311,2
1049949,48349582,3,49,05:50:11,-79.439646,43.689903,4196,6,1e-12,0,1629.74087186992,311,2
1049949,48349582,3,50,05:50:13,-79.439599,43.689772,,,25.5072296904934,15.0656011945863,1644.80647306451,313.126305559585,2
1049949,48349582,3,51,05:50:17,-79.439538,43.689555,,,25.5072296904934,24.6503102406809,1669.45678330519,316.605362985391,2
1049949,48349582,3,52,05:50:26,-79.439365,43.688998,,,25.5072296904934,63.5494815607588,1733.00626486594,325.574511591286,2
1049949,48349582,3,53,05:50:32,-79.439259,43.688604,,,25.5072296904934,44.6821297819869,1777.68839464793,331.880789033681,2
1049949,48349582,3,54,05:50:39,-79.439108,43.688162,,,25.5072296904934,50.6823202274829,1828.37071487541,339.033912090669,2
1049949,48349582,3,55,05:50:48,-79.4388949981623,43.6876445001977,,,25.5072296904934,60.1052640651633,1888.47597894058,347.516956045663,2
1049949,48349582,3,56,05:50:56,-79.438682,43.687127,9353,7,25.5072296904934,60.1052640605087,1948.58124300109,356,2
1049949,48349582,3,57,05:50:56,-79.438682,43.687127,9353,7,1e-12,0,1948.58124300109,356,2
1049949,48349582,3,58,05:51:14,-79.438405,43.686366,,,17.5371277147414,87.5995670506585,2036.18081005175,373.982331343649,2
1049949,48349582,3,59,05:51:20,-79.438296,43.686119,,,17.5371277147414,28.8619966612014,2065.04280671295,379.907086507118,2
1049949,48349582,3,60,05:51:25,-79.438214,43.685903,,,17.5371277147414,24.9346093404753,2089.97741605342,385.025632433556,2
1049949,48349582,3,61,05:51:33,-79.438079,43.685547,,,17.5371277147414,41.0927884130387,2131.07020446646,393.461109479354,2
1049949,48349582,3,62,05:51:36,-79.438053,43.685455,,,17.5371277147414,10.453074197477,2141.52327866394,395.606903689388,2
1049949,48349582,3,63,05:51:46,-79.437873996097,43.685019000419,9182,8,17.5371277147414,50.6291825974456,2192.15246126138,406,2
1049949,48349582,3,64,05:51:46,-79.437873996097,43.685019000419,9182,8,1e-12,0,2192.15246126138,406,2
1049949,48349582,3,65,05:51:56,-79.4376949947961,43.6845830005586,,,17.8031204353731,50.6291826036638,2242.78164386505,416.237815220923,2
1049949,48349582,3,66,05:52:06,-79.4375159960971,43.684147000419,,,17.8031204353731,50.6291826027316,2293.41082646778,426.475630441658,2
1049949,48349582,3,67,05:52:17,-79.437337,43.683711,,,17.8031204353731,50.6291825982388,2344.04000906602,436.713445661484,2
1049949,48349582,3,68,05:52:29,-79.437118,43.68318,,,17.8031204353731,61.6837731787555,2405.72378224477,449.186628902008,2
1049949,48349582,3,69,05:52:41,-79.436911,43.682677,24364,9,17.8031204353731,58.4207967792539,2464.14457902403,461,2
1049949,48349582,3,70,05:52:41,-79.436911,43.682677,24364,9,1e-12,0,2464.14457902403,461,2
1049949,48349582,3,71,05:53:02,-79.436588,43.68186,,,16.6051053935655,94.5922325707618,2558.73681159479,481.507670935151,2
1049949,48349582,3,72,05:53:19,-79.4363094967483,43.6811595003381,,,16.6051053935655,81.1385524175097,2639.8753640123,499.098573358223,2
1049949,48349582,3,73,05:53:37,-79.436031,43.680459,,,16.6051053935655,81.138552422378,2721.01391643468,516.68947578235,2
1049949,48349582,3,74,05:53:45,-79.435905,43.680146,,,16.6051053935655,36.2895638498564,2757.30348028453,524.557081965091,2
1049949,48349582,3,75,05:53:48,-79.43585,43.680009,9023,10,16.6051053935655,15.8805602308522,2773.18404051539,528,2
1049949,48349582,3,76,05:53:48,-79.43585,43.680009,9023,10,1e-12,0,2773.18404051539,528,2
1049949,48349582,3,77,05:53:56,-79.435678,43.679585,,,22.9769526229848,49.1887853267195,2822.3728258421,535.706836937073,2
1049949,48349582,3,78,05:53:59,-79.435901,43.67954,,,22.9769526229848,18.6390012169395,2841.01182705904,538.627172173951,2
1049949,48349582,3,79,05:54:07,-79.435717,43.679095,,,22.9769526229848,51.7046516103352,2892.71647866938,546.728191871881,2
1049949,48349582,3,80,05:54:14,-79.435544,43.678677,,,22.9769526229848,48.5713296310733,2941.28780830045,554.338286628178,2
1049949,48349582,3,81,05:54:27,-79.435254,43.677982,8430,11,22.9769526229848,80.8132189639346,3022.10102726439,567,2
1049949,48349582,3,82,05:54:27,-79.435254,43.677982,8430,11,1e-12,0,3022.10102726439,567,2
1049949,48349582,3,83,05:54:38,-79.4350344980649,43.67745300021,,,21.0684845273227,61.4825181267869,3083.58354539117,577.505599725001,2
1049949,48349582,3,84,05:54:48,-79.434815,43.676924,,,21.0684845273227,61.4825181279299,3145.0660635191,588.011199450198,2
1049949,48349582,3,85,05:55:03,-79.434503,43.676169,7474,12,21.0684845273227,87.7198090185106,3232.78587253761,603,2
1049949,48349582,3,86,05:55:03,-79.434503,43.676169,7474,12,1e-12,0,3232.78587253761,603,2
1049949,48349582,3,87,05:55:14,-79.434294998253,43.6756650001886,,,18.5903346899959,58.551051949377,3291.33692448699,614.338353533312,2
1049949,48349582,3,88,05:55:26,-79.434087,43.675161,,,18.5903346899959,58.5510519499497,3349.88797643694,625.676707066734,2
1049949,48349582,3,89,05:55:29,-79.434032,43.675031,,,18.5903346899959,15.1338939693572,3365.0218704063,628.607370726006,2
1049949,48349582,3,90,05:55:35,-79.433914,43.674747,3604,13,18.5903346899959,33.0114215979466,3398.03329200424,635,2
1049949,48349582,3,91,05:55:35,-79.433914,43.674747,3604,13,1e-12,0,3398.03329200424,635,2
1049949,48349582,3,92,05:55:42,-79.433771,43.6744,,,20.3155641426418,40.3072456825481,3438.34053768679,642.142606694963,2
1049949,48349582,3,93,05:55:47,-79.433429,43.674449,,,20.3155641426418,28.0710750075618,3466.41161269435,647.116914536856,2
1049949,48349582,3,94,05:55:59,-79.432609,43.674564,,,20.3155641426418,67.2516141289976,3533.66322682335,659.034172121459,2
1049949,48349582,3,95,05:56:05,-79.432161,43.674596,,,20.3155641426418,36.2459438103939,3569.90917063375,665.457099725203,2
1049949,48349582,3,96,05:56:15,-79.43148,43.674674,,,20.3155641426418,55.5135450790944,3625.42271571284,675.294324076028,2
1049949,48349582,3,97,05:56:23,-79.430972,43.674715,,,20.3155641426418,41.1551236367085,3666.57783934955,682.587178168186,2
1049949,48349582,3,98,05:56:30,-79.430823,43.674355,2952,14,20.3155641426418,41.8321270561673,3708.40996640572,690,2
1049949,48349582,3,99,05:56:30,-79.430823,43.674355,2952,14,1e-12,0,3708.40996640572,690,2
1049949,48349582,3,100,05:56:32,-79.430791,43.674278,,,21.3952386264398,8.95045007163168,3717.36041647735,691.506018269787,2
1049949,48349582,3,101,05:56:36,-79.430691,43.674036,,,21.3952386264398,28.116782619208,3745.47719909656,696.236996932678,2
1049949,48349582,3,102,05:56:47,-79.4304504977919,43.6734850002521,,,21.3952386264398,64.321069036974,3809.79826813353,707.05977169,2
1049949,48349582,3,103,05:56:58,-79.43021,43.672934,,,21.3952386264398,64.3210690351933,3874.11933716872,717.882546447022,2
1049949,48349582,3,104,05:57:11,-79.4299304968774,43.6722635003405,24790,15,21.3952386264398,77.9586247047798,3952.0779618735,731,2
1049949,48349582,3,105,05:57:11,-79.4299304968774,43.6722635003405,24790,15,1e-12,0,3952.0779618735,731,2
1049949,48349582,3,106,05:57:25,-79.429651,43.671593,,,20.3079221325542,77.9586247058403,4030.03658657934,744.819781615724,2
1049949,48349582,3,107,05:57:28,-79.429581,43.671427,,,20.3079221325542,19.31948823839,4049.35607481773,748.244561226569,2
1049949,48349582,3,108,05:57:38,-79.429385,43.670965,,,20.3079221325542,53.7965331698044,4103.15260798754,757.781111452987,2
1049949,48349582,3,109,05:57:49,-79.429166,43.670419,2197,16,20.3079221325542,63.2867541740376,4166.43936216158,769,2
1049949,48349582,3,110,05:57:49,-79.429166,43.670419,2197,16,1e-12,0,4166.43936216158,769,2
1049949,48349582,3,111,05:57:55,-79.429008,43.670025,,,29.5456346150557,45.6677518304609,4212.10711399204,774.564406002161,2
1049949,48349582,3,112,05:58:05,-79.428709,43.669297,,,29.5456346150557,84.5412380193547,4296.64835201139,784.865367915315,2
1049949,48349582,3,113,05:58:15,-79.428421,43.668608,,,29.5456346150557,80.1283224867631,4376.77667449815,794.628636320637,2
1049949,48349582,3,114,05:58:24,-79.428143,43.667947,7017,17,29.5456346150557,76.9119130875737,4453.68858758573,804,2
1049949,48349582,3,115,05:58:24,-79.428143,43.667947,7017,17,1e-12,0,4453.68858758573,804,2
1049949,48349582,3,116,05:58:28,-79.428012,43.667621,,,32.2215105107945,37.7921680453175,4491.48075563105,808.222390657867,2
1049949,48349582,3,117,05:58:34,-79.427849,43.667213,,,32.2215105107945,47.2768802526396,4538.75763588369,813.50447601673,2
1049949,48349582,3,118,05:58:43,-79.427559,43.666513,,,32.2215105107945,81.3475205832608,4620.10515646695,822.593158373866,2
1049949,48349582,3,119,05:58:51,-79.427284,43.665867,2502,18,32.2215105107945,75.2447599497411,4695.34991641669,831,2
1049949,48349582,3,120,05:58:51,-79.427284,43.665867,2502,18,1e-12,0,4695.34991641669,831,2
1049949,48349582,3,121,05:58:58,-79.4270952457811,43.6654197504658,,,27.7632412061212,52.0560772618607,4747.40599367855,837.75000000005,2
1049949,48349582,3,122,05:59:05,-79.4269064943749,43.6649725006211,,,27.7632412061212,52.0560772637496,4799.4620709423,844.500000000344,2
1049949,48349582,3,123,05:59:11,-79.4267177457812,43.6645252504658,,,27.7632412061212,52.0560772619491,4851.51814820425,851.250000000406,2
1049949,48349582,3,124,05:59:18,-79.426529,43.664078,7691,19,27.7632412061212,52.0560772583498,4903.5742254626,858,2
1049949,48349582,3,125,05:59:18,-79.426529,43.664078,7691,19,1e-12,0,4903.5742254626,858,2
1049949,48349582,3,126,05:59:39,-79.4263089980394,43.663543000211,,,10.6517451682719,62.1351801462933,4965.70940560889,878.999999999338,2
1049949,48349582,3,127,06:00:00,-79.426089,43.663008,14265,20,10.6517451682719,62.1351801502125,5027.8445857591,900,2
1049949,48349582,3,128,06:00:00,-79.426089,43.663008,14265,20,1e-12,0,5027.8445857591,900,2
1049949,48349582,3,129,,-79.427235,43.662766,,,,96.1390441161991,5123.9836298753,,2
1049949,48349582,3,130,,-79.427016,43.662216,,,,63.7151856858219,5187.69881556112,,2
1049949,48349582,3,131,,-79.426842,43.662252,,,,14.5742000616471,5202.27301562277,,2
1049949,48349582,3,132,,-79.426831,43.662278,,,,3.02683420406619,5205.29984982684,,2
1049949,48349582,3,133,,-79.426802,43.662305,,,,3.80629329453713,5209.10614312137,,2
1049949,48349582,3,134,,-79.426737,43.66233,,,,5.92832999047696,5215.03447311185,,2
1049949,48349582,3,135,,-79.42606,43.662488,,,,57.2862334000369,5272.32070651189,,2
