shape_id,trip_id,route_type,id,timestamp,shape_pt_lon,shape_pt_lat,stop_id,stop_sequence,speed,dist,cumdist,cumtime,trip_number
1049650,48344630,0,1,,-79.544309,43.591634,,,1e-12,0,0,0,1
1049650,48344630,0,2,23:10:00,-79.544096,43.59196,1750,1,,40.1484079982584,40.1484079982584,,1
1049650,48344630,0,3,23:10:00,-79.544096,43.59196,1750,1,1e-12,0,40.1484079982584,0,1
1049650,48344630,0,4,23:10:03,-79.543976,43.59208,,,18.6094873630047,16.4939732714085,56.6423812696669,3.19075440493398,1
1049650,48344630,0,5,23:10:08,-79.543706,43.592184,,,18.6094873630047,24.6558405900938,81.2982218597607,7.96041970483863,1
1049650,48344630,0,6,23:10:10,-79.543576,43.592231,,,18.6094873630047,11.7145326246465,93.0127544844071,10.2265926856465,1
1049650,48344630,0,7,23:10:11,-79.543523,43.592245,,,18.6094873630047,4.54844626487044,97.5612007492776,11.1064883127601,1
1049650,48344630,0,8,23:10:12,-79.543447,43.592259,,,18.6094873630047,6.32257300353936,103.883773752817,12.3295882493006,1
1049650,48344630,0,9,23:10:14,-79.543358,43.592266,,,18.6094873630047,7.21779467130258,111.10156842412,13.7258685610487,1
1049650,48344630,0,10,23:10:16,-79.543231,43.592261,,,18.6094873630047,10.2544673928475,121.356035816967,15.7095923409761,1
1049650,48344630,0,11,23:10:18,-79.543112,43.59225,,,18.6094873630047,9.67217933164603,131.028215148613,17.5806726622507,1
1049650,48344630,0,12,23:10:22,-79.542834,43.592295,,,18.6094873630047,22.9666607007525,153.994875849365,22.0235665963993,1
1049650,48344630,0,13,23:10:27,-79.542568,43.592402,,,18.6094873630047,24.5319075568207,178.526783406186,26.7692570865158,1
1049650,48344630,0,14,23:10:29,-79.542421,43.592447,,,18.6094873630047,12.8669879491876,191.393771355374,29.2583722197548,1
1049650,48344630,0,15,23:10:34,-79.542155,43.5925,,,18.6094873630047,22.2428740775924,213.636645432966,33.5612498389696,1
1049650,48344630,0,16,23:10:39,-79.541795,43.592582,,,18.6094873630047,30.4263511587883,244.062996591755,39.4472187555229,1
1049650,48344630,0,17,23:10:49,-79.5411980012797,43.5927110015533,,,18.6094873630047,50.229154718652,294.292151310407,49.1640343485533,1
1049650,48344630,0,18,23:10:59,-79.540601,43.59284,,,18.6094873630047,50.2291547179856,344.521306028392,58.8808499414548,1
1049650,48344630,0,19,23:11:09,-79.54000150129,43.5929695015663,,,18.6094873630047,50.4380163738086,394.959322402201,68.6380697618504,1
1049650,48344630,0,20,23:11:18,-79.539402,43.593099,,,18.6094873630047,50.4380163740243,445.397338776225,78.3952895822878,1
1049650,48344630,0,21,23:11:31,-79.538616,43.593291,,,18.6094873630047,66.8774373995481,512.274776175773,91.3327106913182,1
1049650,48344630,0,22,23:11:35,-79.538393,43.593345,1073,2,18.6094873630047,18.9573261239988,531.232102299772,95,1
1049650,48344630,0,23,23:11:35,-79.538393,43.593345,1073,2,1e-12,0,531.232102299772,95,1
1049650,48344630,0,24,23:11:38,-79.53818,43.593396,,,21.1759425662382,18.0868912506,549.318993550372,98.0748481820107,1
1049650,48344630,0,25,23:11:55,-79.536999,43.593658,,,21.1759425662382,99.5826585155706,648.901652065943,115.004322255463,1
1049650,48344630,0,26,23:12:05,-79.5363035019069,43.5938230021081,,,21.1759425662382,59.0047932563968,707.906445322339,125.035387227357,1
1049650,48344630,0,27,23:12:15,-79.535608,43.593988,,,21.1759425662382,59.0047932569376,766.911238579277,135.066452199343,1
1049650,48344630,0,28,23:12:27,-79.5348120024669,43.5941745027614,,,21.1759425662382,67.4499293147328,834.36116789401,146.533226099655,1
1049650,48344630,0,29,23:12:38,-79.534016,43.594361,4736,3,21.1759425662382,67.4499293149316,901.811097208941,158,1
1049650,48344630,0,30,23:12:38,-79.534016,43.594361,4736,3,1e-12,0,901.811097208941,158,1
1049650,48344630,0,31,23:12:50,-79.5332080025175,43.5945485028452,,,20.1519343991626,68.404574510809,970.21567171975,170.219991558187,1
1049650,48344630,0,32,23:13:02,-79.5324,43.594736,,,20.1519343991626,68.404574509491,1038.62024622924,182.439983116139,1
1049650,48344630,0,33,23:13:13,-79.531695501879,43.594896502163,,,20.1519343991626,59.5415786943163,1098.16182492356,193.076663399718,1
1049650,48344630,0,34,23:13:24,-79.530991,43.595057,,,20.1519343991626,59.5415786942467,1157.7034036178,203.713343683284,1
1049650,48344630,0,35,23:13:34,-79.530305,43.595201,1719,4,20.1519343991626,57.5822286892227,1215.28563230703,214,1
1049650,48344630,0,36,23:13:34,-79.530305,43.595201,1719,4,1e-12,0,1215.28563230703,214,1
1049650,48344630,0,37,23:13:42,-79.529768,43.595323,,,20.4564277937841,45.3735427742108,1260.65917508124,221.985008704051,1
1049650,48344630,0,38,23:13:53,-79.5290350021073,43.5954960023416,,,20.4564277937841,62.1536611136824,1322.81283619492,232.923046481949,1
1049650,48344630,0,39,23:14:04,-79.528302,43.595669,,,20.4564277937841,62.153661114187,1384.96649730911,243.861084259936,1
1049650,48344630,0,40,23:14:14,-79.527616,43.595814,1233,5,20.4564277937841,57.6127771510768,1442.57927446018,254,1
1049650,48344630,0,41,23:14:14,-79.527616,43.595814,1233,5,1e-12,0,1442.57927446018,254,1
1049650,48344630,0,42,23:14:24,-79.5269607549328,43.5959650056134,,,19.9569253016072,55.4359036145297,1498.01517807471,263.999999999811,1
1049650,48344630,0,43,23:14:34,-79.5263055065771,43.5961160074846,,,19.9569253016072,55.4359036161205,1553.45108169083,273.99999999991,1
1049650,48344630,0,44,23:14:44,-79.5256502549328,43.5962670056135,,,19.9569253016072,55.4359036164006,1608.88698530723,284.000000000058,1
1049650,48344630,0,45,23:14:54,-79.524995,43.596418,2957,6,19.9569253016072,55.4359036152516,1664.32288892249,294,1
1049650,48344630,0,46,23:14:54,-79.524995,43.596418,2957,6,1e-12,0,1664.32288892249,294,1
1049650,48344630,0,47,23:15:03,-79.524411,43.59653,,,20.612925147112,48.7044357608457,1713.02732468333,302.506117762894,1
1049650,48344630,0,48,23:15:13,-79.523697,43.596696,,,20.612925147112,60.4553810939214,1773.48270577725,313.064511119724,1
1049650,48344630,0,49,23:15:22,-79.5230950012956,43.5968255015794,,,20.612925147112,50.6282195799078,1824.11092535716,321.906613304974,1
1049650,48344630,0,50,23:15:31,-79.522493,43.596955,,,20.612925147112,50.6282195808352,1874.739144938,330.748715490386,1
1049650,48344630,0,51,23:15:42,-79.521725,43.597127,,,20.612925147112,64.8079099584249,1939.54705489642,342.067268009508,1
1049650,48344630,0,52,23:15:48,-79.521318,43.597206,4779,7,20.612925147112,33.9697112327447,1973.51676612917,348,1
1049650,48344630,0,53,23:15:48,-79.521318,43.597206,4779,7,1e-12,0,1973.51676612917,348,1
1049650,48344630,0,54,23:16:03,-79.520241,43.597443,,,21.0887520246473,90.7454429351393,2064.2622090643,363.490892689368,1
1049650,48344630,0,55,23:16:19,-79.519144,43.597699,,,21.0887520246473,92.9157444683251,2157.17795353263,379.352271290388,1
1049650,48344630,0,56,23:16:35,-79.518047,43.597947,,,21.0887520246473,92.6461299691326,2249.82408350176,395.167624778308,1
1049650,48344630,0,57,23:16:51,-79.51695,43.598198,7984,8,21.0887520246473,92.7458430587313,2342.56992656049,411,1
1049650,48344630,0,58,23:16:51,-79.51695,43.598198,7984,8,1e-12,0,2342.56992656049,411,1
1049650,48344630,0,59,23:17:05,-79.516026,43.598388,,,19.8014944468698,77.4344320225601,2420.00435858305,425.0779250793,1
1049650,48344630,0,60,23:17:20,-79.51506,43.598595,,,19.8014944468698,81.2131775527316,2501.21753613579,439.842842948217,1
1049650,48344630,0,61,23:17:29,-79.514443,43.598728,,,19.8014944468698,51.896935007851,2553.11447114364,449.277937179592,1
1049650,48344630,0,62,23:17:37,-79.513947,43.598834,,,19.8014944468698,41.6903219761741,2594.80479311981,456.857423642946,1
1049650,48344630,0,63,23:17:52,-79.512977,43.599069,,,19.8014944468698,82.4571332762971,2677.26192639611,471.848498210128,1
1049650,48344630,0,64,23:17:53,-79.512912,43.599085,,,19.8014944468698,5.53445212545103,2682.79637852156,472.854686288764,1
1049650,48344630,0,65,23:18:01,-79.512367,43.599209,,,19.8014944468698,46.0528771207965,2728.84925564236,481.227304733281,1
1049650,48344630,0,66,23:18:09,-79.511861,43.599324,5479,9,19.8014944468698,42.7530506003166,2771.60230624267,489,1
1049650,48344630,0,67,23:18:09,-79.511861,43.599324,5479,9,1e-12,0,2771.60230624267,489,1
1049650,48344630,0,68,23:18:09,-79.511849,43.599327,,,20.7002526515293,1.02340625955909,2772.62571250223,489.177981524981,1
1049650,48344630,0,69,23:18:25,-79.510774,43.599553,,,20.7002526515293,90.2392478415181,2862.86496034375,504.871572211927,1
1049650,48344630,0,70,23:18:27,-79.510616,43.599587,,,20.7002526515293,13.2876168497254,2876.15257719348,507.182433893873,1
1049650,48344630,0,71,23:18:40,-79.509711,43.599791,,,20.7002526515293,76.409096106627,2952.5616733001,520.470810157412,1
1049650,48344630,0,72,23:18:56,-79.508647,43.600014,5050,10,20.7002526515293,89.2939314486474,3041.85560474875,536,1
1049650,48344630,0,73,23:18:56,-79.508647,43.600014,5050,10,1e-12,0,3041.85560474875,536,1
1049650,48344630,0,74,23:18:56,-79.508632,43.600017,,,20.0741054493583,1.25448491289289,3043.11008966164,536.224973695481,1
1049650,48344630,0,75,23:19:11,-79.507618,43.600221,,,20.0741054493583,84.8387037962742,3127.94879345792,551.439566168211,1
1049650,48344630,0,76,23:19:20,-79.5070250013454,43.6003575015325,,,20.0741054493583,50.1609559413993,3178.10974939932,560.435206937588,1
1049650,48344630,0,77,23:19:29,-79.506432,43.600494,,,20.0741054493583,50.1609559420798,3228.2707053414,569.430847707088,1
1049650,48344630,0,78,23:19:47,-79.505274,43.600761,3370,11,20.0741054493583,97.9680599399295,3326.23876528132,587,1
1049650,48344630,0,79,23:19:47,-79.505274,43.600761,3370,11,1e-12,0,3326.23876528132,587,1
1049650,48344630,0,80,23:20:04,-79.504143,43.601006,,,20.033374007122,95.1654146836872,3421.40417996501,604.101237801455,1
1049650,48344630,0,81,23:20:21,-79.50303,43.601259,7245,12,20.033374007122,94.0386731613532,3515.44285312637,621,1
1049650,48344630,0,82,23:20:21,-79.50303,43.601259,7245,12,1e-12,0,3515.44285312637,621,1
1049650,48344630,0,83,23:20:38,-79.501881,43.601513,,,20.8403569864543,96.8435015004829,3612.28635462685,637.728917149948,1
1049650,48344630,0,84,23:20:54,-79.500763,43.601759,7612,13,20.8403569864543,94.1931042086818,3706.47945883553,654,1
1049650,48344630,0,85,23:20:54,-79.500763,43.601759,7612,13,1e-12,0,3706.47945883553,654,1
1049650,48344630,0,86,23:21:11,-79.499653,43.601999,,,20.2109205952658,93.3826253841279,3799.86208421966,670.633455650784,1
1049650,48344630,0,87,23:21:13,-79.499504,43.602029,,,20.2109205952658,12.4667777770901,3812.32886199675,672.854057121458,1
1049650,48344630,0,88,23:21:28,-79.498499,43.602261,6435,14,20.2109205952658,85.0315135718481,3897.3603755686,688,1
1049650,48344630,0,89,23:21:28,-79.498499,43.602261,6435,14,1e-12,0,3897.3603755686,688,1
1049650,48344630,0,90,23:21:36,-79.497958,43.60236,,,20.1762913540455,44.9816719435532,3942.34204751215,696.025955620646,1
1049650,48344630,0,91,23:21:46,-79.497274,43.602404,,,20.1762913540455,55.3552218135799,3997.69726932573,705.902835124021,1
1049650,48344630,0,92,23:21:55,-79.4966375006771,43.6024680017656,,,20.1762913540455,51.8012548856304,4049.49852421136,715.145590113821,1
1049650,48344630,0,93,23:22:04,-79.496001,43.602532,,,20.1762913540455,51.801254882616,4101.29977909398,724.388345103083,1
1049650,48344630,0,94,23:22:07,-79.495852,43.602568,,,20.1762913540455,12.6619596047186,4113.96173869869,726.647583621061,1
1049650,48344630,0,95,23:22:09,-79.495726,43.602594,,,20.1762913540455,10.5613132142754,4124.52305191297,728.532009599265,1
1049650,48344630,0,96,23:22:11,-79.495588,43.602626,,,20.1762913540455,11.680741503325,4136.20379341629,730.616172078587,1
1049650,48344630,0,97,23:22:15,-79.495285,43.602736,,,20.1762913540455,27.3226730384483,4163.52646645474,735.491281245699,1
1049650,48344630,0,98,23:22:25,-79.494701,43.602969,,,20.1762913540455,53.7490220480795,4217.27548850282,745.081570956413,1
1049650,48344630,0,99,23:22:40,-79.493834,43.603341,,,20.1762913540455,81.2363145817298,4298.51180308455,759.576342436584,1
1049650,48344630,0,100,23:22:51,-79.493165,43.603651,24087,15,20.1762913540455,64.0241787023156,4362.53598178687,771,1
1049650,48344630,0,101,23:22:51,-79.493165,43.603651,24087,15,1e-12,0,4362.53598178687,771,1
1049650,48344630,0,102,23:22:54,-79.492989,43.603725,,,17.697807160838,16.405408990074,4378.94139077694,774.337106785464,1
1049650,48344630,0,103,23:22:58,-79.492787,43.603833,,,17.697807160838,20.2405483426594,4399.1819391196,778.454338562902,1
1049650,48344630,0,104,23:23:03,-79.492569,43.603981,,,17.697807160838,24.0881414874433,4423.27008060704,783.354228620846,1
1049650,48344630,0,105,23:23:08,-79.492339,43.604112,,,17.697807160838,23.5880050862126,4446.85808569326,788.15238341701,1
1049650,48344630,0,106,23:23:14,-79.492106,43.604283,,,17.697807160838,26.7416040590235,4473.59968975228,793.592027647371,1
1049650,48344630,0,107,23:23:20,-79.491857,43.604503,,,17.697807160838,31.6644997587933,4505.26418951107,800.033062861264,1
1049650,48344630,0,108,23:23:26,-79.491633,43.604715,,,17.697807160838,29.7149050651288,4534.9790945762,806.077521209255,1
1049650,48344630,0,109,23:23:32,-79.49145,43.60494,,,17.697807160838,29.0679569351352,4564.04705151134,811.990380583045,1
1049650,48344630,0,110,23:23:37,-79.4913,43.605151,,,17.697807160838,26.4178252111154,4590.46487672245,817.36416332888,1
1049650,48344630,0,111,23:23:44,-79.491147,43.605399,,,17.697807160838,30.2367404659475,4620.7016171884,823.514770841334,1
1049650,48344630,0,112,23:23:50,-79.491007,43.605673,,,17.697807160838,32.5222204510486,4653.22383763945,830.130279336807,1
1049650,48344630,0,113,23:23:57,-79.490855,43.605966,,,17.697807160838,34.8419280520817,4688.06576569153,837.217651226871,1
1049650,48344630,0,114,23:24:04,-79.490734,43.606236,,,17.697807160838,31.5991600489074,4719.66492574044,843.645395361624,1
1049650,48344630,0,115,23:24:10,-79.49063,43.606501,,,17.697807160838,30.6676567621018,4750.33258250254,849.883657726007,1
1049650,48344630,0,116,23:24:16,-79.490559,43.606744,,,17.697807160838,27.6494050159372,4777.98198751848,855.507962316557,1
1049650,48344630,0,117,23:24:21,-79.490525,43.606974,,,17.697807160838,25.7497399205793,4803.73172743906,860.745846472014,1
1049650,48344630,0,118,23:24:36,-79.4904530007972,43.6076400000226,,,17.697807160838,74.3655798544067,4878.09730729346,875.87292323598,1
1049650,48344630,0,119,23:24:51,-79.490381,43.608306,24085,16,17.697807160838,74.3655798546703,4952.46288714813,891,1
1049650,48344630,0,120,23:24:51,-79.490381,43.608306,24085,16,1e-12,0,4952.46288714813,891,1
1049650,48344630,0,121,23:24:56,-79.490343,43.608563,,,18.9577396990095,28.7726015423252,4981.23548869046,896.463803554481,1
1049650,48344630,0,122,23:25:08,-79.4903085003175,43.6091165000052,,,18.9577396990095,61.6780561578335,5042.91354484829,908.176223162173,1
1049650,48344630,0,123,23:25:20,-79.490274,43.60967,,,18.9577396990095,61.6780561549689,5104.59160100326,919.888642769321,1
1049650,48344630,0,124,23:25:37,-79.490133,43.610466,,,18.9577396990095,89.3361351373936,5193.92773614066,936.853222492473,1
1049650,48344630,0,125,23:25:47,-79.490059,43.610943,24086,17,18.9577396990095,53.4333241031831,5247.36106024384,947,1
1049650,48344630,0,126,23:25:47,-79.490059,43.610943,24086,17,1e-12,0,5247.36106024384,947,1
1049650,48344630,0,127,23:25:52,-79.490029,43.611151,,,17.4245665369267,23.2803654436636,5270.6414256875,951.809836469652,1
1049650,48344630,0,128,23:26:03,-79.4899580005631,43.611628000022,,,17.4245665369267,53.4068646846804,5324.04829037218,962.843953872653,1
1049650,48344630,0,129,23:26:14,-79.489887,43.612105,,,17.4245665369267,53.4068646840067,5377.45515505619,973.878071275515,1
1049650,48344630,0,130,23:26:15,-79.489882,43.612141,,,17.4245665369267,4.02771291978202,5381.48286797597,974.710216309395,1
1049650,48344630,0,131,23:26:28,-79.489786,43.61273,,,17.4245665369267,66.0221345668329,5447.5050025428,988.350709686197,1
1049650,48344630,0,132,23:26:35,-79.489713,43.613005,,,17.4245665369267,31.1731277164796,5478.67813025928,994.791229141387,1
1049650,48344630,0,133,23:26:40,-79.489633,43.613221,,,17.4245665369267,24.8944970237216,5503.572627283,999.934553028123,1
1049650,48344630,0,134,23:26:46,-79.489465,43.613455,2173,18,17.4245665369267,29.3577178715754,5532.93034515458,1006,1
1049650,48344630,0,135,23:26:46,-79.489465,43.613455,2173,18,1e-12,0,5532.93034515458,1006,1
1049650,48344630,0,136,23:26:52,-79.489314,43.613779,,,22.1527348296823,38.0654063449853,5570.99575149957,1012.18593884211,1
1049650,48344630,0,137,23:26:57,-79.489162,43.614044,,,22.1527348296823,31.9422369483056,5602.93798844787,1017.37681274089,1
1049650,48344630,0,138,23:27:06,-79.4889130018736,43.6144965002702,,,22.1527348296823,54.2224714159082,5657.16045986378,1026.18840637021,1
1049650,48344630,0,139,23:27:15,-79.488664,43.614949,5516,19,22.1527348296823,54.2224714187974,5711.38293128258,1035,1
1049650,48344630,0,140,23:27:15,-79.488664,43.614949,5516,19,1e-12,0,5711.38293128258,1035,1
1049650,48344630,0,141,23:27:33,-79.488231,43.615737,,,18.688691387391,94.4063939752981,5805.78932525788,1053.1854904266,1
1049650,48344630,0,142,23:27:51,-79.4877895056645,43.6165085008495,,,18.688691387391,92.9619884202456,5898.75131367812,1071.09274521377,1
1049650,48344630,0,143,23:28:09,-79.487348,43.61728,8764,20,18.688691387391,92.9619884153212,5991.71330209344,1089,1
1049650,48344630,0,144,23:28:09,-79.487348,43.61728,8764,20,1e-12,0,5991.71330209344,1089,1
1049650,48344630,0,145,23:28:27,-79.486918,43.618104,,,19.1216763297297,98.0550411788256,6089.76834327227,1107.46062772723,1
1049650,48344630,0,146,23:28:46,-79.48647,43.618927,10217,21,19.1216763297297,98.4732988767298,6188.241642149,1126,1
1049650,48344630,0,147,23:28:46,-79.48647,43.618927,10217,21,1e-12,0,6188.241642149,1126,1
1049650,48344630,0,148,23:28:56,-79.486193,43.619337,,,18.0349606110103,50.8076846210606,6239.04932677006,1136.14183887511,1
1049650,48344630,0,149,23:28:59,-79.486107,43.619431,,,18.0349606110103,12.5510675731012,6251.60039434316,1138.64718636312,1
1049650,48344630,0,150,23:29:01,-79.486039,43.619503,,,18.0349606110103,9.7093134580055,6261.30970780116,1140.58528477114,1
1049650,48344630,0,151,23:29:03,-79.485962,43.619572,,,18.0349606110103,9.87441894649308,6271.18412674766,1142.55634026574,1
1049650,48344630,0,152,23:29:04,-79.485921,43.619603,,,18.0349606110103,4.77764816892408,6275.96177491658,1143.51001761382,1
1049650,48344630,0,153,23:29:05,-79.485877,43.619636,,,18.0349606110103,5.10570023874847,6281.06747515533,1144.52917819065,1
1049650,48344630,0,154,23:29:07,-79.485778,43.619705,,,18.0349606110103,11.0747662331641,6292.14224138849,1146.73983777008,1
1049650,48344630,0,155,23:29:09,-79.48567,43.619772,,,18.0349606110103,11.4620584461992,6303.60429983469,1149.02780563962,1
1049650,48344630,0,156,23:29:11,-79.485549,43.619823,,,18.0349606110103,11.2834545972513,6314.88775443194,1151.28012198376,1
1049650,48344630,0,157,23:29:14,-79.485419,43.619868,,,18.0349606110103,11.6124605299722,6326.50021496192,1153.59811195943,1
1049650,48344630,0,158,23:29:16,-79.485278,43.619913,,,18.0349606110103,12.4180858561538,6338.91830081807,1156.07691466082,1
1049650,48344630,0,159,23:29:33,-79.484262,43.62016,,,18.0349606110103,86.3705235633158,6425.28882438139,1173.31753367488,1
1049650,48344630,0,160,23:29:35,-79.484158,43.620187,,,18.0349606110103,8.90373328666547,6434.19255766805,1175.09482837063,1
1049650,48344630,0,161,23:29:38,-79.483998,43.620219,,,18.0349606110103,13.3770001147671,6447.56955778282,1177.76504215439,1
1049650,48344630,0,162,23:29:39,-79.483922,43.620232,,,18.0349606110103,6.29328532873237,6453.86284311155,1179.02125932459,1
1049650,48344630,0,163,23:29:40,-79.483883,43.620255,,,18.0349606110103,4.05379289637881,6457.91663600793,1179.83044625556,1
1049650,48344630,0,164,23:29:41,-79.483838,43.620264,,,18.0349606110103,3.76227799773856,6461.67891400567,1180.58144322661,1
1049650,48344630,0,165,23:29:48,-79.483431,43.620421,5692,22,18.0349606110103,37.1648275551727,6498.84374156084,1188,1
1049650,48344630,0,166,23:29:48,-79.483431,43.620421,5692,22,1e-12,0,6498.84374156084,1188,1
1049650,48344630,0,167,23:29:51,-79.483267,43.620511,,,18.6393586562751,16.5844880881371,6515.42822964898,1191.20312293026,1
1049650,48344630,0,168,23:29:52,-79.483234,43.620525,,,18.6393586562751,3.0823825876893,6518.51061223667,1191.79845335554,1
1049650,48344630,0,169,23:29:53,-79.483182,43.620561,,,18.6393586562751,5.79832071400599,6524.30893295067,1192.91833923548,1
1049650,48344630,0,170,23:29:55,-79.483077,43.620637,,,18.6393586562751,11.9655897673568,6536.27452271803,1195.2293695642,1
1049650,48344630,0,171,23:29:59,-79.48293,43.620754,,,18.6393586562751,17.6059090493709,6553.8804317674,1198.62976942487,1
1049650,48344630,0,172,23:30:03,-79.482749,43.620925,,,18.6393586562751,23.9814796073685,6577.86191137477,1203.26154502287,1
1049650,48344630,0,173,23:30:08,-79.482574,43.621092,,,18.6393586562751,23.3341946628387,6601.19610603761,1207.7683042057,1
1049650,48344630,0,174,23:30:11,-79.482478,43.621204,,,18.6393586562751,14.6729485962024,6615.86905463381,1210.60223298621,1
1049650,48344630,0,175,23:30:19,-79.482227,43.621569,,,18.6393586562751,45.3878933657966,6661.25694799961,1219.36843675588,1
1049650,48344630,0,176,23:30:27,-79.482028,43.621911,,,18.6393586562751,41.3108927230565,6702.56784072266,1227.34720987493,1
1049650,48344630,0,177,23:30:29,-79.481972,43.621983,,,18.6393586562751,9.19811377097662,6711.76595449364,1229.1237307406,1
1049650,48344630,0,178,23:30:39,-79.4816605020907,43.6223865004229,,,18.6393586562751,51.4556821486967,6763.22163664234,1239.06186537019,1
1049650,48344630,0,179,23:30:49,-79.481349,43.62279,9453,23,18.6393586562751,51.4556821498321,6814.67731879217,1249,1
1049650,48344630,0,180,23:30:49,-79.481349,43.62279,9453,23,1e-12,0,6814.67731879217,1249,1
1049650,48344630,0,181,23:30:53,-79.481211,43.622968,,,18.3600551319826,22.7221465592444,6837.39946535141,1253.45530947621,1
1049650,48344630,0,182,23:31:07,-79.480854,43.623536,,,18.3600551319826,69.4663740271103,6906.86583937852,1267.07612622757,1
1049650,48344630,0,183,23:31:12,-79.480736,43.623736,,,18.3600551319826,24.2094568602921,6931.07529623882,1271.82306429886,1
1049650,48344630,0,184,23:31:21,-79.480528,43.624142,,,18.3600551319826,48.2036099294677,6979.27890616828,1281.27472413859,1
1049650,48344630,0,185,23:31:26,-79.480429,43.624335,,,18.3600551319826,22.9179626897552,7002.19686885804,1285.76842881921,1
1049650,48344630,0,186,23:31:39,-79.480151,43.624899,,,18.3600551319826,66.6609968619188,7068.85786571996,1298.83917326839,1
1049650,48344630,0,187,23:31:46,-79.480001,43.625205,,,18.3600551319826,36.1446918546947,7105.00255757465,1305.92634646812,1
1049650,48344630,0,188,23:31:56,-79.479788,43.62564,2061,24,18.3600551319826,51.3757872849705,7156.37834485962,1316,1
1049650,48344630,0,189,23:31:56,-79.479788,43.62564,2061,24,1e-12,0,7156.37834485962,1316,1
1049650,48344630,0,190,23:32:14,-79.479398,43.626457,,,19.4035194941083,96.2244130264504,7252.60275788607,1333.85283783184,1
1049650,48344630,0,191,23:32:15,-79.479377,43.6265,,,19.4035194941083,5.07703266076458,7257.67979054684,1334.79479671637,1
1049650,48344630,0,192,23:32:28,-79.479116,43.62711,,,19.4035194941083,71.087106322154,7328.76689686899,1347.9838257911,1
1049650,48344630,0,193,23:32:29,-79.479086,43.627174,,,19.4035194941083,7.52338310105834,7336.29027997005,1349.37966427143,1
1049650,48344630,0,194,23:32:32,-79.47902,43.627305,,,19.4035194941083,15.5223150236288,7351.81259499368,1352.2595713987,1
1049650,48344630,0,195,23:32:46,-79.478763,43.627962,,,19.4035194941083,76.012133997038,7427.82472899072,1366.3623573635,1
1049650,48344630,0,196,23:32:53,-79.478669,43.628273,,,19.4035194941083,35.4392180749888,7463.26394706571,1372.93751426268,1
1049650,48344630,0,197,23:32:56,-79.47863,43.628414,,,19.4035194941083,16.0075332507042,7479.27148031641,1375.90744555375,1
1049650,48344630,0,198,23:32:58,-79.478583,43.628517,,,19.4035194941083,12.0751420087318,7491.34662232514,1378.14778711883,1
1049650,48344630,0,199,23:33:03,-79.478457,43.628738,,,19.4035194941083,26.6141707233061,7517.96079304845,1383.0856034069,1
1049650,48344630,0,200,23:33:08,-79.478304,43.628935,,,19.4035194941083,25.1575878049976,7543.11838085345,1387.7531749846,1
1049650,48344630,0,201,23:33:12,-79.478206,43.629128,9423,25,19.4035194941083,22.8898199929074,7566.00820084635,1392,1
1049650,48344630,0,202,23:33:12,-79.478206,43.629128,9423,25,1e-12,0,7566.00820084635,1392,1
1049650,48344630,0,203,23:33:16,-79.47813,43.629267,,,16.4625785586457,16.6411052707763,7582.64930611713,1395.63903982365,1
1049650,48344630,0,204,23:33:17,-79.4781,43.62932,,,16.4625785586457,6.37591826002011,7589.02522437715,1397.03331142298,1
1049650,48344630,0,205,23:33:20,-79.478079,43.629434,,,16.4625785586457,12.8027314255379,7601.82795580269,1399.83298420618,1
1049650,48344630,0,206,23:33:22,-79.478073,43.629509,,,16.4625785586457,8.36294725362075,7610.19090305631,1401.66177487866,1
1049650,48344630,0,207,23:33:23,-79.478073,43.629563,,,16.4625785586457,6.01125250040501,7616.20215555671,1402.97630218216,1
1049650,48344630,0,208,23:33:23,-79.478073,43.629578,,,16.4625785586457,1.66979236283654,7617.87194791955,1403.34144865571,1
1049650,48344630,0,209,23:33:27,-79.478075,43.629731,,,16.4625785586457,17.0326444312037,7634.90459235075,1407.0661093906,1
1049650,48344630,0,210,23:33:27,-79.478078,43.629744,,,16.4625785586457,1.46720253835827,7636.37179488911,1407.38695397271,1
1049650,48344630,0,211,23:33:30,-79.478095,43.629842,,,16.4625785586457,10.9949673724392,7647.36676226155,1409.79130894054,1
1049650,48344630,0,212,23:33:30,-79.478098,43.629855,,,16.4625785586457,1.46720246201695,7648.83396472357,1410.11215350595,1
1049650,48344630,0,213,23:33:36,-79.478139,43.630076,,,16.4625785586457,24.8224193551049,7673.65638407867,1415.5402648653,1
1049650,48344630,0,214,23:33:36,-79.478141,43.630091,,,16.4625785586457,1.6775503817716,7675.33393446044,1415.90710784515,1
1049650,48344630,0,215,23:33:38,-79.478158,43.630184,,,16.4625785586457,10.442935330915,7685.77686979136,1418.19074567608,1
1049650,48344630,0,216,23:33:40,-79.478178,43.63026,,,16.4625785586457,8.61238778957469,7694.38925758093,1420.0740834492,1
1049650,48344630,0,217,23:33:40,-79.478183,43.63027,,,16.4625785586457,1.18385246587482,7695.57311004681,1420.33296566878,1
1049650,48344630,0,218,23:33:42,-79.478213,43.630329,,,16.4625785586457,6.99854138898342,7702.57165143579,1421.86339110672,1
1049650,48344630,0,219,23:33:44,-79.478295,43.630396,,,16.4625785586457,9.96397987973231,7712.53563131552,1424.04229202672,1
1049650,48344630,0,220,23:33:45,-79.478351,43.630437,,,16.4625785586457,6.41796552029833,7718.95359683582,1425.44575842725,1
1049650,48344630,0,221,23:33:52,-79.4786,43.63062,,,16.4625785586457,28.5921831900153,7747.54578002584,1431.69823334285,1
1049650,48344630,0,222,23:33:53,-79.478644,43.630664,,,16.4625785586457,6.04645461805264,7753.59223464389,1433.02045856701,1
1049650,48344630,0,223,23:33:54,-79.478689,43.630711,,,16.4625785586457,6.36556451271044,7759.9577991566,1434.41246603195,1
1049650,48344630,0,224,23:33:56,-79.478718,43.630756,,,16.4625785586457,5.52753760938727,7765.48533676599,1435.62121564082,1
1049650,48344630,0,225,23:33:56,-79.478726,43.630768,,,16.4625785586457,1.48322045695959,7766.96855722295,1435.94556298568,1
1049650,48344630,0,226,23:33:57,-79.478744,43.630825,,,16.4625785586457,6.50884949875105,7773.4774067217,1437.36890369213,1
1049650,48344630,0,227,23:33:58,-79.478746,43.63087,,,16.4625785586457,5.01196836141072,7778.48937508311,1438.46490976656,1
1049650,48344630,0,228,23:33:59,-79.478736,43.630901,,,16.4625785586457,3.54371859689173,7782.03309368,1439.2398422538,1
1049650,48344630,0,229,23:34:00,-79.47872,43.63093,14968,26,16.4625785586457,3.4761546149614,7785.50924829496,1440,1
1049650,48344630,0,230,23:34:00,-79.47872,43.63093,14968,26,1e-12,0,7785.50924829496,1440,1
1049650,48344630,0,231,,-79.478699,43.630967,,,,4.4528261657635,7789.96207446073,,1
1049650,48344630,0,232,,-79.478481,43.631289,,,,39.9171545346182,7829.87922899534,,1
1049650,48344630,0,233,,-79.478378,43.63151,,,,25.963661359624,7855.84289035497,,1
1049650,48344630,0,234,,-79.478376,43.631518,,,,0.905017889994908,7856.74790824496,,1
1049650,48344630,0,235,,-79.478221,43.632003,,,,55.4155318818456,7912.16344012681,,1
1049650,48344630,0,236,,-79.477659,43.632181,,,,49.4268256849144,7961.59026581172,,1
1049650,48344630,0,237,,-79.477325,43.632289,,,,29.4742508955399,7991.06451670726,,1
1049650,48344630,0,238,,-79.4772,43.632325,,,,10.8394199476667,8001.90393665493,,1
1049650,48344630,0,239,,-79.477023,43.632383,,,,15.6545591746267,8017.55849582956,,1
1049650,48344630,0,240,,-79.476851,43.63246,,,,16.2948559759099,8033.85335180547,,1
1049650,48344630,0,241,,-79.476731,43.632527,,,,12.2109725082542,8046.06432431372,,1
1049650,48344630,0,242,,-79.476618,43.632604,,,,12.5045696005044,8058.56889391423,,1
1049650,48344630,0,243,,-79.476538,43.632667,,,,9.52525314050127,8068.09414705473,,1
1049650,48344630,0,244,,-79.476464,43.632734,,,,9.54860995013735,8077.64275700486,,1
1049650,48344630,0,245,,-79.476447,43.632748,,,,2.07482879492584,8079.71758579979,,1
1049650,48344630,0,246,,-79.476367,43.63282,,,,10.2852592277587,8090.00284502755,,1
1049650,48344630,0,247,,-79.476267,43.632909,,,,12.7700097378079,8102.77285476536,,1
1049650,48344630,0,248,,-79.476189,43.632972,,,,9.41693628081114,8112.18979104617,,1
1049650,48344630,0,249,,-79.475675,43.633377,,,,61.2179437142054,8173.40773476037,,1
1049650,48344630,0,250,,-79.47554,43.633483,,,,16.0481717184111,8189.45590647878,,1
1049650,48344630,0,251,,-79.475449,43.633562,,,,11.449642870142,8200.90554934893,,1
1049650,48344630,0,252,,-79.475358,43.633643,,,,11.6215157414292,8212.52706509036,,1
1049650,48344630,0,253,,-79.475267,43.633724,,,,11.6215095035476,8224.1485745939,,1
1049650,48344630,0,254,,-79.475178,43.633809,,,,11.8722676917912,8236.02084228569,,1
1049650,48344630,0,255,,-79.475128,43.633854,,,,6.42824301231572,8242.44908529801,,1
1049650,48344630,0,256,,-79.475088,43.63389,,,,5.1425930510007,8247.59167834901,,1
1049650,48344630,0,257,,-79.475,43.633976,,,,11.913039991473,8259.50471834048,,1
1049650,48344630,0,258,,-79.474823,43.634148,,,,23.8741002721959,8283.37881861268,,1
1049650,48344630,0,259,,-79.474738,43.634228,,,,11.2342622459912,8294.61308085867,,1
1049650,48344630,0,260,,-79.474652,43.634313,,,,11.7278281483581,8306.34090900703,,1
1049650,48344630,0,261,,-79.474567,43.634403,,,,12.1356842502923,8318.47659325732,,1
1049650,48344630,0,262,,-79.474493,43.634478,,,,10.2592026249073,8328.73579588223,,1
1049650,48344630,0,263,,-79.474482,43.634489,,,,1.51158043825216,8330.24737632048,,1
1049650,48344630,0,264,,-79.474398,43.634574,,,,11.6333365095267,8341.88071283001,,1
1049650,48344630,0,265,,-79.474315,43.63466,,,,11.6777306419981,8353.558443472,,1
1049650,48344630,0,266,,-79.474232,43.634745,,,,11.586640096597,8365.1450835686,,1
1049650,48344630,0,267,,-79.474126,43.634853,,,,14.7470478816827,8379.89213145028,,1
1049650,48344630,0,268,,-79.474028,43.634957,,,,14.0133211621403,8393.90545261242,,1
1049650,48344630,0,269,,-79.47393,43.63506,,,,13.9214871809702,8407.8269397934,,1
1049650,48344630,0,270,,-79.47383,43.635164,,,,14.1047232284484,8421.93166302184,,1
1049650,48344630,0,271,,-79.47373,43.635267,,,,14.0134879230171,8435.94515094486,,1
1049650,48344630,0,272,,-79.473629,43.635371,,,,14.1508824073634,8450.09603335222,,1
1049650,48344630,0,273,,-79.473525,43.635474,,,,14.2012000197257,8464.29723337195,,1
1049650,48344630,0,274,,-79.473493,43.635492,,,,3.26524500753027,8467.56247837948,,1
1049650,48344630,0,275,,-79.473321,43.635663,,,,23.5453847078642,8491.10786308734,,1
1049650,48344630,0,276,,-79.473202,43.635769,,,,15.2037989331037,8506.31166202045,,1
1049650,48344630,0,277,,-79.4731,43.63586,,,,13.0441653824388,8519.35582740289,,1
1049650,48344630,0,278,,-79.473002,43.635942,,,,12.0690894755385,8531.42491687843,,1
1049650,48344630,0,279,,-79.47292,43.636013,,,,10.3011231716074,8541.72604005003,,1
1049650,48344630,0,280,,-79.472901,43.636026,,,,2.10653041184512,8543.83257046188,,1
1049650,48344630,0,281,,-79.472841,43.636069,,,,6.80294828779224,8550.63551874967,,1
1049650,48344630,0,282,,-79.472733,43.636142,,,,11.9057484587386,8562.54126720841,,1
1049650,48344630,0,283,,-79.472618,43.636217,,,,12.4718463933657,8575.01311360177,,1
1049650,48344630,0,284,,-79.472528,43.636272,,,,9.49009175775029,8584.50320535953,,1
1049650,48344630,0,285,,-79.472373,43.636361,,,,15.9405069992564,8600.44371235878,,1
1049650,48344630,0,286,,-79.472317,43.636392,,,,5.68013931973105,8606.12385167851,,1
1049650,48344630,0,287,,-79.472262,43.636424,,,,5.68543558676917,8611.80928726528,,1
1049650,48344630,0,288,,-79.472205,43.636455,,,,5.74433653721371,8617.5536238025,,1
1049650,48344630,0,289,,-79.472148,43.636482,,,,5.48839058034508,8623.04201438284,,1
1049650,48344630,0,290,,-79.472091,43.636514,,,,5.81188945417642,8628.85390383702,,1
1049650,48344630,0,291,,-79.472033,43.636545,,,,5.80893972600088,8634.66284356302,,1
1049650,48344630,0,292,,-79.471975,43.636572,,,,5.55597056422051,8640.21881412724,,1
1049650,48344630,0,293,,-79.471916,43.636604,,,,5.94002170091136,8646.15883582815,,1
1049650,48344630,0,294,,-79.471857,43.636631,,,,5.62389429588479,8651.78273012404,,1
1049650,48344630,0,295,,-79.471798,43.636658,,,,5.62389249131903,8657.40662261535,,1
1049650,48344630,0,296,,-79.471738,43.636685,,,,5.69214789236776,8663.09877050772,,1
1049650,48344630,0,297,,-79.471677,43.636716,,,,6.00506934015282,8669.10383984787,,1
1049650,48344630,0,298,,-79.471616,43.636739,,,,5.54143298493377,8674.64527283281,,1
1049650,48344630,0,299,,-79.471555,43.636766,,,,5.76071742355733,8680.40599025636,,1
1049650,48344630,0,300,,-79.471493,43.636793,,,,5.82959732042233,8686.23558757679,,1
1049650,48344630,0,301,,-79.471432,43.636815,,,,5.49088123395692,8691.72646881074,,1
1049650,48344630,0,302,,-79.471369,43.636842,,,,5.89877154617324,8697.62524035692,,1
1049650,48344630,0,303,,-79.471306,43.636865,,,,5.68481121140625,8703.31005156832,,1
1049650,48344630,0,304,,-79.471243,43.636887,,,,5.63554947769333,8708.94560104602,,1
1049650,48344630,0,305,,-79.471179,43.63691,,,,5.75685339509643,8714.70245444111,,1
1049650,48344630,0,306,,-79.471115,43.636932,,,,5.70821336427393,8720.41066780539,,1
1049650,48344630,0,307,,-79.471043,43.636957,,,,6.43372711625582,8726.84439492164,,1
1049650,48344630,0,308,,-79.470986,43.636977,,,,5.10344038067619,8731.94783530232,,1
1049650,48344630,0,309,,-79.470922,43.636995,,,,5.53180961748369,8737.4796449198,,1
1049650,48344630,0,310,,-79.470856,43.637018,,,,5.90159689060639,8743.38124181041,,1
1049650,48344630,0,311,,-79.470791,43.637036,,,,5.60697603736464,8748.98821784777,,1
1049650,48344630,0,312,,-79.470725,43.637058,,,,5.85415804751123,8754.84237589529,,1
1049650,48344630,0,313,,-79.470659,43.637076,,,,5.68229029366824,8760.52466618895,,1
1049650,48344630,0,314,,-79.470592,43.63709,,,,5.61831721121179,8766.14298340017,,1
1049650,48344630,0,315,,-79.470533,43.637108,,,,5.15839637994598,8771.30137978011,,1
1049650,48344630,0,316,,-79.470526,43.637109,,,,0.57483471394775,8771.87621449406,,1
1049650,48344630,0,317,,-79.470449,43.637121,,,,6.34567862217566,8778.22189311623,,1
1049650,48344630,0,318,,-79.470364,43.637139,,,,7.13513054218799,8785.35702365842,,1
1049650,48344630,0,319,,-79.470279,43.637153,,,,7.02309640882554,8792.38012006725,,1
1049650,48344630,0,320,,-79.470194,43.637166,,,,6.99923405241756,8799.37935411967,,1
1049650,48344630,0,321,,-79.470108,43.63718,,,,7.10167188298325,8806.48102600265,,1
1049650,48344630,0,322,,-79.470023,43.637193,,,,6.99923104184303,8813.48025704449,,1
1049650,48344630,0,323,,-79.469937,43.637206,,,,7.07807292961246,8820.5583299741,,1
1049650,48344630,0,324,,-79.469914,43.63721,,,,1.90573515917745,8822.46406513328,,1
1049650,48344630,0,325,,-79.469851,43.63722,,,,5.19620901190264,8827.66027414519,,1
1049650,48344630,0,326,,-79.469766,43.637229,,,,6.920887031666,8834.58116117685,,1
1049650,48344630,0,327,,-79.46968,43.637238,,,,7.00061165439658,8841.58177283125,,1
1049650,48344630,0,328,,-79.469593,43.637251,,,,7.15694946504911,8848.7387222963,,1
1049650,48344630,0,329,,-79.469507,43.63726,,,,7.00060914366985,8855.73933143997,,1
1049650,48344630,0,330,,-79.469419,43.637265,,,,7.11149110784331,8862.85082254781,,1
1049650,48344630,0,331,,-79.469295,43.637283,,,,10.1889664734241,8873.03978902123,,1
1049650,48344630,0,332,,-79.469172,43.637296,,,,10.0145412038495,8883.05433022508,,1
1049650,48344630,0,333,,-79.469048,43.637314,,,,10.1889614207017,8893.24329164578,,1
1049650,48344630,0,334,,-79.468979,43.637324,,,,5.66930992263792,8898.91260156842,,1
1049650,48344630,0,335,,-79.468924,43.637332,,,,4.51964918142793,8903.43225074985,,1
1049650,48344630,0,336,,-79.468801,43.637346,,,,10.0312241784965,8913.46347492835,,1
1049650,48344630,0,337,,-79.468678,43.637368,,,,10.20756112231,8923.67103605066,,1
1049650,48344630,0,338,,-79.468555,43.637386,,,,10.1099710201984,8933.78100707086,,1
1049650,48344630,0,339,,-79.468432,43.637404,,,,10.1099681111736,8943.89097518203,,1
1049650,48344630,0,340,,-79.468402,43.63741,,,,2.50752061998211,8946.39849580201,,1
1049650,48344630,0,341,,-79.468309,43.637427,,,,7.72777703177828,8954.12627283379,,1
1049650,48344630,0,342,,-79.468187,43.637445,,,,10.0310081223629,8964.15728095615,,1
1049650,48344630,0,343,,-79.468064,43.637467,,,,10.2075452717456,8974.3648262279,,1
1049650,48344630,0,344,,-79.467942,43.63749,,,,10.1568377575509,8984.52166398545,,1
1049650,48344630,0,345,,-79.46782,43.637508,,,,10.0309980232837,8994.55266200873,,1
1049650,48344630,0,346,,-79.467698,43.63753,,,,10.1293426095161,9004.68200461825,,1
1049650,48344630,0,347,,-79.467577,43.637553,,,,10.0788858574919,9014.76089047574,,1
1049650,48344630,0,348,,-79.467455,43.637579,,,,10.2461065851948,9025.00699706093,,1
1049650,48344630,0,349,,-79.467282,43.637605,,,,14.234928970043,9039.24192603098,,1
1049650,48344630,0,350,,-79.467168,43.637624,,,,9.42469485020503,9048.66662088118,,1
1049650,48344630,0,351,,-79.467066,43.637642,,,,8.45829700798729,9057.12491788917,,1
1049650,48344630,0,352,,-79.466964,43.637665,,,,8.60715447564329,9065.73207236481,,1
1049650,48344630,0,353,,-79.466862,43.637683,,,,8.45829156112434,9074.19036392594,,1
1049650,48344630,0,354,,-79.466761,43.637705,,,,8.49751699662202,9082.68788092256,,1
1049650,48344630,0,355,,-79.466659,43.637728,,,,8.60714625086019,9091.29502717342,,1
1049650,48344630,0,356,,-79.466559,43.637746,,,,8.3018297967446,9099.59685697016,,1
1049650,48344630,0,357,,-79.466452,43.63777,,,,9.02484925555653,9108.62170622572,,1
1049650,48344630,0,358,,-79.466358,43.637795,,,,8.06816632707416,9116.6898725528,,1
1049650,48344630,0,359,,-79.466257,43.637818,,,,8.53025137481242,9125.22012392761,,1
1049650,48344630,0,360,,-79.466157,43.63784,,,,8.42038620474685,9133.64051013235,,1
1049650,48344630,0,361,,-79.466058,43.637867,,,,8.52333774934827,9142.1638478817,,1
1049650,48344630,0,362,,-79.465958,43.63789,,,,8.45342760169797,9150.6172754834,,1
1049650,48344630,0,363,,-79.465859,43.637917,,,,8.52333153976466,9159.14060702317,,1
1049650,48344630,0,364,,-79.465761,43.637944,,,,8.44798768582482,9167.58859470899,,1
1049650,48344630,0,365,,-79.465662,43.637971,,,,8.52332483112433,9176.11191954012,,1
1049650,48344630,0,366,,-79.465564,43.637998,,,,8.44798105564112,9184.55990059576,,1
1049650,48344630,0,367,,-79.465466,43.638025,,,,8.44797773999337,9193.00787833575,,1
1049650,48344630,0,368,,-79.465368,43.638056,,,,8.61645045748628,9201.62432879324,,1
1049650,48344630,0,369,,-79.465271,43.638083,,,,8.37272757387039,9209.9970563671,,1
1049650,48344630,0,370,,-79.465174,43.638114,,,,8.54268452084253,9218.53974088795,,1
1049650,48344630,0,371,,-79.465074,43.638146,,,,8.80874277459853,9227.34848366255,,1
1049650,48344630,0,372,,-79.464968,43.638186,,,,9.63088096637117,9236.97936462892,,1
1049650,48344630,0,373,,-79.464862,43.638222,,,,9.43327086209968,9246.41263549102,,1
1049650,48344630,0,374,,-79.464755,43.638258,,,,9.50625966492705,9255.91889515595,,1
1049650,48344630,0,375,,-79.464648,43.638294,,,,9.50625498005375,9265.425150136,,1
1049650,48344630,0,376,,-79.464541,43.63833,,,,9.50625029696896,9274.93140043297,,1
1049650,48344630,0,377,,-79.464433,43.638366,,,,9.57936023548089,9284.51076066845,,1
1049650,48344630,0,378,,-79.464326,43.638402,,,,9.50624093019459,9294.01700159864,,1
1049650,48344630,0,379,,-79.464217,43.638434,,,,9.47637845674571,9303.49338005539,,1
1049650,48344630,0,380,,-79.464109,43.63847,,,,9.5793465577463,9313.07272661313,,1
1049650,48344630,0,381,,-79.464,43.638506,,,,9.65257483227396,9322.72530144541,,1
1049650,48344630,0,382,,-79.463891,43.638537,,,,9.43508267856999,9332.16038412398,,1
1049650,48344630,0,383,,-79.463781,43.638569,,,,9.55106229387761,9341.71144641786,,1
1049650,48344630,0,384,,-79.463672,43.6386,,,,9.43507411026905,9351.14652052813,,1
1049650,48344630,0,385,,-79.463562,43.638632,,,,9.55105367351094,9360.69757420164,,1
1049650,48344630,0,386,,-79.463451,43.638663,,,,9.58520792961681,9370.28278213125,,1
1049650,48344630,0,387,,-79.463341,43.63869,,,,9.35771444064727,9379.6404965719,,1
1049650,48344630,0,388,,-79.46323,43.638721,,,,9.58519987826645,9389.22569645017,,1
1049650,48344630,0,389,,-79.463119,43.638753,,,,9.62583350415568,9398.85152995432,,1
1049650,48344630,0,390,,-79.463007,43.63878,,,,9.51043025009024,9408.36196020441,,1
1049650,48344630,0,391,,-79.462896,43.638807,,,,9.43402733319309,9417.79598753761,,1
1049650,48344630,0,392,,-79.462784,43.638834,,,,9.51042255664436,9427.30641009425,,1
1049650,48344630,0,393,,-79.462671,43.638865,,,,9.73567285206651,9437.04208294632,,1
1049650,48344630,0,394,,-79.462556,43.638888,,,,9.61194397716213,9446.65402692348,,1
1049650,48344630,0,395,,-79.462478,43.638915,,,,6.96567871348641,9453.61970563697,,1
1049650,48344630,0,396,,-79.462398,43.638942,,,,7.11136924233007,9460.73107487929,,1
1049650,48344630,0,397,,-79.462319,43.638969,,,,7.0384360342607,9467.76951091356,,1
1049650,48344630,0,398,,-79.462238,43.638991,,,,6.96996321760247,9474.73947413116,,1
1049650,48344630,0,399,,-79.462158,43.639018,,,,7.11136185317731,9481.85083598434,,1
1049650,48344630,0,400,,-79.462078,43.639041,,,,6.93491362934504,9488.78574961368,,1
1049650,48344630,0,401,,-79.461997,43.639063,,,,6.96995589753864,9495.75570551122,,1
1049650,48344630,0,402,,-79.461915,43.639086,,,,7.08489977954178,9502.84060529076,,1
1049650,48344630,0,403,,-79.461834,43.639104,,,,6.82623612455298,9509.66684141531,,1
1049650,48344630,0,404,,-79.461752,43.639131,,,,7.25769579254014,9516.92453720785,,1
1049650,48344630,0,405,,-79.46167,43.639149,,,,6.90328500215195,9523.82782221001,,1
1049650,48344630,0,406,,-79.461588,43.639167,,,,6.90328310531918,9530.73110531533,,1
1049650,48344630,0,407,,-79.461505,43.639189,,,,7.12101820915058,9537.85212352448,,1
1049650,48344630,0,408,,-79.461423,43.639207,,,,6.90327889878456,9544.75540242326,,1
1049650,48344630,0,409,,-79.46134,43.639225,,,,6.98040966754882,9551.73581209081,,1
1049650,48344630,0,410,,-79.461257,43.639243,,,,6.98040774863564,9558.71621983944,,1
1049650,48344630,0,411,,-79.461173,43.639265,,,,7.19671119383013,9565.91293103328,,1
1049650,48344630,0,412,,-79.461089,43.639279,,,,6.94433007622934,9572.8572611095,,1
1049650,48344630,0,413,,-79.461005,43.639297,,,,7.05761117796447,9579.91487228747,,1
1049650,48344630,0,414,,-79.460921,43.63931,,,,6.92019417411945,9586.83506646159,,1
1049650,48344630,0,415,,-79.460837,43.639328,,,,7.05760783112515,9593.89267429271,,1
1049650,48344630,0,416,,-79.460753,43.639342,,,,6.94432316160311,9600.83699745432,,1
1049650,48344630,0,417,,-79.460668,43.639355,,,,6.99898996808699,9607.8359874224,,1
1049650,48344630,0,418,,-79.460584,43.639369,,,,6.94432019818954,9614.78030762059,,1
1049650,48344630,0,419,,-79.460499,43.639382,,,,6.99898695697941,9621.77929457757,,1
1049650,48344630,0,420,,-79.460413,43.639396,,,,7.10142258765527,9628.88071716523,,1
1049650,48344630,0,421,,-79.460328,43.639409,,,,6.99898394670464,9635.87970111193,,1
1049650,48344630,0,422,,-79.460243,43.639418,,,,6.92064018474582,9642.80034129668,,1
1049650,48344630,0,423,,-79.460157,43.639432,,,,7.10141853866502,9649.90175983534,,1
1049650,48344630,0,424,,-79.460072,43.639441,,,,6.92063759094587,9656.82239742629,,1
1049650,48344630,0,425,,-79.459971,43.639454,,,,8.26440812279343,9665.08680554908,,1
1049650,48344630,0,426,,-79.459865,43.639472,,,,8.77145887801783,9673.8582644271,,1
1049650,48344630,0,427,,-79.45976,43.63949,,,,8.69304454885649,9682.55130897596,,1
1049650,48344630,0,428,,-79.459654,43.639503,,,,8.66127271503026,9691.21258169099,,1
1049650,48344630,0,429,,-79.459547,43.639517,,,,8.7598287453708,9699.97241043636,,1
1049650,48344630,0,430,,-79.459387,43.639535,,,,13.0446481842387,9713.0170586206,,1
1049650,48344630,0,431,,-79.459335,43.639544,,,,4.3073322257983,9717.32439084639,,1
1049650,48344630,0,432,,-79.459228,43.639557,,,,8.7407044729415,9726.06509531934,,1
1049650,48344630,0,433,,-79.459121,43.639566,,,,8.67809823208985,9734.74319355143,,1
1049650,48344630,0,434,,-79.459014,43.63958,,,,8.75981985054979,9743.50301340198,,1
1049650,48344630,0,435,,-79.458907,43.639593,,,,8.74069937834448,9752.24371278032,,1
1049650,48344630,0,436,,-79.458801,43.639598,,,,8.55762540408147,9760.8013381844,,1
1049650,48344630,0,437,,-79.458693,43.639607,,,,8.75812000980427,9769.55945819421,,1
1049650,48344630,0,438,,-79.458586,43.63962,,,,8.74069555916343,9778.30015375337,,1
1049650,48344630,0,439,,-79.458478,43.639629,,,,8.75811684600831,9787.05827059938,,1
1049650,48344630,0,440,,-79.458371,43.639634,,,,8.6380126277821,9795.69628322716,,1
1049650,48344630,0,441,,-79.458263,43.639643,,,,8.75811483096527,9804.45439805813,,1
1049650,48344630,0,442,,-79.458156,43.639647,,,,8.63155261271112,9813.08595067084,,1
1049650,48344630,0,443,,-79.458048,43.639656,,,,8.75811296079888,9821.84406363164,,1
1049650,48344630,0,444,,-79.45794,43.63966,,,,8.7120057622366,9830.55606939387,,1
1049650,48344630,0,445,,-79.457833,43.639665,,,,8.63800818972203,9839.19407758359,,1
1049650,48344630,0,446,,-79.457725,43.639669,,,,8.71200445864258,9847.90608204224,,1
1049650,48344630,0,447,,-79.45762,43.639674,,,,8.47722555583492,9856.38330759807,,1
1049650,48344630,0,448,,-79.457412,43.639674,,,,16.756743344327,9873.1400509424,,1
1049650,48344630,0,449,,-79.457204,43.639674,,,,16.756743344327,9889.89679428673,,1
1049650,48344630,0,450,,-79.456995,43.639678,,,,16.8431909134004,9906.73998520013,,1
1049650,48344630,0,451,,-79.456787,43.639678,,,,16.7567422287564,9923.49672742888,,1
1049650,48344630,0,452,,-79.456579,43.639682,,,,16.7626568267441,9940.25938425563,,1
1049650,48344630,0,453,,-79.456371,43.639687,,,,16.7659819305369,9957.02536618616,,1
1049650,48344630,0,454,,-79.456163,43.639687,,,,16.7567397187223,9973.78210590489,,1
1049650,48344630,0,455,,-79.455955,43.639696,,,,16.7866625120035,9990.56876841689,,1
1049650,48344630,0,456,,-79.455747,43.6397,,,,16.7626518084467,10007.3314202253,,1
1049650,48344630,0,457,,-79.455647,43.639696,,,,8.06841970559816,10015.3998399309,,1
1049650,48344630,0,458,,-79.455547,43.639691,,,,8.07532875680573,10023.4751686877,,1
1049650,48344630,0,459,,-79.455447,43.639686,,,,8.0753294236304,10031.5504981114,,1
1049650,48344630,0,460,,-79.455346,43.639686,,,,8.13668624979944,10039.6871843612,,1
1049650,48344630,0,461,,-79.455247,43.639682,,,,7.98798433987926,10047.675168701,,1
1049650,48344630,0,462,,-79.455146,43.639677,,,,8.15570218676461,10055.8308708878,,1
1049650,48344630,0,463,,-79.455046,43.639677,,,,8.05612620619341,10063.886997094,,1
1049650,48344630,0,464,,-79.454946,43.639677,,,,8.05612620414358,10071.9431232982,,1
1049650,48344630,0,465,,-79.454846,43.639677,,,,8.05612620619341,10079.9992495043,,1
1049650,48344630,0,466,,-79.454745,43.639677,,,,8.13668746758914,10088.1359369719,,1
1049650,48344630,0,467,,-79.454645,43.639682,,,,8.07533062930863,10096.2112676012,,1
1049650,48344630,0,468,,-79.454545,43.639682,,,,8.05612553577836,10104.267393137,,1
1049650,48344630,0,469,,-79.454445,43.639686,,,,8.0684215778532,10112.3358147149,,1
1049650,48344630,0,470,,-79.454345,43.639686,,,,8.05612499944627,10120.3919397143,,1
1049650,48344630,0,471,,-79.454245,43.639695,,,,8.11818296335266,10128.5101226777,,1
1049650,48344630,0,472,,-79.454145,43.639695,,,,8.05612379269892,10136.5662464704,,1
1049650,48344630,0,473,,-79.454055,43.639703,,,,7.30499819316038,10143.8712446635,,1
1049650,48344630,0,474,,-79.453751,43.639731,,,,24.688159097721,10168.5594037613,,1
1049650,48344630,0,475,,-79.45333,43.639707,,,,34.0213318057168,10202.580735567,,1
1049650,48344630,0,476,,-79.453076,43.639708,,,,20.4628529696849,10223.0435885367,,1
1049650,48344630,0,477,,-79.452826,43.63971,,,,20.1415353198889,10243.1851238565,,1
1049650,48344630,0,478,,-79.452586,43.639695,,,,19.4066644532096,10262.5917883098,,1
1049650,48344630,0,479,,-79.45229,43.639649,,,,24.3897460874617,10286.9815343972,,1
1049650,48344630,0,480,,-79.452128,43.63961,,,,13.7540966452709,10300.7356310425,,1
1049650,48344630,0,481,,-79.45202,43.639574,,,,9.57919661645789,10310.3148276589,,1
1049650,48344630,0,482,,-79.451969,43.639557,,,,4.52351116031736,10314.8383388193,,1
1049650,48344630,0,483,,-79.451524,43.63941,,,,39.408032696056,10354.2463715153,,1
1049650,48344630,0,484,,-79.45131,43.639339,,,,18.9655637044899,10373.2119352198,,1
1049650,48344630,0,485,,-79.4504234975213,43.6391710034252,,,,73.826189407164,10447.038124627,,1
1049650,48344630,0,486,,-79.449537,43.639003,,,,73.8261894069939,10520.864314034,,1
1049650,48344630,0,487,,-79.449329,43.638964,,,,17.3102044332345,10538.1745184672,,1
1049650,48344630,0,488,,-79.448422,43.638778,,,,75.9469952973365,10614.1215137645,,1
1049650,48344630,0,489,,-79.447874,43.638674,,,,45.641011849083,10659.7625256136,,1
1049650,48344630,0,490,,-79.447573,43.638618,,,,25.0378247507907,10684.8003503644,,1
1049650,48344630,0,491,,-79.447408,43.638597,,,,13.4968370005974,10698.297187365,,1
1049650,48344630,0,492,,-79.447266,43.638591,,,,11.4593869313582,10709.7565742964,,1
1049650,48344630,0,493,,-79.446913,43.63859,,,,28.4388576280882,10738.1954319245,,1
1049650,48344630,0,494,,-79.446714,43.638614,,,,16.2530651497868,10754.4484970742,,1
1049650,48344630,0,495,,-79.446219,43.638715,,,,41.4331460131162,10795.8816430874,,1
