shape_id,trip_id,route_type,id,timestamp,shape_pt_lon,shape_pt_lat,stop_id,stop_sequence,speed,dist,cumdist,cumtime,trip_number
1049379,48339722,3,1,,-79.491767,43.667184,,,1e-12,0,0,0,1
1049379,48339722,3,2,01:38:00,-79.490979,43.667315,15237,1,,65.1072954519921,65.1072954519921,,1
1049379,48339722,3,3,01:38:00,-79.490979,43.667315,15237,1,1e-12,0,65.1072954519921,0,1
1049379,48339722,3,4,01:38:11,-79.4903690013567,43.6674485016218,,,17.4596710288795,51.3185523519589,116.425847803951,10.5813441823428,1
1049379,48339722,3,5,01:38:21,-79.489759,43.667582,,,17.4596710288795,51.3185523529116,167.744400156863,21.162688364882,1
1049379,48339722,3,6,01:38:33,-79.4890775017201,43.6677335020243,14649,2,17.4596710288795,57.4098797265245,225.154279883387,33,1
1049379,48339722,3,7,01:38:33,-79.4890775017201,43.6677335020243,14649,2,1e-12,0,225.154279883387,33,1
1049379,48339722,3,8,01:38:43,-79.488396,43.667885,,,21.3673512267143,57.4098797265737,282.564159609961,42.6724935544314,1
1049379,48339722,3,9,01:38:52,-79.4877180017847,43.6680430020036,,,21.3673512267143,57.358002577903,339.922162187864,52.336246777259,1
1049379,48339722,3,10,01:39:02,-79.48704,43.668201,3397,3,21.3673512267143,57.3580025773884,397.280164765252,62,1
1049379,48339722,3,11,01:39:02,-79.48704,43.668201,3397,3,1e-12,0,397.280164765252,62,1
1049379,48339722,3,12,01:39:14,-79.4863590017019,43.6683510020214,,,17.3583798302526,57.3219928290268,454.602157594279,73.8881586992842,1
1049379,48339722,3,13,01:39:26,-79.485678,43.668501,,,17.3583798302526,57.3219928315073,511.924150425786,85.7763173990828,1
1049379,48339722,3,14,01:39:43,-79.4846740039058,43.6687345043935,,,17.3583798302526,84.920286334012,596.844436759798,103.388158699481,1
1049379,48339722,3,15,01:40:01,-79.48367,43.668968,8623,4,17.3583798302526,84.9202863345939,681.764723094392,121,1
1049379,48339722,3,16,01:40:01,-79.48367,43.668968,8623,4,1e-12,0,681.764723094392,121,1
1049379,48339722,3,17,,-79.483564,43.668993,,,,8.97757422896768,690.74229732336,,1
1049379,48339722,3,18,,-79.48333,43.66847,,,,61.1932058590444,751.935503182404,,1
1049379,48339722,3,19,,-79.483088,43.667928,,,,63.4039300873134,815.339433269718,,1
1049379,48339722,3,20,,-79.482879,43.667428,,,,58.1484119120661,873.487845181784,,1
1049379,48339722,3,21,,-79.482832,43.667316,,,,13.0295457785462,886.51739096033,,1
1049379,48339722,3,22,,-79.482758,43.66714,,,,20.4783489787814,906.995739939111,,1
1049379,48339722,3,23,,-79.482717,43.66704,,,,11.6112110181553,918.606950957266,,1
1049379,48339722,3,24,,-79.482628,43.666828,,,,24.6639194785832,943.27087043585,,1
1049379,48339722,3,25,,-79.482418,43.666326,,,,58.3849188433048,1001.65578927915,,1
1049379,48339722,3,26,,-79.482272,43.665977,,,,40.5904291625057,1042.24621844166,,1
1049379,48339722,3,27,,-79.482105,43.665579,,,,46.3011076711959,1088.54732611286,,1
