shape_id,trip_id,route_type,id,timestamp,shape_pt_lon,shape_pt_lat,stop_id,stop_sequence,speed,dist,cumdist,cumtime,trip_number
1049981,48350763,3,1,,-79.480919,43.622659,,,1e-12,0,0,0,1
1049981,48350763,3,2,05:44:00,-79.480887,43.62259,3296,1,,8.10235164931374,8.10235164931374,,1
1049981,48350763,3,3,05:44:00,-79.480887,43.62259,3296,1,1e-12,0,8.10235164931374,0,1
1049981,48350763,3,4,05:44:01,-79.480832,43.622546,,,19.7173073678094,6.60566065987751,14.7080123091912,1.20606622050144,1
1049981,48350763,3,5,05:44:03,-79.480753,43.622517,,,19.7173073678094,7.13790116620235,21.8459134753936,2.50930929111871,1
1049981,48350763,3,6,05:44:04,-79.480658,43.622529,,,19.7173073678094,7.77117770905128,29.6170911844449,3.92817644324612,1
1049981,48350763,3,7,05:44:05,-79.480588,43.622573,,,19.7173073678094,7.47065394032948,37.0877451247744,5.29217375198078,1
1049981,48350763,3,8,05:44:08,-79.48051,43.622697,,,19.7173073678094,15.1673369118375,52.2550820366118,8.06143691068971,1
1049981,48350763,3,9,05:44:11,-79.4807,43.622762,,,19.7173073678094,16.9346306548428,69.1897126914546,11.1533738177019,1
1049981,48350763,3,10,05:44:11,-79.480705,43.622765,,,19.7173073678094,0.523328323040307,69.7130410144949,11.2489234750563,1
1049981,48350763,3,11,05:44:16,-79.481003,43.622884,,,19.7173073678094,27.4254476565833,97.1384886710782,16.2562812101642,1
1049981,48350763,3,12,05:44:20,-79.481211,43.622968,,,19.7173073678094,19.1933097725638,116.331798443642,19.7606093566146,1
1049981,48350763,3,13,05:44:32,-79.480854,43.623536,,,19.7173073678094,69.4663740271103,185.798172470752,32.4438293233469,1
1049981,48350763,3,14,05:44:37,-79.480736,43.623736,,,19.7173073678094,24.2094568602921,210.007629331044,36.8640091720081,1
1049981,48350763,3,15,05:44:46,-79.480528,43.624142,,,19.7173073678094,48.2036099294677,258.211239260512,45.6650585500482,1
1049981,48350763,3,16,05:44:50,-79.480429,43.624335,,,19.7173073678094,22.9179626897552,281.129201950267,49.8494364746839,1
1049981,48350763,3,17,05:45:02,-79.480151,43.624899,,,19.7173073678094,66.6609968619188,347.790198812186,62.0204486837191,1
1049981,48350763,3,18,05:45:09,-79.480001,43.625205,,,19.7173073678094,36.1446918546947,383.934890666881,68.6197722246878,1
1049981,48350763,3,19,05:45:18,-79.479788,43.62564,14055,2,19.7173073678094,51.3757872849705,435.310677951851,78,1
1049981,48350763,3,20,05:45:18,-79.479788,43.62564,14055,2,1e-12,0,435.310677951851,78,1
1049981,48350763,3,21,05:45:33,-79.479398,43.626457,,,23.8691841243742,96.2244130264504,531.535090978302,92.512766129341,1
1049981,48350763,3,22,05:45:33,-79.479377,43.6265,,,23.8691841243742,5.07703266076458,536.612123639066,93.2784947559885,1
1049981,48350763,3,23,05:45:44,-79.479116,43.62711,14056,3,23.8691841243742,71.087106322154,607.69922996122,104,1
1049981,48350763,3,24,05:45:44,-79.479116,43.62711,14056,3,1e-12,0,607.69922996122,104,1
1049981,48350763,3,25,05:45:45,-79.479086,43.627174,,,20.4228438012388,7.52338310105834,615.222613062279,105.326170803018,1
1049981,48350763,3,26,05:45:48,-79.47902,43.627305,,,20.4228438012388,15.5223150236288,630.744928085907,108.062338920882,1
1049981,48350763,3,27,05:46:01,-79.478763,43.627962,,,20.4228438012388,76.012133997038,706.757062082945,121.461240907918,1
1049981,48350763,3,28,05:46:08,-79.478669,43.628273,,,20.4228438012388,35.4392180749888,742.196280157934,127.708225231532,1
1049981,48350763,3,29,05:46:11,-79.47863,43.628414,,,20.4228438012388,16.0075332507042,758.203813408638,130.52992431827,1
1049981,48350763,3,30,05:46:13,-79.478583,43.628517,,,20.4228438012388,12.0751420087318,770.27895541737,132.658448222898,1
1049981,48350763,3,31,05:46:17,-79.478457,43.628738,,,20.4228438012388,26.6141707233061,796.893126140676,137.349813222619,1
1049981,48350763,3,32,05:46:22,-79.478292,43.628949,,,20.4228438012388,26.9900477173234,823.883173858,142.107435262331,1
1049981,48350763,3,33,05:46:28,-79.478062,43.629228,,,20.4228438012388,36.1670585707755,860.050232428775,148.48271835816,1
1049981,48350763,3,34,05:46:36,-79.477726,43.62953,,,20.4228438012388,43.1643605404893,903.214592969264,156.091438253297,1
1049981,48350763,3,35,05:46:41,-79.477553,43.629737,,,20.4228438012388,26.9312773580666,930.145870327331,160.838700653804,1
1049981,48350763,3,36,05:46:46,-79.477316,43.629926,,,20.4228438012388,28.4133510473263,958.559221374657,165.847212923979,1
1049981,48350763,3,37,05:46:50,-79.47712,43.630106,,,20.4228438012388,25.5128644346465,984.072085809304,170.344447141632,1
1049981,48350763,3,38,05:46:55,-79.476914,43.630269,,,20.4228438012388,24.5915721045873,1008.66365791389,174.679282213482,1
1049981,48350763,3,39,05:47:05,-79.47628,43.630012,14053,4,20.4228438012388,58.5495575752015,1067.21321548909,185,1
1049981,48350763,3,40,05:47:05,-79.47628,43.630012,14053,4,1e-12,0,1067.21321548909,185,1
1049981,48350763,3,41,05:47:08,-79.47612,43.629943,,,20.2904360147675,15.0066347749229,1082.21985026402,187.662529536103,1
1049981,48350763,3,42,05:47:10,-79.476007,43.629878,,,20.2904360147675,11.629942708468,1093.84979297248,189.725954576354,1
1049981,48350763,3,43,05:47:11,-79.475932,43.629808,,,20.2904360147675,9.86102430248038,1103.71081727496,191.475531936993,1
1049981,48350763,3,44,05:47:14,-79.475881,43.629711,,,20.2904360147675,11.5534829356794,1115.26430021064,193.525391217403,1
1049981,48350763,3,45,05:47:20,-79.475742,43.629408,,,20.2904360147675,35.5406467592312,1150.80494696987,199.831136852446,1
1049981,48350763,3,46,05:47:23,-79.475687,43.629243,,,20.2904360147675,18.8947706669395,1169.69971763681,203.183513033592,1
1049981,48350763,3,47,05:47:27,-79.475697,43.629061,,,20.2904360147675,20.2761635472034,1189.97588118402,206.780980762566,1
1049981,48350763,3,48,05:47:30,-79.475755,43.628918,,,20.2904360147675,16.5905130081893,1206.56639419221,209.724527504786,1
1049981,48350763,3,49,05:47:30,-79.475768,43.628897,,,20.2904360147675,2.56166113242413,1209.12805532463,210.179026366713,1
1049981,48350763,3,50,05:47:41,-79.4760580023786,43.6284040003665,,,20.2904360147675,59.6480838776346,1268.77613920227,220.761997664284,1
1049981,48350763,3,51,05:47:51,-79.476348,43.627911,,,20.2904360147675,59.6480838772355,1328.4242230795,231.344968961784,1
1049981,48350763,3,52,05:47:59,-79.476502,43.627529,,,20.2904360147675,44.2975768761791,1372.72179995568,239.204399712222,1
1049981,48350763,3,53,05:48:08,-79.4766532532988,43.6270920002991,,,20.2904360147675,50.150067914634,1422.87186787031,248.102199856156,1
1049981,48350763,3,54,05:48:17,-79.4768045043983,43.6266550003988,14054,5,20.2904360147675,50.1500679141277,1473.02193578444,257,1
1049981,48350763,3,55,05:48:17,-79.4768045043983,43.6266550003988,14054,5,1e-12,0,1473.02193578444,257,1
1049981,48350763,3,56,05:48:30,-79.4769557532987,43.6262180002991,,,13.7733714283763,50.1500679144939,1523.17200369894,270.107919541052,1
1049981,48350763,3,57,05:48:43,-79.477107,43.625781,,,13.7733714283763,50.1500679117999,1573.32207161074,283.215839081399,1
1049981,48350763,3,58,05:49:00,-79.4773010018056,43.625221500164,24688,6,13.7733714283763,64.2151340126449,1637.53720562338,300,1
1049981,48350763,3,59,05:49:00,-79.4773010018056,43.625221500164,24688,6,1e-12,0,1637.53720562338,300,1
1049981,48350763,3,60,,-79.477495,43.624662,,,,64.215134010111,1701.75233963349,,1
1049981,48350762,3,1,,-79.480919,43.622659,,,1e-12,0,0,0,2
1049981,48350762,3,2,06:00:00,-79.480887,43.62259,3296,1,,8.10235164931374,8.10235164931374,,2
1049981,48350762,3,3,06:00:00,-79.480887,43.62259,3296,1,1e-12,0,8.10235164931374,0,2
1049981,48350762,3,4,06:00:01,-79.480832,43.622546,,,19.7173073678094,6.60566065987751,14.7080123091912,1.20606622050144,2
1049981,48350762,3,5,06:00:03,-79.480753,43.622517,,,19.7173073678094,7.13790116620235,21.8459134753936,2.50930929111871,2
1049981,48350762,3,6,06:00:04,-79.480658,43.622529,,,19.7173073678094,7.77117770905128,29.6170911844449,3.92817644324612,2
1049981,48350762,3,7,06:00:05,-79.480588,43.622573,,,19.7173073678094,7.47065394032948,37.0877451247744,5.29217375198078,2
1049981,48350762,3,8,06:00:08,-79.48051,43.622697,,,19.7173073678094,15.1673369118375,52.2550820366118,8.06143691068971,2
1049981,48350762,3,9,06:00:11,-79.4807,43.622762,,,19.7173073678094,16.9346306548428,69.1897126914546,11.1533738177019,2
1049981,48350762,3,10,06:00:11,-79.480705,43.622765,,,19.7173073678094,0.523328323040307,69.7130410144949,11.2489234750563,2
1049981,48350762,3,11,06:00:16,-79.481003,43.622884,,,19.7173073678094,27.4254476565833,97.1384886710782,16.2562812101642,2
1049981,48350762,3,12,06:00:20,-79.481211,43.622968,,,19.7173073678094,19.1933097725638,116.331798443642,19.7606093566146,2
1049981,48350762,3,13,06:00:32,-79.480854,43.623536,,,19.7173073678094,69.4663740271103,185.798172470752,32.4438293233469,2
1049981,48350762,3,14,06:00:37,-79.480736,43.623736,,,19.7173073678094,24.2094568602921,210.007629331044,36.8640091720081,2
1049981,48350762,3,15,06:00:46,-79.480528,43.624142,,,19.7173073678094,48.2036099294677,258.211239260512,45.6650585500482,2
1049981,48350762,3,16,06:00:50,-79.480429,43.624335,,,19.7173073678094,22.9179626897552,281.129201950267,49.8494364746839,2
1049981,48350762,3,17,06:01:02,-79.480151,43.624899,,,19.7173073678094,66.6609968619188,347.790198812186,62.0204486837191,2
1049981,48350762,3,18,06:01:09,-79.480001,43.625205,,,19.7173073678094,36.1446918546947,383.934890666881,68.6197722246878,2
1049981,48350762,3,19,06:01:18,-79.479788,43.62564,14055,2,19.7173073678094,51.3757872849705,435.310677951851,78,2
1049981,48350762,3,20,06:01:18,-79.479788,43.62564,14055,2,1e-12,0,435.310677951851,78,2
1049981,48350762,3,21,06:01:33,-79.479398,43.626457,,,23.8691841243742,96.2244130264504,531.535090978302,92.512766129341,2
1049981,48350762,3,22,06:01:33,-79.479377,43.6265,,,23.8691841243742,5.07703266076458,536.612123639066,93.2784947559885,2
1049981,48350762,3,23,06:01:44,-79.479116,43.62711,14056,3,23.8691841243742,71.087106322154,607.69922996122,104,2
1049981,48350762,3,24,06:01:44,-79.479116,43.62711,14056,3,1e-12,0,607.69922996122,104,2
1049981,48350762,3,25,06:01:45,-79.479086,43.627174,,,20.4228438012388,7.52338310105834,615.222613062279,105.326170803018,2
1049981,48350762,3,26,06:01:48,-79.47902,43.627305,,,20.4228438012388,15.5223150236288,630.744928085907,108.062338920882,2
1049981,48350762,3,27,06:02:01,-79.478763,43.627962,,,20.4228438012388,76.012133997038,706.757062082945,121.461240907918,2
1049981,48350762,3,28,06:02:08,-79.478669,43.628273,,,20.4228438012388,35.4392180749888,742.196280157934,127.708225231532,2
1049981,48350762,3,29,06:02:11,-79.47863,43.628414,,,20.4228438012388,16.0075332507042,758.203813408638,130.52992431827,2
1049981,48350762,3,30,06:02:13,-79.478583,43.628517,,,20.4228438012388,12.0751420087318,770.27895541737,132.658448222898,2
1049981,48350762,3,31,06:02:17,-79.478457,43.628738,,,20.4228438012388,26.6141707233061,796.893126140676,137.349813222619,2
1049981,48350762,3,32,06:02:22,-79.478292,43.628949,,,20.4228438012388,26.9900477173234,823.883173858,142.107435262331,2
1049981,48350762,3,33,06:02:28,-79.478062,43.629228,,,20.4228438012388,36.1670585707755,860.050232428775,148.48271835816,2
1049981,48350762,3,34,06:02:36,-79.477726,43.62953,,,20.4228438012388,43.1643605404893,903.214592969264,156.091438253297,2
1049981,48350762,3,35,06:02:41,-79.477553,43.629737,,,20.4228438012388,26.9312773580666,930.145870327331,160.838700653804,2
1049981,48350762,3,36,06:02:46,-79.477316,43.629926,,,20.4228438012388,28.4133510473263,958.559221374657,165.847212923979,2
1049981,48350762,3,37,06:02:50,-79.47712,43.630106,,,20.4228438012388,25.5128644346465,984.072085809304,170.344447141632,2
1049981,48350762,3,38,06:02:55,-79.476914,43.630269,,,20.4228438012388,24.5915721045873,1008.66365791389,174.679282213482,2
1049981,48350762,3,39,06:03:05,-79.47628,43.630012,14053,4,20.4228438012388,58.5495575752015,1067.21321548909,185,2
1049981,48350762,3,40,06:03:05,-79.47628,43.630012,14053,4,1e-12,0,1067.21321548909,185,2
1049981,48350762,3,41,06:03:08,-79.47612,43.629943,,,20.2904360147675,15.0066347749229,1082.21985026402,187.662529536103,2
1049981,48350762,3,42,06:03:10,-79.476007,43.629878,,,20.2904360147675,11.629942708468,1093.84979297248,189.725954576354,2
1049981,48350762,3,43,06:03:11,-79.475932,43.629808,,,20.2904360147675,9.86102430248038,1103.71081727496,191.475531936993,2
1049981,48350762,3,44,06:03:14,-79.475881,43.629711,,,20.2904360147675,11.5534829356794,1115.26430021064,193.525391217403,2
1049981,48350762,3,45,06:03:20,-79.475742,43.629408,,,20.2904360147675,35.5406467592312,1150.80494696987,199.831136852446,2
1049981,48350762,3,46,06:03:23,-79.475687,43.629243,,,20.2904360147675,18.8947706669395,1169.69971763681,203.183513033592,2
1049981,48350762,3,47,06:03:27,-79.475697,43.629061,,,20.2904360147675,20.2761635472034,1189.97588118402,206.780980762566,2
1049981,48350762,3,48,06:03:30,-79.475755,43.628918,,,20.2904360147675,16.5905130081893,1206.56639419221,209.724527504786,2
1049981,48350762,3,49,06:03:30,-79.475768,43.628897,,,20.2904360147675,2.56166113242413,1209.12805532463,210.179026366713,2
1049981,48350762,3,50,06:03:41,-79.4760580023786,43.6284040003665,,,20.2904360147675,59.6480838776346,1268.77613920227,220.761997664284,2
1049981,48350762,3,51,06:03:51,-79.476348,43.627911,,,20.2904360147675,59.6480838772355,1328.4242230795,231.344968961784,2
1049981,48350762,3,52,06:03:59,-79.476502,43.627529,,,20.2904360147675,44.2975768761791,1372.72179995568,239.204399712222,2
1049981,48350762,3,53,06:04:08,-79.4766532532988,43.6270920002991,,,20.2904360147675,50.150067914634,1422.87186787031,248.102199856156,2
1049981,48350762,3,54,06:04:17,-79.4768045043983,43.6266550003988,14054,5,20.2904360147675,50.1500679141277,1473.02193578444,257,2
1049981,48350762,3,55,06:04:17,-79.4768045043983,43.6266550003988,14054,5,1e-12,0,1473.02193578444,257,2
1049981,48350762,3,56,06:04:30,-79.4769557532987,43.6262180002991,,,13.7733714283763,50.1500679144939,1523.17200369894,270.107919541052,2
1049981,48350762,3,57,06:04:43,-79.477107,43.625781,,,13.7733714283763,50.1500679117999,1573.32207161074,283.215839081399,2
1049981,48350762,3,58,06:05:00,-79.4773010018056,43.625221500164,24688,6,13.7733714283763,64.2151340126449,1637.53720562338,300,2
1049981,48350762,3,59,06:05:00,-79.4773010018056,43.625221500164,24688,6,1e-12,0,1637.53720562338,300,2
1049981,48350762,3,60,,-79.477495,43.624662,,,,64.215134010111,1701.75233963349,,2
1049981,48350761,3,1,,-79.480919,43.622659,,,1e-12,0,0,0,3
1049981,48350761,3,2,06:41:00,-79.480887,43.62259,3296,1,,8.10235164931374,8.10235164931374,,3
1049981,48350761,3,3,06:41:00,-79.480887,43.62259,3296,1,1e-12,0,8.10235164931374,0,3
1049981,48350761,3,4,06:41:01,-79.480832,43.622546,,,19.7173073678094,6.60566065987751,14.7080123091912,1.20606622050144,3
1049981,48350761,3,5,06:41:03,-79.480753,43.622517,,,19.7173073678094,7.13790116620235,21.8459134753936,2.50930929111871,3
1049981,48350761,3,6,06:41:04,-79.480658,43.622529,,,19.7173073678094,7.77117770905128,29.6170911844449,3.92817644324612,3
1049981,48350761,3,7,06:41:05,-79.480588,43.622573,,,19.7173073678094,7.47065394032948,37.0877451247744,5.29217375198078,3
1049981,48350761,3,8,06:41:08,-79.48051,43.622697,,,19.7173073678094,15.1673369118375,52.2550820366118,8.06143691068971,3
1049981,48350761,3,9,06:41:11,-79.4807,43.622762,,,19.7173073678094,16.9346306548428,69.1897126914546,11.1533738177019,3
1049981,48350761,3,10,06:41:11,-79.480705,43.622765,,,19.7173073678094,0.523328323040307,69.7130410144949,11.2489234750563,3
1049981,48350761,3,11,06:41:16,-79.481003,43.622884,,,19.7173073678094,27.4254476565833,97.1384886710782,16.2562812101642,3
1049981,48350761,3,12,06:41:20,-79.481211,43.622968,,,19.7173073678094,19.1933097725638,116.331798443642,19.7606093566146,3
1049981,48350761,3,13,06:41:32,-79.480854,43.623536,,,19.7173073678094,69.4663740271103,185.798172470752,32.4438293233469,3
1049981,48350761,3,14,06:41:37,-79.480736,43.623736,,,19.7173073678094,24.2094568602921,210.007629331044,36.8640091720081,3
1049981,48350761,3,15,06:41:46,-79.480528,43.624142,,,19.7173073678094,48.2036099294677,258.211239260512,45.6650585500482,3
1049981,48350761,3,16,06:41:50,-79.480429,43.624335,,,19.7173073678094,22.9179626897552,281.129201950267,49.8494364746839,3
1049981,48350761,3,17,06:42:02,-79.480151,43.624899,,,19.7173073678094,66.6609968619188,347.790198812186,62.0204486837191,3
1049981,48350761,3,18,06:42:09,-79.480001,43.625205,,,19.7173073678094,36.1446918546947,383.934890666881,68.6197722246878,3
1049981,48350761,3,19,06:42:18,-79.479788,43.62564,14055,2,19.7173073678094,51.3757872849705,435.310677951851,78,3
1049981,48350761,3,20,06:42:18,-79.479788,43.62564,14055,2,1e-12,0,435.310677951851,78,3
1049981,48350761,3,21,06:42:33,-79.479398,43.626457,,,23.8691841243742,96.2244130264504,531.535090978302,92.512766129341,3
1049981,48350761,3,22,06:42:33,-79.479377,43.6265,,,23.8691841243742,5.07703266076458,536.612123639066,93.2784947559885,3
1049981,48350761,3,23,06:42:44,-79.479116,43.62711,14056,3,23.8691841243742,71.087106322154,607.69922996122,104,3
1049981,48350761,3,24,06:42:44,-79.479116,43.62711,14056,3,1e-12,0,607.69922996122,104,3
1049981,48350761,3,25,06:42:45,-79.479086,43.627174,,,20.4228438012388,7.52338310105834,615.222613062279,105.326170803018,3
1049981,48350761,3,26,06:42:48,-79.47902,43.627305,,,20.4228438012388,15.5223150236288,630.744928085907,108.062338920882,3
1049981,48350761,3,27,06:43:01,-79.478763,43.627962,,,20.4228438012388,76.012133997038,706.757062082945,121.461240907918,3
1049981,48350761,3,28,06:43:08,-79.478669,43.628273,,,20.4228438012388,35.4392180749888,742.196280157934,127.708225231532,3
1049981,48350761,3,29,06:43:11,-79.47863,43.628414,,,20.4228438012388,16.0075332507042,758.203813408638,130.52992431827,3
1049981,48350761,3,30,06:43:13,-79.478583,43.628517,,,20.4228438012388,12.0751420087318,770.27895541737,132.658448222898,3
1049981,48350761,3,31,06:43:17,-79.478457,43.628738,,,20.4228438012388,26.6141707233061,796.893126140676,137.349813222619,3
1049981,48350761,3,32,06:43:22,-79.478292,43.628949,,,20.4228438012388,26.9900477173234,823.883173858,142.107435262331,3
1049981,48350761,3,33,06:43:28,-79.478062,43.629228,,,20.4228438012388,36.1670585707755,860.050232428775,148.48271835816,3
1049981,48350761,3,34,06:43:36,-79.477726,43.62953,,,20.4228438012388,43.1643605404893,903.214592969264,156.091438253297,3
1049981,48350761,3,35,06:43:41,-79.477553,43.629737,,,20.4228438012388,26.9312773580666,930.145870327331,160.838700653804,3
1049981,48350761,3,36,06:43:46,-79.477316,43.629926,,,20.4228438012388,28.4133510473263,958.559221374657,165.847212923979,3
1049981,48350761,3,37,06:43:50,-79.47712,43.630106,,,20.4228438012388,25.5128644346465,984.072085809304,170.344447141632,3
1049981,48350761,3,38,06:43:55,-79.476914,43.630269,,,20.4228438012388,24.5915721045873,1008.66365791389,174.679282213482,3
1049981,48350761,3,39,06:44:05,-79.47628,43.630012,14053,4,20.4228438012388,58.5495575752015,1067.21321548909,185,3
1049981,48350761,3,40,06:44:05,-79.47628,43.630012,14053,4,1e-12,0,1067.21321548909,185,3
1049981,48350761,3,41,06:44:08,-79.47612,43.629943,,,20.2904360147675,15.0066347749229,1082.21985026402,187.662529536103,3
1049981,48350761,3,42,06:44:10,-79.476007,43.629878,,,20.2904360147675,11.629942708468,1093.84979297248,189.725954576354,3
1049981,48350761,3,43,06:44:11,-79.475932,43.629808,,,20.2904360147675,9.86102430248038,1103.71081727496,191.475531936993,3
1049981,48350761,3,44,06:44:14,-79.475881,43.629711,,,20.2904360147675,11.5534829356794,1115.26430021064,193.525391217403,3
1049981,48350761,3,45,06:44:20,-79.475742,43.629408,,,20.2904360147675,35.5406467592312,1150.80494696987,199.831136852446,3
1049981,48350761,3,46,06:44:23,-79.475687,43.629243,,,20.2904360147675,18.8947706669395,1169.69971763681,203.183513033592,3
1049981,48350761,3,47,06:44:27,-79.475697,43.629061,,,20.2904360147675,20.2761635472034,1189.97588118402,206.780980762566,3
1049981,48350761,3,48,06:44:30,-79.475755,43.628918,,,20.2904360147675,16.5905130081893,1206.56639419221,209.724527504786,3
1049981,48350761,3,49,06:44:30,-79.475768,43.628897,,,20.2904360147675,2.56166113242413,1209.12805532463,210.179026366713,3
1049981,48350761,3,50,06:44:41,-79.4760580023786,43.6284040003665,,,20.2904360147675,59.6480838776346,1268.77613920227,220.761997664284,3
1049981,48350761,3,51,06:44:51,-79.476348,43.627911,,,20.2904360147675,59.6480838772355,1328.4242230795,231.344968961784,3
1049981,48350761,3,52,06:44:59,-79.476502,43.627529,,,20.2904360147675,44.2975768761791,1372.72179995568,239.204399712222,3
1049981,48350761,3,53,06:45:08,-79.4766532532988,43.6270920002991,,,20.2904360147675,50.150067914634,1422.87186787031,248.102199856156,3
1049981,48350761,3,54,06:45:17,-79.4768045043983,43.6266550003988,14054,5,20.2904360147675,50.1500679141277,1473.02193578444,257,3
1049981,48350761,3,55,06:45:17,-79.4768045043983,43.6266550003988,14054,5,1e-12,0,1473.02193578444,257,3
1049981,48350761,3,56,06:45:30,-79.4769557532987,43.6262180002991,,,13.7733714283763,50.1500679144939,1523.17200369894,270.107919541052,3
1049981,48350761,3,57,06:45:43,-79.477107,43.625781,,,13.7733714283763,50.1500679117999,1573.32207161074,283.215839081399,3
1049981,48350761,3,58,06:46:00,-79.4773010018056,43.625221500164,24688,6,13.7733714283763,64.2151340126449,1637.53720562338,300,3
1049981,48350761,3,59,06:46:00,-79.4773010018056,43.625221500164,24688,6,1e-12,0,1637.53720562338,300,3
1049981,48350761,3,60,,-79.477495,43.624662,,,,64.215134010111,1701.75233963349,,3
1049981,48350760,3,1,,-79.480919,43.622659,,,1e-12,0,0,0,4
1049981,48350760,3,2,06:59:00,-79.480887,43.62259,3296,1,,8.10235164931374,8.10235164931374,,4
1049981,48350760,3,3,06:59:00,-79.480887,43.62259,3296,1,1e-12,0,8.10235164931374,0,4
1049981,48350760,3,4,06:59:01,-79.480832,43.622546,,,19.7173073678094,6.60566065987751,14.7080123091912,1.20606622050144,4
1049981,48350760,3,5,06:59:03,-79.480753,43.622517,,,19.7173073678094,7.13790116620235,21.8459134753936,2.50930929111871,4
1049981,48350760,3,6,06:59:04,-79.480658,43.622529,,,19.7173073678094,7.77117770905128,29.6170911844449,3.92817644324612,4
1049981,48350760,3,7,06:59:05,-79.480588,43.622573,,,19.7173073678094,7.47065394032948,37.0877451247744,5.29217375198078,4
1049981,48350760,3,8,06:59:08,-79.48051,43.622697,,,19.7173073678094,15.1673369118375,52.2550820366118,8.06143691068971,4
1049981,48350760,3,9,06:59:11,-79.4807,43.622762,,,19.7173073678094,16.9346306548428,69.1897126914546,11.1533738177019,4
1049981,48350760,3,10,06:59:11,-79.480705,43.622765,,,19.7173073678094,0.523328323040307,69.7130410144949,11.2489234750563,4
1049981,48350760,3,11,06:59:16,-79.481003,43.622884,,,19.7173073678094,27.4254476565833,97.1384886710782,16.2562812101642,4
1049981,48350760,3,12,06:59:20,-79.481211,43.622968,,,19.7173073678094,19.1933097725638,116.331798443642,19.7606093566146,4
1049981,48350760,3,13,06:59:32,-79.480854,43.623536,,,19.7173073678094,69.4663740271103,185.798172470752,32.4438293233469,4
1049981,48350760,3,14,06:59:37,-79.480736,43.623736,,,19.7173073678094,24.2094568602921,210.007629331044,36.8640091720081,4
1049981,48350760,3,15,06:59:46,-79.480528,43.624142,,,19.7173073678094,48.2036099294677,258.211239260512,45.6650585500482,4
1049981,48350760,3,16,06:59:50,-79.480429,43.624335,,,19.7173073678094,22.9179626897552,281.129201950267,49.8494364746839,4
1049981,48350760,3,17,07:00:02,-79.480151,43.624899,,,19.7173073678094,66.6609968619188,347.790198812186,62.0204486837191,4
1049981,48350760,3,18,07:00:09,-79.480001,43.625205,,,19.7173073678094,36.1446918546947,383.934890666881,68.6197722246878,4
1049981,48350760,3,19,07:00:18,-79.479788,43.62564,14055,2,19.7173073678094,51.3757872849705,435.310677951851,78,4
1049981,48350760,3,20,07:00:18,-79.479788,43.62564,14055,2,1e-12,0,435.310677951851,78,4
1049981,48350760,3,21,07:00:33,-79.479398,43.626457,,,23.8691841243742,96.2244130264504,531.535090978302,92.512766129341,4
1049981,48350760,3,22,07:00:33,-79.479377,43.6265,,,23.8691841243742,5.07703266076458,536.612123639066,93.2784947559885,4
1049981,48350760,3,23,07:00:44,-79.479116,43.62711,14056,3,23.8691841243742,71.087106322154,607.69922996122,104,4
1049981,48350760,3,24,07:00:44,-79.479116,43.62711,14056,3,1e-12,0,607.69922996122,104,4
1049981,48350760,3,25,07:00:45,-79.479086,43.627174,,,20.4228438012388,7.52338310105834,615.222613062279,105.326170803018,4
1049981,48350760,3,26,07:00:48,-79.47902,43.627305,,,20.4228438012388,15.5223150236288,630.744928085907,108.062338920882,4
1049981,48350760,3,27,07:01:01,-79.478763,43.627962,,,20.4228438012388,76.012133997038,706.757062082945,121.461240907918,4
1049981,48350760,3,28,07:01:08,-79.478669,43.628273,,,20.4228438012388,35.4392180749888,742.196280157934,127.708225231532,4
1049981,48350760,3,29,07:01:11,-79.47863,43.628414,,,20.4228438012388,16.0075332507042,758.203813408638,130.52992431827,4
1049981,48350760,3,30,07:01:13,-79.478583,43.628517,,,20.4228438012388,12.0751420087318,770.27895541737,132.658448222898,4
1049981,48350760,3,31,07:01:17,-79.478457,43.628738,,,20.4228438012388,26.6141707233061,796.893126140676,137.349813222619,4
1049981,48350760,3,32,07:01:22,-79.478292,43.628949,,,20.4228438012388,26.9900477173234,823.883173858,142.107435262331,4
1049981,48350760,3,33,07:01:28,-79.478062,43.629228,,,20.4228438012388,36.1670585707755,860.050232428775,148.48271835816,4
1049981,48350760,3,34,07:01:36,-79.477726,43.62953,,,20.4228438012388,43.1643605404893,903.214592969264,156.091438253297,4
1049981,48350760,3,35,07:01:41,-79.477553,43.629737,,,20.4228438012388,26.9312773580666,930.145870327331,160.838700653804,4
1049981,48350760,3,36,07:01:46,-79.477316,43.629926,,,20.4228438012388,28.4133510473263,958.559221374657,165.847212923979,4
1049981,48350760,3,37,07:01:50,-79.47712,43.630106,,,20.4228438012388,25.5128644346465,984.072085809304,170.344447141632,4
1049981,48350760,3,38,07:01:55,-79.476914,43.630269,,,20.4228438012388,24.5915721045873,1008.66365791389,174.679282213482,4
1049981,48350760,3,39,07:02:05,-79.47628,43.630012,14053,4,20.4228438012388,58.5495575752015,1067.21321548909,185,4
1049981,48350760,3,40,07:02:05,-79.47628,43.630012,14053,4,1e-12,0,1067.21321548909,185,4
1049981,48350760,3,41,07:02:08,-79.47612,43.629943,,,20.2904360147675,15.0066347749229,1082.21985026402,187.662529536103,4
1049981,48350760,3,42,07:02:10,-79.476007,43.629878,,,20.2904360147675,11.629942708468,1093.84979297248,189.725954576354,4
1049981,48350760,3,43,07:02:11,-79.475932,43.629808,,,20.2904360147675,9.86102430248038,1103.71081727496,191.475531936993,4
1049981,48350760,3,44,07:02:14,-79.475881,43.629711,,,20.2904360147675,11.5534829356794,1115.26430021064,193.525391217403,4
1049981,48350760,3,45,07:02:20,-79.475742,43.629408,,,20.2904360147675,35.5406467592312,1150.80494696987,199.831136852446,4
1049981,48350760,3,46,07:02:23,-79.475687,43.629243,,,20.2904360147675,18.8947706669395,1169.69971763681,203.183513033592,4
1049981,48350760,3,47,07:02:27,-79.475697,43.629061,,,20.2904360147675,20.2761635472034,1189.97588118402,206.780980762566,4
1049981,48350760,3,48,07:02:30,-79.475755,43.628918,,,20.2904360147675,16.5905130081893,1206.56639419221,209.724527504786,4
1049981,48350760,3,49,07:02:30,-79.475768,43.628897,,,20.2904360147675,2.56166113242413,1209.12805532463,210.179026366713,4
1049981,48350760,3,50,07:02:41,-79.4760580023786,43.6284040003665,,,20.2904360147675,59.6480838776346,1268.77613920227,220.761997664284,4
1049981,48350760,3,51,07:02:51,-79.476348,43.627911,,,20.2904360147675,59.6480838772355,1328.4242230795,231.344968961784,4
1049981,48350760,3,52,07:02:59,-79.476502,43.627529,,,20.2904360147675,44.2975768761791,1372.72179995568,239.204399712222,4
1049981,48350760,3,53,07:03:08,-79.4766532532988,43.6270920002991,,,20.2904360147675,50.150067914634,1422.87186787031,248.102199856156,4
1049981,48350760,3,54,07:03:17,-79.4768045043983,43.6266550003988,14054,5,20.2904360147675,50.1500679141277,1473.02193578444,257,4
1049981,48350760,3,55,07:03:17,-79.4768045043983,43.6266550003988,14054,5,1e-12,0,1473.02193578444,257,4
1049981,48350760,3,56,07:03:30,-79.4769557532987,43.6262180002991,,,13.7733714283763,50.1500679144939,1523.17200369894,270.107919541052,4
1049981,48350760,3,57,07:03:43,-79.477107,43.625781,,,13.7733714283763,50.1500679117999,1573.32207161074,283.215839081399,4
1049981,48350760,3,58,07:04:00,-79.4773010018056,43.625221500164,24688,6,13.7733714283763,64.2151340126449,1637.53720562338,300,4
1049981,48350760,3,59,07:04:00,-79.4773010018056,43.625221500164,24688,6,1e-12,0,1637.53720562338,300,4
1049981,48350760,3,60,,-79.477495,43.624662,,,,64.215134010111,1701.75233963349,,4
1049981,48350759,3,1,,-79.480919,43.622659,,,1e-12,0,0,0,5
1049981,48350759,3,2,14:33:00,-79.480887,43.62259,3296,1,,8.10235164931374,8.10235164931374,,5
1049981,48350759,3,3,14:33:00,-79.480887,43.62259,3296,1,1e-12,0,8.10235164931374,0,5
1049981,48350759,3,4,14:33:01,-79.480832,43.622546,,,16.3611699435014,6.60566065987751,14.7080123091912,1.45346441957865,5
1049981,48350759,3,5,14:33:03,-79.480753,43.622517,,,16.3611699435014,7.13790116620235,21.8459134753936,3.02403940211741,5
1049981,48350759,3,6,14:33:05,-79.480658,43.622529,,,16.3611699435014,7.77117770905128,29.6170911844449,4.73395622647609,5
1049981,48350759,3,7,14:33:06,-79.480588,43.622573,,,16.3611699435014,7.47065394032948,37.0877451247744,6.3777478549512,5
1049981,48350759,3,8,14:33:10,-79.48051,43.622697,,,16.3611699435014,15.1673369118375,52.2550820366118,9.71506499493375,5
1049981,48350759,3,9,14:33:13,-79.4807,43.622762,,,16.3611699435014,16.9346306548428,69.1897126914546,13.4412453700511,5
1049981,48350759,3,10,14:33:14,-79.480705,43.622765,,,16.3611699435014,0.523328323040307,69.7130410144949,13.5563949571192,5
1049981,48350759,3,11,14:33:20,-79.481003,43.622884,,,16.3611699435014,27.4254476565833,97.1384886710782,19.5909029968645,5
1049981,48350759,3,12,14:33:24,-79.481211,43.622968,,,16.3611699435014,19.1933097725638,116.331798443642,23.8140676861766,5
1049981,48350759,3,13,14:33:39,-79.480854,43.623536,,,16.3611699435014,69.4663740271103,185.798172470752,39.0989737999309,5
1049981,48350759,3,14,14:33:44,-79.480736,43.623736,,,16.3611699435014,24.2094568602921,210.007629331044,44.4258572072919,5
1049981,48350759,3,15,14:33:55,-79.480528,43.624142,,,16.3611699435014,48.2036099294677,258.211239260512,55.032250047494,5
1049981,48350759,3,16,14:34:00,-79.480429,43.624335,,,16.3611699435014,22.9179626897552,281.129201950267,60.0749619053883,5
1049981,48350759,3,17,14:34:15,-79.480151,43.624899,,,16.3611699435014,66.6609968619188,347.790198812186,74.7425920034563,5
1049981,48350759,3,18,14:34:23,-79.480001,43.625205,,,16.3611699435014,36.1446918546947,383.934890666881,82.6956229374443,5
1049981,48350759,3,19,14:34:34,-79.479788,43.62564,14055,2,16.3611699435014,51.3757872849705,435.310677951851,94,5
1049981,48350759,3,20,14:34:34,-79.479788,43.62564,14055,2,1e-12,0,435.310677951851,94,5
1049981,48350759,3,21,14:34:51,-79.479398,43.626457,,,20.019315717217,96.2244130264504,531.535090978302,111.303682692676,5
1049981,48350759,3,22,14:34:52,-79.479377,43.6265,,,20.019315717217,5.07703266076458,536.612123639066,112.216666824448,5
1049981,48350759,3,23,14:35:05,-79.479116,43.62711,14056,3,20.019315717217,71.087106322154,607.69922996122,125,5
1049981,48350759,3,24,14:35:05,-79.479116,43.62711,14056,3,1e-12,0,607.69922996122,125,5
1049981,48350759,3,25,14:35:07,-79.479086,43.627174,,,17.0541272979417,7.52338310105834,615.222613062279,126.588130467812,5
1049981,48350759,3,26,14:35:10,-79.47902,43.627305,,,17.0541272979417,15.5223150236288,630.744928085907,129.864776238588,5
1049981,48350759,3,27,14:35:26,-79.478763,43.627962,,,17.0541272979417,76.012133997038,706.757062082945,145.91037491442,5
1049981,48350759,3,28,14:35:33,-79.478669,43.628273,,,17.0541272979417,35.4392180749888,742.196280157934,153.391331450106,5
1049981,48350759,3,29,14:35:37,-79.47863,43.628414,,,17.0541272979417,16.0075332507042,758.203813408638,156.770403195952,5
1049981,48350759,3,30,14:35:39,-79.478583,43.628517,,,17.0541272979417,12.0751420087318,770.27895541737,159.319376266928,5
1049981,48350759,3,31,14:35:45,-79.478457,43.628738,,,17.0541272979417,26.6141707233061,796.893126140676,164.93743064931,5
1049981,48350759,3,32,14:35:51,-79.478292,43.628949,,,17.0541272979417,26.9900477173234,823.883173858,170.634829882051,5
1049981,48350759,3,33,14:35:58,-79.478062,43.629228,,,17.0541272979417,36.1670585707755,860.050232428775,178.269428157303,5
1049981,48350759,3,34,14:36:07,-79.477726,43.62953,,,17.0541272979417,43.1643605404893,903.214592969264,187.381105068763,5
1049981,48350759,3,35,14:36:13,-79.477553,43.629737,,,17.0541272979417,26.9312773580666,930.145870327331,193.066098313814,5
1049981,48350759,3,36,14:36:19,-79.477316,43.629926,,,17.0541272979417,28.4133510473263,958.559221374657,199.063946341061,5
1049981,48350759,3,37,14:36:24,-79.47712,43.630106,,,17.0541272979417,25.5128644346465,984.072085809304,204.449523120226,5
1049981,48350759,3,38,14:36:30,-79.476914,43.630269,,,17.0541272979417,24.5915721045873,1008.66365791389,209.640621909972,5
1049981,48350759,3,39,14:36:42,-79.47628,43.630012,14053,4,17.0541272979417,58.5495575752015,1067.21321548909,222,5
1049981,48350759,3,40,14:36:42,-79.47628,43.630012,14053,4,1e-12,0,1067.21321548909,222,5
1049981,48350759,3,41,14:36:45,-79.47612,43.629943,,,16.9873417798053,15.0066347749229,1082.21985026402,225.180243612567,5
1049981,48350759,3,42,14:36:48,-79.476007,43.629878,,,16.9873417798053,11.629942708468,1093.84979297248,227.644890188423,5
1049981,48350759,3,43,14:36:50,-79.475932,43.629808,,,16.9873417798053,9.86102430248038,1103.71081727496,229.734663146964,5
1049981,48350759,3,44,14:36:52,-79.475881,43.629711,,,16.9873417798053,11.5534829356794,1115.26430021064,232.183106176343,5
1049981,48350759,3,45,14:37:00,-79.475742,43.629408,,,16.9873417798053,35.5406467592312,1150.80494696987,239.714969018199,5
1049981,48350759,3,46,14:37:04,-79.475687,43.629243,,,16.9873417798053,18.8947706669395,1169.69971763681,243.719196123458,5
1049981,48350759,3,47,14:37:08,-79.475697,43.629061,,,16.9873417798053,20.2761635472034,1189.97588118402,248.016171466398,5
1049981,48350759,3,48,14:37:12,-79.475755,43.628918,,,16.9873417798053,16.5905130081893,1206.56639419221,251.532074519605,5
1049981,48350759,3,49,14:37:12,-79.475768,43.628897,,,16.9873417798053,2.56166113242413,1209.12805532463,252.074948160241,5
1049981,48350759,3,50,14:37:25,-79.4760580023786,43.6284040003665,,,16.9873417798053,59.6480838776346,1268.77613920227,264.715719432339,5
1049981,48350759,3,51,14:37:37,-79.476348,43.627911,,,16.9873417798053,59.6480838772355,1328.4242230795,277.356490704354,5
1049981,48350759,3,52,14:37:47,-79.476502,43.627529,,,16.9873417798053,44.2975768761791,1372.72179995568,286.744144100709,5
1049981,48350759,3,53,14:37:57,-79.4766532532988,43.6270920002991,,,16.9873417798053,50.150067914634,1422.87186787031,297.372072050408,5
1049981,48350759,3,54,14:38:08,-79.4768045043983,43.6266550003988,14054,5,16.9873417798053,50.1500679141277,1473.02193578444,308,5
1049981,48350759,3,55,14:38:08,-79.4768045043983,43.6266550003988,14054,5,1e-12,0,1473.02193578444,308,5
1049981,48350759,3,56,14:38:24,-79.4769557532987,43.6262180002991,,,11.3895186811573,50.1500679144939,1523.17200369894,323.851437584528,5
1049981,48350759,3,57,14:38:40,-79.477107,43.625781,,,11.3895186811573,50.1500679117999,1573.32207161074,339.702875168204,5
1049981,48350759,3,58,14:39:00,-79.4773010018056,43.625221500164,24688,6,11.3895186811573,64.2151340126449,1637.53720562338,360,5
1049981,48350759,3,59,14:39:00,-79.4773010018056,43.625221500164,24688,6,1e-12,0,1637.53720562338,360,5
1049981,48350759,3,60,,-79.477495,43.624662,,,,64.215134010111,1701.75233963349,,5
1049981,48350758,3,1,,-79.480919,43.622659,,,1e-12,0,0,0,6
1049981,48350758,3,2,14:54:00,-79.480887,43.62259,3296,1,,8.10235164931374,8.10235164931374,,6
1049981,48350758,3,3,14:54:00,-79.480887,43.62259,3296,1,1e-12,0,8.10235164931374,0,6
1049981,48350758,3,4,14:54:01,-79.480832,43.622546,,,16.3611699435014,6.60566065987751,14.7080123091912,1.45346441957865,6
1049981,48350758,3,5,14:54:03,-79.480753,43.622517,,,16.3611699435014,7.13790116620235,21.8459134753936,3.02403940211741,6
1049981,48350758,3,6,14:54:05,-79.480658,43.622529,,,16.3611699435014,7.77117770905128,29.6170911844449,4.73395622647609,6
1049981,48350758,3,7,14:54:06,-79.480588,43.622573,,,16.3611699435014,7.47065394032948,37.0877451247744,6.3777478549512,6
1049981,48350758,3,8,14:54:10,-79.48051,43.622697,,,16.3611699435014,15.1673369118375,52.2550820366118,9.71506499493375,6
1049981,48350758,3,9,14:54:13,-79.4807,43.622762,,,16.3611699435014,16.9346306548428,69.1897126914546,13.4412453700511,6
1049981,48350758,3,10,14:54:14,-79.480705,43.622765,,,16.3611699435014,0.523328323040307,69.7130410144949,13.5563949571192,6
1049981,48350758,3,11,14:54:20,-79.481003,43.622884,,,16.3611699435014,27.4254476565833,97.1384886710782,19.5909029968645,6
1049981,48350758,3,12,14:54:24,-79.481211,43.622968,,,16.3611699435014,19.1933097725638,116.331798443642,23.8140676861766,6
1049981,48350758,3,13,14:54:39,-79.480854,43.623536,,,16.3611699435014,69.4663740271103,185.798172470752,39.0989737999309,6
1049981,48350758,3,14,14:54:44,-79.480736,43.623736,,,16.3611699435014,24.2094568602921,210.007629331044,44.4258572072919,6
1049981,48350758,3,15,14:54:55,-79.480528,43.624142,,,16.3611699435014,48.2036099294677,258.211239260512,55.032250047494,6
1049981,48350758,3,16,14:55:00,-79.480429,43.624335,,,16.3611699435014,22.9179626897552,281.129201950267,60.0749619053883,6
1049981,48350758,3,17,14:55:15,-79.480151,43.624899,,,16.3611699435014,66.6609968619188,347.790198812186,74.7425920034563,6
1049981,48350758,3,18,14:55:23,-79.480001,43.625205,,,16.3611699435014,36.1446918546947,383.934890666881,82.6956229374443,6
1049981,48350758,3,19,14:55:34,-79.479788,43.62564,14055,2,16.3611699435014,51.3757872849705,435.310677951851,94,6
1049981,48350758,3,20,14:55:34,-79.479788,43.62564,14055,2,1e-12,0,435.310677951851,94,6
1049981,48350758,3,21,14:55:51,-79.479398,43.626457,,,20.019315717217,96.2244130264504,531.535090978302,111.303682692676,6
1049981,48350758,3,22,14:55:52,-79.479377,43.6265,,,20.019315717217,5.07703266076458,536.612123639066,112.216666824448,6
1049981,48350758,3,23,14:56:05,-79.479116,43.62711,14056,3,20.019315717217,71.087106322154,607.69922996122,125,6
1049981,48350758,3,24,14:56:05,-79.479116,43.62711,14056,3,1e-12,0,607.69922996122,125,6
1049981,48350758,3,25,14:56:07,-79.479086,43.627174,,,17.0541272979417,7.52338310105834,615.222613062279,126.588130467812,6
1049981,48350758,3,26,14:56:10,-79.47902,43.627305,,,17.0541272979417,15.5223150236288,630.744928085907,129.864776238588,6
1049981,48350758,3,27,14:56:26,-79.478763,43.627962,,,17.0541272979417,76.012133997038,706.757062082945,145.91037491442,6
1049981,48350758,3,28,14:56:33,-79.478669,43.628273,,,17.0541272979417,35.4392180749888,742.196280157934,153.391331450106,6
1049981,48350758,3,29,14:56:37,-79.47863,43.628414,,,17.0541272979417,16.0075332507042,758.203813408638,156.770403195952,6
1049981,48350758,3,30,14:56:39,-79.478583,43.628517,,,17.0541272979417,12.0751420087318,770.27895541737,159.319376266928,6
1049981,48350758,3,31,14:56:45,-79.478457,43.628738,,,17.0541272979417,26.6141707233061,796.893126140676,164.93743064931,6
1049981,48350758,3,32,14:56:51,-79.478292,43.628949,,,17.0541272979417,26.9900477173234,823.883173858,170.634829882051,6
1049981,48350758,3,33,14:56:58,-79.478062,43.629228,,,17.0541272979417,36.1670585707755,860.050232428775,178.269428157303,6
1049981,48350758,3,34,14:57:07,-79.477726,43.62953,,,17.0541272979417,43.1643605404893,903.214592969264,187.381105068763,6
1049981,48350758,3,35,14:57:13,-79.477553,43.629737,,,17.0541272979417,26.9312773580666,930.145870327331,193.066098313814,6
1049981,48350758,3,36,14:57:19,-79.477316,43.629926,,,17.0541272979417,28.4133510473263,958.559221374657,199.063946341061,6
1049981,48350758,3,37,14:57:24,-79.47712,43.630106,,,17.0541272979417,25.5128644346465,984.072085809304,204.449523120226,6
1049981,48350758,3,38,14:57:30,-79.476914,43.630269,,,17.0541272979417,24.5915721045873,1008.66365791389,209.640621909972,6
1049981,48350758,3,39,14:57:42,-79.47628,43.630012,14053,4,17.0541272979417,58.5495575752015,1067.21321548909,222,6
1049981,48350758,3,40,14:57:42,-79.47628,43.630012,14053,4,1e-12,0,1067.21321548909,222,6
1049981,48350758,3,41,14:57:45,-79.47612,43.629943,,,16.9873417798053,15.0066347749229,1082.21985026402,225.180243612567,6
1049981,48350758,3,42,14:57:48,-79.476007,43.629878,,,16.9873417798053,11.629942708468,1093.84979297248,227.644890188423,6
1049981,48350758,3,43,14:57:50,-79.475932,43.629808,,,16.9873417798053,9.86102430248038,1103.71081727496,229.734663146964,6
1049981,48350758,3,44,14:57:52,-79.475881,43.629711,,,16.9873417798053,11.5534829356794,1115.26430021064,232.183106176343,6
1049981,48350758,3,45,14:58:00,-79.475742,43.629408,,,16.9873417798053,35.5406467592312,1150.80494696987,239.714969018199,6
1049981,48350758,3,46,14:58:04,-79.475687,43.629243,,,16.9873417798053,18.8947706669395,1169.69971763681,243.719196123458,6
1049981,48350758,3,47,14:58:08,-79.475697,43.629061,,,16.9873417798053,20.2761635472034,1189.97588118402,248.016171466398,6
1049981,48350758,3,48,14:58:12,-79.475755,43.628918,,,16.9873417798053,16.5905130081893,1206.56639419221,251.532074519605,6
1049981,48350758,3,49,14:58:12,-79.475768,43.628897,,,16.9873417798053,2.56166113242413,1209.12805532463,252.074948160241,6
1049981,48350758,3,50,14:58:25,-79.4760580023786,43.6284040003665,,,16.9873417798053,59.6480838776346,1268.77613920227,264.715719432339,6
1049981,48350758,3,51,14:58:37,-79.476348,43.627911,,,16.9873417798053,59.6480838772355,1328.4242230795,277.356490704354,6
1049981,48350758,3,52,14:58:47,-79.476502,43.627529,,,16.9873417798053,44.2975768761791,1372.72179995568,286.744144100709,6
1049981,48350758,3,53,14:58:57,-79.4766532532988,43.6270920002991,,,16.9873417798053,50.150067914634,1422.87186787031,297.372072050408,6
1049981,48350758,3,54,14:59:08,-79.4768045043983,43.6266550003988,14054,5,16.9873417798053,50.1500679141277,1473.02193578444,308,6
1049981,48350758,3,55,14:59:08,-79.4768045043983,43.6266550003988,14054,5,1e-12,0,1473.02193578444,308,6
1049981,48350758,3,56,14:59:24,-79.4769557532987,43.6262180002991,,,11.3895186811573,50.1500679144939,1523.17200369894,323.851437584528,6
1049981,48350758,3,57,14:59:40,-79.477107,43.625781,,,11.3895186811573,50.1500679117999,1573.32207161074,339.702875168204,6
1049981,48350758,3,58,15:00:00,-79.4773010018056,43.625221500164,24688,6,11.3895186811573,64.2151340126449,1637.53720562338,360,6
1049981,48350758,3,59,15:00:00,-79.4773010018056,43.625221500164,24688,6,1e-12,0,1637.53720562338,360,6
1049981,48350758,3,60,,-79.477495,43.624662,,,,64.215134010111,1701.75233963349,,6
1049981,48350757,3,1,,-79.480919,43.622659,,,1e-12,0,0,0,7
1049981,48350757,3,2,15:14:00,-79.480887,43.62259,3296,1,,8.10235164931374,8.10235164931374,,7
1049981,48350757,3,3,15:14:00,-79.480887,43.62259,3296,1,1e-12,0,8.10235164931374,0,7
1049981,48350757,3,4,15:14:01,-79.480832,43.622546,,,16.3611699435014,6.60566065987751,14.7080123091912,1.45346441957865,7
1049981,48350757,3,5,15:14:03,-79.480753,43.622517,,,16.3611699435014,7.13790116620235,21.8459134753936,3.02403940211741,7
1049981,48350757,3,6,15:14:05,-79.480658,43.622529,,,16.3611699435014,7.77117770905128,29.6170911844449,4.73395622647609,7
1049981,48350757,3,7,15:14:06,-79.480588,43.622573,,,16.3611699435014,7.47065394032948,37.0877451247744,6.3777478549512,7
1049981,48350757,3,8,15:14:10,-79.48051,43.622697,,,16.3611699435014,15.1673369118375,52.2550820366118,9.71506499493375,7
1049981,48350757,3,9,15:14:13,-79.4807,43.622762,,,16.3611699435014,16.9346306548428,69.1897126914546,13.4412453700511,7
1049981,48350757,3,10,15:14:14,-79.480705,43.622765,,,16.3611699435014,0.523328323040307,69.7130410144949,13.5563949571192,7
1049981,48350757,3,11,15:14:20,-79.481003,43.622884,,,16.3611699435014,27.4254476565833,97.1384886710782,19.5909029968645,7
1049981,48350757,3,12,15:14:24,-79.481211,43.622968,,,16.3611699435014,19.1933097725638,116.331798443642,23.8140676861766,7
1049981,48350757,3,13,15:14:39,-79.480854,43.623536,,,16.3611699435014,69.4663740271103,185.798172470752,39.0989737999309,7
1049981,48350757,3,14,15:14:44,-79.480736,43.623736,,,16.3611699435014,24.2094568602921,210.007629331044,44.4258572072919,7
1049981,48350757,3,15,15:14:55,-79.480528,43.624142,,,16.3611699435014,48.2036099294677,258.211239260512,55.032250047494,7
1049981,48350757,3,16,15:15:00,-79.480429,43.624335,,,16.3611699435014,22.9179626897552,281.129201950267,60.0749619053883,7
1049981,48350757,3,17,15:15:15,-79.480151,43.624899,,,16.3611699435014,66.6609968619188,347.790198812186,74.7425920034563,7
1049981,48350757,3,18,15:15:23,-79.480001,43.625205,,,16.3611699435014,36.1446918546947,383.934890666881,82.6956229374443,7
1049981,48350757,3,19,15:15:34,-79.479788,43.62564,14055,2,16.3611699435014,51.3757872849705,435.310677951851,94,7
1049981,48350757,3,20,15:15:34,-79.479788,43.62564,14055,2,1e-12,0,435.310677951851,94,7
1049981,48350757,3,21,15:15:51,-79.479398,43.626457,,,20.019315717217,96.2244130264504,531.535090978302,111.303682692676,7
1049981,48350757,3,22,15:15:52,-79.479377,43.6265,,,20.019315717217,5.07703266076458,536.612123639066,112.216666824448,7
1049981,48350757,3,23,15:16:05,-79.479116,43.62711,14056,3,20.019315717217,71.087106322154,607.69922996122,125,7
1049981,48350757,3,24,15:16:05,-79.479116,43.62711,14056,3,1e-12,0,607.69922996122,125,7
1049981,48350757,3,25,15:16:07,-79.479086,43.627174,,,17.0541272979417,7.52338310105834,615.222613062279,126.588130467812,7
1049981,48350757,3,26,15:16:10,-79.47902,43.627305,,,17.0541272979417,15.5223150236288,630.744928085907,129.864776238588,7
1049981,48350757,3,27,15:16:26,-79.478763,43.627962,,,17.0541272979417,76.012133997038,706.757062082945,145.91037491442,7
1049981,48350757,3,28,15:16:33,-79.478669,43.628273,,,17.0541272979417,35.4392180749888,742.196280157934,153.391331450106,7
1049981,48350757,3,29,15:16:37,-79.47863,43.628414,,,17.0541272979417,16.0075332507042,758.203813408638,156.770403195952,7
1049981,48350757,3,30,15:16:39,-79.478583,43.628517,,,17.0541272979417,12.0751420087318,770.27895541737,159.319376266928,7
1049981,48350757,3,31,15:16:45,-79.478457,43.628738,,,17.0541272979417,26.6141707233061,796.893126140676,164.93743064931,7
1049981,48350757,3,32,15:16:51,-79.478292,43.628949,,,17.0541272979417,26.9900477173234,823.883173858,170.634829882051,7
1049981,48350757,3,33,15:16:58,-79.478062,43.629228,,,17.0541272979417,36.1670585707755,860.050232428775,178.269428157303,7
1049981,48350757,3,34,15:17:07,-79.477726,43.62953,,,17.0541272979417,43.1643605404893,903.214592969264,187.381105068763,7
1049981,48350757,3,35,15:17:13,-79.477553,43.629737,,,17.0541272979417,26.9312773580666,930.145870327331,193.066098313814,7
1049981,48350757,3,36,15:17:19,-79.477316,43.629926,,,17.0541272979417,28.4133510473263,958.559221374657,199.063946341061,7
1049981,48350757,3,37,15:17:24,-79.47712,43.630106,,,17.0541272979417,25.5128644346465,984.072085809304,204.449523120226,7
1049981,48350757,3,38,15:17:30,-79.476914,43.630269,,,17.0541272979417,24.5915721045873,1008.66365791389,209.640621909972,7
1049981,48350757,3,39,15:17:42,-79.47628,43.630012,14053,4,17.0541272979417,58.5495575752015,1067.21321548909,222,7
1049981,48350757,3,40,15:17:42,-79.47628,43.630012,14053,4,1e-12,0,1067.21321548909,222,7
1049981,48350757,3,41,15:17:45,-79.47612,43.629943,,,16.9873417798053,15.0066347749229,1082.21985026402,225.180243612567,7
1049981,48350757,3,42,15:17:48,-79.476007,43.629878,,,16.9873417798053,11.629942708468,1093.84979297248,227.644890188423,7
1049981,48350757,3,43,15:17:50,-79.475932,43.629808,,,16.9873417798053,9.86102430248038,1103.71081727496,229.734663146964,7
1049981,48350757,3,44,15:17:52,-79.475881,43.629711,,,16.9873417798053,11.5534829356794,1115.26430021064,232.183106176343,7
1049981,48350757,3,45,15:18:00,-79.475742,43.629408,,,16.9873417798053,35.5406467592312,1150.80494696987,239.714969018199,7
1049981,48350757,3,46,15:18:04,-79.475687,43.629243,,,16.9873417798053,18.8947706669395,1169.69971763681,243.719196123458,7
1049981,48350757,3,47,15:18:08,-79.475697,43.629061,,,16.9873417798053,20.2761635472034,1189.97588118402,248.016171466398,7
1049981,48350757,3,48,15:18:12,-79.475755,43.628918,,,16.9873417798053,16.5905130081893,1206.56639419221,251.532074519605,7
1049981,48350757,3,49,15:18:12,-79.475768,43.628897,,,16.9873417798053,2.56166113242413,1209.12805532463,252.074948160241,7
1049981,48350757,3,50,15:18:25,-79.4760580023786,43.6284040003665,,,16.9873417798053,59.6480838776346,1268.77613920227,264.715719432339,7
1049981,48350757,3,51,15:18:37,-79.476348,43.627911,,,16.9873417798053,59.6480838772355,1328.4242230795,277.356490704354,7
1049981,48350757,3,52,15:18:47,-79.476502,43.627529,,,16.9873417798053,44.2975768761791,1372.72179995568,286.744144100709,7
1049981,48350757,3,53,15:18:57,-79.4766532532988,43.6270920002991,,,16.9873417798053,50.150067914634,1422.87186787031,297.372072050408,7
1049981,48350757,3,54,15:19:08,-79.4768045043983,43.6266550003988,14054,5,16.9873417798053,50.1500679141277,1473.02193578444,308,7
1049981,48350757,3,55,15:19:08,-79.4768045043983,43.6266550003988,14054,5,1e-12,0,1473.02193578444,308,7
1049981,48350757,3,56,15:19:24,-79.4769557532987,43.6262180002991,,,11.3895186811573,50.1500679144939,1523.17200369894,323.851437584528,7
1049981,48350757,3,57,15:19:40,-79.477107,43.625781,,,11.3895186811573,50.1500679117999,1573.32207161074,339.702875168204,7
1049981,48350757,3,58,15:20:00,-79.4773010018056,43.625221500164,24688,6,11.3895186811573,64.2151340126449,1637.53720562338,360,7
1049981,48350757,3,59,15:20:00,-79.4773010018056,43.625221500164,24688,6,1e-12,0,1637.53720562338,360,7
1049981,48350757,3,60,,-79.477495,43.624662,,,,64.215134010111,1701.75233963349,,7
