shape_id,trip_id,route_type,id,timestamp,shape_pt_lon,shape_pt_lat,stop_id,stop_sequence,speed,dist,cumdist,cumtime,trip_number
1049062,48336508,3,1,,-79.398601,43.704602,,,1e-12,0,0,0,1
1049062,48336508,3,2,,-79.398505,43.704718,,,,15.0476134949965,15.0476134949965,,1
1049062,48336508,3,3,01:25:04,-79.398639,43.705256,14676,1,,60.852950821068,75.9005643160645,,1
1049062,48336508,3,4,01:25:04,-79.398639,43.705256,14676,1,1e-12,0,75.9005643160645,0,1
1049062,48336508,3,5,01:25:04,-79.398786,43.705389,,,142.46585174048,18.9510175146085,94.851581830673,0.478877304414456,1
1049062,48336508,3,6,01:25:05,-79.39888,43.705422,,,142.46585174048,8.40928750454364,103.260869335217,0.691373384327726,1
1049062,48336508,3,7,01:25:06,-79.399284,43.705466,,,142.46585174048,32.8779982787548,136.138867613971,1.52217453672688,1
1049062,48336508,3,8,01:25:06,-79.399464,43.70548,,,142.46585174048,14.5687355105995,150.707603124571,1.89031502230582,1
1049062,48336508,3,9,01:25:07,-79.400093,43.705694,,,142.46585174048,55.9430769617838,206.650680086355,3.30395256844066,1
1049062,48336508,3,10,01:25:08,-79.399894,43.705684,,,142.46585174048,16.0527112946653,222.70339138102,3.70959195468507,1
1049062,48336508,3,11,01:25:09,-79.399234,43.705657,,,142.46585174048,53.1969736296984,275.900365010719,5.05383762989272,1
1049062,48336508,3,12,01:25:10,-79.39876,43.705648,,,142.46585174048,38.1572370908148,314.057602101533,6.01804099405863,1
1049062,48336508,3,13,01:25:11,-79.398299,43.705648,,,142.46585174048,37.0979390289335,351.155541130467,6.95547672951785,1
1049062,48336508,3,14,01:25:11,-79.398137,43.705648,,,142.46585174048,13.0365859480434,364.19212707851,7.2849010009457,1
1049062,48336508,3,15,01:25:13,-79.3980184989286,43.7051060000612,,,142.46585174048,61.0841170564954,425.276244135006,8.82844858597657,1
1049062,48336508,3,16,01:25:14,-79.3979,43.704564,,,142.46585174048,61.0841170589561,486.360361193962,10.3719961710696,1
1049062,48336508,3,17,01:25:15,-79.39784,43.704345,4646,2,142.46585174048,24.8525278846803,511.212889078642,11,1
1049062,48336508,3,18,01:25:15,-79.39784,43.704345,4646,2,1e-12,0,511.212889078642,11,1
1049062,48336508,3,19,01:25:18,-79.397813,43.704142,,,23.465653939276,22.7020758907468,533.914964969389,14.4828551302334,1
1049062,48336508,3,20,01:25:31,-79.397672,43.70339,,,23.465653939276,84.4777882735338,618.392753242923,27.4430751424997,1
1049062,48336508,3,21,01:25:33,-79.397653,43.703287,,,23.465653939276,11.56741124459,629.960164487513,29.2176977713123,1
1049062,48336508,3,22,01:25:47,-79.397493,43.702506,,,23.465653939276,87.8888601954821,717.849024682995,42.7012298102024,1
1049062,48336508,3,23,01:25:59,-79.397332,43.701788,,,23.465653939276,80.9707900622306,798.819814745225,55.1234211958912,1
1049062,48336508,3,24,01:26:10,-79.397207,43.70113,,,23.465653939276,73.935796247266,872.755610992491,66.4663339985322,1
1049062,48336508,3,25,01:26:15,-79.397147,43.700847,,,23.465653939276,31.8713342404824,904.626945232974,71.3558974244078,1
1049062,48336508,3,26,01:26:25,-79.397027,43.700289,4023,3,23.465653939276,62.8625482204801,967.489493453454,81,1
1049062,48336508,3,27,01:26:25,-79.397027,43.700289,4023,3,1e-12,0,967.489493453454,81,1
1049062,48336508,3,28,01:26:34,-79.396942,43.69978,,,23.7472256640045,57.0730772721671,1024.56257072562,89.6520876622332,1
1049062,48336508,3,29,01:26:41,-79.396849,43.699325,,,23.7472256640045,51.2003998537195,1075.76297057934,97.4138970660483,1
1049062,48336508,3,30,01:26:50,-79.3967394990595,43.6988100000523,,,23.7472256640045,58.002938182043,1133.76590876138,106.206948532766,1
1049062,48336508,3,31,01:26:59,-79.39663,43.698295,2795,4,23.7472256640045,58.0029381854467,1191.76884694683,115,1
1049062,48336508,3,32,01:26:59,-79.39663,43.698295,2795,4,1e-12,0,1191.76884694683,115,1
1049062,48336508,3,33,01:27:07,-79.3965444993384,43.6978310000319,,,23.8072972968226,52.1086059114134,1243.87745285824,122.879558059122,1
1049062,48336508,3,34,01:27:15,-79.396459,43.697367,,,23.8072972968226,52.1086059134449,1295.98605877169,130.759116118551,1
1049062,48336508,3,35,01:27:25,-79.3963254986119,43.6967435000777,,,23.8072972968226,70.2344496416029,1366.22050841329,141.379558059414,1
1049062,48336508,3,36,01:27:36,-79.396192,43.69612,4550,5,23.8072972968226,70.2344496397706,1436.45495805306,152,1
1049062,48336508,3,37,01:27:36,-79.396192,43.69612,4550,5,1e-12,0,1436.45495805306,152,1
1049062,48336508,3,38,01:27:44,-79.396093,43.695652,,,23.5677279090803,52.7033431376379,1489.1583011907,160.050501772061,1
1049062,48336508,3,39,01:27:59,-79.3959114923139,43.6948055004308,,,23.5677279090803,95.3576054559057,1584.51590664661,174.616495616083,1
1049062,48336508,3,40,01:28:13,-79.3957299897521,43.6939590005744,,,23.5677279090803,95.3576054600711,1679.87351210668,189.182489460742,1
1049062,48336508,3,41,01:28:28,-79.3955484923142,43.6931125004308,,,23.5677279090803,95.3576054595851,1775.23111756626,203.748483305326,1
1049062,48336508,3,42,01:28:42,-79.395367,43.692266,,,23.5677279090803,95.3576054581033,1870.58872302436,218.314477149685,1
1049062,48336508,3,43,01:28:45,-79.395329,43.692092,,,23.5677279090803,19.6096002034339,1890.1983232278,221.309868177819,1
1049062,48336508,3,44,01:29:00,-79.395158,43.691254,,,23.5677279090803,94.2956894697275,1984.49401269753,235.713653022951,1
1049062,48336508,3,45,01:29:08,-79.39505,43.690777,,,23.5677279090803,53.8062944527065,2038.30030715023,243.932631991862,1
1049062,48336508,3,46,01:29:18,-79.394924,43.690192,4111,6,23.5677279090803,65.9069416601043,2104.20724881034,254,1
1049062,48336508,3,47,01:29:18,-79.394924,43.690192,4111,6,1e-12,0,2104.20724881034,254,1
1049062,48336508,3,48,01:29:21,-79.394879,43.689994,,,25.1336029808569,22.3369097130382,2126.54415852338,257.199416933107,1
1049062,48336508,3,49,01:29:26,-79.394809,43.689728,,,25.1336029808569,30.1423099969699,2156.68646852034,261.516836766297,1
1049062,48336508,3,50,01:29:34,-79.394591,43.68921,,,25.1336029808569,60.2744048226718,2216.96087334302,270.150213267346,1
1049062,48336508,3,51,01:29:36,-79.394555,43.689125,,,25.1336029808569,9.89594583996485,2226.85681918298,271.567654493382,1
1049062,48336508,3,52,01:29:44,-79.3943419981374,43.6886005001978,,,25.1336029808569,60.8524515243445,2287.70927070733,280.283827246428,1
1049062,48336508,3,53,01:29:53,-79.394129,43.688076,8942,7,25.1336029808569,60.852451528008,2348.56172223533,289,1
1049062,48336508,3,54,01:29:53,-79.394129,43.688076,8942,7,1e-12,0,2348.56172223533,289,1
1049062,48336508,3,55,01:30:02,-79.3939104982697,43.6876010002081,,,22.0242714490688,55.7253085969793,2404.28703083231,298.108637777783,1
1049062,48336508,3,56,01:30:11,-79.393692,43.687126,,,22.0242714490688,55.7253085986663,2460.01233943098,307.217275555841,1
1049062,48336508,3,57,01:30:20,-79.3935054985994,43.6866755001516,,,22.0242714490688,52.3483818591239,2512.3607212901,315.773934291575,1
1049062,48336508,3,58,01:30:28,-79.393319,43.686225,,,22.0242714490688,52.3483818576298,2564.70910314773,324.330593027064,1
1049062,48336508,3,59,01:30:35,-79.393173,43.685874,3097,8,22.0242714490688,40.8024526600698,2605.5115558078,331,1
1049062,48336508,3,60,01:30:35,-79.393173,43.685874,3097,8,1e-12,0,2605.5115558078,331,1
1049062,48336508,3,61,01:30:49,-79.392841,43.685019,,,25.3579886953761,98.8592925918631,2704.37084839967,345.034766621519,1
1049062,48336508,3,62,01:30:58,-79.3926064978794,43.6844765002397,,,25.3579886953761,63.2725256828652,2767.64337408253,354.017383310667,1
1049062,48336508,3,63,01:31:07,-79.392372,43.683934,4171,9,25.3579886953761,63.2725256841704,2830.9158997667,363,1
1049062,48336508,3,64,01:31:07,-79.392372,43.683934,4171,9,1e-12,0,2830.9158997667,363,1
1049062,48336508,3,65,01:31:21,-79.39202,43.683094,,,25.0218452843928,97.7076949606803,2928.62359472738,377.057624362255,1
1049062,48336508,3,66,01:31:25,-79.391926,43.682868,,,25.0218452843928,26.2716440469714,2954.89523877435,380.837438260636,1
1049062,48336508,3,67,01:31:37,-79.391618,43.682142,9262,10,25.0218452843928,84.5360383622886,3039.43127713664,393,1
1049062,48336508,3,68,01:31:37,-79.391618,43.682142,9262,10,1e-12,0,3039.43127713664,393,1
1049062,48336508,3,69,01:31:40,-79.391542,43.681966,,,25.0529346870069,20.5253386078627,3059.95661574451,395.949403729002,1
1049062,48336508,3,70,01:31:49,-79.391327,43.681425,,,25.0529346870069,62.6617704360566,3122.61838618056,404.953633228982,1
1049062,48336508,3,71,01:31:55,-79.391182,43.681074,,,25.0529346870069,40.7796056704992,3163.39799185106,410.813488860583,1
1049062,48336508,3,72,01:32:04,-79.390974,43.680549,,,25.0529346870069,60.7943824201117,3224.19237427117,419.549382656926,1
1049062,48336508,3,73,01:32:14,-79.390715,43.679892,,,25.0529346870069,76.0511859856893,3300.24356025686,430.477614138345,1
1049062,48336508,3,74,01:32:27,-79.390419,43.679139,4094,11,25.0529346870069,87.1451430882087,3387.38870334507,443,1
1049062,48336508,3,75,01:32:27,-79.390419,43.679139,4094,11,1e-12,0,3387.38870334507,443,1
1049062,48336508,3,76,01:32:34,-79.3902239984774,43.6786705001657,,,27.3249173053721,54.4648574027527,3441.85356074782,450.175629644499,1
1049062,48336508,3,77,01:32:41,-79.390029,43.678202,,,27.3249173053721,54.4648574029315,3496.31841815076,457.351259289022,1
1049062,48336508,3,78,01:32:47,-79.389888,43.677846,,,27.3249173053721,41.2235551230195,3537.54197327377,462.782375393944,1
1049062,48336508,3,79,01:32:54,-79.38969,43.677374,,,27.3249173053721,54.9077685906058,3592.44974186438,470.016357649667,1
1049062,48336508,3,80,01:32:58,-79.389582,43.677089,,,27.3249173053721,32.8960278087816,3625.34576967316,474.350339662792,1
1049062,48336508,3,81,01:32:59,-79.38956,43.677031,,,27.3249173053721,6.69507977770598,3632.04084945087,475.232402248029,1
1049062,48336508,3,82,01:33:00,-79.389519,43.676955,,,27.3249173053721,9.08144779792666,3641.12229724879,476.428863767278,1
1049062,48336508,3,83,01:33:10,-79.389264,43.676329,1630,12,27.3249173053721,72.6473627993316,3713.76966004813,486,1
1049062,48336508,3,84,01:33:10,-79.389264,43.676329,1630,12,1e-12,0,3713.76966004813,486,1
1049062,48336508,3,85,01:33:12,-79.389225,43.676235,,,20.7296173531738,10.9249900580402,3724.69465010617,487.897283656465,1
1049062,48336508,3,86,01:33:19,-79.389082,43.675863,,,20.7296173531738,42.9815571752061,3767.67620728137,495.361657127259,1
1049062,48336508,3,87,01:33:25,-79.388974,43.675582,24386,13,20.7296173531738,32.466858404978,3800.14306568635,501,1
1049062,48336508,3,88,01:33:25,-79.388974,43.675582,24386,13,1e-12,0,3800.14306568635,501,1
1049062,48336508,3,89,01:33:27,-79.388918,43.675433,,,25.234235225827,17.1884893814381,3817.33155506779,503.452167114217,1
1049062,48336508,3,90,01:33:30,-79.388859,43.675294,,,25.234235225827,16.1861561720237,3833.51771123981,505.761338036094,1
1049062,48336508,3,91,01:33:37,-79.388683,43.674875,,,25.234235225827,48.7479016501153,3882.26561288993,512.715875963235,1
1049062,48336508,3,92,01:33:45,-79.3884754947927,43.674373000563,,,25.234235225827,58.3263482785236,3940.59196116845,521.036906972242,1
1049062,48336508,3,93,01:33:53,-79.388267993057,43.6738710007507,,,25.234235225827,58.3263482804548,3998.91830944891,529.357937981524,1
1049062,48336508,3,94,01:34:02,-79.3880604947928,43.673369000563,,,25.234235225827,58.3263482807073,4057.24465772961,537.678968990843,1
1049062,48336508,3,95,01:34:10,-79.387853,43.672867,5392,14,25.234235225827,58.3263482795747,4115.57100600919,546,1
1049062,48336508,3,96,01:34:10,-79.387853,43.672867,5392,14,1e-12,0,4115.57100600919,546,1
1049062,48336508,3,97,01:34:13,-79.387795,43.672691,,,21.8885510763253,20.1411068884216,4135.71211289761,549.312598652395,1
1049062,48336508,3,98,01:34:24,-79.387571,43.672155,,,21.8885510763253,62.3335664170197,4198.04567931463,559.564571856048,1
1049062,48336508,3,99,01:34:28,-79.387491,43.671917,,,21.8885510763253,27.2658412284635,4225.31152054309,564.048972311802,1
1049062,48336508,3,100,01:34:40,-79.387207,43.671291,,,21.8885510763253,73.3420022930014,4298.65352283609,576.111497936917,1
1049062,48336508,3,101,01:34:43,-79.387143,43.671115,,,21.8885510763253,20.2586058768529,4318.91212871295,579.443421594283,1
1049062,48336508,3,102,01:34:52,-79.3869589986266,43.6706670001476,7560,15,21.8885510763253,52.0253065200363,4370.93743523298,588,1
1049062,48336508,3,103,01:34:52,-79.3869589986266,43.6706670001476,7560,15,1e-12,0,4370.93743523298,588,1
1049062,48336508,3,104,01:35:00,-79.386775,43.670219,,,23.1212598639104,52.0253065223175,4422.9627417553,596.100384865822,1
1049062,48336508,3,105,01:35:10,-79.386545,43.66968,,,23.1212598639104,62.7943140193919,4485.75705577469,605.877513439281,1
1049062,48336508,3,106,01:35:16,-79.386412,43.669361,,,23.1212598639104,37.0906308075321,4522.84768658222,611.652556481616,1
1049062,48336508,3,107,01:35:27,-79.386147,43.668735,8083,16,23.1212598639104,72.8797751054425,4595.72746168767,623,1
1049062,48336508,3,108,01:35:27,-79.386147,43.668735,8083,16,1e-12,0,4595.72746168767,623,1
1049062,48336508,3,109,01:35:29,-79.3861,43.668624,,,20.8321045969358,12.9230420847876,4608.65050377246,625.233233386898,1
1049062,48336508,3,110,01:35:42,-79.385843,43.667989,,,20.8321045969358,73.6548240613569,4682.30532783381,637.961537691778,1
1049062,48336508,3,111,01:35:51,-79.38568,43.667555,,,20.8321045969358,50.0638359302698,4732.36916376408,646.613078802775,1
1049062,48336508,3,112,01:35:59,-79.3855034987253,43.6671215001358,,,20.8321045969358,50.3064112496853,4782.67557501377,655.30653940135,1
1049062,48336508,3,113,01:36:08,-79.385327,43.666688,1493,17,20.8321045969358,50.3064112501134,4832.98198626388,664,1
1049062,48336508,3,114,01:36:08,-79.385327,43.666688,1493,17,1e-12,0,4832.98198626388,664,1
1049062,48336508,3,115,01:36:09,-79.385314,43.666663,,,21.0590198941569,2.97335873231538,4835.9553449962,664.508290105149,1
1049062,48336508,3,116,01:36:11,-79.385246,43.66654,,,21.0590198941569,14.7466067504319,4850.70195174663,667.029194903586,1
1049062,48336508,3,117,01:36:21,-79.385039,43.666057,,,21.0590198941569,56.2918523167236,4906.99380406335,676.652181602812,1
1049062,48336508,3,118,01:36:21,-79.385027,43.666031,,,21.0590198941569,3.05135513671358,4910.04515920007,677.173805047178,1
1049062,48336508,3,119,01:36:25,-79.384941,43.665833,,,21.0590198941569,23.1035940705779,4933.14875327064,681.123321172435,1
1049062,48336508,3,120,01:36:34,-79.3847619986537,43.6653815001397,,,21.0590198941569,52.2868520922323,4985.43560536287,690.06166058605,1
1049062,48336508,3,121,01:36:43,-79.384583,43.66493,7614,18,21.0590198941569,52.2868520941978,5037.72245745707,699,1
1049062,48336508,3,122,01:36:43,-79.384583,43.66493,7614,18,1e-12,0,5037.72245745707,699,1
1049062,48336508,3,123,01:36:53,-79.3843639981158,43.664413500209,,,21.1234193211161,60.140382869482,5097.86284032655,709.249542227934,1
1049062,48336508,3,124,01:37:03,-79.384145,43.663897,,,21.1234193211161,60.1403828692531,5158.00322319581,719.499084455829,1
1049062,48336508,3,125,01:37:04,-79.384124,43.663848,,,21.1234193211161,5.71078786231999,5163.71401105813,720.47235663264,1
1049062,48336508,3,126,01:37:21,-79.383776,43.663014,3329,19,21.1234193211161,96.977872566281,5260.69188362441,737,1
1049062,48336508,3,127,01:37:21,-79.383776,43.663014,3329,19,1e-12,0,5260.69188362441,737,1
1049062,48336508,3,128,01:37:23,-79.383721,43.662889,,,21.5483625566375,14.6028369370511,5275.29472056146,739.439638410353,1
1049062,48336508,3,129,01:37:38,-79.383409,43.662129,,,21.5483625566375,88.2549133923503,5363.54963395381,754.184038936257,1
1049062,48336508,3,130,01:37:40,-79.383374,43.662048,,,21.5483625566375,9.44714583304795,5372.99677978686,755.762336354893,1
1049062,48336508,3,131,01:37:53,-79.383097,43.661365,5919,20,21.5483625566375,79.2361043409951,5452.23288412785,769,1
1049062,48336508,3,132,01:37:53,-79.383097,43.661365,5919,20,1e-12,0,5452.23288412785,769,1
1049062,48336508,3,133,01:38:17,-79.382783,43.660577,,,13.5957903369332,91.2918509798939,5543.52473510775,793.172972323266,1
1049062,48336508,3,134,01:38:38,-79.382477,43.659906,7209,21,13.5957903369332,78.6555282317714,5622.18026333952,814,1
1049062,48336508,3,135,01:38:38,-79.382477,43.659906,7209,21,1e-12,0,5622.18026333952,814,1
1049062,48336508,3,136,01:38:58,-79.382104,43.659089,,,16.9699652024086,95.7805344488043,5717.96079778832,834.31883506554,1
1049062,48336508,3,137,01:39:08,-79.381922,43.658684,,,16.9699652024086,47.407211760658,5765.36800954898,844.375777451854,1
1049062,48336508,3,138,01:39:09,-79.381912,43.658661,,,16.9699652024086,2.68402396878268,5768.05203351776,844.945164965167,1
1049062,48336508,3,139,01:39:28,-79.381574,43.657901,,,16.9699652024086,88.874257839736,5856.9262913575,863.798905936754,1
1049062,48336508,3,140,01:39:40,-79.381356,43.657409,24503,22,16.9699652024086,57.5144838012788,5914.44077515878,876,1
1049062,48336508,3,141,01:39:40,-79.381356,43.657409,24503,22,1e-12,0,5914.44077515878,876,1
1049062,48336508,3,142,01:39:50,-79.381212,43.657031,,,16.2212377055455,43.6477164255462,5958.08849158432,885.686793448459,1
1049062,48336508,3,143,01:40:08,-79.380913,43.656322,6614,23,16.2212377055455,82.5174657286961,6040.60595731302,904,1
1049062,48336508,3,144,01:40:08,-79.380913,43.656322,6614,23,1e-12,0,6040.60595731302,904,1
1049062,48336508,3,145,01:40:25,-79.380661,43.655767,,,14.0870451908525,65.0305971897401,6105.63655450276,920.618825787191,1
1049062,48336508,3,146,01:40:50,-79.3803109950139,43.6549115005339,3390,24,14.0870451908525,99.318263370206,6204.95481787297,946,1
1049062,48336508,3,147,01:40:50,-79.3803109950139,43.6549115005339,3390,24,1e-12,0,6204.95481787297,946,1
1049062,48336508,3,148,01:41:10,-79.379961,43.654056,760,25,17.8772874072075,99.3182633733757,6304.27308124634,966,1
1049062,48336508,3,149,01:41:10,-79.379961,43.654056,760,25,1e-12,0,6304.27308124634,966,1
1049062,48336508,3,150,01:41:32,-79.3796034951692,43.653244500557,,,15.5149828414557,94.8137840320544,6399.0868652784,988.000000000217,1
1049062,48336508,3,151,01:41:54,-79.379246,43.652433,8672,26,15.5149828414557,94.8137840301813,6493.90064930858,1010,1
1049062,48336508,3,152,01:41:54,-79.379246,43.652433,8672,26,1e-12,0,6493.90064930858,1010,1
1049062,48336508,3,153,01:42:10,-79.378972,43.651685,9980,27,19.3819458595972,86.1419815982103,6580.04263090679,1026,1
1049062,48336508,3,154,01:42:10,-79.378972,43.651685,9980,27,1e-12,0,6580.04263090679,1026,1
1049062,48336508,3,155,01:42:20,-79.378727,43.651048,,,27.3214237303942,73.6051554177918,6653.64778632458,1035.69856337352,1
1049062,48336508,3,156,01:42:30,-79.378457,43.6504,,,27.3214237303942,75.3420075055534,6728.98979383013,1045.6259825921,1
1049062,48336508,3,157,01:42:39,-79.3781809971073,43.649770500332,,,27.3214237303942,73.5174637439048,6802.50725757404,1055.31299129595,1
1049062,48336508,3,158,01:42:49,-79.377905,43.649141,8441,28,27.3214237303942,73.5174637453535,6876.02472131939,1065,1
1049062,48336508,3,159,01:42:49,-79.377905,43.649141,8441,28,1e-12,0,6876.02472131939,1065,1
1049062,48336508,3,160,01:42:58,-79.377635,43.648516,,,28.7079825763457,72.8945932830406,6948.91931460243,1074.14103020374,1
1049062,48336508,3,161,01:43:08,-79.377357,43.647839,9324,29,28.7079825763457,78.6197592032281,7027.53907380566,1084,1
1049062,48336508,3,162,01:43:08,-79.377357,43.647839,9324,29,1e-12,0,7027.53907380566,1084,1
1049062,48336508,3,163,01:43:13,-79.377642,43.647765,,,16.9038914016085,24.3900783886346,7051.9291521943,1089.19432360946,1
1049062,48336508,3,164,01:43:17,-79.377853,43.64772,,,16.9038914016085,17.7189948630081,7069.6481470573,1092.96791514476,1
1049062,48336508,3,165,01:43:33,-79.37876800294,43.647527003649,,,16.9038914016085,76.7714724985288,7146.41961955583,1109.31783685382,1
1049062,48336508,3,166,01:43:50,-79.379683,43.647334,,,16.9038914016085,76.7714725019047,7223.19109205774,1125.6677585636,1
1049062,48336508,3,167,01:44:07,-79.3793844965264,43.6466350003884,,,16.9038914016085,81.4426660488137,7304.63375810655,1143.0124983522,1
1049062,48336508,3,168,01:44:24,-79.379086,43.645936,,,16.9038914016085,81.4426660496326,7386.07642415618,1160.35723814098,1
1049062,48336508,3,169,01:44:32,-79.378959,43.645627,4308,30,16.9038914016085,35.8867823536748,7421.96320650986,1168,1
1049062,48336508,3,170,01:44:32,-79.378959,43.645627,4308,30,1e-12,0,7421.96320650986,1168,1
1049062,48336508,3,171,01:45:02,-79.378748,43.645161,,,6.52809437047535,54.5884141712927,7476.55162068115,1198.10346969024,1
1049062,48336508,3,172,01:45:22,-79.378614,43.644854,,,6.52809437047535,35.8392550780153,7512.39087575917,1217.86747905634,1
1049062,48336508,3,173,01:45:44,-79.378464,43.644506,,,6.52809437047535,40.5798915014214,7552.97076726059,1240.2457721867,1
1049062,48336508,3,174,01:46:26,-79.3781814969551,43.6438585003479,,,6.52809437047535,75.5864764113612,7628.55724367195,1281.92888821388,1
1049062,48336508,3,175,01:47:08,-79.377899,43.643211,,,6.52809437047535,75.5864764120675,7704.14372008402,1323.61200424145,1
1049062,48336508,3,176,01:47:15,-79.377853,43.643103,,,6.52809437047535,12.5806249084676,7716.72434499248,1330.54974856624,1
1049062,48336508,3,177,01:47:21,-79.37781,43.643,,,6.52809437047535,11.9777257479155,7728.7020707404,1337.15501654268,1
1049062,48336508,3,178,01:47:27,-79.377775,43.642915,,,6.52809437047535,9.87329401498724,7738.57536475539,1342.59976909018,1
1049062,48336508,3,179,01:47:44,-79.377673,43.642643,,,6.52809437047535,31.3740032401345,7769.94936799552,1359.901358996,1
1049062,48336508,3,180,01:48:06,-79.377544,43.642296,,,6.52809437047535,40.0012977118368,7809.95066570736,1381.96057928147,1
1049062,48336508,3,181,01:48:20,-79.377448,43.642071,,,6.52809437047535,26.2136299708036,7836.16429567816,1396.41641624389,1
1049062,48336508,3,182,01:48:52,-79.377137997611,43.6416080004188,7536,31,6.52809437047535,57.2723931438056,7893.43668882197,1428,1
1049062,48336508,3,183,01:48:52,-79.377137997611,43.6416080004188,7536,31,1e-12,0,7893.43668882197,1428,1
1049062,48336508,3,184,01:49:27,-79.376828,43.641145,,,5.97534750109025,57.27239314368,7950.70908196565,1462.50520915807,1
1049062,48336508,3,185,01:50:12,-79.375997,43.641448,,,5.97534750109025,74.9618558317792,8025.67093779743,1507.66788479244,1
1049062,48336508,3,186,01:50:47,-79.3753465025607,43.6416845018443,4411,32,5.97534750109025,58.6449073093683,8084.31584510679,1543,1
1049062,48336508,3,187,01:50:47,-79.3753465025607,43.6416845018443,4411,32,1e-12,0,8084.31584510679,1543,1
1049062,48336508,3,188,01:51:38,-79.374696,43.641921,,,4.15122829756194,58.6449073088428,8142.96075241564,1593.85763807204,1
1049062,48336508,3,189,01:52:06,-79.374856,43.642188,,,4.15122829756194,32.3967467723629,8175.357499188,1621.95252469849,1
1049062,48336508,3,190,01:52:55,-79.375123,43.642663,,,4.15122829756194,57.0840009414902,8232.44150012949,1671.45652415573,1
1049062,48336508,3,191,01:52:58,-79.375141,43.642686,,,4.15122829756194,2.94244310412798,8235.38394323362,1674.00824967299,1
1049062,48336508,3,192,01:53:00,-79.375159,43.642702,7363,33,4.15122829756194,2.29672508865872,8237.68066832228,1676,1
1049062,48336508,3,193,01:53:00,-79.375159,43.642702,7363,33,1e-12,0,8237.68066832228,1676,1
1049062,48336508,3,194,,-79.375217,43.642749,,,,7.01459407383119,8244.69526239611,,1
1049062,48336508,3,195,,-79.375233,43.64278,,,,3.68375339428176,8248.37901579039,,1
1049062,48336508,3,196,,-79.375261,43.642839,,,,6.9443771582201,8255.32339294861,,1
1049062,48336508,3,197,,-79.375289,43.642893,,,,6.4205037320551,8261.74389668067,,1
1049062,48336508,3,198,,-79.375316,43.642951,,,,6.8130440891504,8268.55694076981,,1
1049062,48336508,3,199,,-79.375342,43.643005,,,,6.36568877810286,8274.92262954792,,1
1049062,48336508,3,200,,-79.375367,43.643064,,,,6.86968141461947,8281.79231096254,,1
1049062,48336508,3,201,,-79.375392,43.643122,,,,6.7633310923486,8288.55564205489,,1
