shape_id,trip_id,route_type,id,timestamp,shape_pt_lon,shape_pt_lat,stop_id,stop_sequence,speed,dist,cumdist,cumtime,trip_number
1049896,48349134,3,1,,-79.470089,43.787283,,,1e-12,0,0,0,1
1049896,48349134,3,2,,-79.4712455158165,43.7870105174922,,,,97.765886604965,97.765886604965,,1
1049896,48349134,3,3,,-79.4724020210888,43.7867380233227,,,,97.7658866071212,195.531773212086,,1
1049896,48349134,3,4,,-79.4735585158167,43.7864655174919,,,,97.7658866060734,293.29765981816,,1
1049896,48349134,3,5,05:30:43,-79.474715,43.786193,3670,1,,97.7658866041096,391.063546422269,,1
1049896,48349134,3,6,05:30:43,-79.474715,43.786193,3670,1,1e-12,0,391.063546422269,0,1
1049896,48349134,3,7,05:30:43,-79.474757,43.786183,,,28.5694924507536,3.55414246218218,394.617688884451,0.44785229859827,1
1049896,48349134,3,8,05:30:52,-79.4755445170943,43.7859976439248,,,28.5694924507536,66.5672104493144,461.184899333766,8.83588922402187,1
1049896,48349134,3,9,05:31:00,-79.4763320293047,43.7858122824424,,,28.5694924507536,66.5672104484577,527.752109782224,17.2239261493375,1
1049896,48349134,3,10,05:31:09,-79.4771195366311,43.7856269155528,,,28.5694924507536,66.5672104492854,594.319320231509,25.6119630747575,1
1049896,48349134,3,11,05:31:17,-79.4779070390734,43.7854415432562,835,2,28.5694924507536,66.5672104478773,660.886530679386,34,1
1049896,48349134,3,12,05:31:17,-79.4779070390734,43.7854415432562,835,2,1e-12,0,660.886530679386,34,1
1049896,48349134,3,13,05:31:24,-79.4786945366315,43.7852561655525,,,35.5025122396228,66.5672104493759,727.453741128762,40.7500000000084,1
1049896,48349134,3,14,05:31:31,-79.4794820293054,43.7850707824419,,,35.5025122396228,66.5672104504564,794.020951579218,47.5000000001264,1
1049896,48349134,3,15,05:31:37,-79.4802695170949,43.7848853939243,,,35.5025122396228,66.5672104483908,860.588162027609,54.250000000035,1
1049896,48349134,3,16,05:31:44,-79.481057,43.7847,4349,3,35.5025122396228,66.5672104489478,927.155372476557,61,1
1049896,48349134,3,17,05:31:44,-79.481057,43.7847,4349,3,1e-12,0,927.155372476557,61,1
1049896,48349134,3,18,05:31:54,-79.4819077586028,43.7844985094657,,,25.9047867159906,71.9577408766054,999.113113353162,70.9999999998407,1
1049896,48349134,3,19,05:32:04,-79.4827585114704,43.7842970126209,3421,4,25.9047867159906,71.9577408788981,1071.07085423206,81,1
1049896,48349134,3,20,05:32:04,-79.4827585114704,43.7842970126209,3421,4,1e-12,0,1071.07085423206,81,1
1049896,48349134,3,21,05:32:11,-79.4836092586029,43.7840955094656,,,34.6165001965928,71.9577408784215,1143.02859511048,88.4833638782414,1
1049896,48349134,3,22,05:32:19,-79.48446,43.783894,,,34.6165001965928,71.9577408775594,1214.98633598804,95.9667277563931,1
1049896,48349134,3,23,05:32:25,-79.485171256032,43.783725006616,,,34.6165001965928,60.1780745528556,1275.1644105409,102.225045817432,1
1049896,48349134,3,24,05:32:31,-79.4858825080427,43.7835560088212,,,34.6165001965928,60.1780745513634,1335.34248509226,108.483363878315,1
1049896,48349134,3,25,05:32:38,-79.486593756032,43.7833870066159,,,34.6165001965928,60.178074549789,1395.52055964205,114.741681939035,1
1049896,48349134,3,26,05:32:44,-79.487305,43.783218,1771,5,34.6165001965928,60.1780745521528,1455.6986341942,121,1
1049896,48349134,3,27,05:32:44,-79.487305,43.783218,1771,5,1e-12,0,1455.6986341942,121,1
1049896,48349134,3,28,05:32:51,-79.4880105056999,43.7830570065094,,,30.5822299760789,59.4654471758118,1515.16408137001,128.000000000012,1
1049896,48349134,3,29,05:32:58,-79.4887160075998,43.7828960086792,,,30.5822299760789,59.4654471756473,1574.62952854566,135.000000000005,1
1049896,48349134,3,30,05:33:05,-79.4894215056999,43.7827350065094,,,30.5822299760789,59.4654471757869,1634.09497572145,142.000000000014,1
1049896,48349134,3,31,05:33:12,-79.490127,43.782574,5521,6,30.5822299760789,59.46544717559,1693.56042289704,149,1
1049896,48349134,3,32,05:33:12,-79.490127,43.782574,5521,6,1e-12,0,1693.56042289704,149,1
1049896,48349134,3,33,05:33:22,-79.4912217636648,43.782325265674,,,31.6250393263346,92.2396980342771,1785.80012093132,159.499999999902,1
1049896,48349134,3,34,05:33:33,-79.4923165182199,43.7820765208985,,,31.6250393263346,92.2396980351843,1878.0398189665,169.999999999906,1
1049896,48349134,3,35,05:33:44,-79.4934112636651,43.7818277656738,,,31.6250393263346,92.2396980360187,1970.27951700252,180.500000000006,1
1049896,48349134,3,36,05:33:54,-79.494506,43.781579,4751,7,31.6250393263346,92.2396980350906,2062.51921503761,191,1
1049896,48349134,3,37,05:33:54,-79.494506,43.781579,4751,7,1e-12,0,2062.51921503761,191,1
1049896,48349134,3,38,05:34:04,-79.4952220061346,43.7814082567046,,,22.3583681861618,60.6037451123544,2123.12296014996,200.758023509941,1
1049896,48349134,3,39,05:34:14,-79.4959380081796,43.7812375089395,,,22.3583681861618,60.603745112705,2183.72670526267,210.516047019938,1
1049896,48349134,3,40,05:34:23,-79.4966540061347,43.7810667567045,,,22.3583681861618,60.6037451134955,2244.33045037616,220.274070530062,1
1049896,48349134,3,41,05:34:33,-79.49737,43.780896,,,22.3583681861618,60.6037451137234,2304.93419548989,230.032094040223,1
1049896,48349134,3,42,05:34:43,-79.4980705019567,43.7807290021391,,,22.3583681861618,59.2903762178066,2364.22457170769,239.57864737573,1
1049896,48349134,3,43,05:34:52,-79.498771,43.780562,,,22.3583681861618,59.2903762189092,2423.5149479266,249.125200711415,1
1049896,48349134,3,44,05:35:02,-79.4995020063821,43.7803880069885,,,22.3583681861618,61.8629187647405,2485.37786669134,259.085968228023,1
1049896,48349134,3,45,05:35:12,-79.5002330085096,43.7802140093179,,,22.3583681861618,61.8629187681733,2547.24078545952,269.046735745183,1
1049896,48349134,3,46,05:35:22,-79.5009640063822,43.7800400069884,,,22.3583681861618,61.8629187644154,2609.10370422393,279.007503261737,1
1049896,48349134,3,47,05:35:32,-79.501695,43.779866,,,22.3583681861618,61.8629187667025,2670.96662299063,288.968270778661,1
1049896,48349134,3,48,05:35:41,-79.5023560052236,43.7797085057141,,,22.3583681861618,55.9451853010787,2726.91180829171,297.976203084227,1
1049896,48349134,3,49,05:35:50,-79.5030170069649,43.7795510076188,,,22.3583681861618,55.9451852975639,2782.85699358928,306.984135389228,1
1049896,48349134,3,50,05:35:59,-79.5036780052237,43.7793935057141,,,22.3583681861618,55.9451853014876,2838.80217889077,315.992067694861,1
1049896,48349134,3,51,05:36:08,-79.504339,43.779236,8315,8,22.3583681861618,55.9451852984237,2894.74736418919,325,1
1049896,48349134,3,52,05:36:08,-79.504339,43.779236,8315,8,1e-12,0,2894.74736418919,325,1
1049896,48349134,3,53,05:36:23,-79.5054952650834,43.7789760174844,,,23.7963586576141,97.3358488740394,2992.08321306323,339.725322516284,1
1049896,48349134,3,54,05:36:37,-79.5066515201114,43.7787160233124,,,23.7963586576141,97.3358488738022,3089.41906193703,354.450645032533,1
1049896,48349134,3,55,05:36:52,-79.5078077650837,43.7784560174842,,,23.7963586576141,97.3358488737159,3186.75491081075,369.175967548768,1
1049896,48349134,3,56,05:37:07,-79.508964,43.778196,,,23.7963586576141,97.3358488729937,3284.09075968374,383.901290064894,1
1049896,48349134,3,57,05:37:20,-79.5100280042529,43.7779570049352,,,23.7963586576141,89.5625862193808,3373.65334590312,397.450645032554,1
1049896,48349134,3,58,05:37:34,-79.511092,43.777718,8599,9,23.7963586576141,89.562586217961,3463.21593212108,411,1
1049896,48349134,3,59,05:37:34,-79.511092,43.777718,8599,9,1e-12,0,3463.21593212108,411,1
1049896,48349134,3,60,05:37:44,-79.5118317646784,43.7775485166992,,,22.7413777406818,62.3808625525247,3525.59679467361,420.874999999994,1
1049896,48349134,3,61,05:37:54,-79.512571525163,43.777379028627,,,22.7413777406818,62.3808625517428,3587.97765722535,430.749999999864,1
1049896,48349134,3,62,05:38:04,-79.513311281454,43.7772095357836,,,22.7413777406818,62.3808625529816,3650.35851977833,440.62499999993,1
1049896,48349134,3,63,05:38:13,-79.5140510335511,43.777040038169,,,22.7413777406818,62.3808625529629,3712.73938233129,450.499999999993,1
1049896,48349134,3,64,05:38:23,-79.5147907814543,43.7768705357834,,,22.7413777406818,62.3808625523722,3775.12024488367,460.374999999962,1
1049896,48349134,3,65,05:38:33,-79.5155305251636,43.7767010286266,,,22.7413777406818,62.3808625526869,3837.50110743635,470.249999999981,1
1049896,48349134,3,66,05:38:43,-79.5162702646788,43.7765315166988,,,22.7413777406818,62.3808625528357,3899.88196998919,480.125000000024,1
1049896,48349134,3,67,05:38:53,-79.51701,43.776362,7909,10,22.7413777406818,62.3808625524112,3962.2628325416,490,1
1049896,48349134,3,68,05:38:53,-79.51701,43.776362,7909,10,1e-12,0,3962.2628325416,490,1
1049896,48349134,3,69,05:39:04,-79.5178815024922,43.776191003311,,,22.8277367800503,72.5897823651442,4034.85261490674,501.447618265114,1
1049896,48349134,3,70,05:39:16,-79.518753,43.77602,,,22.8277367800503,72.5897823667019,4107.44239727345,512.895236530474,1
1049896,48349134,3,71,05:39:19,-79.519005,43.775977,,,22.8277367800503,20.8132364600829,4128.25563373353,516.177544013613,1
1049896,48349134,3,72,05:39:23,-79.519274,43.775948,,,22.8277367800503,21.861434140683,4150.11706787421,519.625155297411,1
1049896,48349134,3,73,05:39:27,-79.519595,43.775903,,,22.8277367800503,26.2832393715135,4176.40030724572,523.770098033045,1
1049896,48349134,3,74,05:39:31,-79.519943,43.775864,,,22.8277367800503,28.3065969529973,4204.70690419872,528.234130101255,1
1049896,48349134,3,75,05:39:34,-79.520154,43.775823,,,22.8277367800503,17.5632478298702,4222.27015202859,531.003904993823,1
1049896,48349134,3,76,05:39:37,-79.520397,43.775781,,,22.8277367800503,20.0837681364875,4242.35392016508,534.171173216161,1
1049896,48349134,3,77,05:39:39,-79.520571,43.775748,,,22.8277367800503,14.4602727097368,4256.81419287482,536.451599973164,1
1049896,48349134,3,78,05:39:42,-79.520793,43.775695,,,22.8277367800503,18.7941341963485,4275.60832707117,539.415489199624,1
1049896,48349134,3,79,05:39:47,-79.521101,43.775615,,,22.8277367800503,26.3097011078797,4301.91802817905,543.564605027486,1
1049896,48349134,3,80,05:39:50,-79.521333,43.775548,,,22.8277367800503,20.0841081340431,4322.00213631309,546.73192686842,1
1049896,48349134,3,81,05:39:53,-79.521616,43.775504,,,22.8277367800503,23.2685881221562,4345.27072443524,550.401450397926,1
1049896,48349134,3,82,05:39:55,-79.521735,43.77547,,,22.8277367800503,10.2867002033139,4355.55742463856,552.023692720445,1
1049896,48349134,3,83,05:40:03,-79.522304,43.775276,8774,11,22.8277367800503,50.5780675151307,4406.13549215369,560,1
1049896,48349134,3,84,05:40:03,-79.522304,43.775276,8774,11,1e-12,0,4406.13549215369,560,1
1049896,48349134,3,85,05:40:11,-79.523003,43.775088,,,25.8099698098485,59.9562885431188,4466.09178069681,568.3627621553,1
1049896,48349134,3,86,05:40:17,-79.523447,43.774991,,,25.8099698098485,37.2862807964456,4503.37806149325,573.563489310586,1
1049896,48349134,3,87,05:40:26,-79.5242935073041,43.7748190093712,,,25.8099698098485,70.6843854370422,4574.0624469303,583.42261698288,1
1049896,48349134,3,88,05:40:36,-79.5251400097389,43.7746470124949,,,25.8099698098485,70.684385438433,4644.74683236873,593.281744655368,1
1049896,48349134,3,89,05:40:46,-79.5259865073043,43.7744750093712,,,25.8099698098485,70.6843854379467,4715.43121780668,603.140872327789,1
1049896,48349134,3,90,05:40:56,-79.526833,43.774303,2252,12,25.8099698098485,70.684385436451,4786.11560324313,613,1
1049896,48349134,3,91,05:40:56,-79.526833,43.774303,2252,12,1e-12,0,4786.11560324313,613,1
1049896,48349134,3,92,05:41:07,-79.5275645053484,43.774157256998,,,20.6124194921114,60.9961076956398,4847.11171093877,623.653091345649,1
1049896,48349134,3,93,05:41:17,-79.5282960071313,43.7740115093306,,,20.6124194921114,60.9961076970707,4908.10781863584,634.306182691548,1
1049896,48349134,3,94,05:41:28,-79.5290275053485,43.7738657569979,,,20.6124194921114,60.9961076966635,4969.1039263325,644.959274037377,1
1049896,48349134,3,95,05:41:39,-79.529759,43.77372,,,20.6124194921114,60.9961076950391,5030.10003402754,655.612365382921,1
1049896,48349134,3,96,05:41:39,-79.52978,43.773716,,,20.6124194921114,1.74574975658009,5031.84578378412,655.917264044919,1
1049896,48349134,3,97,05:41:53,-79.530777503361,43.7735145043376,,,20.6124194921114,83.2591046516066,5115.10488843573,670.458632022632,1
1049896,48349134,3,98,05:42:08,-79.531775,43.773313,1902,13,20.6124194921114,83.2591046496273,5198.36399308535,685,1
1049896,48349134,3,99,05:42:08,-79.531775,43.773313,1902,13,1e-12,0,5198.36399308535,685,1
1049896,48349134,3,100,05:42:20,-79.5325445021939,43.7731425025813,,,19.3701663155164,64.7005322214583,5263.06452530681,697.024776256602,1
1049896,48349134,3,101,05:42:32,-79.533314,43.772972,,,19.3701663155164,64.7005322197858,5327.7650575266,709.049552512893,1
1049896,48349134,3,102,05:42:49,-79.534408,43.772773,,,19.3701663155164,90.6857175821815,5418.45077510878,725.903748701923,1
1049896,48349134,3,103,05:42:56,-79.534881,43.772688,,,19.3701663155164,39.1807107625998,5457.63148587138,733.185594218777,1
1049896,48349134,3,104,05:42:59,-79.535077,43.772642,,,19.3701663155164,16.566292258277,5474.19777812966,736.264486323179,1
1049896,48349134,3,105,05:43:04,-79.535405,43.772576,,,19.3701663155164,27.3701014758841,5501.56787960554,741.35129681867,1
1049896,48349134,3,106,05:43:22,-79.5365650045872,43.7723395058659,,,19.3701663155164,96.8898665847201,5598.45774619026,759.358551584758,1
1049896,48349134,3,107,05:43:40,-79.537725,43.772103,,,19.3701663155164,96.8898665837393,5695.347612774,777.365806350663,1
1049896,48349134,3,108,05:43:41,-79.537795,43.772089,,,19.3701663155164,5.8386829805321,5701.18629575453,778.450942037551,1
1049896,48349134,3,109,05:43:44,-79.537959,43.772055,8896,14,19.3701663155164,13.7154657445931,5714.90176149912,781,1
1049896,48349134,3,110,05:43:44,-79.537959,43.772055,8896,14,1e-12,0,5714.90176149912,781,1
1049896,48349134,3,111,05:43:52,-79.5386342547674,43.7719142559631,,,27.1177904041787,56.4953966763063,5771.39715817543,788.500000000124,1
1049896,48349134,3,112,05:43:59,-79.5393095063566,43.7717735079507,,,27.1177904041787,56.4953966734212,5827.89255484885,795.999999999865,1
1049896,48349134,3,113,05:44:06,-79.5399847547675,43.771632755963,,,27.1177904041787,56.4953966762873,5884.38795152514,803.499999999987,1
1049896,48349134,3,114,05:44:14,-79.54066,43.771492,1248,15,27.1177904041787,56.495396675474,5940.88334820061,811,1
1049896,48349134,3,115,05:44:14,-79.54066,43.771492,1248,15,1e-12,0,5940.88334820061,811,1
1049896,48349134,3,116,05:44:27,-79.5413570049996,43.7713490063534,,,16.5540274203901,58.2456520346163,5999.12900023523,823.666666666647,1
1049896,48349134,3,117,05:44:39,-79.5420540066661,43.7712060084712,,,16.5540274203901,58.2456520336887,6057.37465226892,836.333333333093,1
1049896,48349134,3,118,05:44:52,-79.5427510049996,43.7710630063534,1820,16,16.5540274203901,58.2456520358128,6115.62030430473,849,1
1049896,48349134,3,119,05:44:52,-79.5427510049996,43.7710630063534,1820,16,1e-12,0,6115.62030430473,849,1
1049896,48349134,3,120,05:45:06,-79.543448,43.77092,,,15.3355234045314,58.2456520350859,6173.86595633982,862.673113189234,1
1049896,48349134,3,121,05:45:21,-79.544217506166,43.7707602577439,,,15.3355234045314,64.3621790316767,6238.22813537149,877.782075459513,1
1049896,48349134,3,122,05:45:36,-79.5449870082214,43.7706005103251,,,15.3355234045314,64.3621790318097,6302.5903144033,892.891037729822,1
1049896,48349134,3,123,05:45:51,-79.5457565061661,43.7704407577438,846,17,15.3355234045314,64.3621790312481,6366.95249343455,908,1
1049896,48349134,3,124,05:45:51,-79.5457565061661,43.7704407577438,846,17,1e-12,0,6366.95249343455,908,1
1049896,48349134,3,125,05:45:59,-79.546526,43.770281,,,30.3838871470942,64.3621790311561,6431.31467246571,915.625878920312,1
1049896,48349134,3,126,05:46:06,-79.5472945059073,43.7701277577237,,,30.3838871470942,64.089157436307,6495.40382990201,923.219409190278,1
1049896,48349134,3,127,05:46:14,-79.5480630078764,43.7699745102983,,,30.3838871470942,64.0891574367097,6559.49298733872,930.812939460293,1
1049896,48349134,3,128,05:46:21,-79.5488315059074,43.7698212577237,,,30.3838871470942,64.0891574347195,6623.58214477344,938.406469730071,1
1049896,48349134,3,129,05:46:29,-79.5496,43.769668,3377,18,30.3838871470942,64.0891574359907,6687.67130220943,946,1
1049896,48349134,3,130,05:46:29,-79.5496,43.769668,3377,18,1e-12,0,6687.67130220943,946,1
1049896,48349134,3,131,05:46:36,-79.5502487544823,43.7695302555042,,,27.9559677578212,54.3588261954026,6742.03012840484,952.999999999954,1
1049896,48349134,3,132,05:46:43,-79.5508975059765,43.7693925073389,,,27.9559677578212,54.3588261950685,6796.38895459991,959.999999999864,1
1049896,48349134,3,133,05:46:50,-79.5515462544824,43.7692547555042,,,27.9559677578212,54.3588261946652,6850.74778079457,966.999999999723,1
1049896,48349134,3,134,05:46:57,-79.552195,43.769117,5596,19,27.9559677578212,54.3588261979172,6905.10660699249,974,1
1049896,48349134,3,135,05:46:57,-79.552195,43.769117,5596,19,1e-12,0,6905.10660699249,974,1
1049896,48349134,3,136,05:47:04,-79.5528932548242,43.7689792563762,,,31.0334454247791,58.1877101707248,6963.29431716321,980.749999999915,1
1049896,48349134,3,137,05:47:10,-79.5535915064323,43.7688415085015,,,31.0334454247791,58.1877101710713,7021.48202733428,987.499999999869,1
1049896,48349134,3,138,05:47:17,-79.5542897548243,43.7687037563761,,,31.0334454247791,58.1877101715675,7079.66973750585,994.249999999882,1
1049896,48349134,3,139,05:47:24,-79.554988,43.768566,3954,20,31.0334454247791,58.1877101724793,7137.85744767833,1001,1
1049896,48349134,3,140,05:47:24,-79.554988,43.768566,3954,20,1e-12,0,7137.85744767833,1001,1
1049896,48349134,3,141,05:47:33,-79.5556920051552,43.7684200064816,,,23.5524393585529,58.881098395568,7196.7385460739,1009.99999999988,1
1049896,48349134,3,142,05:47:42,-79.5563960068736,43.7682740086421,,,23.5524393585529,58.8810983974154,7255.61964447131,1019.00000000003,1
1049896,48349134,3,143,05:47:51,-79.5571000051552,43.7681280064816,,,23.5524393585529,58.8810983969612,7314.50074286828,1028.00000000012,1
1049896,48349134,3,144,05:48:00,-79.557804,43.767982,6258,21,23.5524393585529,58.8810983955846,7373.38184126386,1037,1
1049896,48349134,3,145,05:48:00,-79.557804,43.767982,6258,21,1e-12,0,7373.38184126386,1037,1
1049896,48349134,3,146,05:48:05,-79.5584927548966,43.7678402562038,,,37.6840399031391,57.5728387404665,7430.95468000433,1042.49999999996,1
1049896,48349134,3,147,05:48:11,-79.5591815065288,43.7676985082718,,,37.6840399031391,57.5728387403419,7488.52751874467,1047.9999999999,1
1049896,48349134,3,148,05:48:16,-79.5598702548966,43.7675567562038,,,37.6840399031391,57.5728387406375,7546.10035748531,1053.49999999988,1
1049896,48349134,3,149,05:48:22,-79.560559,43.767415,3189,22,37.6840399031391,57.5728387421821,7603.67319622749,1059,1
1049896,48349134,3,150,05:48:22,-79.560559,43.767415,3189,22,1e-12,0,7603.67319622749,1059,1
1049896,48349134,3,151,05:48:23,-79.560622,43.767402,,,28.2549748526823,5.26725657777611,7608.94045280526,1059.67110743431,1
1049896,48349134,3,152,05:48:34,-79.5616625111805,43.7671877641587,,,28.2549748526823,86.9799822702258,7695.92043507549,1070.75333057574,1
1049896,48349134,3,153,05:48:45,-79.5627030149074,43.7669735188781,,,28.2549748526823,86.9799822691956,7782.90041734469,1081.83555371704,1
1049896,48349134,3,154,05:48:56,-79.5637435111807,43.7667592641585,,,28.2549748526823,86.9799822705143,7869.8803996152,1092.9177768585,1
1049896,48349134,3,155,05:49:07,-79.564784,43.766545,3217,23,28.2549748526823,86.9799822708164,7956.86038188602,1104,1
1049896,48349134,3,156,05:49:07,-79.564784,43.766545,3217,23,1e-12,0,7956.86038188602,1104,1
1049896,48349134,3,157,05:49:18,-79.5658420122967,43.7663132646389,,,28.6428907069166,88.8807304576969,8045.74111234371,1115.17103133625,1
1049896,48349134,3,158,05:49:29,-79.5669000163958,43.7660815195185,,,28.6428907069166,88.8807304594126,8134.62184280313,1126.34206267271,1
1049896,48349134,3,159,05:49:41,-79.5679580122969,43.7658497646388,,,28.6428907069166,88.8807304601406,8223.50257326327,1137.51309400927,1
1049896,48349134,3,160,05:49:52,-79.569016,43.765618,,,28.6428907069166,88.8807304574617,8312.38330372073,1148.68412534549,1
1049896,48349134,3,161,05:50:02,-79.5700085035174,43.7654060042941,,,28.6428907069166,83.2064816017856,8395.58978532251,1159.14198509266,1
1049896,48349134,3,162,05:50:13,-79.571001,43.765194,,,28.6428907069166,83.2064815979192,8478.79626692043,1169.59984483934,1
1049896,48349134,3,163,05:50:14,-79.571116,43.765169,,,28.6428907069166,9.65495724684231,8488.45122416727,1170.81333430325,1
1049896,48349134,3,164,05:50:14,-79.57115,43.765161,,,28.6428907069166,2.8747734750348,8491.32599764231,1171.1746520423,1
1049896,48349134,3,165,05:50:24,-79.5720802595402,43.7649565113171,3158,24,28.6428907069166,78.1739910305343,8569.49998867284,1181,1
1049896,48349134,3,166,05:50:24,-79.5720802595402,43.7649565113171,3158,24,1e-12,0,8569.49998867284,1181,1
1049896,48349134,3,167,05:50:33,-79.5730105127203,43.7647520150894,,,31.26959641232,78.1739910311916,8647.67397970404,1190.00000000005,1
1049896,48349134,3,168,05:50:42,-79.5739407595403,43.764547511317,,,31.26959641232,78.1739910292722,8725.84797073331,1198.99999999987,1
1049896,48349134,3,169,05:50:51,-79.574871,43.764343,9115,25,31.26959641232,78.173991031936,8804.02196176524,1208,1
1049896,48349134,3,170,05:50:51,-79.574871,43.764343,9115,25,1e-12,0,8804.02196176524,1208,1
1049896,48349134,3,171,05:51:02,-79.575479,43.764183,,,17.1072733799327,52.0235323526163,8856.04549411786,1218.94766607805,1
1049896,48349134,3,172,05:51:09,-79.575869,43.764092,,,17.1072733799327,32.9495838637417,8888.9950779816,1225.88147132422,1
1049896,48349134,3,173,05:51:09,-79.575886,43.764088,,,17.1072733799327,1.43741008837183,8890.43248806997,1226.1839553147,1
1049896,48349134,3,174,05:51:12,-79.576072,43.764047,,,17.1072733799327,15.6343625711607,8906.06685064113,1229.47400066595,1
1049896,48349134,3,175,05:51:13,-79.576092,43.764043,,,17.1072733799327,1.66840369445411,8907.73525433559,1229.82509421351,1
1049896,48349134,3,176,05:51:15,-79.576215,43.764016,840,26,17.1072733799327,10.3351966292066,8918.0704509648,1232,1
1049896,48349134,3,177,05:51:15,-79.576215,43.764016,840,26,1e-12,0,8918.0704509648,1232,1
1049896,48349134,3,178,05:51:17,-79.576408,43.763975,,,27.5522935600968,16.1734613296146,8934.24391229441,1234.11323462635,1
1049896,48349134,3,179,05:51:19,-79.576566,43.763942,,,27.5522935600968,13.222853727136,8947.46676602155,1235.84094100818,1
1049896,48349134,3,180,05:51:21,-79.576755,43.763905,,,27.5522935600968,15.7429107150466,8963.20967673659,1237.89791962052,1
1049896,48349134,3,181,05:51:24,-79.577,43.763857,,,27.5522935600968,20.4085694326324,8983.61824616922,1240.56451613443,1
1049896,48349134,3,182,05:51:25,-79.577145,43.763816,,,27.5522935600968,12.5188536323184,8996.13709980154,1242.20023742123,1
1049896,48349134,3,183,05:51:27,-79.577326,43.763756,,,27.5522935600968,16.0111068279322,9012.14820662948,1244.29225870631,1
1049896,48349134,3,184,05:51:30,-79.577537,43.763701,,,27.5522935600968,18.0343868780442,9030.18259350752,1246.64864303487,1
1049896,48349134,3,185,05:51:32,-79.577767,43.763623,,,27.5522935600968,20.4280003586279,9050.61059386615,1249.31777840578,1
1049896,48349134,3,186,05:51:34,-79.577888,43.763582,,,27.5522935600968,10.7452680821427,9061.35586194829,1250.72176188946,1
1049896,48349134,3,187,05:51:35,-79.578033,43.763534,,,27.5522935600968,12.8235406812919,9074.17940262958,1252.39729377765,1
1049896,48349134,3,188,05:51:37,-79.578121,43.763486,,,27.5522935600968,8.8658619147592,9083.04526454434,1253.55571286982,1
1049896,48349134,3,189,05:51:38,-79.578235,43.763443,,,27.5522935600968,10.3397697035531,9093.38503424789,1254.90671368039,1
1049896,48349134,3,190,05:51:39,-79.578341,43.763388,,,27.5522935600968,10.4932573002255,9103.87829154812,1256.27776927685,1
1049896,48349134,3,191,05:51:41,-79.578452,43.763335,,,27.5522935600968,10.6978822122573,9114.57617376038,1257.67556129297,1
1049896,48349134,3,192,05:51:42,-79.578569,43.76328,,,27.5522935600968,11.2233437276421,9125.79951748802,1259.14201044107,1
1049896,48349134,3,193,05:51:43,-79.578635,43.763241,,,27.5522935600968,6.85586714931528,9132.65538463733,1260.03780235341,1
1049896,48349134,3,194,05:51:44,-79.578741,43.763179,,,27.5522935600968,10.966221747933,9143.62160638527,1261.47065578198,1
1049896,48349134,3,195,05:51:46,-79.578832,43.763121,,,27.5522935600968,9.75758820946915,9153.37919459474,1262.74558839249,1
1049896,48349134,3,196,05:51:47,-79.578885,43.763069,,,27.5522935600968,7.18775912574365,9160.56695372048,1263.68474551915,1
1049896,48349134,3,197,05:51:48,-79.578956,43.763033,,,27.5522935600968,6.97440862647326,9167.54136234695,1264.59602613542,1
1049896,48349134,3,198,05:51:49,-79.579048,43.762963,,,27.5522935600968,10.7437317359926,9178.28509408294,1265.99980887914,1
1049896,48349134,3,199,05:51:50,-79.579134,43.762897,,,27.5522935600968,10.0887872472333,9188.37388133018,1267.31801616417,1
1049896,48349134,3,200,05:51:52,-79.579215,43.762839,,,27.5522935600968,9.170267806816,9197.54414913699,1268.51620912159,1
1049896,48349134,3,201,05:51:53,-79.579351,43.762756,,,27.5522935600968,14.3149527637831,9211.85910190078,1270.3866098502,1
1049896,48349134,3,202,05:51:55,-79.579452,43.76269,,,27.5522935600968,10.9505326530669,9222.80963455385,1271.81741333177,1
1049896,48349134,3,203,05:51:56,-79.579538,43.762619,,,27.5522935600968,10.5010765283272,9233.31071108217,1273.18949059349,1
1049896,48349134,3,204,05:51:58,-79.579658,43.762521,,,27.5522935600968,14.5632544227187,9247.87396550489,1275.09233457297,1
1049896,48349134,3,205,05:52:00,-79.579765,43.762443,,,27.5522935600968,12.2227114548862,9260.09667695978,1276.68936173666,1
1049896,48349134,3,206,05:52:00,-79.57978,43.762415,,,27.5522935600968,3.34210407813105,9263.43878103791,1277.12604315685,1
1049896,48349134,3,207,05:52:02,-79.579923,43.762313,,,27.5522935600968,16.1586204892134,9279.59740152712,1279.23733866967,1
1049896,48349134,3,208,05:52:04,-79.580018,43.762233,,,27.5522935600968,11.732145453622,9291.32954698074,1280.7702681712,1
1049896,48349134,3,209,05:52:05,-79.580104,43.762165,,,27.5522935600968,10.2521149105524,9301.5816618913,1282.1098159514,1
1049896,48349134,3,210,05:52:07,-79.58023,43.762066,,,27.5522935600968,14.969014324507,9316.5506762158,1284.06567677477,1
1049896,48349134,3,211,05:52:08,-79.580316,43.762014,,,27.5522935600968,9.0173953292899,9325.56807154509,1285.24389531816,1
1049896,48349134,3,212,05:52:10,-79.580431,43.761939,,,27.5522935600968,12.4574276384137,9338.02549918351,1286.87159064597,1
1049896,48349134,3,213,05:52:11,-79.58052,43.761876,,,27.5522935600968,10.0191313799949,9348.0446305635,1288.18069665159,1
1049896,48349134,3,214,05:52:12,-79.580599,43.761825,,,27.5522935600968,8.51890518272113,9356.56353574622,1289.293782159,1
1049896,48349134,3,215,05:52:14,-79.580727,43.761718,,,27.5522935600968,15.7409724047002,9372.30450815092,1291.3505075105,1
1049896,48349134,3,216,05:52:16,-79.580848,43.761628,,,27.5522935600968,13.9646455249589,9386.26915367588,1293.17513687503,1
1049896,48349134,3,217,05:52:18,-79.580948,43.761555,,,27.5522935600968,11.4313115911843,9397.70046526707,1294.66875923494,1
1049896,48349134,3,218,05:52:19,-79.581058,43.76148,,,27.5522935600968,12.1621153072968,9409.86258057436,1296.25786886789,1
1049896,48349134,3,219,05:52:21,-79.581168,43.761429,,,27.5522935600968,10.5092206071517,9420.37180118152,1297.63101024007,1
1049896,48349134,3,220,05:52:22,-79.581276,43.761347,,,27.5522935600968,12.5983332881913,9432.97013446971,1299.27711638868,1
1049896,48349134,3,221,05:52:24,-79.581396,43.761274,,,27.5522935600968,12.614133909896,9445.5842683796,1300.92528705645,1
1049896,48349134,3,222,05:52:25,-79.581478,43.761236,,,27.5522935600968,7.83307155787857,9453.41733993748,1301.94876111123,1
1049896,48349134,3,223,05:52:26,-79.581571,43.761173,,,27.5522935600968,10.2513358554787,9463.66867579296,1303.28820709961,1
1049896,48349134,3,224,05:52:27,-79.58166,43.761128,,,27.5522935600968,8.73465425129357,9472.40333004425,1304.42948251598,1
1049896,48349134,3,225,05:52:29,-79.581788,43.761065,,,27.5522935600968,12.4534422917255,9484.85677233598,1306.05665711588,1
1049896,48349134,3,226,05:52:30,-79.581884,43.761003,,,27.5522935600968,10.354044196016,9495.21081653199,1307.40952304062,1
1049896,48349134,3,227,05:52:33,-79.582053,43.760917,,,27.5522935600968,16.6212892426814,9511.83210577467,1309.58127114366,1
1049896,48349134,3,228,05:52:35,-79.582231,43.760824,,,27.5522935600968,17.6630088141968,9529.49511458887,1311.8891309809,1
1049896,48349134,3,229,05:52:37,-79.582406,43.760755,,,27.5522935600968,16.0298753469559,9545.52498993583,1313.98360457247,1
1049896,48349134,3,230,05:52:39,-79.582613,43.76067,,,27.5522935600968,19.1443697925923,9564.66935972842,1316.48501996655,1
1049896,48349134,3,231,05:52:42,-79.582847,43.760583,,,27.5522935600968,21.1598018676125,9585.82916159603,1319.24977298275,1
1049896,48349134,3,232,05:52:46,-79.58314,43.760465,,,27.5522935600968,26.971747028659,9612.80090862469,1322.77391840793,1
1049896,48349134,3,233,05:52:48,-79.583348,43.760406,,,27.5522935600968,17.9665320416733,9630.76744066636,1325.12143678091,1
1049896,48349134,3,234,05:52:50,-79.583529,43.760372,,,27.5522935600968,15.0364048312719,9645.80384549764,1327.08610289027,1
1049896,48349134,3,235,05:52:51,-79.583597,43.760359,,,27.5522935600968,5.65543800590817,9651.45928350355,1327.82504597596,1
1049896,48349134,3,236,05:52:54,-79.583847,43.760307,,,27.5522935600968,20.9167649337855,9672.37604843733,1330.55804363358,1
1049896,48349134,3,237,05:52:55,-79.583984,43.760275,,,27.5522935600968,11.5764125534044,9683.95246099074,1332.07062497645,1
1049896,48349134,3,238,05:52:57,-79.584154,43.76024,,,27.5522935600968,14.2123783469699,9698.16483933771,1333.92762326726,1
1049896,48349134,3,239,05:52:58,-79.584274,43.760211,,,27.5522935600968,10.1737074919497,9708.33854682965,1335.25692628485,1
1049896,48349134,3,240,05:52:59,-79.584373,43.760203,,,27.5522935600968,8.00921297848315,9716.34775980814,1336.30341508839,1
1049896,48349134,3,241,05:53:01,-79.584534,43.760189,,,27.5522935600968,13.0377987748837,9729.38555858302,1338.0069420738,1
1049896,48349134,3,242,05:53:03,-79.584685,43.760166,,,27.5522935600968,12.4073732566984,9741.79293183972,1339.62809726463,1
1049896,48349134,3,243,05:53:05,-79.584861,43.760135,,,27.5522935600968,14.56503747504,9756.35796931476,1341.53117421885,1
1049896,48349134,3,244,05:53:06,-79.585011,43.760126,,,27.5522935600968,12.1014801580692,9768.45944947283,1343.11236122508,1
1049896,48349134,3,245,05:53:09,-79.585247,43.760109,,,27.5522935600968,19.0684429135363,9787.52789238637,1345.6038559654,1
1049896,48349134,3,246,05:53:10,-79.585424,43.760106,,,27.5522935600968,14.23464853921,9801.76254092558,1347.46376409353,1
1049896,48349134,3,247,05:53:12,-79.585585,43.760103,,,27.5522935600968,12.9486447141841,9814.71118563976,1349.15564215332,1
1049896,48349134,3,248,05:53:14,-79.585749,43.760112,,,27.5522935600968,13.2235435375485,9827.93472917731,1350.88343866621,1
1049896,48349134,3,249,05:53:16,-79.585941,43.760106,,,27.5522935600968,15.4511672053778,9843.38589638269,1352.90229788814,1
1049896,48349134,3,250,05:53:18,-79.586116,43.760101,,,27.5522935600968,14.0809372470913,9857.46683362978,1354.7421220022,1
1049896,48349134,3,251,05:53:18,-79.586145,43.7601,,,27.5522935600968,2.33424479498682,9859.80107842476,1355.04711589477,1
1049896,48349134,3,252,05:53:20,-79.586313,43.760094,,,27.5522935600968,13.5236403040735,9873.32471872884,1356.81412323985,1
1049896,48349134,3,253,05:53:22,-79.586477,43.760088,,,27.5522935600968,13.2024451619961,9886.52716389083,1358.53916302573,1
1049896,48349134,3,254,05:53:23,-79.586591,43.760069,,,27.5522935600968,9.40643432930299,9895.93359822014,1359.76821364947,1
1049896,48349134,3,255,05:53:25,-79.586786,43.760076,,,27.5522935600968,15.6972857646469,9911.63088398478,1361.8192308771,1
1049896,48349134,3,256,05:53:26,-79.586893,43.760079,,,27.5522935600968,8.60924198225103,9920.24012596704,1362.94411984755,1
1049896,48349134,3,257,05:53:28,-79.587091,43.760058,,,27.5522935600968,16.089862297316,9936.32998826435,1365.04643137177,1
1049896,48349134,3,258,05:53:29,-79.587217,43.760047,,,27.5522935600968,10.2040984928751,9946.53408675723,1366.37970529666,1
1049896,48349134,3,259,05:53:31,-79.587407,43.760035,,,27.5522935600968,15.3342384156001,9961.86832517282,1368.3832865294,1
1049896,48349134,3,260,05:53:33,-79.587574,43.760024,,,27.5522935600968,13.4824739235367,9975.35079909636,1370.14491504933,1
1049896,48349134,3,261,05:53:35,-79.587723,43.760001,,,27.5522935600968,12.2501123924215,9987.60091148878,1371.74552243675,1
1049896,48349134,3,262,05:53:36,-79.587826,43.759988,,,27.5522935600968,8.40667089962063,9996.0075823884,1372.84394334217,1
1049896,48349134,3,263,05:53:38,-79.58801,43.759966,,,27.5522935600968,14.9949044757947,10011.0024868642,1374.80318698898,1
1049896,48349134,3,264,05:53:40,-79.588191,43.759949,,,27.5522935600968,14.6748981484622,10025.6773850127,1376.72061840787,1
1049896,48349134,3,265,05:53:43,-79.58845,43.759909,,,27.5522935600968,21.2943165118182,10046.9717015245,1379.50294719205,1
1049896,48349134,3,266,05:53:44,-79.588622,43.759877,,,27.5522935600968,14.2802188568035,10061.2519203813,1381.36880956653,1
1049896,48349134,3,267,05:53:46,-79.588794,43.759835,,,27.5522935600968,14.5977734130708,10075.8496937944,1383.276163819,1
1049896,48349134,3,268,05:53:48,-79.588925,43.759809,,,27.5522935600968,10.9228401365786,10086.7725339309,1384.70334897896,1
1049896,48349134,3,269,05:53:50,-79.589112,43.759772,,,27.5522935600968,15.5887807834868,10102.3613147144,1386.74018887753,1
1049896,48349134,3,270,05:53:51,-79.589235,43.759738,,,27.5522935600968,10.5887515498214,10112.9500662642,1388.12372181269,1
1049896,48349134,3,271,05:53:53,-79.589425,43.759699,,,27.5522935600968,15.8809699771323,10128.8310362414,1390.19873933502,1
1049896,48349134,3,272,05:53:54,-79.589532,43.759683,,,27.5522935600968,8.78526236621575,10137.6162986076,1391.3466272395,1
1049896,48349134,3,273,05:53:57,-79.589782,43.759657,3823,27,27.5522935600968,20.3073625615631,10157.9236611692,1394,1
1049896,48349134,3,274,05:53:57,-79.589782,43.759657,3823,27,1e-12,0,10157.9236611692,1394,1
1049896,48349134,3,275,05:53:59,-79.589911,43.759607,,,27.4950848004304,11.7707611594504,10169.6944223286,1395.5411751039,1
1049896,48349134,3,276,05:54:04,-79.590381,43.759501,,,27.4950848004304,39.5876528163997,10209.282075145,1400.72448518181,1
1049896,48349134,3,277,05:54:05,-79.590507,43.759472,,,27.4950848004304,10.6323952424761,10219.9144703875,1402.11661119818,1
1049896,48349134,3,278,05:54:09,-79.59084,43.759423,,,27.4950848004304,27.3233657026785,10247.2378360902,1405.6941275886,1
1049896,48349134,3,279,05:54:09,-79.590865,43.759419,,,27.4950848004304,2.05874372185673,10249.296579812,1405.96368403669,1
1049896,48349134,3,280,05:54:12,-79.591169,43.759373,,,27.4950848004304,24.9724191369627,10274.268998949,1409.2333851322,1
1049896,48349134,3,281,05:54:15,-79.59147,43.759328,,,27.4950848004304,24.7136059455256,10298.9826048945,1412.46919917131,1
1049896,48349134,3,282,05:54:19,-79.591832,43.759305,,,27.4950848004304,29.2174415550602,10328.2000464496,1416.29471163515,1
1049896,48349134,3,283,05:54:23,-79.592175,43.759314,,,27.4950848004304,27.5956259760144,10355.7956724256,1419.90787574192,1
1049896,48349134,3,284,05:54:27,-79.592573,43.759354,,,27.4950848004304,32.307778038105,10388.1034504637,1424.13801366589,1
1049896,48349134,3,285,05:54:29,-79.592733,43.759373,,,27.4950848004304,13.0368139421543,10401.1402644058,1425.84495621699,1
1049896,48349134,3,286,05:54:31,-79.592935,43.759397,8761,28,27.4950848004304,16.459197656271,10417.5994620621,1428,1
1049896,48349134,3,287,05:54:31,-79.592935,43.759397,8761,28,1e-12,0,10417.5994620621,1428,1
1049896,48349134,3,288,05:54:34,-79.593274,43.759444,,,31.6555718174461,27.753405696774,10445.3528677589,1431.15622984429,1
1049896,48349134,3,289,05:54:37,-79.593584,43.759481,,,31.6555718174461,25.2621810262924,10470.6150487852,1434.02914751639,1
1049896,48349134,3,290,05:54:39,-79.593826,43.759513,,,31.6555718174461,19.7803066756787,10490.3953554609,1436.27864420668,1
1049896,48349134,3,291,05:54:41,-79.594011,43.759523,,,31.6555718174461,14.9156722175851,10505.3110276784,1437.97491493882,1
1049896,48349134,3,292,05:54:44,-79.594337,43.759551,,,31.6555718174461,26.3952043058728,10531.7062319843,1440.97668461302,1
1049896,48349134,3,293,05:54:45,-79.594479,43.759558,,,31.6555718174461,11.4434115583429,10543.1496435427,1442.27807578193,1
1049896,48349134,3,294,05:54:48,-79.594739,43.759578,,,31.6555718174461,21.0223129148108,10564.1719564575,1444.66881845845,1
1049896,48349134,3,295,05:54:50,-79.594953,43.75959,,,31.6555718174461,17.2574451351483,10581.4294015926,1446.63140510338,1
1049896,48349134,3,296,05:54:52,-79.595178,43.759597,,,31.6555718174461,18.1068422415409,10599.5362438342,1448.69058863181,1
1049896,48349134,3,297,05:54:54,-79.595418,43.75958,,,31.6555718174461,19.3886496551485,10618.9248934893,1450.89554449743,1
1049896,48349134,3,298,05:54:56,-79.595626,43.759551,,,31.6555718174461,17.0320125094327,10635.9569059987,1452.83249402997,1
1049896,48349134,3,299,05:54:56,-79.59564,43.75955,,,31.6555718174461,1.1310961970351,10637.0880021958,1452.96112687643,1
1049896,48349134,3,300,05:54:57,-79.595722,43.759541,,,31.6555718174461,6.66851994121877,10643.756522137,1453.71949800701,1
1049896,48349134,3,301,05:55:00,-79.596072,43.759498,,,31.6555718174461,28.5443565722722,10672.3008787093,1456.96567799241,1
1049896,48349134,3,302,05:55:09,-79.597018,43.759292,2468,29,31.6555718174461,79.4407303147777,10751.741609024,1466,1
1049896,48349134,3,303,05:55:09,-79.597018,43.759292,2468,29,1e-12,0,10751.741609024,1466,1
1049896,48349134,3,304,05:55:16,-79.5976792549566,43.7591425057183,,,29.6765145498168,55.7091258265925,10807.4507348506,1472.75796521317,1
1049896,48349134,3,305,05:55:23,-79.5983405066088,43.7589930076243,,,29.6765145498168,55.7091258276412,10863.1598606783,1479.51593042646,1
1049896,48349134,3,306,05:55:29,-79.5990017549567,43.7588435057182,,,29.6765145498168,55.7091258270749,10918.8689865053,1486.27389563969,1
1049896,48349134,3,307,05:55:36,-79.599663,43.758694,,,29.6765145498168,55.7091258272203,10974.5781123326,1493.03186085293,1
1049896,48349134,3,308,05:55:42,-79.6002602540501,43.7585587546649,,,29.6765145498168,50.3249838530121,11024.9030961856,1499.13668632247,1
1049896,48349134,3,309,05:55:48,-79.6008575054001,43.7584235062199,,,29.6765145498168,50.3249838535238,11075.2280800391,1505.24151179207,1
1049896,48349134,3,310,05:55:54,-79.6014547540501,43.7582882546649,,,29.6765145498168,50.3249838550417,11125.5530638941,1511.34633726186,1
1049896,48349134,3,311,05:56:00,-79.602052,43.758153,,,29.6765145498168,50.3249838532829,11175.8780477474,1517.45116273143,1
1049896,48349134,3,312,05:56:07,-79.6027165016214,43.7580070019249,,,29.6765145498168,55.8447592139706,11231.7228069614,1524.22558136583,1
1049896,48349134,3,313,05:56:14,-79.603381,43.757861,8073,30,29.6765145498168,55.8447592121087,11287.5675661735,1531,1
1049896,48349134,3,314,05:56:14,-79.603381,43.757861,8073,30,1e-12,0,11287.5675661735,1531,1
1049896,48349134,3,315,05:56:22,-79.604132002096,43.7576940024586,,,28.5370606234948,63.1795261473794,11350.7470923209,1538.97020748322,1
1049896,48349134,3,316,05:56:30,-79.604883,43.757527,,,28.5370606234948,63.1795261464968,11413.9266184674,1546.94041496633,1
1049896,48349134,3,317,05:56:38,-79.6055972557296,43.7573670066716,,,28.5370606234948,60.1268200289727,11474.0534384964,1554.52551824519,1
1049896,48349134,3,318,05:56:45,-79.6063115076395,43.7572070088955,,,28.5370606234948,60.1268200303446,11534.1802585267,1562.11062152423,1
1049896,48349134,3,319,05:56:53,-79.6070257557296,43.7570470066716,,,28.5370606234948,60.1268200284909,11594.3070785552,1569.69572480303,1
1049896,48349134,3,320,05:57:00,-79.60774,43.756887,,,28.5370606234948,60.126820029279,11654.4338985845,1577.28082808193,1
1049896,48349134,3,321,05:57:07,-79.608404,43.756738,,,28.5370606234948,55.9054898660594,11710.3393884505,1584.33340319375,1
1049896,48349134,3,322,05:57:09,-79.608561,43.756703,5006,31,28.5370606234948,13.2110483597032,11723.5504368102,1586,1
1049896,48349134,3,323,05:57:09,-79.608561,43.756703,5006,31,1e-12,0,11723.5504368102,1586,1
1049896,48349134,3,324,05:57:16,-79.609227504937,43.7565552558094,,,29.8969825837713,56.0568423451054,11779.6072791553,1592.75000000006,1
1049896,48349134,3,325,05:57:23,-79.6098940065827,43.7564075077459,,,29.8969825837713,56.0568423443621,11835.6641214997,1599.50000000004,1
1049896,48349134,3,326,05:57:29,-79.6105605049371,43.7562597558094,,,29.8969825837713,56.0568423445849,11891.7209638443,1606.25000000004,1
1049896,48349134,3,327,05:57:36,-79.611227,43.756112,9822,32,29.8969825837713,56.0568423442331,11947.7778061885,1613,1
1049896,48349134,3,328,05:57:36,-79.611227,43.756112,9822,32,1e-12,0,11947.7778061885,1613,1
1049896,48349134,3,329,05:57:43,-79.6118855049932,43.7559607556708,,,30.561863494041,55.5595712814238,12003.3373774699,1619.54457659796,1
1049896,48349134,3,330,05:57:49,-79.6125440066577,43.755809507561,,,30.561863494041,55.5595712811216,12058.8969487511,1626.08915319588,1
1049896,48349134,3,331,05:57:56,-79.6132025049933,43.7556582556707,,,30.561863494041,55.5595712800455,12114.4565200311,1632.63372979368,1
1049896,48349134,3,332,05:58:02,-79.613861,43.755507,,,30.561863494041,55.5595712820765,12170.0160913132,1639.17830639172,1
1049896,48349134,3,333,05:58:04,-79.61409,43.755454,,,30.561863494041,19.3350806458407,12189.351171959,1641.4558602568,1
1049896,48349134,3,334,05:58:06,-79.614245,43.755433,,,30.561863494041,12.6802612020116,12202.031433161,1642.94951722363,1
1049896,48349134,3,335,05:58:13,-79.6149560056763,43.755273756611,10361,33,30.561863494041,59.8544144940122,12261.8858476551,1650,1
1049896,48349134,3,336,05:58:13,-79.6149560056763,43.755273756611,10361,33,1e-12,0,12261.8858476551,1650,1
1049896,48349134,3,337,05:58:20,-79.6156670075685,43.7551145088147,,,28.9193628023023,59.8544144929728,12321.740262148,1657.45092115783,1
1049896,48349134,3,338,05:58:28,-79.6163780056764,43.754955256611,,,28.9193628023023,59.8544144914839,12381.5946766395,1664.90184231548,1
1049896,48349134,3,339,05:58:35,-79.617089,43.754796,,,28.9193628023023,59.8544144949163,12441.4490911344,1672.35276347355,1
1049896,48349134,3,340,05:58:43,-79.6177760053124,43.7546417561723,,,28.9193628023023,57.8469601166492,12499.2960512511,1679.55378853913,1
1049896,48349134,3,341,05:58:50,-79.6184630070832,43.7544875082296,,,28.9193628023023,57.8469601179778,12557.1430113691,1686.75481360488,1
1049896,48349134,3,342,05:58:57,-79.6191500053125,43.7543332561722,,,28.9193628023023,57.8469601193278,12614.9899714884,1693.95583867079,1
1049896,48349134,3,343,05:59:04,-79.619837,43.754179,,,28.9193628023023,57.8469601186093,12672.836931607,1701.15686373661,1
1049896,48349134,3,344,05:59:07,-79.619766,43.753988,,,28.9193628023023,22.0151239944895,12694.8520556015,1703.89739598561,1
1049896,48349134,3,345,05:59:09,-79.619705,43.753814,,,28.9193628023023,19.9809650685002,12714.83302067,1706.38470785131,1
1049896,48349134,3,346,05:59:12,-79.619631,43.753633,3855,34,28.9193628023023,21.0090506894728,12735.8420713595,1709,1
1049896,48349134,3,347,05:59:12,-79.619631,43.753633,3855,34,1e-12,0,12735.8420713595,1709,1
1049896,48349134,3,348,05:59:14,-79.619584,43.753473,,,30.671496100744,18.2076429408711,12754.0497143003,1711.13708240289,1
1049896,48349134,3,349,05:59:16,-79.61955,43.753335,,,30.671496100744,15.6034602248872,12769.6531745252,1712.96850453584,1
1049896,48349134,3,350,05:59:18,-79.619526,43.753208,,,30.671496100744,14.2686792165106,12783.9218537417,1714.64325965736,1
1049896,48349134,3,351,05:59:20,-79.619529,43.753036,,,30.671496100744,19.1484719189615,12803.0703256607,1716.89076981082,1
1049896,48349134,3,352,05:59:22,-79.619553,43.752856,,,30.671496100744,20.1302248186791,12823.2005504794,1719.25351107095,1
1049896,48349134,3,353,05:59:24,-79.619602,43.752721,,,30.671496100744,15.5360491292443,12838.7365996086,1721.07702097349,1
1049896,48349134,3,354,05:59:26,-79.619646,43.752602,,,30.671496100744,13.711350382997,12852.4479499916,1722.68636083799,1
1049896,48349134,3,355,05:59:28,-79.619731,43.752463,,,30.671496100744,16.9157121710945,12869.3636621627,1724.6718056828,1
1049896,48349134,3,356,05:59:29,-79.619825,43.752345,,,30.671496100744,15.1551337842962,12884.518795947,1726.45060647701,1
1049896,48349134,3,357,05:59:32,-79.61997,43.752202,,,30.671496100744,19.731898743713,12904.2506946907,1728.76659508233,1
1049896,48349134,3,358,05:59:33,-79.620062,43.752118,,,30.671496100744,11.9232884607098,12916.1739831514,1730.16606507615,1
1049896,48349134,3,359,05:59:36,-79.620257,43.752,,,30.671496100744,20.4550733244479,12936.6290564759,1732.56693472157,1
1049896,48349134,3,360,05:59:42,-79.6208460028393,43.7517115015123,,,30.671496100744,57.2239179609368,12993.8529744368,1739.28346736095,1
1049896,48349134,3,361,05:59:49,-79.621435,43.751423,2168,35,30.671496100744,57.2239179580753,13051.0768923949,1746,1
1049896,48349134,3,362,05:59:49,-79.621435,43.751423,2168,35,1e-12,0,13051.0768923949,1746,1
1049896,48349134,3,363,05:59:51,-79.621617,43.751342,,,28.1829174306889,17.189627539062,13068.2665199339,1748.1957506455,1
1049896,48349134,3,364,05:59:56,-79.621999,43.751128,,,28.1829174306889,38.8722521881456,13107.1387721221,1753.1611736973,1
1049896,48349134,3,365,06:00:00,-79.622306,43.750977,,,28.1829174306889,29.8658622046208,13137.0046343267,1756.97614793484,1
1049896,48349134,3,366,06:00:04,-79.62262,43.750812,,,28.1829174306889,31.2234425081659,13168.2280768349,1760.96453534384,1
1049896,48349134,3,367,06:00:07,-79.622857,43.750725,,,28.1829174306889,21.3773354455994,13189.6054122805,1763.69521103749,1
1049896,48349134,3,368,06:00:10,-79.623148,43.750641,,,28.1829174306889,25.1991426424588,13214.8045549229,1766.91407273752,1
1049896,48349134,3,369,06:00:18,-79.623911,43.750443,,,28.1829174306889,65.1936898331912,13279.9982447561,1775.24171603338,1
1049896,48349134,3,370,06:00:25,-79.6241247451839,43.7508925005975,2971,36,28.1829174306889,52.9078219456449,13332.9060667018,1782,1
1049896,48349134,3,371,06:00:25,-79.6241247451839,43.7508925005975,2971,36,1e-12,0,13332.9060667018,1782,1
1049896,48349134,3,372,06:00:35,-79.6243384935785,43.7513420007967,,,18.1436490846493,52.9078219418784,13385.8138886436,1792.49778675183,1
1049896,48349134,3,373,06:00:46,-79.6245522451838,43.7517915005975,,,18.1436490846493,52.9078219445867,13438.7217105882,1802.99557350421,1
1049896,48349134,3,374,06:00:56,-79.624766,43.752241,,,18.1436490846493,52.9078219440414,13491.6295325323,1813.49336025647,1
1049896,48349134,3,375,06:01:00,-79.624838,43.752391,2248,37,18.1436490846493,17.6731224924737,13509.3026550247,1817,1
1049896,48349134,3,376,06:01:00,-79.624838,43.752391,2248,37,1e-12,0,13509.3026550247,1817,1
1049896,48349134,3,377,,-79.625128,43.753,,,,71.6919336616636,13580.9945886864,,1
