shape_id,trip_id,route_type,id,timestamp,shape_pt_lon,shape_pt_lat,stop_id,stop_sequence,speed,dist,cumdist,cumtime,trip_number
1049606,48344041,0,1,05:46:00,-79.453673,43.656751,14187,1,1e-12,0,0,0,1
1049606,48344041,0,2,05:46:00,-79.453673,43.656751,14187,1,1e-12,0,0,0,1
1049606,48344041,0,3,05:46:36,-79.453743,43.656757,310,2,0.567711267794401,5.67711267794401,5.67711267794401,36,1
1049606,48344041,0,4,05:46:36,-79.453743,43.656757,310,2,1e-12,0,5.67711267794401,36,1
1049606,48344041,0,5,05:46:37,-79.453792,43.656782,,,14.3322272286603,4.82896705219251,10.5060797301365,37.212950444515,1
1049606,48344041,0,6,05:46:38,-79.453805,43.656826,,,14.3322272286603,5.00870967593465,15.5147894060712,38.4710490321028,1
1049606,48344041,0,7,05:46:44,-79.453849,43.657036,,,14.3322272286603,23.6441563505416,39.1589457566128,44.4100396372571,1
1049606,48344041,0,8,05:46:58,-79.453196,43.657175,,,14.3322272286603,54.8202984586835,93.9792442152963,58.1799214080828,1
1049606,48344041,0,9,05:47:09,-79.452701,43.65728,,,14.3322272286603,41.5443615957111,135.523605811007,68.6151244898121,1
1049606,48344041,0,10,05:47:17,-79.452625,43.656998,,,14.3322272286603,31.983258763392,167.506864574399,76.6487489719836,1
1049606,48344041,0,11,05:47:36,-79.452442,43.656314,,,14.3322272286603,77.5558496208088,245.062714195208,96.1293959210211,1
1049606,48344041,0,12,05:47:52,-79.4523089987497,43.6557495000771,,,14.3322272286603,63.7462886873712,308.809002882579,112.141327326604,1
1049606,48344041,0,13,05:48:08,-79.452176,43.655185,,,14.3322272286603,63.7462886829985,372.555291565578,128.153258731089,1
1049606,48344041,0,14,05:48:27,-79.4520049981363,43.6545305001274,,,14.3322272286603,74.1489058895443,446.704197455122,146.77814214548,1
1049606,48344041,0,15,05:48:45,-79.451834,43.653876,,,14.3322272286603,74.1489058853995,520.853103340522,165.40302555883,1
1049606,48344041,0,16,05:48:52,-79.451573,43.653708,,,14.3322272286603,28.1364204263614,548.989523766883,172.47039282275,1
1049606,48344041,0,17,05:49:10,-79.4508379959367,43.6533760023546,6600,3,14.3322272286603,69.7884203593053,618.777944126188,190,1
1049606,48344041,0,18,05:49:10,-79.4508379959367,43.6533760023546,6600,3,1e-12,0,618.777944126188,190,1
1049606,48344041,0,19,05:49:24,-79.450103,43.653044,,,17.5787513662863,69.7884203599089,688.566364486097,204.292159213169,1
1049606,48344041,0,20,05:49:42,-79.449196,43.652625,,,17.5787513662863,86.6735645914026,775.2399290775,222.042272746686,1
1049606,48344041,0,21,05:49:53,-79.4486354975921,43.6523670013693,2954,4,17.5787513662863,53.5064341459971,828.746363223497,233,1
1049606,48344041,0,22,05:49:53,-79.4486354975921,43.6523670013693,2954,4,1e-12,0,828.746363223497,233,1
1049606,48344041,0,23,05:50:10,-79.448075,43.652109,,,11.0136464316198,53.5064341459192,882.252797369416,250.489499424305,1
1049606,48344041,0,24,05:50:25,-79.447595,43.651921,,,11.0136464316198,43.9624008151401,926.215198184556,264.859367198535,1
1049606,48344041,0,25,05:50:49,-79.446797,43.651583,,,11.0136464316198,74.478091900049,1000.69329008461,289.203814108544,1
1049606,48344041,0,26,05:51:10,-79.4460539976,43.6513890024061,2243,5,11.0136464316198,63.6227329263151,1064.31602301092,310,1
1049606,48344041,0,27,05:51:10,-79.4460539976,43.6513890024061,2243,5,1e-12,0,1064.31602301092,310,1
1049606,48344041,0,28,05:51:28,-79.445311,43.651195,,,13.0587971825654,63.6227329256665,1127.93875593659,327.539275274004,1
1049606,48344041,0,29,05:51:42,-79.4446719984573,43.6510500017797,,,13.0587971825654,53.9406173214755,1181.87937325806,342.409421401747,1
1049606,48344041,0,30,05:51:57,-79.444033,43.650905,,,13.0587971825654,53.9406173185518,1235.81999057661,357.279567528685,1
1049606,48344041,0,31,05:52:21,-79.443011,43.65068,7506,6,13.0587971825654,86.0445324237915,1321.86452300041,381,1
1049606,48344041,0,32,05:52:21,-79.443011,43.65068,7506,6,1e-12,0,1321.86452300041,381,1
1049606,48344041,0,33,05:52:50,-79.442137,43.650467,,,9.2246911853418,74.2836476697534,1396.14817067016,409.989711009085,1
1049606,48344041,0,34,05:52:53,-79.442047,43.650444,,,9.2246911853418,7.68807316899912,1403.83624383916,412.990035123173,1
1049606,48344041,0,35,05:53:13,-79.441434,43.650313,,,9.2246911853418,51.4837411683698,1455.31998500753,433.081923781803,1
1049606,48344041,0,36,05:53:27,-79.441008,43.650274,,,9.2246911853418,34.586594335793,1489.90657934332,446.579583173014,1
1049606,48344041,0,37,05:53:47,-79.4403629993986,43.6502180018132,1606,7,9.2246911853418,52.3255664180276,1542.23214576135,467,1
1049606,48344041,0,38,05:53:47,-79.4403629993986,43.6502180018132,1606,7,1e-12,0,1542.23214576135,467,1
1049606,48344041,0,39,05:54:01,-79.439718,43.650162,,,13.6311054916852,52.3255664188496,1594.5577121802,480.819278210616,1
1049606,48344041,0,40,05:54:16,-79.4390129995187,43.6501210021663,,,13.6311054916852,56.9689382704725,1651.52665045067,495.864879456884,1
1049606,48344041,0,41,05:54:31,-79.438308,43.65008,,,13.6311054916852,56.9689382687248,1708.4955887194,510.91048070269,1
1049606,48344041,0,42,05:54:45,-79.4376539994392,43.6500285018642,,,13.6311054916852,52.9890281219166,1761.48461684131,524.904980367832,1
1049606,48344041,0,43,05:54:59,-79.437,43.649977,,,13.6311054916852,52.9890281209145,1814.47364496223,538.899480032709,1
1049606,48344041,0,44,05:55:00,-79.436948,43.649974,,,13.6311054916852,4.20176015316076,1818.67540511539,540.009172607578,1
1049606,48344041,0,45,05:55:15,-79.436269499486,43.6499285020065,,,13.6311054916852,54.885698121126,1873.56110323651,554.504586303597,1
1049606,48344041,0,46,05:55:29,-79.435591,43.649883,2176,8,13.6311054916852,54.8856981225814,1928.44680135909,569,1
1049606,48344041,0,47,05:55:29,-79.435591,43.649883,2176,8,1e-12,0,1928.44680135909,569,1
1049606,48344041,0,48,05:55:49,-79.4346344990604,43.6498240039875,,,13.5787213543534,77.3232743786834,2005.77007573778,589.499999999928,1
1049606,48344041,0,49,05:56:10,-79.433678,43.649765,1385,9,13.5787213543534,77.3232743792307,2083.09335011701,610,1
1049606,48344041,0,50,05:56:10,-79.433678,43.649765,1385,9,1e-12,0,2083.09335011701,610,1
1049606,48344041,0,51,05:56:22,-79.433132,43.649731,,,13.0117058811042,44.1416386955493,2127.23498881256,622.212841325806,1
1049606,48344041,0,52,05:56:37,-79.432475,43.649687,,,13.0117058811042,53.1460999477117,2180.38108876027,636.916982470712,1
1049606,48344041,0,53,05:57:00,-79.431441,43.649643,1063,10,13.0117058811042,83.4303985942979,2263.81148735457,660,1
1049606,48344041,0,54,05:57:00,-79.431441,43.649643,1063,10,1e-12,0,2263.81148735457,660,1
1049606,48344041,0,55,05:57:10,-79.430998,43.64962,,,13.4848385349684,35.7744643130107,2299.58595166758,669.550583137712,1
1049606,48344041,0,56,05:57:12,-79.430901,43.649616,,,13.4848385349684,7.82582746760769,2307.41177913519,671.63981682118,1
1049606,48344041,0,57,05:57:35,-79.429816,43.649577,7289,11,13.4848385349684,87.50230508713,2394.91408422232,695,1
1049606,48344041,0,58,05:57:35,-79.429816,43.649577,7289,11,1e-12,0,2394.91408422232,695,1
1049606,48344041,0,59,05:57:54,-79.4289634998155,43.6495640031675,,,12.9455653691169,68.6824210781601,2463.59650530048,714.099723251272,1
1049606,48344041,0,60,05:58:13,-79.428111,43.649551,,,12.9455653691169,68.6824210770906,2532.27892637757,733.199446502246,1
1049606,48344041,0,61,05:58:28,-79.4274469996794,43.6495220019216,,,12.9455653691169,53.581251853976,2585.86017823154,748.099723251416,1
1049606,48344041,0,62,05:58:43,-79.426783,43.649493,9568,12,12.9455653691169,53.5812518518696,2639.44143008341,763,1
1049606,48344041,0,63,05:58:43,-79.426783,43.649493,9568,12,1e-12,0,2639.44143008341,763,1
1049606,48344041,0,64,05:59:04,-79.425811,43.649475,,,13.4845532895565,78.318401089955,2717.75983117337,783.908830857764,1
1049606,48344041,0,65,05:59:27,-79.424739,43.64943,1416,13,13.4845532895565,86.4928057824016,2804.25263695577,807,1
1049606,48344041,0,66,05:59:27,-79.424739,43.64943,1416,13,1e-12,0,2804.25263695577,807,1
1049606,48344041,0,67,05:59:43,-79.42399,43.64942,,,13.241592951926,60.3408638973703,2864.59350085314,823.404907688915,1
1049606,48344041,0,68,05:59:45,-79.423907,43.649419,,,13.241592951926,6.68642714220013,2871.27992799534,825.222750738412,1
1049606,48344041,0,69,05:59:48,-79.423793,43.649414,,,13.241592951926,9.19934863995913,2880.4792766353,827.723783297265,1
1049606,48344041,0,70,06:00:00,-79.423248,43.649394,,,13.241592951926,43.9552001858325,2924.43447682113,839.673910539772,1
1049606,48344041,0,71,06:00:10,-79.42277,43.649379,,,13.241592951926,38.5382512559241,2962.97272807706,850.151328553225,1
1049606,48344041,0,72,06:00:32,-79.4217694995586,43.6493525043628,,,13.241592951926,80.6425359426309,3043.61526401969,872.07566427684,1
1049606,48344041,0,73,06:00:54,-79.420769,43.649326,3702,14,13.241592951926,80.6425359409612,3124.25779996065,894,1
1049606,48344041,0,74,06:00:54,-79.420769,43.649326,3702,14,1e-12,0,3124.25779996065,894,1
1049606,48344041,0,75,06:01:05,-79.420238,43.649428,,,14.7035367088186,44.2526345031264,3168.51043446377,904.834773113853,1
1049606,48344041,0,76,06:01:06,-79.420203,43.649435,,,14.7035367088186,2.92489677716932,3171.43533124094,905.550902070194,1
1049606,48344041,0,77,06:01:19,-79.419526,43.649566,,,14.7035367088186,56.4472826880006,3227.88261392894,919.371401294365,1
1049606,48344041,0,78,06:01:32,-79.418891,43.649693,,,14.7035367088186,53.0658218873307,3280.94843581627,932.363986859158,1
1049606,48344041,0,79,06:01:34,-79.418829,43.649706,,,14.7035367088186,5.19941719656207,3286.14785301284,933.637007240465,1
1049606,48344041,0,80,06:01:45,-79.418274,43.649818,6324,15,14.7035367088186,46.4100503227407,3332.55790333558,945,1
1049606,48344041,0,81,06:01:45,-79.418274,43.649818,6324,15,1e-12,0,3332.55790333558,945,1
1049606,48344041,0,82,06:01:57,-79.417665501231,43.6499395016138,,,15.0636045771642,50.8450931771777,3383.40299651275,957.151297154688,1
1049606,48344041,0,83,06:02:09,-79.417057,43.650061,,,15.0636045771642,50.8450931800177,3434.24808969277,969.302594310055,1
1049606,48344041,0,84,06:02:31,-79.415973,43.65029,,,15.0636045771642,90.9584306820348,3525.20652037481,991.040442563966,1
1049606,48344041,0,85,06:02:52,-79.414935,43.650491,,,15.0636045771642,86.5499516733065,3611.75647204811,1011.72472330353,1
1049606,48344041,0,86,06:03:11,-79.413971,43.650687,7139,16,15.0636045771642,80.654207297497,3692.41067934561,1031,1
1049606,48344041,0,87,06:03:11,-79.413971,43.650687,7139,16,1e-12,0,3692.41067934561,1031,1
1049606,48344041,0,88,06:03:12,-79.413923,43.650697,,,14.406653122153,4.02330082894754,3696.43398017456,1032.0053607081,1
1049606,48344041,0,89,06:03:21,-79.413487,43.650774,,,14.406653122153,36.1491833466217,3732.58316352118,1041.03848304015,1
1049606,48344041,0,90,06:03:23,-79.413406,43.650791,,,14.406653122153,6.79317394931948,3739.3763374705,1042.73599224025,1
1049606,48344041,0,91,06:03:35,-79.412801,43.650922,,,14.406653122153,50.8657117718857,3790.24204924239,1055.44654762228,1
1049606,48344041,0,92,06:03:48,-79.412186,43.651046,,,14.406653122153,51.4231504773543,3841.66519971974,1068.29639832312,1
1049606,48344041,0,93,06:04:01,-79.411591,43.65117,,,14.406653122153,49.873131101736,3891.53833082148,1080.75892313329,1
1049606,48344041,0,94,06:04:15,-79.410907,43.651301,15146,17,14.406653122153,56.9906262513003,3948.52895707278,1095,1
1049606,48344041,0,95,06:04:15,-79.410907,43.651301,15146,17,1e-12,0,3948.52895707278,1095,1
1049606,48344041,0,96,06:04:27,-79.41031,43.651423,,,15.3761917544132,49.9667821770564,3998.49573924983,1106.69863245142,1
1049606,48344041,0,97,06:04:38,-79.40971,43.651547,,,15.3761917544132,50.2599599850938,4048.75569923493,1118.46590609344,1
1049606,48344041,0,98,06:04:50,-79.409096,43.651665,,,15.3761917544132,51.1695531278226,4099.92525236275,1130.44614113488,1
1049606,48344041,0,99,06:05:03,-79.408477,43.651786,,,15.3761917544132,51.6448839958722,4151.57013635862,1142.53766453382,1
1049606,48344041,0,100,06:05:14,-79.4078700013392,43.6519185016059,,,15.3761917544132,51.0672129344428,4202.63734929306,1154.49393885066,1
1049606,48344041,0,101,06:05:26,-79.407263,43.652051,,,15.3761917544132,51.0672129328879,4253.70456222595,1166.45021316713,1
1049606,48344041,0,102,06:05:39,-79.406604,43.652185,,,15.3761917544132,55.1350932565487,4308.8396554825,1179.35889295558,1
1049606,48344041,0,103,06:05:51,-79.406009,43.652304,3665,18,15.3761917544132,49.7210817079612,4358.56073719046,1191,1
1049606,48344041,0,104,06:05:51,-79.406009,43.652304,3665,18,1e-12,0,4358.56073719046,1191,1
1049606,48344041,0,105,06:06:04,-79.405586,43.652369,,,9.80030724505016,34.8301176210623,4393.39085481152,1203.79433596321,1
1049606,48344041,0,106,06:06:07,-79.405462,43.65237,,,9.80030724505016,9.98810631526936,4403.37896112679,1207.46332121396,1
1049606,48344041,0,107,06:06:11,-79.405349,43.652357,,,9.80030724505016,9.21583197372955,4412.59479310052,1210.84862274338,1
1049606,48344041,0,108,06:06:15,-79.405235,43.652321,,,9.80030724505016,10.0184868530832,4422.61327995361,1214.52876784182,1
1049606,48344041,0,109,06:06:28,-79.404833,43.652151,,,9.80030724505016,37.5036001666452,4460.11688012025,1228.30516864478,1
1049606,48344041,0,110,06:06:44,-79.404397,43.65195,,,9.80030724505016,41.6399744893275,4501.75685460958,1243.60100625612,1
1049606,48344041,0,111,06:06:58,-79.403988,43.651766,,,9.80030724505016,38.7914626270869,4540.54831723667,1257.85048455978,1
1049606,48344041,0,112,06:07:01,-79.403903,43.651739,,,9.80030724505016,7.47703387505321,4548.02535111172,1260.59706395542,1
1049606,48344041,0,113,06:07:03,-79.403839,43.651734,,,9.80030724505016,5.18484795056778,4553.21019906229,1262.50164226662,1
1049606,48344041,0,114,06:07:06,-79.403734,43.651733,,,9.80030724505016,8.45796752578643,4561.66816658807,1265.60855333905,1
1049606,48344041,0,115,06:07:33,-79.402833,43.651919,,,9.80030724505016,75.4669951069742,4637.13516169505,1293.3302538523,1
1049606,48344041,0,116,06:07:51,-79.402253,43.652022,6692,19,9.80030724505016,48.1024836637533,4685.2376453588,1311,1
1049606,48344041,0,117,06:07:51,-79.402253,43.652022,6692,19,1e-12,0,4685.2376453588,1311,1
1049606,48344041,0,118,06:08:08,-79.401645,43.652155,,,10.8166946112118,51.1602773726068,4736.39792273141,1328.02710533683,1
1049606,48344041,0,119,06:08:22,-79.401134,43.652267,,,10.8166946112118,43.0051666985394,4779.40308942995,1342.34003601292,1
1049606,48344041,0,120,06:08:45,-79.400327,43.652447,,,10.8166946112118,68.0176439238151,4847.42073335376,1364.9775909155,1
1049606,48344041,0,121,06:08:58,-79.399857,43.652543,,,10.8166946112118,39.3352266479088,4886.75596000167,1378.06909631731,1
1049606,48344041,0,122,06:09:16,-79.399212,43.652672,,,10.8166946112118,53.8990212076047,4940.65498120927,1396.00770726287,1
1049606,48344041,0,123,06:09:49,-79.398037,43.652937,6046,20,10.8166946112118,99.1298764059098,5039.78485761519,1429,1
1049606,48344041,0,124,06:09:49,-79.398037,43.652937,6046,20,1e-12,0,5039.78485761519,1429,1
1049606,48344041,0,125,06:10:08,-79.397425,43.653072,,,9.73070117842469,51.5325205438689,5091.31737815905,1448.0651290751,1
1049606,48344041,0,126,06:10:13,-79.397259,43.653109,,,9.73070117842469,13.9902286207898,5105.30760677984,1453.24099688888,1
1049606,48344041,0,127,06:10:21,-79.397019,43.653162,,,9.73070117842469,20.2107018426118,5125.51830862246,1460.71821002072,1
1049606,48344041,0,128,06:10:48,-79.396152,43.65334,,,9.73070117842469,72.5877001367893,5198.10600875924,1487.57297780168,1
1049606,48344041,0,129,06:11:06,-79.395544,43.653464,,,9.73070117842469,50.8783482178153,5248.98435697706,1506.39608728018,1
1049606,48344041,0,130,06:11:35,-79.394631,43.653652,,,9.73070117842469,76.4555060826188,5325.43986305968,1534.68180039074,1
1049606,48344041,0,131,06:11:38,-79.39453,43.653673,,,9.73070117842469,8.46402658925202,5333.90388964893,1537.81317758161,1
1049606,48344041,0,132,06:11:59,-79.393847,43.653816,7171,21,9.73070117842469,57.2673994093688,5391.1712890583,1559,1
1049606,48344041,0,133,06:11:59,-79.393847,43.653816,7171,21,1e-12,0,5391.1712890583,1559,1
1049606,48344041,0,134,06:12:16,-79.3932472538201,43.6539435047033,,,10.3571061897974,50.3470439773051,5441.5183330356,1576.4999999997,1
1049606,48344041,0,135,06:12:34,-79.3926475050934,43.654071006271,,,10.3571061897974,50.3470439793503,5491.86537701495,1594.0000000001,1
1049606,48344041,0,136,06:12:51,-79.39204775382,43.6541985047033,,,10.3571061897974,50.3470439776686,5542.21242099262,1611.49999999992,1
1049606,48344041,0,137,06:13:09,-79.391448,43.654326,9016,22,10.3571061897974,50.3470439784035,5592.55946497103,1629,1
1049606,48344041,0,138,06:13:09,-79.391448,43.654326,9016,22,1e-12,0,5592.55946497103,1629,1
1049606,48344041,0,139,06:13:33,-79.390647,43.654471,,,9.99258871281496,66.502386102682,5659.06185107371,1652.95861541491,1
1049606,48344041,0,140,06:13:36,-79.390533,43.65449,,,9.99258871281496,9.42218228618834,5668.4840333599,1656.35311680039,1
1049606,48344041,0,141,06:13:39,-79.390445,43.654496,,,9.99258871281496,7.11904426340458,5675.6030776233,1658.9178735501,1
1049606,48344041,0,142,06:13:41,-79.390366,43.654496,,,9.99258871281496,6.36276977859966,5681.9658474019,1661.2101695568,1
1049606,48344041,0,143,06:13:44,-79.39028,43.654484,,,9.99258871281496,7.05419650597194,5689.02004390787,1663.75156379921,1
1049606,48344041,0,144,06:13:46,-79.390201,43.654478,,,9.99258871281496,6.39773182675535,5695.41777573463,1666.05645547826,1
1049606,48344041,0,145,06:13:52,-79.389992,43.654505,,,9.99258871281496,17.0993796640855,5712.51715539871,1672.21679776391,1
1049606,48344041,0,146,06:14:16,-79.389212,43.654677,,,9.99258871281496,65.6752057670961,5778.19236116581,1695.87740739736,1
1049606,48344041,0,147,06:14:31,-79.388717,43.654795,7311,23,9.99258871281496,41.9760689304465,5820.16843009626,1711,1
1049606,48344041,0,148,06:14:31,-79.388717,43.654795,7311,23,1e-12,0,5820.16843009626,1711,1
1049606,48344041,0,149,06:14:33,-79.388644,43.654806,,,10.5265850348544,6.00565211404732,5826.1740822103,1713.05388048821,1
1049606,48344041,0,150,06:14:36,-79.388523,43.654809,,,10.5265850348544,9.75117797497297,5835.92526018528,1716.38869805665,1
1049606,48344041,0,151,06:14:39,-79.388418,43.654795,,,10.5265850348544,8.59920644875012,5844.52446663403,1719.32955144006,1
1049606,48344041,0,152,06:14:43,-79.388301,43.654783,,,10.5265850348544,9.51750866095736,5854.04197529498,1722.58445614714,1
1049606,48344041,0,153,06:15:16,-79.387148,43.655017,,,10.5265850348544,96.4478391382936,5950.48981443328,1755.56877344931,1
1049606,48344041,0,154,06:15:47,-79.386047,43.655234,6459,24,10.5265850348544,91.9065219543492,6042.39633638763,1787,1
1049606,48344041,0,155,06:15:47,-79.386047,43.655234,6459,24,1e-12,0,6042.39633638763,1787,1
1049606,48344041,0,156,06:16:10,-79.385212,43.655419,,,11.1642382228106,70.333716743649,6112.73005313128,1809.67968268178,1
1049606,48344041,0,157,06:16:29,-79.3844820017627,43.6555640023227,,,11.1642382228106,60.9696374362038,6173.69969056748,1829.33984134105,1
1049606,48344041,0,158,06:16:49,-79.383752,43.655709,2856,25,11.1642382228106,60.9696374352197,6234.6693280027,1849,1
1049606,48344041,0,159,06:16:49,-79.383752,43.655709,2856,25,1e-12,0,6234.6693280027,1849,1
1049606,48344041,0,160,06:17:19,-79.3830422554341,43.6558622565867,,,7.1585004280348,59.6541702324387,6294.32349823514,1878.9999999994,1
1049606,48344041,0,161,06:17:49,-79.3823325072454,43.6560155087823,,,7.1585004280348,59.654170234862,6353.97766847,1909.00000000003,1
1049606,48344041,0,162,06:18:19,-79.381622755434,43.6561687565868,,,7.1585004280348,59.6541702333774,6413.63183870338,1938.9999999999,1
1049606,48344041,0,163,06:18:49,-79.380913,43.656322,3874,26,7.1585004280348,59.6541702338151,6473.28600893719,1969,1
1049606,48344041,0,164,06:18:49,-79.380913,43.656322,3874,26,1e-12,0,6473.28600893719,1969,1
1049606,48344041,0,165,06:19:11,-79.380355,43.656451,,,7.89378972740313,47.1792382637928,6520.46524720099,1990.51631391447,1
1049606,48344041,0,166,06:19:12,-79.380308,43.656453,,,7.89378972740313,3.79186376817286,6524.25711096916,1992.24561125287,1
1049606,48344041,0,167,06:19:12,-79.380302,43.656453,,,7.89378972740313,0.483232589166928,6524.74034355833,1992.4659917521,1
1049606,48344041,0,168,06:19:14,-79.380266,43.656452,,,7.89378972740313,2.9015317732902,6527.64187533162,1993.78924898907,1
1049606,48344041,0,169,06:19:17,-79.380173,43.656436,,,7.89378972740313,7.6989642881543,6535.34083961977,1997.3003979295,1
1049606,48344041,0,170,06:19:41,-79.379563,43.656284,,,7.89378972740313,51.9609163367816,6587.30175595655,2020.99741865999,1
1049606,48344041,0,171,06:19:49,-79.379358,43.656235,,,7.89378972740313,17.3882107124978,6604.68996666905,2028.92739408709,1
1049606,48344041,0,172,06:19:58,-79.379133,43.656171,,,7.89378972740313,19.47149647964,6624.16146314869,2037.80746180454,1
1049606,48344041,0,173,06:20:02,-79.379037,43.656143,,,7.89378972740313,8.33639348273493,6632.49785663142,2041.60931333267,1
1049606,48344041,0,174,06:20:08,-79.378865,43.65614,,,7.89378972740313,13.8567643222511,6646.35462095368,2047.92875599364,1
1049606,48344041,0,175,06:20:29,-79.378303,43.656255,,,7.89378972740313,47.0385140066365,6693.39313496031,2069.38089194756,1
1049606,48344041,0,176,06:20:52,-79.377702,43.656379,,,7.89378972740313,50.3336674578727,6743.72680241818,2092.33579815938,1
1049606,48344041,0,177,06:21:14,-79.377134,43.656494,3471,27,7.89378972740313,47.5035149838561,6791.23031740204,2114,1
1049606,48344041,0,178,06:21:14,-79.377134,43.656494,3471,27,1e-12,0,6791.23031740204,2114,1
1049606,48344041,0,179,06:21:34,-79.376548,43.656641,,,8.78635845440476,49.9520418753592,6841.1823592774,2134.46665312877,1
1049606,48344041,0,180,06:22:05,-79.375652,43.656813,,,8.78635845440476,74.6593486410026,6915.8417079184,2165.05653362389,1
1049606,48344041,0,181,06:22:43,-79.374554,43.65706,3184,28,8.78635845440476,92.6069157175337,7008.44862363594,2203,1
1049606,48344041,0,182,06:22:43,-79.374554,43.65706,3184,28,1e-12,0,7008.44862363594,2203,1
1049606,48344041,0,183,06:23:23,-79.373446,43.657296,,,8.32798040699892,93.0227265727248,7101.47135020866,2243.21164787808,1
1049606,48344041,0,184,06:23:25,-79.373396,43.657321,,,8.32798040699892,4.89497575855574,7106.36632596722,2245.3276366136,1
1049606,48344041,0,185,06:23:30,-79.373304,43.657395,,,8.32798040699892,11.0796556696882,7117.4459816369,2250.11712439594,1
1049606,48344041,0,186,06:23:37,-79.373198,43.657506,,,8.32798040699892,15.018721630798,7132.4647032677,2256.60938244993,1
1049606,48344041,0,187,06:23:43,-79.373095,43.657607,,,8.32798040699892,13.972249608549,7146.43695287625,2262.64927401218,1
1049606,48344041,0,188,06:23:48,-79.373007,43.657699,,,8.32798040699892,12.4545383298953,7158.89149120615,2268.03309287299,1
1049606,48344041,0,189,06:23:53,-79.372944,43.65778,,,8.32798040699892,10.3463949529946,7169.23788615914,2272.50560841823,1
1049606,48344041,0,190,06:23:58,-79.372855,43.657882,,,8.32798040699892,13.4277257916845,7182.66561195083,2278.31011449145,1
1049606,48344041,0,191,06:24:04,-79.372742,43.657967,,,8.32798040699892,13.1283805084346,7195.79399245926,2283.98522028188,1
1049606,48344041,0,192,06:24:09,-79.372629,43.658036,,,8.32798040699892,11.9088287811499,7207.70282124041,2289.13314108824,1
1049606,48344041,0,193,06:24:13,-79.372549,43.658084,,,8.32798040699892,8.37033845047064,7216.07315969088,2292.75145152475,1
1049606,48344041,0,194,06:24:20,-79.372377,43.658163,,,8.32798040699892,16.4080582181392,7232.48121790902,2299.84428876721,1
1049606,48344041,0,195,06:24:23,-79.372292,43.658194,,,8.32798040699892,7.66622174625865,7240.14743965528,2303.15822527256,1
1049606,48344041,0,196,06:24:25,-79.372236,43.658214,,,8.32798040699892,5.02963877331534,7245.17707842859,2305.33242582287,1
1049606,48344041,0,197,06:24:29,-79.37213,43.658245,,,8.32798040699892,9.20796713822159,7254.38504556682,2309.31282444026,1
1049606,48344041,0,198,06:24:32,-79.37205,43.65825,,,8.32798040699892,6.46690593733399,7260.85195150415,2312.10832349725,1
1049606,48344041,0,199,06:24:37,-79.371921,43.658267,,,8.32798040699892,10.5601386974485,7271.4120902016,2316.67323569119,1
1049606,48344041,0,200,06:24:42,-79.371778,43.658276,,,8.32798040699892,11.5601906752191,7282.97228087682,2321.67044802802,1
1049606,48344041,0,201,06:24:46,-79.371662,43.658281,,,8.32798040699892,9.35877870344757,7292.33105958027,2325.71603911804,1
1049606,48344041,0,202,06:24:50,-79.371538,43.65829,,,8.32798040699892,10.0366317974938,7302.36769137776,2330.05465096692,1
1049606,48344041,0,203,06:24:54,-79.371419,43.658295,,,8.32798040699892,9.59996850216098,7311.96765987992,2334.20450302213,1
1049606,48344041,0,204,06:24:57,-79.371339,43.65829,2641,29,8.32798040699892,6.46690112764229,7318.43456100756,2337,1
1049606,48344041,0,205,06:24:57,-79.371339,43.65829,2641,29,1e-12,0,7318.43456100756,2337,1
1049606,48344041,0,206,06:25:07,-79.371019,43.658287,,,9.47964988285276,25.7737806330898,7344.20834164065,2346.78787312039,1
1049606,48344041,0,207,06:25:33,-79.370204,43.658482,,,9.47964988285276,69.1333516045015,7413.34169324515,2373.04201423866,1
1049606,48344041,0,208,06:25:56,-79.369499,43.658651,,,9.47964988285276,59.8134667082433,7473.1551599534,2395.75682784578,1
1049606,48344041,0,209,06:26:26,-79.368555,43.658864,2749,30,9.47964988285276,79.6374120469149,7552.79257200031,2426,1
1049606,48344041,0,210,06:26:26,-79.368555,43.658864,2749,30,1e-12,0,7552.79257200031,2426,1
1049606,48344041,0,211,06:26:50,-79.36797,43.658977,,,7.44108592774683,48.7636270828217,7601.55619908313,2449.59186000575,1
1049606,48344041,0,212,06:26:51,-79.36793,43.658983,,,7.44108592774683,3.28992823089153,7604.84612731402,2451.18352844584,1
1049606,48344041,0,213,06:27:15,-79.367339,43.659115,,,7.44108592774683,49.8129647305669,7654.65909204459,2475.28305837619,1
1049606,48344041,0,214,06:27:43,-79.366656,43.659286,,,7.44108592774683,58.2061499070812,7712.86524195167,2503.44321425937,1
1049606,48344041,0,215,06:27:47,-79.366569,43.659306,5988,31,7.44108592774683,7.35176342294231,7720.21700537462,2507,1
1049606,48344041,0,216,06:27:47,-79.366569,43.659306,5988,31,1e-12,0,7720.21700537462,2507,1
1049606,48344041,0,217,06:28:00,-79.366003,43.659433,,,13.0928268782212,47.7247945869714,7767.94179996159,2520.12239611133,1
1049606,48344041,0,218,06:28:18,-79.365228,43.659599,,,13.0928268782212,65.092449135765,7833.03424909735,2538.02019763795,1
1049606,48344041,0,219,06:28:20,-79.365156,43.659615,,,13.0928268782212,6.06587214556433,7839.10012124292,2539.68806813888,1
1049606,48344041,0,220,06:28:34,-79.364518,43.65975,,,13.0928268782212,53.5336215716499,7892.63374281457,2554.40765768593,1
1049606,48344041,0,221,06:28:35,-79.364487,43.659755,,,13.0928268782212,2.55785752537458,7895.19160033994,2555.11096547247,1
1049606,48344041,0,222,06:28:47,-79.363979,43.659863,,,13.0928268782212,42.6413385745775,7937.83293891452,2566.83561594684,1
1049606,48344041,0,223,06:28:52,-79.363744,43.659918,,,13.0928268782212,19.8912400549347,7957.72417896945,2572.30490572389,1
1049606,48344041,0,224,06:29:10,-79.362988,43.66008,,,13.0928268782212,63.4983670469507,8021.2225460164,2589.76439888722,1
1049606,48344041,0,225,06:29:24,-79.3623790013846,43.6602165016165,,,13.0928268782212,51.3449773857309,8072.56752340214,2603.88219944381,1
1049606,48344041,0,226,06:29:38,-79.36177,43.660353,24274,32,13.0928268782212,51.3449773843006,8123.91250078644,2618,1
1049606,48344041,0,227,06:29:38,-79.36177,43.660353,24274,32,1e-12,0,8123.91250078644,2618,1
1049606,48344041,0,228,06:29:57,-79.361007,43.660524,,,12.253250316658,64.3279797688118,8188.24048055525,2636.89953450579,1
1049606,48344041,0,229,06:30:10,-79.360473,43.660665,,,12.253250316658,45.7796142580602,8234.02009481331,2650.34956670704,1
1049606,48344041,0,230,06:30:11,-79.360429,43.660677,,,12.253250316658,3.78689024111954,8237.80698505443,2651.46215353222,1
1049606,48344041,0,231,06:30:18,-79.360146,43.660733,,,12.253250316658,23.6280456377539,8261.43503069218,2658.4040638089,1
1049606,48344041,0,232,06:30:22,-79.360011,43.660758,,,12.253250316658,11.2224972789602,8272.65752797114,2661.70122898224,1
1049606,48344041,0,233,06:30:31,-79.359633,43.660848,,,12.253250316658,32.0477326515074,8304.70526062265,2671.116839907,1
1049606,48344041,0,234,06:30:34,-79.359498,43.660879,,,12.253250316658,11.4064763322936,8316.11173695494,2674.46805805199,1
1049606,48344041,0,235,06:30:51,-79.3588230017539,43.6610350019859,,,12.253250316658,57.0660108730889,8373.17774782803,2691.23402902574,1
1049606,48344041,0,236,06:31:08,-79.358148,43.661191,6694,33,12.253250316658,57.0660108748549,8430.24375870289,2708,1
1049606,48344041,0,237,06:31:08,-79.358148,43.661191,6694,33,1e-12,0,8430.24375870289,2708,1
1049606,48344041,0,238,06:31:27,-79.3573850023003,43.6613720025374,,,12.1430081511726,64.6652264515624,8494.90898515445,2727.17109931308,1
1049606,48344041,0,239,06:31:46,-79.356622,43.661553,,,12.1430081511726,64.6652264518488,8559.5742116063,2746.34219862624,1
1049606,48344041,0,240,06:31:53,-79.356377,43.661616,,,12.1430081511726,20.9396546832789,8580.51386628958,2752.55011316614,1
1049606,48344041,0,241,06:31:53,-79.356374,43.661616,,,12.1430081511726,0.241595519110097,8580.75546180869,2752.62173824108,1
1049606,48344041,0,242,06:32:00,-79.356076,43.66165,,,12.1430081511726,24.2951084883444,8605.05057029703,2759.82443377329,1
1049606,48344041,0,243,06:32:05,-79.355875,43.661673,,,12.1430081511726,16.3881271220774,8621.43869741911,2764.68297104058,1
1049606,48344041,0,244,06:32:10,-79.355665,43.661697,,,12.1430081511726,17.1213984802544,8638.56009589936,2769.7588989953,1
1049606,48344041,0,245,06:32:10,-79.355648,43.661699,,,12.1430081511726,1.38702451575937,8639.94712041512,2770.17010585562,1
1049606,48344041,0,246,06:32:15,-79.355436,43.661727,,,12.1430081511726,17.3549186649951,8657.30203908012,2775.31526481592,1
1049606,48344041,0,247,06:32:19,-79.355299,43.661746,,,12.1430081511726,11.2337473071381,8668.53578638725,2778.64569907094,1
1049606,48344041,0,248,06:32:22,-79.355142,43.661763,,,12.1430081511726,12.7843115376438,8681.3200979249,2782.43582429877,1
1049606,48344041,0,249,06:32:24,-79.355068,43.661774,,,12.1430081511726,6.08384587628332,8687.40394380118,2784.23948323418,1
1049606,48344041,0,250,06:32:28,-79.354899,43.661794,,,12.1430081511726,13.7907444770769,8701.19468827826,2788.32798251701,1
1049606,48344041,0,251,06:32:38,-79.35449,43.661853,,,12.1430081511726,33.585853237957,8734.78054151622,2798.28507635665,1
1049606,48344041,0,252,06:32:53,-79.353879,43.661909,,,12.1430081511726,49.5980597609248,8784.37860127714,2812.98925944839,1
1049606,48344041,0,253,06:33:00,-79.353605,43.66196,,,12.1430081511726,22.7842638741742,8807.16286515131,2819.74403955937,1
1049606,48344041,0,254,06:33:13,-79.353071,43.66207,8632,34,12.1430081511726,44.7131210228412,8851.87598617416,2833,1
1049606,48344041,0,255,06:33:13,-79.353071,43.66207,8632,34,1e-12,0,8851.87598617416,2833,1
1049606,48344041,0,256,06:33:34,-79.352232,43.662236,,,12.1571919984016,70.0470291345917,8921.92301530875,2853.7423971685,1
1049606,48344041,0,257,06:33:45,-79.351787,43.66235,8820,35,12.1571919984016,38.0168997400884,8959.93991504884,2865,1
1049606,48344041,0,258,06:33:45,-79.351787,43.66235,8820,35,1e-12,0,8959.93991504884,2865,1
1049606,48344041,0,259,06:33:57,-79.351348,43.662461,,,11.142992398621,37.4502029001998,8997.39011794904,2877.09914945804,1
1049606,48344041,0,260,06:34:19,-79.351594,43.66305,,,11.142992398621,68.4945931221534,9065.88471107119,2899.22790324506,1
1049606,48344041,0,261,06:34:37,-79.351794,43.663531,,,11.142992398621,55.9145137028816,9121.79922477407,2917.2923730149,1
1049606,48344041,0,262,06:34:58,-79.352025,43.664082,3886,36,11.142992398621,64.095813913468,9185.89503868754,2938,1
1049606,48344041,0,263,06:34:58,-79.352025,43.664082,3886,36,1e-12,0,9185.89503868754,2938,1
1049606,48344041,0,264,06:35:16,-79.352229,43.664568,,,11.044425080608,56.5404172834567,9242.435455971,2956.42970555143,1
1049606,48344041,0,265,06:35:34,-79.3524194985529,43.6650240001582,,,11.044425080608,53.0290315356274,9295.46448750662,2973.71485277593,1
1049606,48344041,0,266,06:35:51,-79.35261,43.66548,6205,37,11.044425080608,53.0290315343113,9348.49351904093,2991,1
1049606,48344041,0,267,06:35:51,-79.35261,43.66548,6205,37,1e-12,0,9348.49351904093,2991,1
1049606,48344041,0,268,06:36:07,-79.352897,43.666153,,,18.107419900456,78.4017129598782,9426.89523200081,3006.58732101024,1
1049606,48344041,0,269,06:36:25,-79.353224,43.666934,,,18.107419900456,90.8406047763449,9517.73583677716,3024.64766196398,1
1049606,48344041,0,270,06:36:36,-79.353412,43.667409,,,18.107419900456,55.0011663250433,9572.7370031022,3035.58263778376,1
1049606,48344041,0,271,06:36:37,-79.353416,43.667472,,,18.107419900456,7.02052057073976,9579.75752367294,3036.97841223389,1
1049606,48344041,0,272,06:36:39,-79.353419,43.667541,,,18.107419900456,7.68484268404221,9587.44236635698,3038.50626290586,1
1049606,48344041,0,273,06:36:39,-79.353419,43.667544,,,18.107419900456,0.333958471575947,9587.77632482856,3038.57265836718,1
1049606,48344041,0,274,06:36:40,-79.353408,43.667608,4891,38,18.107419900456,7.17929841302701,9594.95562324159,3040,1
1049606,48344041,0,275,06:36:40,-79.353408,43.667608,4891,38,1e-12,0,9594.95562324159,3040,1
1049606,48344041,0,276,06:36:43,-79.35337,43.667752,,,23.2572524682673,16.3194395302089,9611.27506277179,3042.52609298493,1
1049606,48344041,0,277,06:36:51,-79.353155,43.668246,,,23.2572524682673,57.6526149336443,9668.92767770544,3051.450165768,1
1049606,48344041,0,278,06:36:55,-79.35308,43.668466,,,23.2572524682673,25.2239223790378,9694.15160008448,3055.35458743984,1
1049606,48344041,0,279,06:37:01,-79.353016,43.668795,,,23.2572524682673,36.9849092260113,9731.13650931049,3061.07949726723,1
1049606,48344041,0,280,06:37:06,-79.352984,43.669069,,,23.2572524682673,30.6101842247429,9761.74669353523,3065.81766070074,1
1049606,48344041,0,281,06:37:09,-79.352982,43.669277,,,23.2572524682673,23.1550141065319,9784.90170764176,3069.40183518125,1
1049606,48344041,0,282,06:37:11,-79.352992,43.669353,,,23.2572524682673,8.4985134581007,9793.40022109986,3070.71732369353,1
1049606,48344041,0,283,06:37:12,-79.353021,43.669443,,,23.2572524682673,10.2872845445826,9803.68750564445,3072.30969684298,1
1049606,48344041,0,284,06:37:14,-79.353058,43.669515,,,23.2572524682673,8.55081482454905,9812.23832046899,3073.63328110601,1
1049606,48344041,0,285,06:37:15,-79.353104,43.669587,10098,39,23.2572524682673,8.8294795474114,9821.06780001641,3075,1
1049606,48344041,0,286,06:37:15,-79.353104,43.669587,10098,39,1e-12,0,9821.06780001641,3075,1
1049606,48344041,0,287,06:37:17,-79.353202,43.669699,,,24.0559874536871,14.7551522962394,9835.82295231265,3077.20812171476,1
1049606,48344041,0,288,06:37:25,-79.3535609976523,43.6700915005617,,,24.0559874536871,52.3896499723049,9888.21260228495,3085.0482796074,1
1049606,48344041,0,289,06:37:33,-79.35392,43.670484,,,24.0559874536871,52.3896499710649,9940.60225225602,3092.88843749986,1
1049606,48344041,0,290,06:37:36,-79.354084,43.670664,,,24.0559874536871,23.9975080399235,9964.59976029594,3096.47968600337,1
1049606,48344041,0,291,06:37:40,-79.354242,43.670844,,,24.0559874536871,23.7350671301764,9988.33482742612,3100.03165999044,1
1049606,48344041,0,292,06:37:43,-79.354371,43.670993,,,24.0559874536871,19.570517457346,10007.9053448835,3102.96040540079,1
1049606,48344041,0,293,06:37:48,-79.354516,43.671258,,,24.0559874536871,31.726047616111,10039.6313924996,3107.70823675204,1
1049606,48344041,0,294,06:38:01,-79.354918,43.672001,3720,40,24.0559874536871,88.8184694250583,10128.4498619246,3121,1
1049606,48344041,0,295,06:38:01,-79.354918,43.672001,3720,40,1e-12,0,10128.4498619246,3121,1
1049606,48344041,0,296,06:38:12,-79.355363,43.672493,,,22.415010541949,65.4482704749569,10193.8981323996,3131.51142819089,1
1049606,48344041,0,297,06:38:20,-79.3557334976633,43.6728715005983,,,22.415010541949,51.6258220788362,10245.5239544784,3139.80287909769,1
1049606,48344041,0,298,06:38:28,-79.356104,43.67325,,,22.415010541949,51.6258220782623,10297.1497765567,3148.09433000439,1
1049606,48344041,0,299,06:38:31,-79.356215,43.673368,,,22.415010541949,15.8877883517972,10313.0375649085,3150.64601464265,1
1049606,48344041,0,300,06:38:40,-79.3566409968411,43.673813000791,,,22.415010541949,60.2527480294614,10373.2903129379,3160.32300732129,1
1049606,48344041,0,301,06:38:50,-79.357067,43.674258,9752,41,22.415010541949,60.2527480298803,10433.5430609678,3170,1
1049606,48344041,0,302,06:38:50,-79.357067,43.674258,9752,41,1e-12,0,10433.5430609678,3170,1
1049606,48344041,0,303,06:39:01,-79.357567,43.67479,,,23.9608992609455,71.6092782664565,10505.1523392343,3180.75892014535,1
1049606,48344041,0,304,06:39:13,-79.358072,43.675395,,,23.9608992609455,78.6700910014392,10583.8224302357,3192.57869053547,1
1049606,48344041,0,305,06:39:21,-79.358465497377,43.6757950006749,,,23.9608992609455,54.6485196938825,10638.4709499296,3200.78934526739,1
1049606,48344041,0,306,06:39:29,-79.358859,43.676195,6517,42,23.9608992609455,54.648519698465,10693.1194696281,3209,1
1049606,48344041,0,307,06:39:29,-79.358859,43.676195,6517,42,1e-12,0,10693.1194696281,3209,1
1049606,48344041,0,308,06:39:32,-79.358905,43.6763,,,16.4204782036416,12.261259687984,10705.3807293161,3211.68813942745,1
1049606,48344041,0,309,06:39:34,-79.358924,43.676395,,,16.4204782036416,10.6854168903162,10716.0661462064,3214.03079354069,1
1049606,48344041,0,310,06:39:43,-79.358829,43.676772,,,16.4204782036416,42.658739280064,10758.7248854864,3223.38322892678,1
1049606,48344041,0,311,06:39:46,-79.358684,43.67681,,,16.4204782036416,12.4169325682111,10771.1418180546,3226.10549783339,1
1049606,48344041,0,312,06:39:49,-79.358552,43.676852,,,16.4204782036416,11.6104899027182,10782.7523079574,3228.65096350933,1
1049606,48344041,0,313,06:39:53,-79.358352,43.676945,,,16.4204782036416,19.1431887806076,10801.895496738,3232.84788632458,1
1049606,48344041,0,314,06:40:00,-79.35802,43.677113,14161,43,16.4204782036416,32.6225351992348,10834.5180319372,3240,1
1049606,48344041,0,315,06:40:00,-79.35802,43.677113,14161,43,1e-12,0,10834.5180319372,3240,1
1049606,48344041,0,316,,-79.357956,43.677186,,,,9.62223890415378,10844.1402708414,,1
