shape_id,trip_id,route_type,id,timestamp,shape_pt_lon,shape_pt_lat,stop_id,stop_sequence,speed,dist,cumdist,cumtime,trip_number
1049253,48337842,3,1,,-79.122973,43.788933,,,1e-12,0,0,0,1
1049253,48337842,3,2,,-79.123004,43.788904,,,,4.07770899926785,4.07770899926785,,1
1049253,48337842,3,3,,-79.123029,43.788868,,,,4.48288339610784,8.56059239537569,,1
1049253,48337842,3,4,,-79.123039,43.788824,,,,4.96354277434845,13.5241351697241,,1
1049253,48337842,3,5,,-79.123028,43.788684,,,,15.6097782015755,29.1339133712996,,1
1049253,48337842,3,6,01:53:00,-79.12302,43.788616,3256,1,,7.59697634857121,36.7308897198708,,1
1049253,48337842,3,7,01:53:00,-79.12302,43.788616,3256,1,1e-12,0,36.7308897198708,0,1
1049253,48337842,3,8,01:53:02,-79.122993,43.788481,,,32.1435554757343,15.1839578263121,51.9148475461829,1.70056633019297,1
1049253,48337842,3,9,01:53:03,-79.12309,43.788373,,,32.1435554757343,14.3284240784019,66.2432716245848,3.30531496234685,1
1049253,48337842,3,10,01:53:08,-79.123375,43.788041,,,32.1435554757343,43.4793294425104,109.722601067095,8.17489406386228,1
1049253,48337842,3,11,01:53:18,-79.123979,43.787395,,,32.1435554757343,86.7607133818522,196.483314448947,17.891882852189,1
1049253,48337842,3,12,01:53:26,-79.1245080050444,43.7868250012199,,,32.1435554757343,76.3771823093428,272.86049675829,26.4459414261139,1
1049253,48337842,3,13,01:53:35,-79.125037,43.786255,3031,2,32.1435554757343,76.3771823089969,349.237679067287,35,1
1049253,48337842,3,14,01:53:35,-79.125037,43.786255,3031,2,1e-12,0,349.237679067287,35,1
1049253,48337842,3,15,01:53:41,-79.1254282583058,43.785832002002,,,32.4155648594411,56.6211813937736,405.858860461061,41.2882215349771,1
1049253,48337842,3,16,01:53:48,-79.1258195110742,43.7854090026693,,,32.4155648594411,56.6211813961296,462.48004185719,47.5764430702159,1
1049253,48337842,3,17,01:53:54,-79.1262107583056,43.784986002002,,,32.4155648594411,56.6211813989073,519.101223256098,53.8646646057631,1
1049253,48337842,3,18,01:54:00,-79.126602,43.784563,,,32.4155648594411,56.6211813964289,575.722404652527,60.1528861410352,1
1049253,48337842,3,19,01:54:06,-79.126955,43.784182,,,32.4155648594411,51.026175767783,626.74858042031,65.8197388878728,1
1049253,48337842,3,20,01:54:09,-79.127164,43.783959,,,32.4155648594411,29.9729085333314,656.721488953641,69.148462949535,1
1049253,48337842,3,21,01:54:10,-79.127192,43.783929,,,32.4155648594411,4.02698894268735,660.748477896328,69.5956913182689,1
1049253,48337842,3,22,01:54:17,-79.127659,43.783434,3538,3,32.4155648594411,66.6707911977717,727.4192690941,77,1
1049253,48337842,3,23,01:54:17,-79.127659,43.783434,3538,3,1e-12,0,727.4192690941,77,1
1049253,48337842,3,24,01:54:27,-79.128295,43.782758,,,32.0815336451958,90.9700603260583,818.389329420158,87.2081222423995,1
1049253,48337842,3,25,01:54:35,-79.128778,43.782243,,,32.0815336451958,69.2354660890753,887.624795509234,94.9773168412991,1
1049253,48337842,3,26,01:54:46,-79.129445,43.781535,,,32.0815336451958,95.3173106364203,982.942106145654,105.673261807212,1
1049253,48337842,3,27,01:54:50,-79.129712,43.781237,,,32.0815336451958,39.5088972950708,1022.45100344072,110.106716636251,1
1049253,48337842,3,28,01:54:51,-79.129811,43.78116,,,32.0815336451958,11.6953959489435,1034.14639938967,111.419104812011,1
1049253,48337842,3,29,01:54:53,-79.129914,43.781098,,,32.0815336451958,10.7779577427947,1044.92435713246,112.628543497305,1
1049253,48337842,3,30,01:54:54,-79.130065,43.781036,,,32.0815336451958,13.9613597777229,1058.88571691019,114.195204734753,1
1049253,48337842,3,31,01:54:55,-79.130103,43.781026,,,32.0815336451958,3.25066611065931,1062.13638302085,114.559975263736,1
1049253,48337842,3,32,01:54:56,-79.130267,43.780981,,,32.0815336451958,14.1007363498775,1076.23711937072,116.142276515945,1
1049253,48337842,3,33,01:55:00,-79.130674,43.780886,447,4,32.0815336451958,34.3782460409938,1110.61536541172,120,1
1049253,48337842,3,34,01:55:00,-79.130674,43.780886,447,4,1e-12,0,1110.61536541172,120,1
1049253,48337842,3,35,,-79.131611,43.780696,,,,78.2221513718999,1188.83751678362,,1
1049253,48337851,3,1,,-79.122973,43.788933,,,1e-12,0,0,0,2
1049253,48337851,3,2,,-79.123004,43.788904,,,,4.07770899926785,4.07770899926785,,2
1049253,48337851,3,3,,-79.123029,43.788868,,,,4.48288339610784,8.56059239537569,,2
1049253,48337851,3,4,,-79.123039,43.788824,,,,4.96354277434845,13.5241351697241,,2
1049253,48337851,3,5,,-79.123028,43.788684,,,,15.6097782015755,29.1339133712996,,2
1049253,48337851,3,6,02:13:00,-79.12302,43.788616,3256,1,,7.59697634857121,36.7308897198708,,2
1049253,48337851,3,7,02:13:00,-79.12302,43.788616,3256,1,1e-12,0,36.7308897198708,0,2
1049253,48337851,3,8,02:13:02,-79.122993,43.788481,,,32.1435554757343,15.1839578263121,51.9148475461829,1.70056633019297,2
1049253,48337851,3,9,02:13:03,-79.12309,43.788373,,,32.1435554757343,14.3284240784019,66.2432716245848,3.30531496234685,2
1049253,48337851,3,10,02:13:08,-79.123375,43.788041,,,32.1435554757343,43.4793294425104,109.722601067095,8.17489406386228,2
1049253,48337851,3,11,02:13:18,-79.123979,43.787395,,,32.1435554757343,86.7607133818522,196.483314448947,17.891882852189,2
1049253,48337851,3,12,02:13:26,-79.1245080050444,43.7868250012199,,,32.1435554757343,76.3771823093428,272.86049675829,26.4459414261139,2
1049253,48337851,3,13,02:13:35,-79.125037,43.786255,3031,2,32.1435554757343,76.3771823089969,349.237679067287,35,2
1049253,48337851,3,14,02:13:35,-79.125037,43.786255,3031,2,1e-12,0,349.237679067287,35,2
1049253,48337851,3,15,02:13:41,-79.1254282583058,43.785832002002,,,32.4155648594411,56.6211813937736,405.858860461061,41.2882215349771,2
1049253,48337851,3,16,02:13:48,-79.1258195110742,43.7854090026693,,,32.4155648594411,56.6211813961296,462.48004185719,47.5764430702159,2
1049253,48337851,3,17,02:13:54,-79.1262107583056,43.784986002002,,,32.4155648594411,56.6211813989073,519.101223256098,53.8646646057631,2
1049253,48337851,3,18,02:14:00,-79.126602,43.784563,,,32.4155648594411,56.6211813964289,575.722404652527,60.1528861410352,2
1049253,48337851,3,19,02:14:06,-79.126955,43.784182,,,32.4155648594411,51.026175767783,626.74858042031,65.8197388878728,2
1049253,48337851,3,20,02:14:09,-79.127164,43.783959,,,32.4155648594411,29.9729085333314,656.721488953641,69.148462949535,2
1049253,48337851,3,21,02:14:10,-79.127192,43.783929,,,32.4155648594411,4.02698894268735,660.748477896328,69.5956913182689,2
1049253,48337851,3,22,02:14:17,-79.127659,43.783434,3538,3,32.4155648594411,66.6707911977717,727.4192690941,77,2
1049253,48337851,3,23,02:14:17,-79.127659,43.783434,3538,3,1e-12,0,727.4192690941,77,2
1049253,48337851,3,24,02:14:27,-79.128295,43.782758,,,32.0815336451958,90.9700603260583,818.389329420158,87.2081222423995,2
1049253,48337851,3,25,02:14:35,-79.128778,43.782243,,,32.0815336451958,69.2354660890753,887.624795509234,94.9773168412991,2
1049253,48337851,3,26,02:14:46,-79.129445,43.781535,,,32.0815336451958,95.3173106364203,982.942106145654,105.673261807212,2
1049253,48337851,3,27,02:14:50,-79.129712,43.781237,,,32.0815336451958,39.5088972950708,1022.45100344072,110.106716636251,2
1049253,48337851,3,28,02:14:51,-79.129811,43.78116,,,32.0815336451958,11.6953959489435,1034.14639938967,111.419104812011,2
1049253,48337851,3,29,02:14:53,-79.129914,43.781098,,,32.0815336451958,10.7779577427947,1044.92435713246,112.628543497305,2
1049253,48337851,3,30,02:14:54,-79.130065,43.781036,,,32.0815336451958,13.9613597777229,1058.88571691019,114.195204734753,2
1049253,48337851,3,31,02:14:55,-79.130103,43.781026,,,32.0815336451958,3.25066611065931,1062.13638302085,114.559975263736,2
1049253,48337851,3,32,02:14:56,-79.130267,43.780981,,,32.0815336451958,14.1007363498775,1076.23711937072,116.142276515945,2
1049253,48337851,3,33,02:15:00,-79.130674,43.780886,447,4,32.0815336451958,34.3782460409938,1110.61536541172,120,2
1049253,48337851,3,34,02:15:00,-79.130674,43.780886,447,4,1e-12,0,1110.61536541172,120,2
1049253,48337851,3,35,,-79.131611,43.780696,,,,78.2221513718999,1188.83751678362,,2
1049253,48337850,3,1,,-79.122973,43.788933,,,1e-12,0,0,0,3
1049253,48337850,3,2,,-79.123004,43.788904,,,,4.07770899926785,4.07770899926785,,3
1049253,48337850,3,3,,-79.123029,43.788868,,,,4.48288339610784,8.56059239537569,,3
1049253,48337850,3,4,,-79.123039,43.788824,,,,4.96354277434845,13.5241351697241,,3
1049253,48337850,3,5,,-79.123028,43.788684,,,,15.6097782015755,29.1339133712996,,3
1049253,48337850,3,6,02:33:00,-79.12302,43.788616,3256,1,,7.59697634857121,36.7308897198708,,3
1049253,48337850,3,7,02:33:00,-79.12302,43.788616,3256,1,1e-12,0,36.7308897198708,0,3
1049253,48337850,3,8,02:33:02,-79.122993,43.788481,,,32.1435554757343,15.1839578263121,51.9148475461829,1.70056633019297,3
1049253,48337850,3,9,02:33:03,-79.12309,43.788373,,,32.1435554757343,14.3284240784019,66.2432716245848,3.30531496234685,3
1049253,48337850,3,10,02:33:08,-79.123375,43.788041,,,32.1435554757343,43.4793294425104,109.722601067095,8.17489406386228,3
1049253,48337850,3,11,02:33:18,-79.123979,43.787395,,,32.1435554757343,86.7607133818522,196.483314448947,17.891882852189,3
1049253,48337850,3,12,02:33:26,-79.1245080050444,43.7868250012199,,,32.1435554757343,76.3771823093428,272.86049675829,26.4459414261139,3
1049253,48337850,3,13,02:33:35,-79.125037,43.786255,3031,2,32.1435554757343,76.3771823089969,349.237679067287,35,3
1049253,48337850,3,14,02:33:35,-79.125037,43.786255,3031,2,1e-12,0,349.237679067287,35,3
1049253,48337850,3,15,02:33:41,-79.1254282583058,43.785832002002,,,32.4155648594411,56.6211813937736,405.858860461061,41.2882215349771,3
1049253,48337850,3,16,02:33:48,-79.1258195110742,43.7854090026693,,,32.4155648594411,56.6211813961296,462.48004185719,47.5764430702159,3
1049253,48337850,3,17,02:33:54,-79.1262107583056,43.784986002002,,,32.4155648594411,56.6211813989073,519.101223256098,53.8646646057631,3
1049253,48337850,3,18,02:34:00,-79.126602,43.784563,,,32.4155648594411,56.6211813964289,575.722404652527,60.1528861410352,3
1049253,48337850,3,19,02:34:06,-79.126955,43.784182,,,32.4155648594411,51.026175767783,626.74858042031,65.8197388878728,3
1049253,48337850,3,20,02:34:09,-79.127164,43.783959,,,32.4155648594411,29.9729085333314,656.721488953641,69.148462949535,3
1049253,48337850,3,21,02:34:10,-79.127192,43.783929,,,32.4155648594411,4.02698894268735,660.748477896328,69.5956913182689,3
1049253,48337850,3,22,02:34:17,-79.127659,43.783434,3538,3,32.4155648594411,66.6707911977717,727.4192690941,77,3
1049253,48337850,3,23,02:34:17,-79.127659,43.783434,3538,3,1e-12,0,727.4192690941,77,3
1049253,48337850,3,24,02:34:27,-79.128295,43.782758,,,32.0815336451958,90.9700603260583,818.389329420158,87.2081222423995,3
1049253,48337850,3,25,02:34:35,-79.128778,43.782243,,,32.0815336451958,69.2354660890753,887.624795509234,94.9773168412991,3
1049253,48337850,3,26,02:34:46,-79.129445,43.781535,,,32.0815336451958,95.3173106364203,982.942106145654,105.673261807212,3
1049253,48337850,3,27,02:34:50,-79.129712,43.781237,,,32.0815336451958,39.5088972950708,1022.45100344072,110.106716636251,3
1049253,48337850,3,28,02:34:51,-79.129811,43.78116,,,32.0815336451958,11.6953959489435,1034.14639938967,111.419104812011,3
1049253,48337850,3,29,02:34:53,-79.129914,43.781098,,,32.0815336451958,10.7779577427947,1044.92435713246,112.628543497305,3
1049253,48337850,3,30,02:34:54,-79.130065,43.781036,,,32.0815336451958,13.9613597777229,1058.88571691019,114.195204734753,3
1049253,48337850,3,31,02:34:55,-79.130103,43.781026,,,32.0815336451958,3.25066611065931,1062.13638302085,114.559975263736,3
1049253,48337850,3,32,02:34:56,-79.130267,43.780981,,,32.0815336451958,14.1007363498775,1076.23711937072,116.142276515945,3
1049253,48337850,3,33,02:35:00,-79.130674,43.780886,447,4,32.0815336451958,34.3782460409938,1110.61536541172,120,3
1049253,48337850,3,34,02:35:00,-79.130674,43.780886,447,4,1e-12,0,1110.61536541172,120,3
1049253,48337850,3,35,,-79.131611,43.780696,,,,78.2221513718999,1188.83751678362,,3
1049253,48337849,3,1,,-79.122973,43.788933,,,1e-12,0,0,0,4
1049253,48337849,3,2,,-79.123004,43.788904,,,,4.07770899926785,4.07770899926785,,4
1049253,48337849,3,3,,-79.123029,43.788868,,,,4.48288339610784,8.56059239537569,,4
1049253,48337849,3,4,,-79.123039,43.788824,,,,4.96354277434845,13.5241351697241,,4
1049253,48337849,3,5,,-79.123028,43.788684,,,,15.6097782015755,29.1339133712996,,4
1049253,48337849,3,6,03:14:00,-79.12302,43.788616,3256,1,,7.59697634857121,36.7308897198708,,4
1049253,48337849,3,7,03:14:00,-79.12302,43.788616,3256,1,1e-12,0,36.7308897198708,0,4
1049253,48337849,3,8,03:14:02,-79.122993,43.788481,,,32.1435554757343,15.1839578263121,51.9148475461829,1.70056633019297,4
1049253,48337849,3,9,03:14:03,-79.12309,43.788373,,,32.1435554757343,14.3284240784019,66.2432716245848,3.30531496234685,4
1049253,48337849,3,10,03:14:08,-79.123375,43.788041,,,32.1435554757343,43.4793294425104,109.722601067095,8.17489406386228,4
1049253,48337849,3,11,03:14:18,-79.123979,43.787395,,,32.1435554757343,86.7607133818522,196.483314448947,17.891882852189,4
1049253,48337849,3,12,03:14:26,-79.1245080050444,43.7868250012199,,,32.1435554757343,76.3771823093428,272.86049675829,26.4459414261139,4
1049253,48337849,3,13,03:14:35,-79.125037,43.786255,3031,2,32.1435554757343,76.3771823089969,349.237679067287,35,4
1049253,48337849,3,14,03:14:35,-79.125037,43.786255,3031,2,1e-12,0,349.237679067287,35,4
1049253,48337849,3,15,03:14:41,-79.1254282583058,43.785832002002,,,32.4155648594411,56.6211813937736,405.858860461061,41.2882215349771,4
1049253,48337849,3,16,03:14:48,-79.1258195110742,43.7854090026693,,,32.4155648594411,56.6211813961296,462.48004185719,47.5764430702159,4
1049253,48337849,3,17,03:14:54,-79.1262107583056,43.784986002002,,,32.4155648594411,56.6211813989073,519.101223256098,53.8646646057631,4
1049253,48337849,3,18,03:15:00,-79.126602,43.784563,,,32.4155648594411,56.6211813964289,575.722404652527,60.1528861410352,4
1049253,48337849,3,19,03:15:06,-79.126955,43.784182,,,32.4155648594411,51.026175767783,626.74858042031,65.8197388878728,4
1049253,48337849,3,20,03:15:09,-79.127164,43.783959,,,32.4155648594411,29.9729085333314,656.721488953641,69.148462949535,4
1049253,48337849,3,21,03:15:10,-79.127192,43.783929,,,32.4155648594411,4.02698894268735,660.748477896328,69.5956913182689,4
1049253,48337849,3,22,03:15:17,-79.127659,43.783434,3538,3,32.4155648594411,66.6707911977717,727.4192690941,77,4
1049253,48337849,3,23,03:15:17,-79.127659,43.783434,3538,3,1e-12,0,727.4192690941,77,4
1049253,48337849,3,24,03:15:27,-79.128295,43.782758,,,32.0815336451958,90.9700603260583,818.389329420158,87.2081222423995,4
1049253,48337849,3,25,03:15:35,-79.128778,43.782243,,,32.0815336451958,69.2354660890753,887.624795509234,94.9773168412991,4
1049253,48337849,3,26,03:15:46,-79.129445,43.781535,,,32.0815336451958,95.3173106364203,982.942106145654,105.673261807212,4
1049253,48337849,3,27,03:15:50,-79.129712,43.781237,,,32.0815336451958,39.5088972950708,1022.45100344072,110.106716636251,4
1049253,48337849,3,28,03:15:51,-79.129811,43.78116,,,32.0815336451958,11.6953959489435,1034.14639938967,111.419104812011,4
1049253,48337849,3,29,03:15:53,-79.129914,43.781098,,,32.0815336451958,10.7779577427947,1044.92435713246,112.628543497305,4
1049253,48337849,3,30,03:15:54,-79.130065,43.781036,,,32.0815336451958,13.9613597777229,1058.88571691019,114.195204734753,4
1049253,48337849,3,31,03:15:55,-79.130103,43.781026,,,32.0815336451958,3.25066611065931,1062.13638302085,114.559975263736,4
1049253,48337849,3,32,03:15:56,-79.130267,43.780981,,,32.0815336451958,14.1007363498775,1076.23711937072,116.142276515945,4
1049253,48337849,3,33,03:16:00,-79.130674,43.780886,447,4,32.0815336451958,34.3782460409938,1110.61536541172,120,4
1049253,48337849,3,34,03:16:00,-79.130674,43.780886,447,4,1e-12,0,1110.61536541172,120,4
1049253,48337849,3,35,,-79.131611,43.780696,,,,78.2221513718999,1188.83751678362,,4
1049253,48337852,3,1,,-79.122973,43.788933,,,1e-12,0,0,0,5
1049253,48337852,3,2,,-79.123004,43.788904,,,,4.07770899926785,4.07770899926785,,5
1049253,48337852,3,3,,-79.123029,43.788868,,,,4.48288339610784,8.56059239537569,,5
1049253,48337852,3,4,,-79.123039,43.788824,,,,4.96354277434845,13.5241351697241,,5
1049253,48337852,3,5,,-79.123028,43.788684,,,,15.6097782015755,29.1339133712996,,5
1049253,48337852,3,6,03:44:00,-79.12302,43.788616,3256,1,,7.59697634857121,36.7308897198708,,5
1049253,48337852,3,7,03:44:00,-79.12302,43.788616,3256,1,1e-12,0,36.7308897198708,0,5
1049253,48337852,3,8,03:44:02,-79.122993,43.788481,,,32.1435554757343,15.1839578263121,51.9148475461829,1.70056633019297,5
1049253,48337852,3,9,03:44:03,-79.12309,43.788373,,,32.1435554757343,14.3284240784019,66.2432716245848,3.30531496234685,5
1049253,48337852,3,10,03:44:08,-79.123375,43.788041,,,32.1435554757343,43.4793294425104,109.722601067095,8.17489406386228,5
1049253,48337852,3,11,03:44:18,-79.123979,43.787395,,,32.1435554757343,86.7607133818522,196.483314448947,17.891882852189,5
1049253,48337852,3,12,03:44:26,-79.1245080050444,43.7868250012199,,,32.1435554757343,76.3771823093428,272.86049675829,26.4459414261139,5
1049253,48337852,3,13,03:44:35,-79.125037,43.786255,3031,2,32.1435554757343,76.3771823089969,349.237679067287,35,5
1049253,48337852,3,14,03:44:35,-79.125037,43.786255,3031,2,1e-12,0,349.237679067287,35,5
1049253,48337852,3,15,03:44:41,-79.1254282583058,43.785832002002,,,32.4155648594411,56.6211813937736,405.858860461061,41.2882215349771,5
1049253,48337852,3,16,03:44:48,-79.1258195110742,43.7854090026693,,,32.4155648594411,56.6211813961296,462.48004185719,47.5764430702159,5
1049253,48337852,3,17,03:44:54,-79.1262107583056,43.784986002002,,,32.4155648594411,56.6211813989073,519.101223256098,53.8646646057631,5
1049253,48337852,3,18,03:45:00,-79.126602,43.784563,,,32.4155648594411,56.6211813964289,575.722404652527,60.1528861410352,5
1049253,48337852,3,19,03:45:06,-79.126955,43.784182,,,32.4155648594411,51.026175767783,626.74858042031,65.8197388878728,5
1049253,48337852,3,20,03:45:09,-79.127164,43.783959,,,32.4155648594411,29.9729085333314,656.721488953641,69.148462949535,5
1049253,48337852,3,21,03:45:10,-79.127192,43.783929,,,32.4155648594411,4.02698894268735,660.748477896328,69.5956913182689,5
1049253,48337852,3,22,03:45:17,-79.127659,43.783434,3538,3,32.4155648594411,66.6707911977717,727.4192690941,77,5
1049253,48337852,3,23,03:45:17,-79.127659,43.783434,3538,3,1e-12,0,727.4192690941,77,5
1049253,48337852,3,24,03:45:27,-79.128295,43.782758,,,32.0815336451958,90.9700603260583,818.389329420158,87.2081222423995,5
1049253,48337852,3,25,03:45:35,-79.128778,43.782243,,,32.0815336451958,69.2354660890753,887.624795509234,94.9773168412991,5
1049253,48337852,3,26,03:45:46,-79.129445,43.781535,,,32.0815336451958,95.3173106364203,982.942106145654,105.673261807212,5
1049253,48337852,3,27,03:45:50,-79.129712,43.781237,,,32.0815336451958,39.5088972950708,1022.45100344072,110.106716636251,5
1049253,48337852,3,28,03:45:51,-79.129811,43.78116,,,32.0815336451958,11.6953959489435,1034.14639938967,111.419104812011,5
1049253,48337852,3,29,03:45:53,-79.129914,43.781098,,,32.0815336451958,10.7779577427947,1044.92435713246,112.628543497305,5
1049253,48337852,3,30,03:45:54,-79.130065,43.781036,,,32.0815336451958,13.9613597777229,1058.88571691019,114.195204734753,5
1049253,48337852,3,31,03:45:55,-79.130103,43.781026,,,32.0815336451958,3.25066611065931,1062.13638302085,114.559975263736,5
1049253,48337852,3,32,03:45:56,-79.130267,43.780981,,,32.0815336451958,14.1007363498775,1076.23711937072,116.142276515945,5
1049253,48337852,3,33,03:46:00,-79.130674,43.780886,447,4,32.0815336451958,34.3782460409938,1110.61536541172,120,5
1049253,48337852,3,34,03:46:00,-79.130674,43.780886,447,4,1e-12,0,1110.61536541172,120,5
1049253,48337852,3,35,,-79.131611,43.780696,,,,78.2221513718999,1188.83751678362,,5
1049253,48337848,3,1,,-79.122973,43.788933,,,1e-12,0,0,0,6
1049253,48337848,3,2,,-79.123004,43.788904,,,,4.07770899926785,4.07770899926785,,6
1049253,48337848,3,3,,-79.123029,43.788868,,,,4.48288339610784,8.56059239537569,,6
1049253,48337848,3,4,,-79.123039,43.788824,,,,4.96354277434845,13.5241351697241,,6
1049253,48337848,3,5,,-79.123028,43.788684,,,,15.6097782015755,29.1339133712996,,6
1049253,48337848,3,6,04:44:00,-79.12302,43.788616,3256,1,,7.59697634857121,36.7308897198708,,6
1049253,48337848,3,7,04:44:00,-79.12302,43.788616,3256,1,1e-12,0,36.7308897198708,0,6
1049253,48337848,3,8,04:44:02,-79.122993,43.788481,,,32.1435554757343,15.1839578263121,51.9148475461829,1.70056633019297,6
1049253,48337848,3,9,04:44:03,-79.12309,43.788373,,,32.1435554757343,14.3284240784019,66.2432716245848,3.30531496234685,6
1049253,48337848,3,10,04:44:08,-79.123375,43.788041,,,32.1435554757343,43.4793294425104,109.722601067095,8.17489406386228,6
1049253,48337848,3,11,04:44:18,-79.123979,43.787395,,,32.1435554757343,86.7607133818522,196.483314448947,17.891882852189,6
1049253,48337848,3,12,04:44:26,-79.1245080050444,43.7868250012199,,,32.1435554757343,76.3771823093428,272.86049675829,26.4459414261139,6
1049253,48337848,3,13,04:44:35,-79.125037,43.786255,3031,2,32.1435554757343,76.3771823089969,349.237679067287,35,6
1049253,48337848,3,14,04:44:35,-79.125037,43.786255,3031,2,1e-12,0,349.237679067287,35,6
1049253,48337848,3,15,04:44:41,-79.1254282583058,43.785832002002,,,32.4155648594411,56.6211813937736,405.858860461061,41.2882215349771,6
1049253,48337848,3,16,04:44:48,-79.1258195110742,43.7854090026693,,,32.4155648594411,56.6211813961296,462.48004185719,47.5764430702159,6
1049253,48337848,3,17,04:44:54,-79.1262107583056,43.784986002002,,,32.4155648594411,56.6211813989073,519.101223256098,53.8646646057631,6
1049253,48337848,3,18,04:45:00,-79.126602,43.784563,,,32.4155648594411,56.6211813964289,575.722404652527,60.1528861410352,6
1049253,48337848,3,19,04:45:06,-79.126955,43.784182,,,32.4155648594411,51.026175767783,626.74858042031,65.8197388878728,6
1049253,48337848,3,20,04:45:09,-79.127164,43.783959,,,32.4155648594411,29.9729085333314,656.721488953641,69.148462949535,6
1049253,48337848,3,21,04:45:10,-79.127192,43.783929,,,32.4155648594411,4.02698894268735,660.748477896328,69.5956913182689,6
1049253,48337848,3,22,04:45:17,-79.127659,43.783434,3538,3,32.4155648594411,66.6707911977717,727.4192690941,77,6
1049253,48337848,3,23,04:45:17,-79.127659,43.783434,3538,3,1e-12,0,727.4192690941,77,6
1049253,48337848,3,24,04:45:27,-79.128295,43.782758,,,32.0815336451958,90.9700603260583,818.389329420158,87.2081222423995,6
1049253,48337848,3,25,04:45:35,-79.128778,43.782243,,,32.0815336451958,69.2354660890753,887.624795509234,94.9773168412991,6
1049253,48337848,3,26,04:45:46,-79.129445,43.781535,,,32.0815336451958,95.3173106364203,982.942106145654,105.673261807212,6
1049253,48337848,3,27,04:45:50,-79.129712,43.781237,,,32.0815336451958,39.5088972950708,1022.45100344072,110.106716636251,6
1049253,48337848,3,28,04:45:51,-79.129811,43.78116,,,32.0815336451958,11.6953959489435,1034.14639938967,111.419104812011,6
1049253,48337848,3,29,04:45:53,-79.129914,43.781098,,,32.0815336451958,10.7779577427947,1044.92435713246,112.628543497305,6
1049253,48337848,3,30,04:45:54,-79.130065,43.781036,,,32.0815336451958,13.9613597777229,1058.88571691019,114.195204734753,6
1049253,48337848,3,31,04:45:55,-79.130103,43.781026,,,32.0815336451958,3.25066611065931,1062.13638302085,114.559975263736,6
1049253,48337848,3,32,04:45:56,-79.130267,43.780981,,,32.0815336451958,14.1007363498775,1076.23711937072,116.142276515945,6
1049253,48337848,3,33,04:46:00,-79.130674,43.780886,447,4,32.0815336451958,34.3782460409938,1110.61536541172,120,6
1049253,48337848,3,34,04:46:00,-79.130674,43.780886,447,4,1e-12,0,1110.61536541172,120,6
1049253,48337848,3,35,,-79.131611,43.780696,,,,78.2221513718999,1188.83751678362,,6
