shape_id,trip_id,route_type,id,timestamp,shape_pt_lon,shape_pt_lat,stop_id,stop_sequence,speed,dist,cumdist,cumtime,trip_number
1049405,48339886,3,1,,-79.552811,43.681379,,,1e-12,0,0,0,1
1049405,48339886,3,2,11:55:00,-79.5525362416129,43.6807685009871,24038,1,,71.4695679829391,71.4695679829391,,1
1049405,48339886,3,3,11:55:00,-79.5525362416129,43.6807685009871,24038,1,1e-12,0,71.4695679829391,0,1
1049405,48339886,3,4,11:55:36,-79.5522614888173,43.6801580013161,,,7.24664403753277,71.4695679823519,142.939135965291,35.5047720577794,1
1049405,48339886,3,5,11:56:11,-79.5519867416131,43.6795475009871,,,7.24664403753277,71.4695679824194,214.408703947711,71.0095441155923,1
1049405,48339886,3,6,11:56:47,-79.551712,43.678937,,,7.24664403753277,71.4695679837757,285.878271931486,106.514316174079,1
1049405,48339886,3,7,11:57:13,-79.5523495046058,43.6787925053142,,,7.24664403753277,53.7861601361407,339.664432067627,133.234295172251,1
1049405,48339886,3,8,11:57:40,-79.5529870061411,43.6786480070856,,,7.24664403753277,53.7861601375415,393.450592205168,159.95427417112,1
1049405,48339886,3,9,11:58:07,-79.5536245046059,43.6785035053142,,,7.24664403753277,53.7861601341794,447.236752339348,186.674253168318,1
1049405,48339886,3,10,11:58:33,-79.554262,43.678359,,,7.24664403753277,53.7861601369196,501.022912476267,213.394232166877,1
1049405,48339886,3,11,11:59:02,-79.5549357552719,43.6782025059358,,,7.24664403753277,56.9724791609583,557.995391637226,241.69711608351,1
1049405,48339886,3,12,11:59:30,-79.5556095070292,43.6780460079143,24046,2,7.24664403753277,56.9724791606713,614.967870797897,270,1
1049405,48339886,3,13,11:59:30,-79.5556095070292,43.6780460079143,24046,2,1e-12,0,614.967870797897,270,1
1049405,48339886,3,14,11:59:56,-79.5562832552719,43.6778895059357,,,7.97211955143407,56.9724791608828,671.94034995878,295.727276623979,1
1049405,48339886,3,15,12:00:21,-79.556957,43.677733,,,7.97211955143407,56.9724791613759,728.912829120156,321.454553248181,1
1049405,48339886,3,16,12:00:29,-79.557134,43.677672,,,7.97211955143407,15.7855072615136,744.698336381669,328.582874113769,1
1049405,48339886,3,17,12:00:34,-79.557271,43.677621,,,7.97211955143407,12.4052693754135,757.103605757083,334.184768247865,1
1049405,48339886,3,18,12:00:42,-79.557435,43.67753,,,7.97211955143407,16.6420058700118,773.745611627095,341.699861410419,1
1049405,48339886,3,19,12:00:50,-79.557611,43.677413,,,7.97211955143407,19.2462832607267,792.991894887821,350.39097790605,1
1049405,48339886,3,20,12:00:58,-79.557749,43.677302,,,7.97211955143407,16.6170077243632,809.608902612184,357.894782561983,1
1049405,48339886,3,21,12:01:06,-79.557867,43.677166,,,7.97211955143407,17.8733986096313,827.482301221816,365.965940373848,1
1049405,48339886,3,22,12:01:14,-79.557954,43.677029,,,7.97211955143407,16.7823864869294,844.264687708745,373.544425739396,1
1049405,48339886,3,23,12:01:16,-79.55798,43.676977,,,7.97211955143407,6.15547838971231,850.420166098457,376.324078259657,1
1049405,48339886,3,24,12:01:25,-79.55802,43.676809,,,7.97211955143407,18.9769320381604,869.397098136618,384.893562810988,1
1049405,48339886,3,25,12:01:31,-79.558059,43.676692,,,7.97211955143407,13.3975285240933,882.794626660711,390.943535139622,1
1049405,48339886,3,26,12:01:36,-79.55805,43.676597,,,7.97211955143407,10.600146904982,893.394773565693,395.730283332713,1
1049405,48339886,3,27,12:01:45,-79.55801,43.67642,,,7.97211955143407,19.9650026947947,913.359776260488,404.745954665481,1
1049405,48339886,3,28,12:01:53,-79.557956,43.676254,,,7.97211955143407,18.9835938992914,932.343370159779,413.31844753849,1
1049405,48339886,3,29,12:02:27,-79.55767,43.675622,,,7.97211955143407,74.0263373046381,1006.36970746442,446.74679900479,1
1049405,48339886,3,30,12:02:34,-79.557614,43.675488,,,7.97211955143407,15.5833235184241,1021.95303098284,453.783818997326,1
1049405,48339886,3,31,12:03:03,-79.557379,43.674938,,,7.97211955143407,64.0826146802407,1086.03564566308,482.72184625099,1
1049405,48339886,3,32,12:03:07,-79.55732,43.67487,,,7.97211955143407,8.93679734464475,1094.97244300773,486.757469429136,1
1049405,48339886,3,33,12:03:11,-79.557271,43.674802,,,7.97211955143407,8.53611593250728,1103.50855894023,490.612155395492,1
1049405,48339886,3,34,12:03:15,-79.557197,43.674721,,,7.97211955143407,10.8075194081277,1114.31607834836,495.492547569523,1
1049405,48339886,3,35,12:03:20,-79.557126,43.67465,,,7.97211955143407,9.75432062336176,1124.07039897172,499.897342808424,1
1049405,48339886,3,36,12:03:24,-79.557047,43.674593,,,7.97211955143407,8.98439788228187,1133.05479685401,503.954461140323,1
1049405,48339886,3,37,12:03:28,-79.556961,43.674545,,,7.97211955143407,8.7462213089743,1141.80101816298,507.9040251815,1
1049405,48339886,3,38,12:03:29,-79.556935,43.674532,,,7.97211955143407,2.54489303921635,1144.3459112022,509.053232099694,1
1049405,48339886,3,39,12:03:34,-79.556821,43.674499,,,7.97211955143407,9.88648891257778,1154.23240011477,513.517711069892,1
1049405,48339886,3,40,12:03:37,-79.556721,43.674477,,,7.97211955143407,8.41568205072633,1162.6480821655,517.318012255436,1
1049405,48339886,3,41,12:03:42,-79.556585,43.67445,,,7.97211955143407,11.3549983247262,1174.00308049023,522.445631542287,1
1049405,48339886,3,42,12:03:48,-79.556449,43.674423,,,7.97211955143407,11.3550030775867,1185.35808356781,527.573252975405,1
1049405,48339886,3,43,12:04:01,-79.556079,43.67439,,,7.97211955143407,30.0160749324794,1215.37415850029,541.127724789301,1
1049405,48339886,3,44,12:04:06,-79.555945,43.674389,24041,3,7.97211955143407,10.7895445742164,1226.16370307451,546,1
1049405,48339886,3,45,12:04:06,-79.555945,43.674389,24041,3,1e-12,0,1226.16370307451,546,1
1049405,48339886,3,46,12:04:08,-79.555858,43.674377,,,17.0053494073638,7.13101639099228,1233.2947194655,547.50962255421,1
1049405,48339886,3,47,12:04:09,-79.55576,43.674352,,,17.0053494073638,8.36684699193844,1241.66156645744,549.280868086979,1
1049405,48339886,3,48,12:04:11,-79.555687,43.674321,,,17.0053494073638,6.81576625480366,1248.47733271224,550.723752789288,1
1049405,48339886,3,49,12:04:13,-79.555591,43.67428,,,17.0053494073638,8.97635677630968,1257.45368948855,552.624030379628,1
1049405,48339886,3,50,12:04:16,-79.55576,43.674352,,,17.0053494073638,15.792111028928,1273.24580051748,555.967190131436,1
1049405,48339886,3,51,12:04:18,-79.555858,43.674377,,,17.0053494073638,8.36684699193844,1281.61264750942,557.738435664206,1
1049405,48339886,3,52,12:04:19,-79.555945,43.674389,,,17.0053494073638,7.13101639099228,1288.74366390041,559.248058218415,1
1049405,48339886,3,53,12:04:22,-79.556079,43.67439,,,17.0053494073638,10.7895445742164,1299.53320847463,561.532184203522,1
1049405,48339886,3,54,12:04:28,-79.556449,43.674423,,,17.0053494073638,30.0160749324794,1329.54928340711,567.886529954873,1
1049405,48339886,3,55,12:04:30,-79.556585,43.67445,,,17.0053494073638,11.3550030775867,1340.90428648469,570.290362425473,1
1049405,48339886,3,56,12:04:33,-79.556721,43.674477,,,17.0053494073638,11.3549983247262,1352.25928480942,572.694193889901,1
1049405,48339886,3,57,12:04:34,-79.556821,43.674499,,,17.0053494073638,8.41568205072633,1360.67496686015,574.475777711372,1
1049405,48339886,3,58,12:04:37,-79.556935,43.674532,,,17.0053494073638,9.88648891257778,1370.56145577272,576.568728537179,1
1049405,48339886,3,59,12:04:37,-79.556961,43.674545,,,17.0053494073638,2.54489303921635,1373.10634881194,577.107477534433,1
1049405,48339886,3,60,12:04:39,-79.557047,43.674593,,,17.0053494073638,8.7462213089743,1381.85257012092,578.959035885753,1
1049405,48339886,3,61,12:04:41,-79.557126,43.67465,,,17.0053494073638,8.98439788228187,1390.8369680032,580.861015762873,1
1049405,48339886,3,62,12:04:43,-79.557197,43.674721,,,17.0053494073638,9.75432062336176,1400.59128862656,582.925986814212,1
1049405,48339886,3,63,12:04:45,-79.557271,43.674802,,,17.0053494073638,10.8075194081277,1411.39880803469,585.213918037337,1
1049405,48339886,3,64,12:04:47,-79.55732,43.67487,,,17.0053494073638,8.53611593250728,1419.93492396719,587.020997481628,1
1049405,48339886,3,65,12:04:49,-79.557379,43.674938,,,17.0053494073638,8.93679734464475,1428.87172131184,588.912900415818,1
1049405,48339886,3,66,12:05:02,-79.557614,43.675488,,,17.0053494073638,64.0826146802407,1492.95433599208,602.479067586071,1
1049405,48339886,3,67,12:05:06,-79.55767,43.675622,,,17.0053494073638,15.5833235184241,1508.5376595105,605.778027420559,1
1049405,48339886,3,68,12:05:21,-79.5568226442268,43.6758165219077,,,17.0053494073638,71.5771527620746,1580.11481227258,620.930773992875,1
1049405,48339886,3,69,12:05:36,-79.55597528296,43.6760110375563,,,17.0053494073638,71.5771527636234,1651.6919650362,636.083520565519,1
1049405,48339886,3,70,12:05:51,-79.5551279161997,43.6762055469455,,,17.0053494073638,71.5771527618665,1723.26911779807,651.236267137791,1
1049405,48339886,3,71,12:06:06,-79.5542805439461,43.6764000500755,,,17.0053494073638,71.5771527634243,1794.84627056149,666.389013710393,1
1049405,48339886,3,72,12:06:22,-79.5534331661992,43.676594546946,,,17.0053494073638,71.5771527628928,1866.42342332438,681.541760282882,1
1049405,48339886,3,73,12:06:37,-79.5525857829591,43.676789037557,,,17.0053494073638,71.5771527625093,1938.00057608689,696.69450685529,1
1049405,48339886,3,74,12:06:52,-79.551738394226,43.6769835219083,,,17.0053494073638,71.577152762324,2009.57772884922,711.847253427659,1
1049405,48339886,3,75,12:07:07,-79.550891,43.677178,2596,4,17.0053494073638,71.5771527621931,2081.15488161141,727,1
1049405,48339886,3,76,12:07:07,-79.550891,43.677178,2596,4,1e-12,0,2081.15488161141,727,1
1049405,48339886,3,77,12:07:19,-79.5502287549086,43.6773262557348,,,16.2745125364655,55.8137514556893,2136.9686330671,739.346268730954,1
1049405,48339886,3,78,12:07:32,-79.5495665065448,43.6774745076464,,,16.2745125364655,55.813751456189,2192.78238452329,751.692537462018,1
1049405,48339886,3,79,12:07:44,-79.5489042549086,43.6776227557348,,,16.2745125364655,55.813751455479,2248.59613597877,764.038806192926,1
1049405,48339886,3,80,12:07:56,-79.548242,43.677771,,,16.2745125364655,55.8137514550937,2304.40988743386,776.385074923748,1
1049405,48339886,3,81,12:08:00,-79.54804,43.677816,,,16.2745125364655,17.0170671693076,2321.42695460317,780.14933155953,1
1049405,48339886,3,82,12:08:15,-79.5472522570895,43.6779960081143,,,16.2745125364655,66.5115237030166,2387.93847830619,794.861998669796,1
1049405,48339886,3,83,12:08:30,-79.5464645094526,43.6781760108191,,,16.2745125364655,66.5115237030422,2454.45000200923,809.574665780067,1
1049405,48339886,3,84,12:08:44,-79.5456767570894,43.6783560081144,,,16.2745125364655,66.5115237012458,2520.96152571047,824.287332889941,1
1049405,48339886,3,85,12:08:59,-79.544889,43.678536,9090,5,16.2745125364655,66.5115237020843,2587.47304941256,839,1
1049405,48339886,3,86,12:08:59,-79.544889,43.678536,9090,5,1e-12,0,2587.47304941256,839,1
1049405,48339886,3,87,,-79.5451084980465,43.67907000021,,,,62.0156983138637,2649.48874772642,,1
1049405,48339886,3,88,,-79.545328,43.679604,,,,62.0156983128286,2711.50444603925,,1
1049405,48339886,3,89,,-79.5455579977785,43.6801835002306,,,,67.1145180152578,2778.61896405451,,1
1049405,48339886,3,90,,-79.545788,43.680763,,,,67.1145180187087,2845.73348207322,,1
