shape_id,trip_id,route_type,id,timestamp,shape_pt_lon,shape_pt_lat,stop_id,stop_sequence,speed,dist,cumdist,cumtime,trip_number
1049072,48336568,3,1,05:14:19,-79.358032,43.67699,411,1,1e-12,0,0,0,1
1049072,48336568,3,2,05:14:19,-79.358032,43.67699,411,1,1e-12,0,0,0,1
1049072,48336568,3,3,05:14:20,-79.358165,43.676895,,,50.4608183673561,15.0498945579466,15.0498945579466,1.07369682382435,1
1049072,48336568,3,4,05:14:21,-79.358284,43.67681,,,50.4608183673561,13.4657053565034,28.51559991445,2.03437365887886,1
1049072,48336568,3,5,05:14:22,-79.358347,43.676715,,,50.4608183673561,11.7288335267123,40.2444334411623,2.87113774757782,1
1049072,48336568,3,6,05:14:23,-79.35845,43.676649,,,50.4608183673561,11.0791927960535,51.3236262372158,3.66155485447902,1
1049072,48336568,3,7,05:14:23,-79.358524,43.676617,,,50.4608183673561,6.94158461418275,58.2652108513986,4.15678472628039,1
1049072,48336568,3,8,05:14:24,-79.35874,43.676647,,,50.4608183673561,17.7082812351739,75.9734920865725,5.4201374524,1
1049072,48336568,3,9,05:14:26,-79.358829,43.676772,,,50.4608183673561,15.651526966324,91.6250190528964,6.53675622517871,1
1049072,48336568,3,10,05:14:29,-79.358705,43.677256,,,50.4608183673561,54.7957585729392,146.420777625836,10.4460216165263,1
1049072,48336568,3,11,05:14:32,-79.358638,43.677514,,,50.4608183673561,29.222603995706,175.643381621542,12.5308347009807,1
1049072,48336568,3,12,05:14:35,-79.3585240008502,43.6779615000567,,,50.4608183673561,50.6539172083931,226.297298829935,16.1446108514718,1
1049072,48336568,3,13,05:14:39,-79.35841,43.678409,,,50.4608183673561,50.6539172045559,276.951216034491,19.7583870016891,1
1049072,48336568,3,14,05:14:44,-79.3582367556133,43.6790570003925,6070,2,50.4608183673561,73.4711337388159,350.422349773307,25,1
1049072,48336568,3,15,05:14:44,-79.3582367556133,43.6790570003925,6070,2,1e-12,0,350.422349773307,25,1
1049072,48336568,3,16,05:14:52,-79.3580635074845,43.6797050005233,,,34.4994888854751,73.4711337372466,423.893483510553,32.6666666666313,1
1049072,48336568,3,17,05:14:59,-79.3578902556135,43.6803530003925,,,34.4994888854751,73.4711337350717,497.364617245625,40.3333333330356,1
1049072,48336568,3,18,05:15:07,-79.357717,43.681001,9364,3,34.4994888854751,73.4711337404395,570.835750986064,48,1
1049072,48336568,3,19,05:15:07,-79.357717,43.681001,9364,3,1e-12,0,570.835750986064,48,1
1049072,48336568,3,20,05:15:11,-79.357676,43.681274,,,30.9744167746617,30.5689443685241,601.404695354588,51.5528739904059,1
1049072,48336568,3,21,05:15:16,-79.357562,43.681696,,,30.9744167746617,47.8649168978984,649.269612252487,57.1159715003933,1
1049072,48336568,3,22,05:15:19,-79.357504,43.681934,,,30.9744167746617,26.9023459981426,676.17195825063,60.2426952833748,1
1049072,48336568,3,23,05:15:26,-79.357369,43.682439,,,30.9744167746617,57.2572458539007,733.42920410453,66.8974157442508,1
1049072,48336568,3,24,05:15:32,-79.357207,43.682919,,,30.9744167746617,55.0018754010164,788.431079505546,73.2900058899879,1
1049072,48336568,3,25,05:15:39,-79.3570715011361,43.68342200008,,,30.9744167746617,57.0463102921889,845.477389797735,79.9202103760294,1
1049072,48336568,3,26,05:15:46,-79.356936,43.683925,,,30.9744167746617,57.0463102881243,902.52370008586,86.5504148615985,1
1049072,48336568,3,27,05:15:54,-79.3567495019866,43.6845640001516,2329,4,30.9744167746617,72.7002699027326,975.223969988592,95,1
1049072,48336568,3,28,05:15:54,-79.3567495019866,43.6845640001516,2329,4,1e-12,0,975.223969988592,95,1
1049072,48336568,3,29,05:16:03,-79.356563,43.685203,,,28.9517218652522,72.7002699039381,1047.92423989253,104.0399104023,1
1049072,48336568,3,30,05:16:14,-79.356284,43.685972,,,28.9517218652522,88.5019083186293,1136.42614821116,115.044674520646,1
1049072,48336568,3,31,05:16:22,-79.3560595020697,43.6865250002197,,,28.9517218652522,64.157520216981,1200.58366842814,123.022337260572,1
1049072,48336568,3,32,05:16:30,-79.355835,43.687078,5662,5,28.9517218652522,64.1575202129736,1264.74118864111,131,1
1049072,48336568,3,33,05:16:30,-79.355835,43.687078,5662,5,1e-12,0,1264.74118864111,131,1
1049072,48336568,3,34,05:16:41,-79.355519,43.687853,,,28.9222008785306,89.9444749782064,1354.68566361932,142.195555666094,1
1049072,48336568,3,35,05:16:51,-79.355253,43.68854,,,28.9222008785306,79.4174197495055,1434.10308336883,152.080789238012,1
1049072,48336568,3,36,05:16:55,-79.354868,43.68849,4157,6,28.9222008785306,31.4867224843066,1465.58980585313,156,1
1049072,48336568,3,37,05:16:55,-79.354868,43.68849,4157,6,1e-12,0,1465.58980585313,156,1
1049072,48336568,3,38,05:16:59,-79.354444,43.688414,,,33.4318969880117,35.1631796489124,1500.75298550205,159.78642727876,1
1049072,48336568,3,39,05:16:59,-79.354425,43.68841,,,33.4318969880117,1.59292300394247,1502.34590850599,159.957955768939,1
1049072,48336568,3,40,05:17:00,-79.354331,43.688396,,,33.4318969880117,7.72544456287797,1510.07135306887,160.789843963508,1
1049072,48336568,3,41,05:17:01,-79.354248,43.688387,,,33.4318969880117,6.7558616046548,1516.82721467352,161.517325918405,1
1049072,48336568,3,42,05:17:01,-79.35416,43.688386,,,33.4318969880117,7.08451575729701,1523.91173043082,162.280197876745,1
1049072,48336568,3,43,05:17:02,-79.354063,43.688394,,,33.4318969880117,7.8587261872787,1531.7704566181,163.126438049247,1
1049072,48336568,3,44,05:17:09,-79.353298,43.688545,6140,7,33.4318969880117,63.8322819661933,1595.60273858429,170,1
1049072,48336568,3,45,05:17:09,-79.353298,43.688545,6140,7,1e-12,0,1595.60273858429,170,1
1049072,48336568,3,46,05:17:21,-79.3523145094818,43.6887377626483,,,24.6069737457442,82.0232458194468,1677.62598440374,182.000000000044,1
1049072,48336568,3,47,05:17:33,-79.3513310126422,43.6889305168644,14568,8,24.6069737457442,82.0232458188481,1759.64923022258,194,1
1049072,48336568,3,48,05:17:33,-79.3513310126422,43.6889305168644,14568,8,1e-12,0,1759.64923022258,194,1
1049072,48336568,3,49,05:17:40,-79.3503475094816,43.6891232626484,,,39.9623569695817,82.0232458205025,1841.67247604309,201.389045775718,1
1049072,48336568,3,50,05:17:48,-79.349364,43.689316,,,39.9623569695817,82.0232458189133,1923.695721862,208.778091551292,1
1049072,48336568,3,51,05:17:52,-79.348802,43.689426,9250,9,39.9623569695817,46.8659479222653,1970.56166978427,213,1
1049072,48336568,3,52,05:17:52,-79.348802,43.689426,9250,9,1e-12,0,1970.56166978427,213,1
1049072,48336568,3,53,05:18:01,-79.34794050711,43.6895910097049,,,29.5146383656136,71.7369682494618,2042.29863803373,221.749999999964,1
1049072,48336568,3,54,05:18:09,-79.34707900948,43.68975601294,,,29.5146383656136,71.7369682496651,2114.03560628339,230.499999999953,1
1049072,48336568,3,55,05:18:18,-79.3462175071099,43.689921009705,,,29.5146383656136,71.7369682493545,2185.77257453275,239.249999999904,1
1049072,48336568,3,56,05:18:27,-79.345356,43.690086,6304,10,29.5146383656136,71.7369682505393,2257.50954278329,248,1
1049072,48336568,3,57,05:18:27,-79.345356,43.690086,6304,10,1e-12,0,2257.50954278329,248,1
1049072,48336568,3,58,05:18:33,-79.3446815044366,43.690217505949,,,31.7994461210564,56.2315374943244,2313.74108027761,254.365945312661,1
1049072,48336568,3,59,05:18:40,-79.3440070059154,43.6903490079321,,,31.7994461210564,56.2315374953999,2369.97261777301,260.731890625445,1
1049072,48336568,3,60,05:18:46,-79.3433325044365,43.6904805059491,,,31.7994461210564,56.2315374961585,2426.20415526917,267.097835938314,1
1049072,48336568,3,61,05:18:52,-79.342658,43.690612,,,31.7994461210564,56.2315374941707,2482.43569276334,273.463781250958,1
1049072,48336568,3,62,05:18:54,-79.342509,43.69065,,,31.7994461210564,12.7175774990279,2495.15327026237,274.903532082535,1
1049072,48336568,3,63,05:18:55,-79.342341,43.690683,,,31.7994461210564,14.0128891068476,2509.16615936921,276.489924518196,1
1049072,48336568,3,64,05:18:57,-79.342201,43.690742,,,31.7994461210564,13.0432677744603,2522.20942714368,277.9665465892,1
1049072,48336568,3,65,05:18:58,-79.342093,43.690808,,,31.7994461210564,11.3820752466145,2533.59150239029,279.255105853152,1
1049072,48336568,3,66,05:18:59,-79.34204,43.690853,24189,11,31.7994461210564,6.57978369127543,2540.17128608157,280,1
1049072,48336568,3,67,05:18:59,-79.34204,43.690853,24189,11,1e-12,0,2540.17128608157,280,1
1049072,48336568,3,68,05:19:03,-79.341677,43.691166,,,40.9681261162992,45.4727342645151,2585.64402034608,283.995834295363,1
1049072,48336568,3,69,05:19:07,-79.341137,43.691286,,,40.9681261162992,45.4721427561924,2631.11616310227,287.991616613001,1
1049072,48336568,3,70,05:19:11,-79.340641,43.691397,,,40.9681261162992,41.7924488153921,2672.90861191766,291.664052479565,1
1049072,48336568,3,71,05:19:18,-79.339667,43.691611,,,40.9681261162992,81.9383985005619,2754.84701041823,298.864241078981,1
1049072,48336568,3,72,05:19:25,-79.338702,43.691816,,,40.9681261162992,80.9571802008551,2835.80419061908,305.978206894643,1
1049072,48336568,3,73,05:19:32,-79.337751,43.692022,9351,12,40.9681261162992,79.9082515285596,2915.71244214764,313,1
1049072,48336568,3,74,05:19:32,-79.337751,43.692022,9351,12,1e-12,0,2915.71244214764,313,1
1049072,48336568,3,75,05:19:40,-79.336758,43.692246,,,37.4078378587818,83.7268218180544,2999.4392639657,321.057577657465,1
1049072,48336568,3,76,05:19:49,-79.335684,43.692494,,,37.4078378587818,90.7481245499014,3090.1873885156,329.790861030135,1
1049072,48336568,3,77,05:19:58,-79.334542,43.692733,7222,13,37.4078378587818,95.6927715010241,3185.88016001662,339,1
1049072,48336568,3,78,05:19:58,-79.334542,43.692733,7222,13,1e-12,0,3185.88016001662,339,1
1049072,48336568,3,79,05:20:00,-79.334283,43.692787,,,36.2246208416246,21.6962986929532,3207.57645870958,341.156176475556,1
1049072,48336568,3,80,05:20:08,-79.333387,43.692963,,,36.2246208416246,74.7328456665192,3282.30930437609,348.583120861688,1
1049072,48336568,3,81,05:20:10,-79.333066,43.693037,,,36.2246208416246,27.1186251209468,3309.42792949704,351.278167715656,1
1049072,48336568,3,82,05:20:16,-79.332356,43.693187,,,36.2246208416246,59.5371230931318,3368.96505259017,357.194962375077,1
1049072,48336568,3,83,05:20:19,-79.332039,43.693251,,,36.2246208416246,26.4911437088198,3395.45619629899,359.827650175143,1
1049072,48336568,3,84,05:20:27,-79.331127,43.69347,,,36.2246208416246,77.3485824906289,3472.80477878962,367.514546283281,1
1049072,48336568,3,85,05:20:35,-79.330115,43.6937,1554,14,36.2246208416246,85.3839843214755,3558.1887631111,376,1
1049072,48336568,3,86,05:20:35,-79.330115,43.6937,1554,14,1e-12,0,3558.1887631111,376,1
1049072,48336568,3,87,05:20:36,-79.329962,43.693714,,,31.795696794077,12.4130065234916,3570.60176963459,377.405436206477,1
1049072,48336568,3,88,05:20:45,-79.329052,43.693889,,,31.795696794077,75.7910837348423,3646.39285336943,385.986720120855,1
1049072,48336568,3,89,05:20:55,-79.328005,43.69413,6030,15,31.795696794077,88.4386697087603,3734.83152307819,396,1
1049072,48336568,3,90,05:20:55,-79.328005,43.69413,6030,15,1e-12,0,3734.83152307819,396,1
1049072,48336568,3,91,05:21:04,-79.3278224959191,43.6936830004355,,,21.47676419346,51.8827041231939,3786.71422720138,404.696735372286,1
1049072,48336568,3,92,05:21:12,-79.3276399945589,43.6932360005807,,,21.47676419346,51.8827041222409,3838.59693132363,413.393470744411,1
1049072,48336568,3,93,05:21:21,-79.3274574959192,43.6927890004355,,,21.47676419346,51.8827041246393,3890.47963544826,422.090206116939,1
1049072,48336568,3,94,05:21:30,-79.327275,43.692342,,,21.47676419346,51.8827041222475,3942.36233957051,430.786941489066,1
1049072,48336568,3,95,05:21:38,-79.327102,43.69192,6480,16,21.47676419346,48.9972002628953,3991.35953983341,439,1
1049072,48336568,3,96,05:21:38,-79.327102,43.69192,6480,16,1e-12,0,3991.35953983341,439,1
1049072,48336568,3,97,05:21:46,-79.3269049983494,43.6914175001692,,,24.6248971008483,58.1421181541577,4049.50165798757,447.499999999909,1
1049072,48336568,3,98,05:21:55,-79.326708,43.690915,418,17,24.6248971008483,58.1421181554041,4107.64377614297,456,1
1049072,48336568,3,99,05:21:55,-79.326708,43.690915,418,17,1e-12,0,4107.64377614297,456,1
1049072,48336568,3,100,05:22:00,-79.326561,43.69058,,,28.8320290593027,39.1241864779168,4146.76796262089,460.88509050233,1
1049072,48336568,3,101,05:22:07,-79.3263729985675,43.6901230001541,,,28.8320290593027,53.076024320457,4199.84398694134,467.512223374617,1
1049072,48336568,3,102,05:22:13,-79.326185,43.689666,,,28.8320290593027,53.0760243232567,4252.9200112646,474.139356247254,1
1049072,48336568,3,103,05:22:20,-79.3260149987359,43.689220000126,,,28.8320290593027,51.4997853324146,4304.41979659701,480.569678123503,1
1049072,48336568,3,104,05:22:26,-79.325845,43.688774,9056,18,28.8320290593027,51.4997853343949,4355.91958193141,487,1
1049072,48336568,3,105,05:22:26,-79.325845,43.688774,9056,18,1e-12,0,4355.91958193141,487,1
1049072,48336568,3,106,05:22:38,-79.325582,43.688043,,,24.9275974393278,84.0833139569134,4440.00289588832,499.143165059595,1
1049072,48336568,3,107,05:22:50,-79.325278,43.687339,9057,19,24.9275974393278,82.1006689719389,4522.10356486026,511,1
1049072,48336568,3,108,05:22:50,-79.325278,43.687339,9057,19,1e-12,0,4522.10356486026,511,1
1049072,48336568,3,109,05:22:56,-79.32511,43.686965,,,24.9718187221659,43.7748217998133,4565.87838666007,517.310688069325,1
1049072,48336568,3,110,05:23:03,-79.324952,43.686592,,,24.9718187221659,43.4264418086726,4609.30482846875,523.571152805619,1
1049072,48336568,3,111,05:23:16,-79.324646,43.685785,4623,20,24.9718187221659,93.1507604960459,4702.45558896479,537,1
1049072,48336568,3,112,05:23:16,-79.324646,43.685785,4623,20,1e-12,0,4702.45558896479,537,1
1049072,48336568,3,113,05:23:29,-79.324289,43.684972,,,26.7423816137846,94.9560295988563,4797.41161856365,549.782769743278,1
1049072,48336568,3,114,05:23:41,-79.323961,43.684161,,,26.7423816137846,94.0621448181264,4891.47376338178,562.445206703295,1
1049072,48336568,3,115,05:23:48,-79.323795,43.683762,,,26.7423816137846,46.3832020517647,4937.85696543354,568.68921031516,1
1049072,48336568,3,116,05:23:54,-79.323626,43.683359,6052,21,26.7423816137846,46.8793183434228,4984.73628377696,575,1
1049072,48336568,3,117,05:23:54,-79.323626,43.683359,6052,21,1e-12,0,4984.73628377696,575,1
1049072,48336568,3,118,05:24:06,-79.323411,43.68285,,,17.6189768963478,59.2461916707835,5043.98247544775,587.105486673238,1
1049072,48336568,3,119,05:24:06,-79.323404,43.682835,,,17.6189768963478,1.76231815878584,5045.74479360653,587.465572585658,1
1049072,48336568,3,120,05:24:18,-79.3232069984698,43.6823690001692,,,17.6189768963478,54.2450039190051,5099.98979752554,598.549190848924,1
1049072,48336568,3,121,05:24:29,-79.32301,43.681903,,,17.6189768963478,54.2450039181387,5154.23480144368,609.632809112012,1
1049072,48336568,3,122,05:24:45,-79.322723,43.681214,6088,22,17.6189768963478,80.1036550315469,5234.33845647522,626,1
1049072,48336568,3,123,05:24:45,-79.322723,43.681214,6088,22,1e-12,0,5234.33845647522,626,1
1049072,48336568,3,124,05:25:05,-79.322446,43.680507,,,15.0007932255345,81.8012273665173,5316.13968384174,645.631256433706,1
1049072,48336568,3,125,05:25:24,-79.322134,43.679818,4247,23,15.0007932255345,80.7073659101059,5396.84704975185,665,1
1049072,48336568,3,126,05:25:24,-79.322134,43.679818,4247,23,1e-12,0,5396.84704975185,665,1
1049072,48336568,3,127,05:25:38,-79.321828,43.679102,,,21.6738691285879,83.4251270543603,5480.27217680621,678.856799430405,1
1049072,48336568,3,128,05:25:47,-79.3216404985297,43.6786315001532,,,21.6738691285879,54.5077871770259,5534.77996398323,687.910468282658,1
1049072,48336568,3,129,05:25:56,-79.321453,43.678161,,,21.6738691285879,54.5077871795452,5589.28775116278,696.964137135329,1
1049072,48336568,3,130,05:25:57,-79.321441,43.678132,,,21.6738691285879,3.36972942995699,5592.65748059274,697.523844581926,1
1049072,48336568,3,131,05:26:12,-79.3211144956306,43.6773290004647,10468,24,21.6738691285879,93.1744908736162,5685.83197146635,713,1
1049072,48336568,3,132,05:26:12,-79.3211144956306,43.6773290004647,10468,24,1e-12,0,5685.83197146635,713,1
1049072,48336568,3,133,05:26:28,-79.320788,43.676526,,,20.3940500181837,93.1744908749478,5779.0064623413,729.447354343582,1
1049072,48336568,3,134,05:26:43,-79.320499,43.675835,,,20.3940500181837,80.3639271423994,5859.3703894837,743.63336141205,1
1049072,48336568,3,135,05:26:53,-79.320288,43.67533,10181,25,20.3940500181837,58.7271516341892,5918.09754111789,754,1
1049072,48336568,3,136,05:26:53,-79.320288,43.67533,10181,25,1e-12,0,5918.09754111789,754,1
1049072,48336568,3,137,05:26:57,-79.32019,43.675058,,,25.3662762643501,31.2900825189182,5949.38762363681,758.440710804148,1
1049072,48336568,3,138,05:27:06,-79.3199667439817,43.6745187506517,,,25.3662762643501,62.6624832448998,6012.05010688171,767.33381507104,1
1049072,48336568,3,139,05:27:15,-79.3197434919757,43.673979500869,,,25.3662762643501,62.6624832412392,6074.71259012295,776.226919337412,1
1049072,48336568,3,140,05:27:24,-79.3195202439818,43.6734402506517,,,25.3662762643501,62.6624832449909,6137.37507336794,785.120023604316,1
1049072,48336568,3,141,05:27:33,-79.319297,43.672901,,,25.3662762643501,62.6624832450294,6200.03755661297,794.013127871226,1
1049072,48336568,3,142,05:27:42,-79.3190659937213,43.6723572506978,14938,26,25.3662762643501,63.323189214133,6263.3607458271,803,1
1049072,48336568,3,143,05:27:42,-79.3190659937213,43.6723572506978,14938,26,1e-12,0,6263.3607458271,803,1
1049072,48336568,3,144,05:27:51,-79.3188349916284,43.6718135009303,,,25.7422513654238,63.3231892137783,6326.68393504088,811.8556155378,1
1049072,48336568,3,145,05:28:00,-79.3186039937214,43.6712697506978,,,25.7422513654238,63.3231892152814,6390.00712425616,820.71123107581,1
1049072,48336568,3,146,05:28:09,-79.318373,43.670726,,,25.7422513654238,63.3231892160101,6453.33031347217,829.566846613923,1
1049072,48336568,3,147,05:28:22,-79.318042,43.669897,4644,27,25.7422513654238,96.0554475263052,6549.38576099847,843,1
1049072,48336568,3,148,05:28:22,-79.318042,43.669897,4644,27,1e-12,0,6549.38576099847,843,1
1049072,48336568,3,149,05:28:28,-79.3178404982979,43.669390000177,,,32.5245482089245,58.7248787086395,6608.11063970711,849.499999999788,1
1049072,48336568,3,150,05:28:35,-79.317639,43.668883,5873,28,32.5245482089245,58.7248787124777,6666.83551841959,856,1
1049072,48336568,3,151,05:28:35,-79.317639,43.668883,5873,28,1e-12,0,6666.83551841959,856,1
1049072,48336568,3,152,05:28:38,-79.317564,43.668695,,,25.8544468675191,21.7819972253315,6688.61751564492,859.032947887572,1
1049072,48336568,3,153,05:28:51,-79.317231,43.667924,,,25.8544468675191,89.9184450244954,6778.53596066942,871.553285442922,1
1049072,48336568,3,154,05:29:03,-79.316904,43.667154,,,25.8544468675191,89.6692370428673,6868.20519771228,884.038923020412,1
1049072,48336568,3,155,05:29:09,-79.316759,43.666784,8742,29,25.8544468675191,42.8112077894302,6911.01640550172,890,1
1049072,48336568,3,156,05:29:09,-79.316759,43.666784,8742,29,1e-12,0,6911.01640550172,890,1
1049072,48336568,3,157,05:29:15,-79.316589,43.666353,,,31.6952235639636,49.8934081929018,6960.90981369462,895.666982254659,1
1049072,48336568,3,158,05:29:18,-79.316262,43.666424,,,31.6952235639636,27.4924146729046,6988.40222836752,898.789619727865,1
1049072,48336568,3,159,05:29:25,-79.3155495018339,43.6665785022127,,,31.6952235639636,59.8965677373219,7048.29879610484,905.592778677642,1
1049072,48336568,3,160,05:29:31,-79.314837,43.666733,,,31.6952235639636,59.8965677378107,7108.19536384265,912.395937627474,1
1049072,48336568,3,161,05:29:38,-79.3141900015629,43.6668780018246,,,31.6952235639636,54.542678563645,7162.7380424063,918.590992299761,1
1049072,48336568,3,162,05:29:44,-79.313543,43.667023,,,31.6952235639636,54.5426785639686,7217.28072097027,924.786046972085,1
1049072,48336568,3,163,05:29:53,-79.31258,43.667237,489,30,31.6952235639636,81.1217503132258,7298.40247128349,934,1
1049072,48336568,3,164,05:29:53,-79.31258,43.667237,489,30,1e-12,0,7298.40247128349,934,1
1049072,48336568,3,165,05:30:08,-79.312621,43.666707,308,31,14.1819915827092,59.0916315946215,7357.49410287811,949,1
1049072,48336568,3,166,05:30:08,-79.312621,43.666707,308,31,1e-12,0,7357.49410287811,949,1
1049072,48336568,3,167,,-79.312645,43.666646,,,,7.0601478371137,7364.55425071523,,1
