shape_id,trip_id,route_type,id,timestamp,shape_pt_lon,shape_pt_lat,stop_id,stop_sequence,speed,dist,cumdist,cumtime,trip_number
1049103,48336609,3,1,,-79.471662,43.786907,,,1e-12,0,0,0,1
1049103,48336609,3,2,,-79.4708705024365,43.7870910027311,,,,66.824165365631,66.824165365631,,1
1049103,48336609,3,3,05:00:00,-79.470079,43.787275,5867,1,,66.8241653689096,133.648330734541,,1
1049103,48336609,3,4,05:00:00,-79.470079,43.787275,5867,1,1e-12,0,133.648330734541,0,1
1049103,48336609,3,5,05:00:42,-79.47006,43.786781,3850,2,4.71540191881554,55.0130223861813,188.661353120722,42,1
1049103,48336609,3,6,05:00:42,-79.47006,43.786781,3850,2,1e-12,0,188.661353120722,42,1
1049103,48336609,3,7,05:00:50,-79.470059,43.786454,,,16.9525084289342,36.4015621784935,225.062915299215,49.7301612555998,1
1049103,48336609,3,8,05:00:58,-79.470062,43.786096,,,16.9525084289342,39.8531069419178,264.916022241133,58.1932854942541,1
1049103,48336609,3,9,05:01:10,-79.4700795004532,43.785580000004,,,16.9525084289342,57.4580721533323,322.374094394466,70.3949641201117,1
1049103,48336609,3,10,05:01:23,-79.4700970006042,43.7850640000053,,,16.9525084289342,57.4580721570277,379.832166551493,82.596642746754,1
1049103,48336609,3,11,05:01:35,-79.4701145004532,43.784548000004,,,16.9525084289342,57.4580721564903,437.290238707983,94.7983213732822,1
1049103,48336609,3,12,05:01:47,-79.470132,43.784032,6349,3,16.9525084289342,57.4580721573832,494.748310865367,107,1
1049103,48336609,3,13,05:01:47,-79.470132,43.784032,6349,3,1e-12,0,494.748310865367,107,1
1049103,48336609,3,14,05:01:51,-79.470138,43.783832,,,18.1538047698184,22.2691194897725,517.017430355139,111.416089694677,1
1049103,48336609,3,15,05:02:02,-79.4701540001234,43.7833710000011,,,18.1538047698184,51.33439315224,568.351823507379,121.595984085484,1
1049103,48336609,3,16,05:02:12,-79.47017,43.78291,,,18.1538047698184,51.3343931530862,619.686216660465,131.775878476458,1
1049103,48336609,3,17,05:02:16,-79.470173,43.782722,,,18.1538047698184,20.9294530820534,640.615669742519,135.926304905008,1
1049103,48336609,3,18,05:02:18,-79.470169,43.782624,,,18.1538047698184,10.914045731675,651.529715474194,138.090620602583,1
1049103,48336609,3,19,05:02:23,-79.47015,43.782399,,,18.1538047698184,25.0933907688347,676.623106243029,143.066778929348,1
1049103,48336609,3,20,05:02:28,-79.470108,43.782178,,,18.1538047698184,24.8321022341909,701.455208477219,147.991122292989,1
1049103,48336609,3,21,05:02:33,-79.470064,43.781952,,,18.1538047698184,25.4055226270186,726.860731104238,153.029178095446,1
1049103,48336609,3,22,05:02:37,-79.470031,43.781777,,,18.1538047698184,19.6606248707606,746.521355974999,156.927988864438,1
1049103,48336609,3,23,05:02:47,-79.4699199991265,43.7813065000537,,,18.1538047698184,53.1301633694572,799.651519344456,167.463994432155,1
1049103,48336609,3,24,05:02:58,-79.469809,43.780836,9031,4,18.1538047698184,53.1301633701072,852.781682714563,178,1
1049103,48336609,3,25,05:02:58,-79.469809,43.780836,9031,4,1e-12,0,852.781682714563,178,1
1049103,48336609,3,26,05:03:16,-79.469634243643,43.7801110003994,,,16.3839321311322,81.9196606541429,934.701343368706,195.999999999666,1
1049103,48336609,3,27,05:03:34,-79.4694594915242,43.7793860005325,,,16.3839321311322,81.9196606572887,1016.62100402599,214.000000000024,1
1049103,48336609,3,28,05:03:52,-79.4692847436432,43.7786610003994,,,16.3839321311322,81.9196606579743,1098.54066468397,232.000000000532,1
1049103,48336609,3,29,05:04:10,-79.46911,43.777936,5714,5,16.3839321311322,81.9196606532378,1180.46032533721,250,1
1049103,48336609,3,30,05:04:10,-79.46911,43.777936,5714,5,1e-12,0,1180.46032533721,250,1
1049103,48336609,3,31,05:04:27,-79.4689467443691,43.7772485003485,,,16.4432901437989,77.6488701234798,1258.10919546069,266.999999999997,1
1049103,48336609,3,32,05:04:44,-79.4687834924923,43.7765610004647,,,16.4432901437989,77.6488701242365,1335.75806558492,284.000000000159,1
1049103,48336609,3,33,05:05:01,-79.4686202443693,43.7758735003485,,,16.4432901437989,77.6488701232597,1413.40693570818,301.000000000108,1
1049103,48336609,3,34,05:05:18,-79.468457,43.775186,3803,6,16.4432901437989,77.6488701230024,1491.05580583119,318,1
1049103,48336609,3,35,05:05:18,-79.468457,43.775186,3803,6,1e-12,0,1491.05580583119,318,1
1049103,48336609,3,36,05:05:35,-79.4682864939336,43.7744767503802,,,16.6816106075826,80.134002723864,1571.18980855505,335.29343866082,1
1049103,48336609,3,37,05:05:53,-79.4681159919115,43.7737675005069,,,16.6816106075826,80.1340027270069,1651.32381128206,352.586877322318,1
1049103,48336609,3,38,05:06:10,-79.4679454939338,43.7730582503802,,,16.6816106075826,80.1340027215004,1731.45781400356,369.880315982628,1
1049103,48336609,3,39,05:06:27,-79.467775,43.772349,,,16.6816106075826,80.1340027277562,1811.59181673131,387.173754644287,1
1049103,48336609,3,40,05:06:34,-79.467708,43.772069,9099,7,16.6816106075826,31.631324148838,1843.22314088015,394,1
1049103,48336609,3,41,05:06:34,-79.467708,43.772069,9099,7,1e-12,0,1843.22314088015,394,1
1049103,48336609,3,42,05:06:37,-79.46768,43.771956,,,14.9304310156753,12.778875289596,1856.00201616975,397.081220561834,1
1049103,48336609,3,43,05:06:38,-79.467669,43.771908,,,14.9304310156753,5.41600234482587,1861.41801851457,398.387117787501,1
1049103,48336609,3,44,05:06:42,-79.467635,43.771769,,,14.9304310156753,15.7129232892945,1877.13094180387,402.175790986692,1
1049103,48336609,3,45,05:06:58,-79.4674889956462,43.7711745002788,,,14.9304310156753,67.2120403357094,1944.34298213958,418.381843240275,1
1049103,48336609,3,46,05:07:15,-79.4673429941951,43.7705800003717,,,14.9304310156753,67.2120403327275,2011.5550224723,434.587895493139,1
1049103,48336609,3,47,05:07:31,-79.4671969956464,43.7699855002788,,,14.9304310156753,67.2120403329862,2078.76706280529,450.793947746066,1
1049103,48336609,3,48,05:07:47,-79.467051,43.769391,5165,8,14.9304310156753,67.2120403371658,2145.97910314246,467,1
1049103,48336609,3,49,05:07:47,-79.467051,43.769391,5165,8,1e-12,0,2145.97910314246,467,1
1049103,48336609,3,50,05:08:00,-79.466916,43.768844,,,17.1344237247436,61.8512675139856,2207.83037065644,479.995159138548,1
1049103,48336609,3,51,05:08:18,-79.4667484936132,43.7680837503669,9124,9,17.1344237247436,85.6951590046397,2293.52552966108,498,1
1049103,48336609,3,52,05:08:18,-79.4667484936132,43.7680837503669,9124,9,1e-12,0,2293.52552966108,498,1
1049103,48336609,3,53,05:08:36,-79.4665809914844,43.7673235004892,,,16.8274130405901,85.6951590018189,2379.2206886629,516.33333333308,1
1049103,48336609,3,54,05:08:55,-79.4664134936134,43.7665632503669,,,16.8274130405901,85.6951590041674,2464.91584766707,534.666666666662,1
1049103,48336609,3,55,05:09:13,-79.466246,43.765803,5726,10,16.8274130405901,85.6951590030286,2550.6110066701,553,1
1049103,48336609,3,56,05:09:13,-79.466246,43.765803,5726,10,1e-12,0,2550.6110066701,553,1
1049103,48336609,3,57,05:09:26,-79.466115,43.76521,,,17.8271797314286,66.8472509363994,2617.4582576065,566.499056328399,1
1049103,48336609,3,58,05:09:37,-79.4660082474143,43.764727000149,,,17.8271797314286,54.4479190727219,2671.90617667922,577.494205960297,1
1049103,48336609,3,59,05:09:48,-79.4659014965524,43.7642440001987,,,17.8271797314286,54.4479190740062,2726.35409575322,588.489355592454,1
1049103,48336609,3,60,05:09:59,-79.4657947474144,43.763761000149,,,17.8271797314286,54.4479190747187,2780.80201482794,599.484505224755,1
1049103,48336609,3,61,05:10:10,-79.465688,43.763278,,,17.8271797314286,54.447919073084,2835.24993390103,610.479654856727,1
1049103,48336609,3,62,05:10:23,-79.4655659965695,43.7627172501947,,,17.8271797314286,63.188302733219,2898.43823663424,623.239827428418,1
1049103,48336609,3,63,05:10:36,-79.465443995426,43.7621565002596,7130,11,17.8271797314286,63.188302732677,2961.62653936692,636,1
1049103,48336609,3,64,05:10:36,-79.465443995426,43.7621565002596,7130,11,1e-12,0,2961.62653936692,636,1
1049103,48336609,3,65,05:10:48,-79.4653219965695,43.7615957501947,,,19.2806889957911,63.1883027342637,3024.81484210119,647.798224113931,1
1049103,48336609,3,66,05:11:00,-79.4652,43.761035,,,19.2806889957911,63.1883027347047,3088.00314483589,659.596448227945,1
1049103,48336609,3,67,05:11:00,-79.465195,43.761012,,,19.2806889957911,2.59171387792771,3090.59485871382,660.080360911904,1
1049103,48336609,3,68,05:11:03,-79.465146,43.760878,,,19.2806889957911,15.4282576815568,3106.02311639538,662.96105296942,1
1049103,48336609,3,69,05:11:05,-79.465111,43.76078,,,19.2806889957911,11.2663824856704,3117.28949888105,665.064659171318,1
1049103,48336609,3,70,05:11:09,-79.465081,43.760609,,,19.2806889957911,19.1878319147434,3136.47733079579,668.647321331791,1
1049103,48336609,3,71,05:11:10,-79.465068,43.760538,,,19.2806889957911,7.97249230837977,3144.44982310417,670.135907777868,1
1049103,48336609,3,72,05:11:16,-79.465017,43.760273,,,19.2806889957911,29.783270240953,3174.23309334512,675.696900587349,1
1049103,48336609,3,73,05:11:21,-79.464982,43.760001,,,19.2806889957911,30.4093798945644,3204.64247323969,681.37479766065,1
1049103,48336609,3,74,05:11:28,-79.464954,43.75969,,,19.2806889957911,34.6934768318169,3239.3359500715,687.85260126102,1
1049103,48336609,3,75,05:11:33,-79.464942,43.759466,,,19.2806889957911,24.9542239783578,3264.29017404986,692.51193715621,1
1049103,48336609,3,76,05:11:34,-79.464936,43.759406,,,19.2806889957911,6.69656756526344,3270.98674161512,693.762288906618,1
1049103,48336609,3,77,05:11:35,-79.464938,43.759355,,,19.2806889957911,5.67957080296021,3276.66631241808,694.822751781939,1
1049103,48336609,3,78,05:11:40,-79.464945,43.759114,,,19.2806889957911,26.8338999623369,3303.50021238042,699.833051978447,1
1049103,48336609,3,79,05:11:44,-79.464968,43.758917,,,19.2806889957911,22.0077687705298,3325.50798115095,703.942239549036,1
1049103,48336609,3,80,05:11:45,-79.464966,43.758857,,,19.2806889957911,6.68110483970252,3332.18908599065,705.189704171705,1
1049103,48336609,3,81,05:11:49,-79.464958,43.758651,,,19.2806889957911,22.9408339946437,3355.1299199853,709.473109313437,1
1049103,48336609,3,82,05:11:55,-79.464982,43.758368,,,19.2806889957911,31.5624576125572,3386.69237759785,715.366303660901,1
1049103,48336609,3,83,05:11:57,-79.46499,43.758271,,,19.2806889957911,10.8171312229417,3397.5095088208,717.386027769884,1
1049103,48336609,3,84,05:12:03,-79.465,43.758001,14361,12,19.2806889957911,30.0670146110783,3427.57652343187,723,1
1049103,48336609,3,85,05:12:03,-79.465,43.758001,14361,12,1e-12,0,3427.57652343187,723,1
1049103,48336609,3,86,05:12:09,-79.465006,43.757749,,,17.887160422624,28.0566593805279,3455.6331828124,728.646730469424,1
1049103,48336609,3,87,05:12:14,-79.464958,43.757517,,,17.887160422624,26.112891084037,3481.74607389644,733.902254861302,1
1049103,48336609,3,88,05:12:17,-79.464938,43.757385,,,17.887160422624,14.7819004856974,3496.52797438214,736.877285022109,1
1049103,48336609,3,89,05:12:19,-79.464922,43.757271,,,17.887160422624,12.755460463302,3509.28343484544,739.444470454729,1
1049103,48336609,3,90,05:12:20,-79.464921,43.757266,,,17.887160422624,0.562374816718243,3509.84580966216,739.55765495648,1
1049103,48336609,3,91,05:12:22,-79.464892,43.757137,,,17.887160422624,14.5482847252802,3524.39409438744,742.485667216312,1
1049103,48336609,3,92,05:12:28,-79.464846,43.756889,,,17.887160422624,27.8538829696019,3552.24797735704,748.091586564121,1
1049103,48336609,3,93,05:12:36,-79.464782,43.756543,,,17.887160422624,38.8587710590328,3591.10674841607,755.912368203424,1
1049103,48336609,3,94,05:12:46,-79.4646819992313,43.7560830000436,,,17.887160422624,51.8343805264657,3642.94112894254,766.344642834296,1
1049103,48336609,3,95,05:12:57,-79.464582,43.755623,,,17.887160422624,51.8343805248535,3694.77550946739,776.776917464843,1
1049103,48336609,3,96,05:13:11,-79.4644474986054,43.7550025000789,,,17.887160422624,69.9152286231337,3764.69073809052,790.848174002853,1
1049103,48336609,3,97,05:13:25,-79.464313,43.754382,,,17.887160422624,69.9152286222728,3834.6059667128,804.91943054069,1
1049103,48336609,3,98,05:13:40,-79.4641642450953,43.7537242502894,,,17.887160422624,74.1908899701039,3908.7968566829,819.85121387476,1
1049103,48336609,3,99,05:13:55,-79.4640154934605,43.7530665003858,,,17.887160422624,74.190889971916,3982.98774665482,834.782997209195,1
1049103,48336609,3,100,05:14:10,-79.4638667450954,43.7524087502894,,,17.887160422624,74.1908899697097,4057.17863662453,849.714780543186,1
1049103,48336609,3,101,05:14:25,-79.463718,43.751751,,,17.887160422624,74.1908899706386,4131.36952659517,864.646563877363,1
1049103,48336609,3,102,05:14:42,-79.4635479978597,43.750997500126,,,17.887160422624,84.9858550866869,4216.35538168185,881.750960052237,1
1049103,48336609,3,103,05:14:59,-79.463378,43.750244,,,17.887160422624,84.9858550837138,4301.34123676557,898.855356226511,1
1049103,48336609,3,104,05:15:08,-79.463288,43.74984,,,17.887160422624,45.5516652768486,4346.89290204241,908.023161016211,1
1049103,48336609,3,105,05:15:11,-79.463267,43.749708,7719,13,17.887160422624,14.790887904266,4361.68378994668,911,1
1049103,48336609,3,106,05:15:11,-79.463267,43.749708,7719,13,1e-12,0,4361.68378994668,911,1
1049103,48336609,3,107,05:15:15,-79.463223,43.749514,,,19.8248518912471,21.8839047367074,4383.56769468339,914.973903940585,1
1049103,48336609,3,108,05:15:18,-79.463181,43.749344,,,19.8248518912471,19.2233289432149,4402.7910236266,918.464673232341,1
1049103,48336609,3,109,05:15:22,-79.463149,43.749167,,,19.8248518912471,19.8708709778999,4422.6618946045,922.07302985023,1
1049103,48336609,3,110,05:15:25,-79.463106,43.749018,,,19.8248518912471,16.9431978113453,4439.60509241585,925.149749537996,1
1049103,48336609,3,111,05:15:29,-79.463031,43.748821,,,19.8248518912471,22.7441508382207,4462.34924325407,929.279865791411,1
1049103,48336609,3,112,05:15:34,-79.462924,43.748616,,,19.8248518912471,24.388740010122,4486.73798326419,933.708623419366,1
1049103,48336609,3,113,05:15:37,-79.462821,43.748459,,,19.8248518912471,19.3405079958486,4506.07849126004,937.220671285701,1
1049103,48336609,3,114,05:15:41,-79.462685,43.748283,,,19.8248518912471,22.4379663087929,4528.51645756883,941.295187410955,1
1049103,48336609,3,115,05:15:45,-79.462551,43.748107,,,19.8248518912471,22.3600320506831,4550.87648961952,945.355551434052,1
1049103,48336609,3,116,05:15:49,-79.462414,43.74797,,,19.8248518912471,18.813813360823,4569.69030298034,948.771956684921,1
1049103,48336609,3,117,05:15:51,-79.462295,43.747869,,,19.8248518912471,14.7643644426402,4584.45466742298,951.4530214558,1
1049103,48336609,3,118,05:15:53,-79.462232,43.747816,,,19.8248518912471,7.77661420991313,4592.23128163289,952.865178848413,1
1049103,48336609,3,119,05:15:53,-79.462209,43.747798,,,19.8248518912471,2.72689029044407,4594.95817192334,953.360355563954,1
1049103,48336609,3,120,05:15:56,-79.462088,43.747702,,,19.8248518912471,14.4528500868014,4609.41102201014,955.98485236211,1
1049103,48336609,3,121,05:16:00,-79.461918,43.747573,,,19.8248518912471,19.8269015451599,4629.2379235553,959.585224559296,1
1049103,48336609,3,122,05:16:03,-79.461744,43.747461,,,19.8248518912471,18.7412639687098,4647.97918752401,962.988455547223,1
1049103,48336609,3,123,05:16:08,-79.461479,43.747315,,,19.8248518912471,26.8007966071036,4674.77998413111,967.855219158616,1
1049103,48336609,3,124,05:16:12,-79.461251,43.747192,,,19.8248518912471,22.883465685383,4697.66344981649,972.010633631283,1
1049103,48336609,3,125,05:16:16,-79.461016,43.747078,,,19.8248518912471,22.7635972016529,4720.42704701815,976.144281154881,1
1049103,48336609,3,126,05:16:20,-79.460783,43.746949,,,19.8248518912471,23.6071749722873,4744.03422199043,980.431114184779,1
1049103,48336609,3,127,05:16:24,-79.460576,43.746845,,,19.8248518912471,20.2764539381256,4764.31067592856,984.113120717675,1
1049103,48336609,3,128,05:16:28,-79.460371,43.746736,,,19.8248518912471,20.4695943891832,4784.78027031774,987.830199675202,1
1049103,48336609,3,129,05:16:30,-79.460281,43.746685,,,19.8248518912471,9.19860314486238,4793.97887346261,989.500576407556,1
1049103,48336609,3,130,05:16:31,-79.460192,43.746636,,,19.8248518912471,8.99879926007673,4802.97767272268,991.134670700618,1
1049103,48336609,3,131,05:16:34,-79.460039,43.746544,,,19.8248518912471,16.0085149416573,4818.98618766434,994.041661083502,1
1049103,48336609,3,132,05:16:37,-79.45987,43.746453,,,19.8248518912471,16.9506179569811,4835.93680562132,997.11972819744,1
1049103,48336609,3,133,05:16:40,-79.459707,43.746359,,,19.8248518912471,16.772573376971,4852.70937899829,1000.16546414989,1
1049103,48336609,3,134,05:16:43,-79.459561,43.746278,,,19.8248518912471,14.8039285956718,4867.51330759396,1002.85371338558,1
1049103,48336609,3,135,05:16:47,-79.459349,43.746142,,,19.8248518912471,22.8004452121745,4890.31375280614,1006.99405214897,1
1049103,48336609,3,136,05:16:50,-79.459191,43.746026,,,19.8248518912471,18.1160840523663,4908.4298368585,1010.28375655364,1
1049103,48336609,3,137,05:16:54,-79.459034,43.745896,,,19.8248518912471,19.2050555677785,4927.63489242628,1013.77120757841,1
1049103,48336609,3,138,05:16:58,-79.458851,43.745764,,,19.8248518912471,20.796590307374,4948.43148273366,1017.54766580959,1
1049103,48336609,3,139,05:17:02,-79.458639,43.745618,,,19.8248518912471,23.5544234453305,4971.98590617899,1021.82491967601,1
1049103,48336609,3,140,05:17:06,-79.45847,43.745479,,,19.8248518912471,20.5945942480643,4992.58050042705,1025.56469739036,1
1049103,48336609,3,141,05:17:10,-79.458283,43.745327,,,19.8248518912471,22.6375694093943,5015.21806983645,1029.67545949445,1
1049103,48336609,3,142,05:17:14,-79.458102,43.745176,,,19.8248518912471,22.235694164852,5037.4537640013,1033.71324496859,1
1049103,48336609,3,143,05:17:17,-79.457971,43.745065,,,19.8248518912471,16.2378609747293,5053.69162497603,1036.66188235714,1
1049103,48336609,3,144,05:17:20,-79.457827,43.744942,,,19.8248518912471,17.9328244879283,5071.62444946396,1039.91830860994,1
1049103,48336609,3,145,05:17:24,-79.457661,43.744789,,,19.8248518912471,21.6402498732762,5093.26469933723,1043.84796720064,1
1049103,48336609,3,146,05:17:27,-79.457524,43.74467,,,19.8248518912471,17.2299310264098,5110.49463036364,1046.97675484735,1
1049103,48336609,3,147,05:17:30,-79.457382,43.744547,,,19.8248518912471,17.8294302994606,5128.3240606631,1050.21440572263,1
1049103,48336609,3,148,05:17:33,-79.457275,43.744446,,,19.8248518912471,14.1582891787881,5142.48234984189,1052.78541312905,1
1049103,48336609,3,149,05:17:35,-79.457167,43.744341,,,19.8248518912471,14.5622439925136,5157.0445938344,1055.42977479494,1
1049103,48336609,3,150,05:17:39,-79.457039,43.744217,,,19.8248518912471,17.2192809731386,5174.26387480754,1058.5566284957,1
1049103,48336609,3,151,05:17:41,-79.456899,43.744113,,,19.8248518912471,16.1491796231854,5190.41305443073,1061.48916221461,1
1049103,48336609,3,152,05:17:45,-79.45676,43.743989,,,19.8248518912471,17.7623108476824,5208.17536527841,1064.71462485123,1
1049103,48336609,3,153,05:17:47,-79.456652,43.743884,,,19.8248518912471,14.5622835354831,5222.73764881389,1067.35899369773,1
1049103,48336609,3,154,05:17:50,-79.45653,43.743763,,,19.8248518912471,16.6642037107715,5239.40185252467,1070.38505077437,1
1049103,48336609,3,155,05:17:54,-79.456378,43.743649,,,19.8248518912471,17.6203059897732,5257.02215851444,1073.58472671198,1
1049103,48336609,3,156,05:17:56,-79.456286,43.743556,,,19.8248518912471,12.7248167117164,5269.74697522616,1075.89542948109,1
1049103,48336609,3,157,05:17:59,-79.456169,43.74345,,,19.8248518912471,15.0921494172585,5284.83912464341,1078.63601681057,1
1049103,48336609,3,158,05:18:02,-79.456034,43.74332,,,19.8248518912471,18.0914153375018,5302.93053998092,1081.92124161691,1
1049103,48336609,3,159,05:18:05,-79.455916,43.743205,,,19.8248518912471,15.9355373046491,5318.86607728556,1084.81497997175,1
1049103,48336609,3,160,05:18:08,-79.45577,43.743086,,,19.8248518912471,17.7017043439454,5336.56778162951,1088.02943705762,1
1049103,48336609,3,161,05:18:14,-79.455496,43.742869,,,19.8248518912471,32.6971661811714,5369.26494781068,1093.96692395023,1
1049103,48336609,3,162,05:18:32,-79.454736,43.742185,,,19.8248518912471,97.6398567345733,5466.90480454525,1111.69737087476,1
1049103,48336609,3,163,05:18:42,-79.45428,43.741829,,,19.8248518912471,53.9948876423615,5520.89969218762,1121.50231653483,1
1049103,48336609,3,164,05:18:45,-79.454485,43.741706,,,19.8248518912471,21.4312672527853,5542.3309594404,1125.39402591724,1
1049103,48336609,3,165,05:18:52,-79.454859,43.741482,,,19.8248518912471,39.070628492502,5581.4015879329,1132.48887148504,1
1049103,48336609,3,166,05:18:54,-79.454941,43.741408,,,19.8248518912471,10.5522724025207,5591.95386033542,1134.40506136921,1
1049103,48336609,3,167,05:18:56,-79.455025,43.741329,,,19.8248518912471,11.0895396971822,5603.04340003261,1136.41881376084,1
1049103,48336609,3,168,05:18:59,-79.455093,43.741216,,,19.8248518912471,13.7165090727456,5616.75990910535,1138.90959820316,1
1049103,48336609,3,169,05:19:01,-79.455122,43.74113,,,19.8248518912471,9.8534863304347,5626.61339543579,1140.69889534314,1
1049103,48336609,3,170,05:19:02,-79.455125,43.741052,,,19.8248518912471,8.68627183512635,5635.29966727091,1142.27623769999,1
1049103,48336609,3,171,05:19:04,-79.455115,43.740975,,,19.8248518912471,8.60924864939334,5643.90891592031,1143.83959339656,1
1049103,48336609,3,172,05:19:05,-79.455098,43.740901,,,19.8248518912471,8.3503336411536,5652.25924956146,1145.35593264959,1
1049103,48336609,3,173,05:19:07,-79.455065,43.740821,,,19.8248518912471,9.29262697399333,5661.55187653545,1147.04338319348,1
1049103,48336609,3,174,05:19:08,-79.455028,43.740755,,,19.8248518912471,7.92683681100678,5669.47871334646,1148.48281954721,1
1049103,48336609,3,175,05:19:10,-79.454991,43.740692,,,19.8248518912471,7.61833615249682,5677.09704949896,1149.8662351863,1
1049103,48336609,3,176,05:19:11,-79.454942,43.74064,,,19.8248518912471,7.00274441038406,5684.09979390934,1151.13786536118,1
1049103,48336609,3,177,05:19:13,-79.454884,43.740578,,,19.8248518912471,8.33032739024209,5692.43012129958,1152.65057167391,1
1049103,48336609,3,178,05:19:14,-79.45482,43.740514,,,19.8248518912471,8.78931194638929,5701.21943324597,1154.24662511131,1
1049103,48336609,3,179,05:19:15,-79.454796,43.740488,,,19.8248518912471,3.47890379609445,5704.69833704207,1154.87836015451,1
1049103,48336609,3,180,05:19:22,-79.454455,43.740247,,,19.8248518912471,38.3652064110648,5743.06354345313,1161.84510794347,1
1049103,48336609,3,181,05:19:31,-79.454006,43.739931,,,19.8248518912471,50.4128839681042,5793.47642742124,1170.9995966267,1
1049103,48336609,3,182,05:19:44,-79.4533934953301,43.7394745016354,,,19.8248518912471,70.7751489219602,5864.2515763432,1183.85167428745,1
1049103,48336609,3,183,05:19:57,-79.452781,43.739018,,,19.8248518912471,70.7751489224668,5935.02672526566,1196.70375194828,1
1049103,48336609,3,184,05:20:03,-79.45252,43.738779,,,19.8248518912471,33.8894970976668,5968.91622236333,1202.85775452146,1
1049103,48336609,3,185,05:20:04,-79.452459,43.738725,,,19.8248518912471,7.75920300358112,5976.67542536691,1204.2667502086,1
1049103,48336609,3,186,05:20:06,-79.452375,43.738644,,,19.8248518912471,11.2670951006568,5987.94252046757,1206.31274493203,1
1049103,48336609,3,187,05:20:08,-79.452302,43.738559,,,19.8248518912471,11.1357238320496,5999.07824429962,1208.33488391271,1
1049103,48336609,3,188,05:20:10,-79.45223,43.73847,,,19.8248518912471,11.4756841672178,6010.55392846683,1210.41875637887,1
1049103,48336609,3,189,05:20:12,-79.452171,43.738392,,,19.8248518912471,9.89499519524916,6020.44892366208,1212.21559112439,1
1049103,48336609,3,190,05:20:14,-79.45211,43.738298,,,19.8248518912471,11.5570917750126,6032.0060154371,1214.31424641918,1
1049103,48336609,3,191,05:20:17,-79.452063,43.738182,,,19.8248518912471,13.4549905239096,6045.46100596101,1216.75754164034,1
1049103,48336609,3,192,05:20:19,-79.452015,43.738076,,,19.8248518912471,12.4153557705532,6057.87636173156,1219.01204931683,1
1049103,48336609,3,193,05:20:22,-79.451987,43.737926,,,19.8248518912471,16.8491023408502,6074.72546407241,1222.07168218368,1
1049103,48336609,3,194,05:20:25,-79.451941,43.737795,,,19.8248518912471,15.0448599404121,6089.77032401282,1224.8036822048,1
1049103,48336609,3,195,05:20:36,-79.451928,43.737239,,,19.8248518912471,61.9024679605037,6151.67279197333,1236.04456742706,1
1049103,48336609,3,196,05:20:52,-79.451857,43.736447,,,19.8248518912471,88.3497851809289,6240.02257715425,1252.08802784715,1
1049103,48336609,3,197,05:20:55,-79.45184,43.736301,,,19.8248518912471,16.310061206495,6256.33263836075,1255.04977609452,1
1049103,48336609,3,198,05:20:58,-79.451844,43.736153,,,19.8248518912471,16.4784256428209,6272.81106400357,1258.04209768359,1
1049103,48336609,3,199,05:21:01,-79.451857,43.735999,,,19.8248518912471,17.1750595373616,6289.98612354093,1261.16092120235,1
1049103,48336609,3,200,05:21:04,-79.451887,43.735859,,,19.8248518912471,15.7704203432934,6305.75654388422,1264.02467592533,1
1049103,48336609,3,201,05:21:06,-79.451909,43.735751,,,19.8248518912471,12.1520282638444,6317.90857214807,1266.23136589153,1
1049103,48336609,3,202,05:21:09,-79.451949,43.735604,,,19.8248518912471,16.677240657196,6334.58581280527,1269.25979035065,1
1049103,48336609,3,203,05:21:11,-79.45198,43.735518,,,19.8248518912471,9.89285301075557,6344.47866581602,1271.05623609633,1
1049103,48336609,3,204,05:21:20,-79.452191,43.735102,,,19.8248518912471,49.3208027037241,6393.79946851974,1280.01241345934,1
1049103,48336609,3,205,05:21:22,-79.45223,43.735027,,,19.8248518912471,8.91881633925711,6402.718284859,1281.63198363305,1
1049103,48336609,3,206,05:21:35,-79.452512,43.734383,,,19.8248518912471,75.1924722307987,6477.9107570898,1295.28620417986,1
1049103,48336609,3,207,05:21:37,-79.452564,43.734307,858,14,19.8248518912471,9.43770786281734,6487.34846495262,1297,1
1049103,48336609,3,208,05:21:37,-79.452564,43.734307,858,14,1e-12,0,6487.34846495262,1297,1
1049103,48336609,3,209,05:21:42,-79.452592,43.734258,,,3.90622383983209,5.90131243272679,6493.24977738535,1302.4386859609,1
1049103,48336609,3,210,05:21:46,-79.452613,43.734223,,,3.90622383983209,4.2465712201753,6497.49634860552,1306.35235220725,1
1049103,48336609,3,211,05:21:53,-79.452671,43.734172,,,3.90622383983209,7.34817818725892,6504.84452679278,1313.12447857757,1
1049103,48336609,3,212,05:22:01,-79.452734,43.734109,,,3.90622383983209,8.65229639954339,6513.49682319232,1321.09848834136,1
1049103,48336609,3,213,05:22:11,-79.452818,43.734036,,,3.90622383983209,10.5682299211974,6524.06505311352,1330.83823426384,1
1049103,48336609,3,214,05:22:19,-79.45288,43.733965,,,3.90622383983209,9.34547435306743,6533.41052746659,1339.45108110789,1
1049103,48336609,3,215,05:22:26,-79.452916,43.733912,,,3.90622383983209,6.57221478965783,6539.98274225625,1345.50807482175,1
1049103,48336609,3,216,05:22:34,-79.452946,43.733829,,,3.90622383983209,9.54942287716265,6549.53216513341,1354.30888188437,1
1049103,48336609,3,217,05:22:42,-79.452957,43.733755,,,3.90622383983209,8.28502230927284,6557.81718744268,1361.94440957975,1
1049103,48336609,3,218,05:22:49,-79.452955,43.733687,,,3.90622383983209,7.57143456406702,6565.38862200675,1368.92229040488,1
1049103,48336609,3,219,05:22:54,-79.452946,43.73364,,,3.90622383983209,5.28186016133254,6570.67048216808,1373.7900853292,1
1049103,48336609,3,220,05:22:58,-79.452936,43.733599,,,3.90622383983209,4.63443446501883,6575.3049166331,1378.06120873589,1
1049103,48336609,3,221,05:23:05,-79.452919,43.733532,,,3.90622383983209,7.58271717029929,6582.8876338034,1385.04948768056,1
1049103,48336609,3,222,05:23:13,-79.452892,43.733457,896,15,3.90622383983209,8.62680021140824,6591.51443401481,1393,1
1049103,48336609,3,223,05:23:13,-79.452892,43.733457,896,15,1e-12,0,6591.51443401481,1393,1
1049103,48336609,3,224,,-79.452852,43.733376,,,,9.57370800524216,6601.08814202005,,1
1049103,48336609,3,225,,-79.453051,43.733333,,,,16.7070787731067,6617.79522079316,,1
1049103,48336609,3,226,,-79.4542005143379,43.7330840172796,,,,96.5268914858362,6714.32211227899,,1
1049103,48336609,3,227,,-79.4553500191174,43.7328350230394,,,,96.5268914855162,6810.84900376451,,1
1049103,48336609,3,228,,-79.4564995143382,43.7325860172794,,,,96.5268914881124,6907.37589525262,,1
1049103,48336609,3,229,,-79.457649,43.732337,,,,96.5268914857445,7003.90278673836,,1
