shape_id,trip_id,route_type,id,timestamp,shape_pt_lon,shape_pt_lat,stop_id,stop_sequence,speed,dist,cumdist,cumtime,trip_number
1049992,48351120,3,1,05:16:00,-79.287969,43.691325,3960,1,1e-12,0,0,0,1
1049992,48351120,3,2,05:16:00,-79.287969,43.691325,3960,1,1e-12,0,0,0,1
1049992,48351120,3,3,05:16:05,-79.288358,43.691232,,,21.6866241325936,32.9785182390094,32.9785182390094,5.47446504050399,1
1049992,48351120,3,4,05:16:14,-79.288533,43.691675,,,21.6866241325936,51.2868458532598,84.2653640922691,13.9881296820304,1
1049992,48351120,3,5,05:16:14,-79.288538,43.691686,,,21.6866241325936,1.28895599379054,85.5543200860597,14.2020975891272,1
1049992,48351120,3,6,05:16:22,-79.288696,43.692087,,,21.6866241325936,46.4153891571392,131.969709243199,21.9070958380048,1
1049992,48351120,3,7,05:16:37,-79.289022,43.692869,5105,2,21.6866241325936,90.9205943417907,222.89030358499,37,1
1049992,48351120,3,8,05:16:37,-79.289022,43.692869,5105,2,1e-12,0,222.89030358499,37,1
1049992,48351120,3,9,05:16:56,-79.288087,43.69306,,,14.448686589924,78.2037817057471,301.094085290737,56.4850661607555,1
1049992,48351120,3,10,05:16:57,-79.288048,43.693069,,,14.448686589924,3.29509918921198,304.389184479949,57.3060651496488,1
1049992,48351120,3,11,05:16:59,-79.287953,43.693089,,,14.448686589924,7.96404371690964,312.353228196858,59.290367127717,1
1049992,48351120,3,12,05:17:14,-79.287236,43.693243,,,14.448686589924,60.2033736268636,372.556601823722,74.2904949045802,1
1049992,48351120,3,13,05:17:21,-79.286899,43.693317,,,14.448686589924,28.3481855411687,400.904787364891,81.353660633386,1
1049992,48351120,3,14,05:17:36,-79.2862,43.69347,7541,3,14.448686589924,58.7834353327421,459.688222697633,96,1
1049992,48351120,3,15,05:17:36,-79.2862,43.69347,7541,3,1e-12,0,459.688222697633,96,1
1049992,48351120,3,16,05:17:49,-79.285162,43.693704,,,24.5953253181497,87.514149620448,547.202372318081,108.809382862732,1
1049992,48351120,3,17,05:18:02,-79.28408,43.693943,,,24.5953253181497,91.0619864519455,638.264358770026,122.138060039654,1
1049992,48351120,3,18,05:18:13,-79.284338,43.694583,3939,4,24.5953253181497,74.2091519197,712.473510689726,133,1
1049992,48351120,3,19,05:18:13,-79.284338,43.694583,3939,4,1e-12,0,712.473510689726,133,1
1049992,48351120,3,20,05:18:25,-79.284589,43.695143,,,19.1598971313795,65.5307027920547,778.004213481781,145.312724250749,1
1049992,48351120,3,21,05:18:34,-79.284758,43.695527,,,19.1598971313795,44.8586649462829,822.862878428064,153.741328679013,1
1049992,48351120,3,22,05:18:36,-79.284805,43.695635,,,19.1598971313795,12.6035953065448,835.466473734609,156.109449070915,1
1049992,48351120,3,23,05:18:46,-79.285007,43.696092,,,19.1598971313795,53.4077736001522,888.874247334761,166.144366463329,1
1049992,48351120,3,24,05:18:50,-79.285078,43.696253,,,19.1598971313795,18.8114043769314,907.685651711692,169.678887306139,1
1049992,48351120,3,25,05:18:50,-79.285089,43.696278,,,19.1598971313795,2.92041828430803,910.606069996,170.227611850504,1
1049992,48351120,3,26,05:19:06,-79.285399,43.696998,5411,5,19.1598971313795,83.9437040168126,994.549774012813,186,1
1049992,48351120,3,27,05:19:06,-79.285399,43.696998,5411,5,1e-12,0,994.549774012813,186,1
1049992,48351120,3,28,05:19:10,-79.285474,43.697169,,,16.607697181572,19.9697887775054,1014.51956279032,190.328790368287,1
1049992,48351120,3,29,05:19:22,-79.285665,43.697617,,,16.607697181572,52.1865964654769,1066.70615925579,201.641120140544,1
1049992,48351120,3,30,05:19:28,-79.285772,43.697866,,,16.607697181572,29.025504565686,1095.73166382148,207.932890474146,1
1049992,48351120,3,31,05:19:41,-79.285995,43.698392,,,16.607697181572,61.242926493106,1156.97459031459,221.208333358535,1
1049992,48351120,3,32,05:19:59,-79.286295,43.699076,,,16.607697181572,79.8789542178948,1236.85354453248,238.523451284909,1
1049992,48351120,3,33,05:20:12,-79.286509,43.699595,,,16.607697181572,60.2873158549817,1297.14086038746,251.591749358091,1
1049992,48351120,3,34,05:20:24,-79.286729,43.700084,997,6,16.607697181572,57.2423525594089,1354.38321294687,264,1
1049992,48351120,3,35,05:20:24,-79.286729,43.700084,997,6,1e-12,0,1354.38321294687,264,1
1049992,48351120,3,36,05:20:41,-79.287051,43.700868,,,19.7016639595104,91.0406191045334,1445.42383205141,280.635459291656,1
1049992,48351120,3,37,05:20:54,-79.287325,43.701472,,,19.7016639595104,70.7606179714976,1516.1844500229,293.56524152837,1
1049992,48351120,3,38,05:20:55,-79.287337,43.701542,2345,7,19.7016639595104,7.85198035308609,1524.03643037599,295,1
1049992,48351120,3,39,05:20:55,-79.287337,43.701542,2345,7,1e-12,0,1524.03643037599,295,1
1049992,48351120,3,40,05:21:05,-79.2875954974345,43.7021370002913,,,24.9931035455067,69.4252876251177,1593.46171800111,304.999999999814,1
1049992,48351120,3,41,05:21:15,-79.287854,43.702732,7365,8,24.9931035455067,69.4252876276974,1662.8870056288,315,1
1049992,48351120,3,42,05:21:15,-79.287854,43.702732,7365,8,1e-12,0,1662.8870056288,315,1
1049992,48351120,3,43,05:21:18,-79.287909,43.702874,,,18.691372964928,16.4153653923162,1679.30237102112,318.161635879998,1
1049992,48351120,3,44,05:21:36,-79.288259,43.703681,,,18.691372964928,94.1469732846126,1773.44934430573,336.294552304092,1
1049992,48351120,3,45,05:21:52,-79.288562,43.70438,4718,9,18.691372964928,81.5434390181646,1854.9927833239,352,1
1049992,48351120,3,46,05:21:52,-79.288562,43.70438,4718,9,1e-12,0,1854.9927833239,352,1
1049992,48351120,3,47,05:21:57,-79.288663,43.70461,,,19.2750584577001,26.8626350942694,1881.85541841817,357.017130638104,1
1049992,48351120,3,48,05:22:15,-79.289,43.705433,,,19.2750584577001,95.5455566008507,1977.40097501902,374.862161018577,1
1049992,48351120,3,49,05:22:25,-79.2892094983924,43.7058930001913,,,19.2750584577001,53.910836607747,2031.31181162677,384.931080509214,1
1049992,48351120,3,50,05:22:35,-79.289419,43.706353,9936,10,19.2750584577001,53.9108366085509,2085.22264823532,395,1
1049992,48351120,3,51,05:22:35,-79.289419,43.706353,9936,10,1e-12,0,2085.22264823532,395,1
1049992,48351120,3,52,05:22:38,-79.289473,43.706485,,,17.9215929212483,15.3232453157833,2100.5458935511,398.078056921571,1
1049992,48351120,3,53,05:22:52,-79.28972,43.707065,,,17.9215929212483,67.5555304076548,2168.10142395875,411.648274174927,1
1049992,48351120,3,54,05:23:03,-79.289918,43.707545,,,17.9215929212483,55.7583107684565,2223.85973472721,422.848724918815,1
1049992,48351120,3,55,05:23:22,-79.290269,43.708363,7624,11,17.9215929212483,95.339265535514,2319.19900026272,442,1
1049992,48351120,3,56,05:23:22,-79.290269,43.708363,7624,11,1e-12,0,2319.19900026272,442,1
1049992,48351120,3,57,05:23:39,-79.290574,43.709068,,,17.8290885339957,82.2283637857198,2401.42736404844,458.603322658034,1
1049992,48351120,3,58,05:23:51,-79.290812,43.709592,7183,12,17.8290885339957,61.3948494048018,2462.82221345325,471,1
1049992,48351120,3,59,05:23:51,-79.290812,43.709592,7183,12,1e-12,0,2462.82221345325,471,1
1049992,48351120,3,60,05:23:58,-79.29093,43.709851,,,14.7700390503968,30.3550222083926,2493.17723566164,478.398631755634,1
1049992,48351120,3,61,05:24:22,-79.291291,43.710688,,,14.7700390503968,97.5975527904015,2590.77478845204,502.18673338804,1
1049992,48351120,3,62,05:24:32,-79.291443,43.711039,,,14.7700390503968,40.9426756819155,2631.71746413396,512.16596444843,1
1049992,48351120,3,63,05:24:45,-79.2916309986292,43.7114760001541,,,14.7700390503968,50.9443992900076,2682.66186342396,524.582982224635,1
1049992,48351120,3,64,05:24:57,-79.291819,43.711913,2274,13,14.7700390503968,50.9443992865577,2733.60626271052,537,1
1049992,48351120,3,65,05:24:57,-79.291819,43.711913,2274,13,1e-12,0,2733.60626271052,537,1
1049992,48351120,3,66,05:25:16,-79.29215,43.712697,,,17.4173119907736,91.2479015175708,2824.85416422809,555.860111459063,1
1049992,48351120,3,67,05:25:36,-79.292496,43.713516,,,17.4173119907736,95.3266037372313,2920.18076796532,575.563253576275,1
1049992,48351120,3,68,05:25:40,-79.292588,43.713697,5247,14,17.4173119907736,21.4656101905486,2941.64637815587,580,1
1049992,48351120,3,69,05:25:40,-79.292588,43.713697,5247,14,1e-12,0,2941.64637815587,580,1
1049992,48351120,3,70,05:25:55,-79.292849,43.714345,,,18.4946585406662,75.1297653571597,3016.77614351303,594.624068602893,1
1049992,48351120,3,71,05:26:13,-79.293191,43.715174,,,18.4946585406662,96.2991334376953,3113.07527695073,613.368771545822,1
1049992,48351120,3,72,05:26:25,-79.2933994982603,43.7156740001895,,,18.4946585406662,58.1328948087122,3171.20817175944,624.684385773097,1
1049992,48351120,3,73,05:26:36,-79.293608,43.716174,15263,15,18.4946585406662,58.1328948067964,3229.34106656624,636,1
1049992,48351120,3,74,05:26:36,-79.293608,43.716174,15263,15,1e-12,0,3229.34106656624,636,1
1049992,48351120,3,75,05:26:50,-79.2938444976891,43.7167595002438,,,16.8736572334773,67.8983793956794,3297.23944596192,650.486140286143,1
1049992,48351120,3,76,05:27:05,-79.294081,43.717345,,,16.8736572334773,67.898379397151,3365.13782535907,664.9722805726,1
1049992,48351120,3,77,05:27:13,-79.294231,43.717651,,,16.8736572334773,36.138474784782,3401.27630014385,672.682435367442,1
1049992,48351120,3,78,05:27:24,-79.2944159986507,43.7180880001492,,,16.8736572334773,50.8727612940833,3452.14906143793,683.536154755279,1
1049992,48351120,3,79,05:27:34,-79.294601,43.718525,,,16.8736572334773,50.872761295843,3503.02182273377,694.389874143491,1
1049992,48351120,3,80,05:27:54,-79.294924,43.719317,1530,16,16.8736572334773,91.9151505578037,3594.93697329158,714,1
1049992,48351120,3,81,05:27:54,-79.294924,43.719317,1530,16,1e-12,0,3594.93697329158,714,1
1049992,48351120,3,82,05:28:04,-79.295151,43.719822,,,21.2753760710181,59.1085188227903,3654.04549211437,724.001734730881,1
1049992,48351120,3,83,05:28:21,-79.295517,43.720678,,,21.2753760710181,99.7353697411635,3753.78086185553,740.877926713089,1
1049992,48351120,3,84,05:28:37,-79.295861,43.721497,946,17,21.2753760710181,95.2786589509846,3849.05952080652,757,1
1049992,48351120,3,85,05:28:37,-79.295861,43.721497,946,17,1e-12,0,3849.05952080652,757,1
1049992,48351120,3,86,05:28:46,-79.2960379987222,43.7219295001366,,,20.1861945700174,50.2073561192622,3899.26687692578,765.95396511722,1
1049992,48351120,3,87,05:28:55,-79.296215,43.722362,,,20.1861945700174,50.2073561212982,3949.47423304708,774.907930234802,1
1049992,48351120,3,88,05:29:04,-79.2964064985744,43.7228080001599,,,20.1861945700174,51.9838568885537,4001.45808993563,784.178715976497,1
1049992,48351120,3,89,05:29:13,-79.296598,43.723254,,,20.1861945700174,51.9838568879007,4053.44194682353,793.449501718076,1
1049992,48351120,3,90,05:29:26,-79.2968584973757,43.7238575002958,2862,18,20.1861945700174,70.3741111859993,4123.81605800953,806,1
1049992,48351120,3,91,05:29:26,-79.2968584973757,43.7238575002958,2862,18,1e-12,0,4123.81605800953,806,1
1049992,48351120,3,92,05:29:37,-79.297119,43.724461,,,23.6558366587662,70.3741111861318,4194.19016919566,816.709695198043,1
1049992,48351120,3,93,05:29:43,-79.297274,43.72483,,,23.6558366587662,42.927789124866,4237.11795832053,823.242545550315,1
1049992,48351120,3,94,05:29:48,-79.297389,43.725092,,,23.6558366587662,30.5978194388639,4267.71577775939,827.898992564591,1
1049992,48351120,3,95,05:29:52,-79.297479,43.725321,,,23.6558366587662,26.5003898446167,4294.21616760401,831.931883255239,1
1049992,48351120,3,96,05:29:54,-79.2975,43.725448,,,23.6558366587662,14.2381533700754,4308.45432097408,834.098678404853,1
1049992,48351120,3,97,05:29:56,-79.29751,43.72556,5594,19,23.6558366587662,12.4937091918309,4320.94803016592,836,1
1049992,48351120,3,98,05:29:56,-79.29751,43.72556,5594,19,1e-12,0,4320.94803016592,836,1
1049992,48351120,3,99,05:29:58,-79.297515,43.725651,,,17.893127123817,10.1380560797429,4331.08608624566,838.03972182361,1
1049992,48351120,3,100,05:30:01,-79.297505,43.725772,,,17.893127123817,13.4936596126047,4344.57974585826,840.754572853798,1
1049992,48351120,3,101,05:30:04,-79.297532,43.725915,,,17.893127123817,16.066185766328,4360.64593162459,843.987002174763,1
1049992,48351120,3,102,05:30:07,-79.297579,43.726029,,,17.893127123817,13.241687663189,4373.88761928778,846.651157817184,1
1049992,48351120,3,103,05:30:15,-79.297728,43.726379,,,17.893127123817,40.7639007708692,4414.65152005865,854.852633264133,1
1049992,48351120,3,104,05:30:22,-79.297841,43.726686,,,17.893127123817,35.3633854498086,4450.01490550846,861.967554358605,1
1049992,48351120,3,105,05:30:29,-79.297982,43.726983,9511,20,17.893127123817,34.9534566257805,4484.96836213424,869,1
1049992,48351120,3,106,05:30:29,-79.297982,43.726983,9511,20,1e-12,0,4484.96836213424,869,1
1049992,48351120,3,107,05:30:34,-79.2981,43.727226,,,22.7407383768086,28.667792021856,4513.63615415609,873.538289371639,1
1049992,48351120,3,108,05:30:45,-79.2983574972121,43.727874500289,,,22.7407383768086,75.1037117023775,4588.73986585847,885.427672981288,1
1049992,48351120,3,109,05:30:57,-79.298615,43.728523,,,22.7407383768086,75.103711701408,4663.84357755988,897.317056590784,1
1049992,48351120,3,110,05:31:06,-79.298824,43.728992,2955,21,22.7407383768086,54.8490401137796,4718.69261767366,906,1
1049992,48351120,3,111,05:31:06,-79.298824,43.728992,2955,21,1e-12,0,4718.69261767366,906,1
1049992,48351120,3,112,05:31:15,-79.298994,43.729421,,,20.0493247284143,49.6754141818184,4768.36803185548,914.919576767646,1
1049992,48351120,3,113,05:31:27,-79.299235,43.729997,,,20.0493247284143,66.9865697304226,4835.3546015859,926.947495627564,1
1049992,48351120,3,114,05:31:30,-79.299304,43.730163,,,20.0493247284143,19.2945900957729,4854.64919168167,930.411977613151,1
1049992,48351120,3,115,05:31:32,-79.299329,43.730225,,,20.0493247284143,7.18881490735656,4861.83800658903,931.70278087047,1
1049992,48351120,3,116,05:31:46,-79.299612,43.73092,,,20.0493247284143,80.64659929628,4942.48460588531,946.18345597546,1
1049992,48351120,3,117,05:31:48,-79.299643,43.730994,,,20.0493247284143,8.60678807857261,4951.09139396388,947.728866481927,1
1049992,48351120,3,118,05:31:55,-79.299785,43.731343,3792,22,20.0493247284143,40.4948102909718,4991.58620425485,955,1
1049992,48351120,3,119,05:31:55,-79.299785,43.731343,3792,22,1e-12,0,4991.58620425485,955,1
1049992,48351120,3,120,05:31:59,-79.299856,43.731523,,,21.3959652829593,20.8355102073997,5012.42171446225,958.505700058617,1
1049992,48351120,3,121,05:32:09,-79.3000759980311,43.732059000211,,,21.3959652829593,62.2361308900355,5074.65784535229,968.977303851252,1
1049992,48351120,3,122,05:32:19,-79.300296,43.732595,,,21.3959652829593,62.2361308871529,5136.89397623944,979.448907643402,1
1049992,48351120,3,123,05:32:29,-79.300493,43.73309,,,21.3959652829593,57.3362946098089,5194.23027084925,989.096084476303,1
1049992,48351120,3,124,05:32:38,-79.3006854985374,43.7335450001615,,,21.3959652829593,52.9642113181339,5247.19448216739,998.007631967789,1
1049992,48351120,3,125,05:32:47,-79.300878,43.734,,,21.3959652829593,52.9642113175543,5300.15869348494,1006.91917945918,1
1049992,48351120,3,126,05:32:56,-79.301045,43.734459,,,21.3959652829593,52.8317916276568,5352.9904851126,1015.80844654034,1
1049992,48351120,3,127,05:33:04,-79.301236,43.734874,14645,23,21.3959652829593,48.6850537323107,5401.67553884491,1024,1
1049992,48351120,3,128,05:33:04,-79.301236,43.734874,14645,23,1e-12,0,5401.67553884491,1024,1
1049992,48351120,3,129,05:33:16,-79.3014894973881,43.7354910002801,,,22.4285294081474,71.646691164969,5473.32223000988,1035.50000000001,1
1049992,48351120,3,130,05:33:27,-79.301743,43.736108,7095,24,22.4285294081474,71.6466911648619,5544.96892117474,1047,1
1049992,48351120,3,131,05:33:27,-79.301743,43.736108,7095,24,1e-12,0,5544.96892117474,1047,1
1049992,48351120,3,132,05:33:41,-79.3020114970719,43.7367610003143,,,20.2217883193753,75.8317061980048,5620.80062737274,1060.50000000006,1
1049992,48351120,3,133,05:33:54,-79.30228,43.737414,9815,25,20.2217883193753,75.8317061973096,5696.63233357005,1074,1
1049992,48351120,3,134,05:33:54,-79.30228,43.737414,9815,25,1e-12,0,5696.63233357005,1074,1
1049992,48351120,3,135,05:34:06,-79.3025219975791,43.7380130002553,,,20.4873492521242,69.4630503296634,5766.09538389972,1086.20592171829,1
1049992,48351120,3,136,05:34:18,-79.302764,43.738612,,,20.4873492521242,69.4630503303859,5835.5584342301,1098.41184343672,1
1049992,48351120,3,137,05:34:34,-79.303101,43.739351,,,20.4873492521242,86.6151644757741,5922.17359870588,1113.63170366731,1
1049992,48351120,3,138,05:34:49,-79.303397,43.740107,2083,26,20.4873492521242,87.4599039938519,6009.63350269973,1129,1
1049992,48351120,3,139,05:34:49,-79.303397,43.740107,2083,26,1e-12,0,6009.63350269973,1129,1
1049992,48351120,3,140,05:35:01,-79.3036154979782,43.7406610002081,,,19.0452147855212,64.1258381242958,6073.75934082402,1141.12131340325,1
1049992,48351120,3,141,05:35:13,-79.303834,43.741215,,,19.0452147855212,64.1258381291951,6137.88517895322,1153.24262680742,1
1049992,48351120,3,142,05:35:29,-79.304132,43.741945,,,19.0452147855212,84.7237005457774,6222.608879499,1169.25742765895,1
1049992,48351120,3,143,05:35:40,-79.304334498324,43.7424405001788,,,19.0452147855212,57.5127722555688,6280.12165175456,1180.12871382987,1
1049992,48351120,3,144,05:35:51,-79.304537,43.742936,2379,27,19.0452147855212,57.5127722513612,6337.63442400593,1191,1
1049992,48351120,3,145,05:35:51,-79.304537,43.742936,2379,27,1e-12,0,6337.63442400593,1191,1
1049992,48351120,3,146,05:35:56,-79.304645,43.743242,,,25.7275183235787,35.153664773022,6372.78808877895,1195.91898175297,1
1049992,48351120,3,147,05:36:04,-79.3048369984974,43.7437105001607,,,25.7275183235787,54.3909680639938,6427.17905684294,1203.52980074327,1
1049992,48351120,3,148,05:36:11,-79.305029,43.744179,,,25.7275183235787,54.3909680664748,6481.57002490942,1211.14061973392,1
1049992,48351120,3,149,05:36:20,-79.305239,43.744719,,,25.7275183235787,62.4398233701198,6544.00984827954,1219.87769889193,1
1049992,48351120,3,150,05:36:28,-79.305451,43.745233,,,25.7275183235787,59.7042194045413,6603.71406768408,1228.23199047782,1
1049992,48351120,3,151,05:36:36,-79.305633,43.745719,,,25.7275183235787,56.0461341473591,6659.76020183144,1236.07441353599,1
1049992,48351120,3,152,05:36:44,-79.305837,43.746206,3883,28,25.7275183235787,56.6404641605099,6716.40066599195,1244,1
1049992,48351120,3,153,05:36:44,-79.305837,43.746206,3883,28,1e-12,0,6716.40066599195,1244,1
1049992,48351120,3,154,05:36:53,-79.306075,43.746817,,,28.1304406725178,70.6577906181907,6787.05845661014,1253.04244797253,1
1049992,48351120,3,155,05:36:59,-79.306239,43.747241,,,28.1304406725178,49.0073848003731,6836.06584141051,1259.31417998466,1
1049992,48351120,3,156,05:37:07,-79.3064539981232,43.7477635002015,,,28.1304406725178,60.679712780566,6896.74555419108,1267.07968101442,1
1049992,48351120,3,157,05:37:15,-79.306669,43.748286,,,28.1304406725178,60.6797127820202,6957.4252669731,1274.84518204437,1
1049992,48351120,3,158,05:37:23,-79.3068909979619,43.7488355002149,3876,29,28.1304406725178,63.7218396377929,7021.14710661089,1283,1
1049992,48351120,3,159,05:37:23,-79.3068909979619,43.7488355002149,3876,29,1e-12,0,7021.14710661089,1283,1
1049992,48351120,3,160,05:37:31,-79.307113,43.749385,,,27.7211234914816,63.7218396345476,7084.86894624544,1291.27522819394,1
1049992,48351120,3,161,05:37:39,-79.307329,43.749908,,,27.7211234914816,60.755852960592,7145.62479920603,1299.16527892458,1
1049992,48351120,3,162,05:37:40,-79.307348,43.749953,,,27.7211234914816,5.2371931008875,7150.86199230692,1299.84540630719,1
1049992,48351120,3,163,05:37:43,-79.307427,43.750187,,,27.7211234914816,26.8121969491629,7177.67418925608,1303.32736868316,1
1049992,48351120,3,164,05:37:46,-79.307503,43.750367,,,27.7211234914816,20.9487620807241,7198.6229513368,1306.04787687301,1
1049992,48351120,3,165,05:37:51,-79.307639,43.750691,,,27.7211234914816,37.6890415786227,7236.31199291543,1310.94235922416,1
1049992,48351120,3,166,05:37:59,-79.307866,43.751247,,,27.7211234914816,64.5291599181636,7300.84115283359,1319.32242995891,1
1049992,48351120,3,167,05:38:04,-79.307989,43.751547,,,27.7211234914816,34.8296771166853,7335.67082995027,1323.84558132609,1
1049992,48351120,3,168,05:38:12,-79.3082124978975,43.7521100002178,,,27.7211234914816,65.1987081880287,7400.8695381383,1332.31260285748,1
1049992,48351120,3,169,05:38:21,-79.308436,43.752673,,,27.7211234914816,65.1987081909505,7466.06824632925,1340.77962438926,1
1049992,48351120,3,170,05:38:28,-79.308641,43.75315,6650,30,27.7211234914816,55.5991455444972,7521.66739187375,1348,1
1049992,48351120,3,171,05:38:28,-79.308641,43.75315,6650,30,1e-12,0,7521.66739187375,1348,1
1049992,48351120,3,172,05:38:35,-79.308838998301,43.7536635001709,,,28.787777296136,59.3382771437481,7581.0056690175,1355.42043387095,1
1049992,48351120,3,173,05:38:43,-79.309037,43.754177,,,28.787777296136,59.3382771468557,7640.34394616435,1362.84086774228,1
1049992,48351120,3,174,05:38:55,-79.309378,43.755015,5564,31,28.787777296136,97.2317754304163,7737.57572159477,1375,1
1049992,48351120,3,175,05:38:55,-79.309378,43.755015,5564,31,1e-12,0,7737.57572159477,1375,1
1049992,48351120,3,176,05:39:03,-79.3095549986409,43.7554745001366,,,24.9879936956366,53.09426671926,7790.66998831403,1382.64924797555,1
1049992,48351120,3,177,05:39:10,-79.309732,43.755934,,,24.9879936956366,53.0942667175248,7843.76425503156,1390.29849595084,1
1049992,48351120,3,178,05:39:22,-79.31002,43.756627,,,24.9879936956366,80.5449326950965,7924.30918772665,1401.90253912591,1
1049992,48351120,3,179,05:39:27,-79.310139,43.756933,1850,32,24.9879936956366,35.3820333848892,7959.69122111154,1407,1
1049992,48351120,3,180,05:39:27,-79.310139,43.756933,1850,32,1e-12,0,7959.69122111154,1407,1
1049992,48351120,3,181,05:39:28,-79.310153,43.757023,,,29.387408306696,10.081792030927,7969.77301314247,1408.23503409802,1
1049992,48351120,3,182,05:39:29,-79.310174,43.757104,,,29.387408306696,9.17360666020084,7978.94661980267,1409.35881417526,1
1049992,48351120,3,183,05:39:31,-79.310193,43.757213,,,29.387408306696,12.229614293696,7991.17623409637,1410.85695960537,1
1049992,48351120,3,184,05:39:33,-79.310194,43.757348,,,29.387408306696,15.0283463338713,8006.20458043024,1412.69795375624,1
1049992,48351120,3,185,05:39:35,-79.310158,43.757483,,,29.387408306696,15.3043442271807,8021.50892465742,1414.57275804803,1
1049992,48351120,3,186,05:39:37,-79.310111,43.757635,,,29.387408306696,17.3374117088545,8038.84633636627,1416.69661604532,1
1049992,48351120,3,187,05:39:41,-79.310043,43.75795,,,29.387408306696,35.4893135479235,8074.3356499142,1421.04410825828,1
1049992,48351120,3,188,05:39:44,-79.310016,43.758175,,,29.387408306696,25.1407859403585,8099.47643585455,1424.12389087949,1
1049992,48351120,3,189,05:39:46,-79.309996,43.758337,,,29.387408306696,18.1053088411818,8117.58174469574,1426.34181738556,1
1049992,48351120,3,190,05:39:49,-79.310029,43.758517,,,29.387408306696,20.2124104711716,8137.79415516691,1428.81786688734,1
1049992,48351120,3,191,05:39:51,-79.310079,43.75868,,,29.387408306696,18.5850713293353,8156.37922649624,1431.09456499175,1
1049992,48351120,3,192,05:39:56,-79.310188,43.759031,619,33,29.387408306696,40.0438948636837,8196.42312135993,1436,1
1049992,48351120,3,193,05:39:56,-79.310188,43.759031,619,33,1e-12,0,8196.42312135993,1436,1
1049992,48351120,3,194,05:40:04,-79.3103734986514,43.75946600015,,,21.9510842615832,50.6687048331863,8247.09182619311,1444.30971879228,1
1049992,48351120,3,195,05:40:13,-79.310559,43.759901,,,21.9510842615832,50.6687048375952,8297.76053103071,1452.61943758529,1
1049992,48351120,3,196,05:40:14,-79.310598,43.76,,,21.9510842615832,11.4580198667184,8309.21855089743,1454.49856442152,1
1049992,48351120,3,197,05:40:27,-79.310879,43.760654,6442,34,21.9510842615832,76.2277960483554,8385.44634694578,1467,1
1049992,48351120,3,198,05:40:27,-79.310879,43.760654,6442,34,1e-12,0,8385.44634694578,1467,1
1049992,48351120,3,199,05:40:29,-79.310919,43.76075,,,25.2196385544568,11.1600756674496,8396.60642261323,1468.59305504383,1
1049992,48351120,3,200,05:40:42,-79.311278,43.76156,,,25.2196385544568,94.6756586169553,8491.28208123019,1482.10761712945,1
1049992,48351120,3,201,05:40:44,-79.311313,43.761673,,,25.2196385544568,12.889993705774,8504.17207493596,1483.94761088038,1
1049992,48351120,3,202,05:40:48,-79.311407,43.761893,,,25.2196385544568,25.6298217944631,8529.80189673042,1487.60616285608,1
1049992,48351120,3,203,05:40:53,-79.31155,43.76224,,,25.2196385544568,40.3024500824102,8570.10434681283,1493.3591723603,1
1049992,48351120,3,204,05:40:56,-79.311613,43.762388,,,25.2196385544568,17.2362731380171,8587.34061995085,1495.81957967989,1
1049992,48351120,3,205,05:40:58,-79.311661,43.762511,,,25.2196385544568,14.2257203795919,8601.56634033044,1497.85024293686,1
1049992,48351120,3,206,05:41:07,-79.311897,43.763061,9626,35,25.2196385544568,64.0982127759695,8665.66455310641,1507,1
1049992,48351120,3,207,05:41:07,-79.311897,43.763061,9626,35,1e-12,0,8665.66455310641,1507,1
1049992,48351120,3,208,05:41:10,-79.311975,43.763217,,,19.1327952090092,18.463369091708,8684.12792219812,1510.47404171759,1
1049992,48351120,3,209,05:41:19,-79.312142,43.763609,,,19.1327952090092,45.6559527831234,8729.78387498124,1519.06460196891,1
1049992,48351120,3,210,05:41:26,-79.312264,43.763917,,,19.1327952090092,35.6617063770078,8765.44558135825,1525.77465878783,1
1049992,48351120,3,211,05:41:29,-79.312318,43.764055,,,19.1327952090092,15.9637296157439,8781.409310974,1528.77837183597,1
1049992,48351120,3,212,05:41:44,-79.3113335036782,43.7642785042252,,,19.1327952090092,82.9662524665226,8864.37556344052,1544.38918591811,1
1049992,48351120,3,213,05:42:00,-79.310349,43.764502,5966,37,19.1327952090092,82.9662524651963,8947.34181590571,1560,1
1049992,48351120,3,214,05:42:00,-79.310349,43.764502,5966,37,1e-12,0,8947.34181590571,1560,1
1049992,48351120,3,215,,-79.310693,43.765318,,,,94.953248705214,9042.29506461093,,1
1049992,48351180,3,1,05:40:00,-79.287969,43.691325,3960,1,1e-12,0,0,0,2
1049992,48351180,3,2,05:40:00,-79.287969,43.691325,3960,1,1e-12,0,0,0,2
1049992,48351180,3,3,05:40:05,-79.288358,43.691232,,,21.6866241325936,32.9785182390094,32.9785182390094,5.47446504050399,2
1049992,48351180,3,4,05:40:14,-79.288533,43.691675,,,21.6866241325936,51.2868458532598,84.2653640922691,13.9881296820304,2
1049992,48351180,3,5,05:40:14,-79.288538,43.691686,,,21.6866241325936,1.28895599379054,85.5543200860597,14.2020975891272,2
1049992,48351180,3,6,05:40:22,-79.288696,43.692087,,,21.6866241325936,46.4153891571392,131.969709243199,21.9070958380048,2
1049992,48351180,3,7,05:40:37,-79.289022,43.692869,5105,2,21.6866241325936,90.9205943417907,222.89030358499,37,2
1049992,48351180,3,8,05:40:37,-79.289022,43.692869,5105,2,1e-12,0,222.89030358499,37,2
1049992,48351180,3,9,05:40:56,-79.288087,43.69306,,,14.448686589924,78.2037817057471,301.094085290737,56.4850661607555,2
1049992,48351180,3,10,05:40:57,-79.288048,43.693069,,,14.448686589924,3.29509918921198,304.389184479949,57.3060651496488,2
1049992,48351180,3,11,05:40:59,-79.287953,43.693089,,,14.448686589924,7.96404371690964,312.353228196858,59.290367127717,2
1049992,48351180,3,12,05:41:14,-79.287236,43.693243,,,14.448686589924,60.2033736268636,372.556601823722,74.2904949045802,2
1049992,48351180,3,13,05:41:21,-79.286899,43.693317,,,14.448686589924,28.3481855411687,400.904787364891,81.353660633386,2
1049992,48351180,3,14,05:41:36,-79.2862,43.69347,7541,3,14.448686589924,58.7834353327421,459.688222697633,96,2
1049992,48351180,3,15,05:41:36,-79.2862,43.69347,7541,3,1e-12,0,459.688222697633,96,2
1049992,48351180,3,16,05:41:49,-79.285162,43.693704,,,24.5953253181497,87.514149620448,547.202372318081,108.809382862732,2
1049992,48351180,3,17,05:42:02,-79.28408,43.693943,,,24.5953253181497,91.0619864519455,638.264358770026,122.138060039654,2
1049992,48351180,3,18,05:42:13,-79.284338,43.694583,3939,4,24.5953253181497,74.2091519197,712.473510689726,133,2
1049992,48351180,3,19,05:42:13,-79.284338,43.694583,3939,4,1e-12,0,712.473510689726,133,2
1049992,48351180,3,20,05:42:25,-79.284589,43.695143,,,19.1598971313795,65.5307027920547,778.004213481781,145.312724250749,2
1049992,48351180,3,21,05:42:34,-79.284758,43.695527,,,19.1598971313795,44.8586649462829,822.862878428064,153.741328679013,2
1049992,48351180,3,22,05:42:36,-79.284805,43.695635,,,19.1598971313795,12.6035953065448,835.466473734609,156.109449070915,2
1049992,48351180,3,23,05:42:46,-79.285007,43.696092,,,19.1598971313795,53.4077736001522,888.874247334761,166.144366463329,2
1049992,48351180,3,24,05:42:50,-79.285078,43.696253,,,19.1598971313795,18.8114043769314,907.685651711692,169.678887306139,2
1049992,48351180,3,25,05:42:50,-79.285089,43.696278,,,19.1598971313795,2.92041828430803,910.606069996,170.227611850504,2
1049992,48351180,3,26,05:43:06,-79.285399,43.696998,5411,5,19.1598971313795,83.9437040168126,994.549774012813,186,2
1049992,48351180,3,27,05:43:06,-79.285399,43.696998,5411,5,1e-12,0,994.549774012813,186,2
1049992,48351180,3,28,05:43:10,-79.285474,43.697169,,,16.607697181572,19.9697887775054,1014.51956279032,190.328790368287,2
1049992,48351180,3,29,05:43:22,-79.285665,43.697617,,,16.607697181572,52.1865964654769,1066.70615925579,201.641120140544,2
1049992,48351180,3,30,05:43:28,-79.285772,43.697866,,,16.607697181572,29.025504565686,1095.73166382148,207.932890474146,2
1049992,48351180,3,31,05:43:41,-79.285995,43.698392,,,16.607697181572,61.242926493106,1156.97459031459,221.208333358535,2
1049992,48351180,3,32,05:43:59,-79.286295,43.699076,,,16.607697181572,79.8789542178948,1236.85354453248,238.523451284909,2
1049992,48351180,3,33,05:44:12,-79.286509,43.699595,,,16.607697181572,60.2873158549817,1297.14086038746,251.591749358091,2
1049992,48351180,3,34,05:44:24,-79.286729,43.700084,997,6,16.607697181572,57.2423525594089,1354.38321294687,264,2
1049992,48351180,3,35,05:44:24,-79.286729,43.700084,997,6,1e-12,0,1354.38321294687,264,2
1049992,48351180,3,36,05:44:41,-79.287051,43.700868,,,19.7016639595104,91.0406191045334,1445.42383205141,280.635459291656,2
1049992,48351180,3,37,05:44:54,-79.287325,43.701472,,,19.7016639595104,70.7606179714976,1516.1844500229,293.56524152837,2
1049992,48351180,3,38,05:44:55,-79.287337,43.701542,2345,7,19.7016639595104,7.85198035308609,1524.03643037599,295,2
1049992,48351180,3,39,05:44:55,-79.287337,43.701542,2345,7,1e-12,0,1524.03643037599,295,2
1049992,48351180,3,40,05:45:05,-79.2875954974345,43.7021370002913,,,24.9931035455067,69.4252876251177,1593.46171800111,304.999999999814,2
1049992,48351180,3,41,05:45:15,-79.287854,43.702732,7365,8,24.9931035455067,69.4252876276974,1662.8870056288,315,2
1049992,48351180,3,42,05:45:15,-79.287854,43.702732,7365,8,1e-12,0,1662.8870056288,315,2
1049992,48351180,3,43,05:45:18,-79.287909,43.702874,,,18.691372964928,16.4153653923162,1679.30237102112,318.161635879998,2
1049992,48351180,3,44,05:45:36,-79.288259,43.703681,,,18.691372964928,94.1469732846126,1773.44934430573,336.294552304092,2
1049992,48351180,3,45,05:45:52,-79.288562,43.70438,4718,9,18.691372964928,81.5434390181646,1854.9927833239,352,2
1049992,48351180,3,46,05:45:52,-79.288562,43.70438,4718,9,1e-12,0,1854.9927833239,352,2
1049992,48351180,3,47,05:45:57,-79.288663,43.70461,,,19.2750584577001,26.8626350942694,1881.85541841817,357.017130638104,2
1049992,48351180,3,48,05:46:15,-79.289,43.705433,,,19.2750584577001,95.5455566008507,1977.40097501902,374.862161018577,2
1049992,48351180,3,49,05:46:25,-79.2892094983924,43.7058930001913,,,19.2750584577001,53.910836607747,2031.31181162677,384.931080509214,2
1049992,48351180,3,50,05:46:35,-79.289419,43.706353,9936,10,19.2750584577001,53.9108366085509,2085.22264823532,395,2
1049992,48351180,3,51,05:46:35,-79.289419,43.706353,9936,10,1e-12,0,2085.22264823532,395,2
1049992,48351180,3,52,05:46:38,-79.289473,43.706485,,,17.9215929212483,15.3232453157833,2100.5458935511,398.078056921571,2
1049992,48351180,3,53,05:46:52,-79.28972,43.707065,,,17.9215929212483,67.5555304076548,2168.10142395875,411.648274174927,2
1049992,48351180,3,54,05:47:03,-79.289918,43.707545,,,17.9215929212483,55.7583107684565,2223.85973472721,422.848724918815,2
1049992,48351180,3,55,05:47:22,-79.290269,43.708363,7624,11,17.9215929212483,95.339265535514,2319.19900026272,442,2
1049992,48351180,3,56,05:47:22,-79.290269,43.708363,7624,11,1e-12,0,2319.19900026272,442,2
1049992,48351180,3,57,05:47:39,-79.290574,43.709068,,,17.8290885339957,82.2283637857198,2401.42736404844,458.603322658034,2
1049992,48351180,3,58,05:47:51,-79.290812,43.709592,7183,12,17.8290885339957,61.3948494048018,2462.82221345325,471,2
1049992,48351180,3,59,05:47:51,-79.290812,43.709592,7183,12,1e-12,0,2462.82221345325,471,2
1049992,48351180,3,60,05:47:58,-79.29093,43.709851,,,14.7700390503968,30.3550222083926,2493.17723566164,478.398631755634,2
1049992,48351180,3,61,05:48:22,-79.291291,43.710688,,,14.7700390503968,97.5975527904015,2590.77478845204,502.18673338804,2
1049992,48351180,3,62,05:48:32,-79.291443,43.711039,,,14.7700390503968,40.9426756819155,2631.71746413396,512.16596444843,2
1049992,48351180,3,63,05:48:45,-79.2916309986292,43.7114760001541,,,14.7700390503968,50.9443992900076,2682.66186342396,524.582982224635,2
1049992,48351180,3,64,05:48:57,-79.291819,43.711913,2274,13,14.7700390503968,50.9443992865577,2733.60626271052,537,2
1049992,48351180,3,65,05:48:57,-79.291819,43.711913,2274,13,1e-12,0,2733.60626271052,537,2
1049992,48351180,3,66,05:49:16,-79.29215,43.712697,,,17.4173119907736,91.2479015175708,2824.85416422809,555.860111459063,2
1049992,48351180,3,67,05:49:36,-79.292496,43.713516,,,17.4173119907736,95.3266037372313,2920.18076796532,575.563253576275,2
1049992,48351180,3,68,05:49:40,-79.292588,43.713697,5247,14,17.4173119907736,21.4656101905486,2941.64637815587,580,2
1049992,48351180,3,69,05:49:40,-79.292588,43.713697,5247,14,1e-12,0,2941.64637815587,580,2
1049992,48351180,3,70,05:49:55,-79.292849,43.714345,,,18.4946585406662,75.1297653571597,3016.77614351303,594.624068602893,2
1049992,48351180,3,71,05:50:13,-79.293191,43.715174,,,18.4946585406662,96.2991334376953,3113.07527695073,613.368771545822,2
1049992,48351180,3,72,05:50:25,-79.2933994982603,43.7156740001895,,,18.4946585406662,58.1328948087122,3171.20817175944,624.684385773097,2
1049992,48351180,3,73,05:50:36,-79.293608,43.716174,15263,15,18.4946585406662,58.1328948067964,3229.34106656624,636,2
1049992,48351180,3,74,05:50:36,-79.293608,43.716174,15263,15,1e-12,0,3229.34106656624,636,2
1049992,48351180,3,75,05:50:50,-79.2938444976891,43.7167595002438,,,16.8736572334773,67.8983793956794,3297.23944596192,650.486140286143,2
1049992,48351180,3,76,05:51:05,-79.294081,43.717345,,,16.8736572334773,67.898379397151,3365.13782535907,664.9722805726,2
1049992,48351180,3,77,05:51:13,-79.294231,43.717651,,,16.8736572334773,36.138474784782,3401.27630014385,672.682435367442,2
1049992,48351180,3,78,05:51:24,-79.2944159986507,43.7180880001492,,,16.8736572334773,50.8727612940833,3452.14906143793,683.536154755279,2
1049992,48351180,3,79,05:51:34,-79.294601,43.718525,,,16.8736572334773,50.872761295843,3503.02182273377,694.389874143491,2
1049992,48351180,3,80,05:51:54,-79.294924,43.719317,1530,16,16.8736572334773,91.9151505578037,3594.93697329158,714,2
1049992,48351180,3,81,05:51:54,-79.294924,43.719317,1530,16,1e-12,0,3594.93697329158,714,2
1049992,48351180,3,82,05:52:04,-79.295151,43.719822,,,21.2753760710181,59.1085188227903,3654.04549211437,724.001734730881,2
1049992,48351180,3,83,05:52:21,-79.295517,43.720678,,,21.2753760710181,99.7353697411635,3753.78086185553,740.877926713089,2
1049992,48351180,3,84,05:52:37,-79.295861,43.721497,946,17,21.2753760710181,95.2786589509846,3849.05952080652,757,2
1049992,48351180,3,85,05:52:37,-79.295861,43.721497,946,17,1e-12,0,3849.05952080652,757,2
1049992,48351180,3,86,05:52:46,-79.2960379987222,43.7219295001366,,,20.1861945700174,50.2073561192622,3899.26687692578,765.95396511722,2
1049992,48351180,3,87,05:52:55,-79.296215,43.722362,,,20.1861945700174,50.2073561212982,3949.47423304708,774.907930234802,2
1049992,48351180,3,88,05:53:04,-79.2964064985744,43.7228080001599,,,20.1861945700174,51.9838568885537,4001.45808993563,784.178715976497,2
1049992,48351180,3,89,05:53:13,-79.296598,43.723254,,,20.1861945700174,51.9838568879007,4053.44194682353,793.449501718076,2
1049992,48351180,3,90,05:53:26,-79.2968584973757,43.7238575002958,2862,18,20.1861945700174,70.3741111859993,4123.81605800953,806,2
1049992,48351180,3,91,05:53:26,-79.2968584973757,43.7238575002958,2862,18,1e-12,0,4123.81605800953,806,2
1049992,48351180,3,92,05:53:37,-79.297119,43.724461,,,23.6558366587662,70.3741111861318,4194.19016919566,816.709695198043,2
1049992,48351180,3,93,05:53:43,-79.297274,43.72483,,,23.6558366587662,42.927789124866,4237.11795832053,823.242545550315,2
1049992,48351180,3,94,05:53:48,-79.297389,43.725092,,,23.6558366587662,30.5978194388639,4267.71577775939,827.898992564591,2
1049992,48351180,3,95,05:53:52,-79.297479,43.725321,,,23.6558366587662,26.5003898446167,4294.21616760401,831.931883255239,2
1049992,48351180,3,96,05:53:54,-79.2975,43.725448,,,23.6558366587662,14.2381533700754,4308.45432097408,834.098678404853,2
1049992,48351180,3,97,05:53:56,-79.29751,43.72556,5594,19,23.6558366587662,12.4937091918309,4320.94803016592,836,2
1049992,48351180,3,98,05:53:56,-79.29751,43.72556,5594,19,1e-12,0,4320.94803016592,836,2
1049992,48351180,3,99,05:53:58,-79.297515,43.725651,,,17.893127123817,10.1380560797429,4331.08608624566,838.03972182361,2
1049992,48351180,3,100,05:54:01,-79.297505,43.725772,,,17.893127123817,13.4936596126047,4344.57974585826,840.754572853798,2
1049992,48351180,3,101,05:54:04,-79.297532,43.725915,,,17.893127123817,16.066185766328,4360.64593162459,843.987002174763,2
1049992,48351180,3,102,05:54:07,-79.297579,43.726029,,,17.893127123817,13.241687663189,4373.88761928778,846.651157817184,2
1049992,48351180,3,103,05:54:15,-79.297728,43.726379,,,17.893127123817,40.7639007708692,4414.65152005865,854.852633264133,2
1049992,48351180,3,104,05:54:22,-79.297841,43.726686,,,17.893127123817,35.3633854498086,4450.01490550846,861.967554358605,2
1049992,48351180,3,105,05:54:29,-79.297982,43.726983,9511,20,17.893127123817,34.9534566257805,4484.96836213424,869,2
1049992,48351180,3,106,05:54:29,-79.297982,43.726983,9511,20,1e-12,0,4484.96836213424,869,2
1049992,48351180,3,107,05:54:34,-79.2981,43.727226,,,22.7407383768086,28.667792021856,4513.63615415609,873.538289371639,2
1049992,48351180,3,108,05:54:45,-79.2983574972121,43.727874500289,,,22.7407383768086,75.1037117023775,4588.73986585847,885.427672981288,2
1049992,48351180,3,109,05:54:57,-79.298615,43.728523,,,22.7407383768086,75.103711701408,4663.84357755988,897.317056590784,2
1049992,48351180,3,110,05:55:06,-79.298824,43.728992,2955,21,22.7407383768086,54.8490401137796,4718.69261767366,906,2
1049992,48351180,3,111,05:55:06,-79.298824,43.728992,2955,21,1e-12,0,4718.69261767366,906,2
1049992,48351180,3,112,05:55:15,-79.298994,43.729421,,,20.0493247284143,49.6754141818184,4768.36803185548,914.919576767646,2
1049992,48351180,3,113,05:55:27,-79.299235,43.729997,,,20.0493247284143,66.9865697304226,4835.3546015859,926.947495627564,2
1049992,48351180,3,114,05:55:30,-79.299304,43.730163,,,20.0493247284143,19.2945900957729,4854.64919168167,930.411977613151,2
1049992,48351180,3,115,05:55:32,-79.299329,43.730225,,,20.0493247284143,7.18881490735656,4861.83800658903,931.70278087047,2
1049992,48351180,3,116,05:55:46,-79.299612,43.73092,,,20.0493247284143,80.64659929628,4942.48460588531,946.18345597546,2
1049992,48351180,3,117,05:55:48,-79.299643,43.730994,,,20.0493247284143,8.60678807857261,4951.09139396388,947.728866481927,2
1049992,48351180,3,118,05:55:55,-79.299785,43.731343,3792,22,20.0493247284143,40.4948102909718,4991.58620425485,955,2
1049992,48351180,3,119,05:55:55,-79.299785,43.731343,3792,22,1e-12,0,4991.58620425485,955,2
1049992,48351180,3,120,05:55:59,-79.299856,43.731523,,,21.3959652829593,20.8355102073997,5012.42171446225,958.505700058617,2
1049992,48351180,3,121,05:56:09,-79.3000759980311,43.732059000211,,,21.3959652829593,62.2361308900355,5074.65784535229,968.977303851252,2
1049992,48351180,3,122,05:56:19,-79.300296,43.732595,,,21.3959652829593,62.2361308871529,5136.89397623944,979.448907643402,2
1049992,48351180,3,123,05:56:29,-79.300493,43.73309,,,21.3959652829593,57.3362946098089,5194.23027084925,989.096084476303,2
1049992,48351180,3,124,05:56:38,-79.3006854985374,43.7335450001615,,,21.3959652829593,52.9642113181339,5247.19448216739,998.007631967789,2
1049992,48351180,3,125,05:56:47,-79.300878,43.734,,,21.3959652829593,52.9642113175543,5300.15869348494,1006.91917945918,2
1049992,48351180,3,126,05:56:56,-79.301045,43.734459,,,21.3959652829593,52.8317916276568,5352.9904851126,1015.80844654034,2
1049992,48351180,3,127,05:57:04,-79.301236,43.734874,14645,23,21.3959652829593,48.6850537323107,5401.67553884491,1024,2
1049992,48351180,3,128,05:57:04,-79.301236,43.734874,14645,23,1e-12,0,5401.67553884491,1024,2
1049992,48351180,3,129,05:57:16,-79.3014894973881,43.7354910002801,,,22.4285294081474,71.646691164969,5473.32223000988,1035.50000000001,2
1049992,48351180,3,130,05:57:27,-79.301743,43.736108,7095,24,22.4285294081474,71.6466911648619,5544.96892117474,1047,2
1049992,48351180,3,131,05:57:27,-79.301743,43.736108,7095,24,1e-12,0,5544.96892117474,1047,2
1049992,48351180,3,132,05:57:41,-79.3020114970719,43.7367610003143,,,20.2217883193753,75.8317061980048,5620.80062737274,1060.50000000006,2
1049992,48351180,3,133,05:57:54,-79.30228,43.737414,9815,25,20.2217883193753,75.8317061973096,5696.63233357005,1074,2
1049992,48351180,3,134,05:57:54,-79.30228,43.737414,9815,25,1e-12,0,5696.63233357005,1074,2
1049992,48351180,3,135,05:58:06,-79.3025219975791,43.7380130002553,,,20.4873492521242,69.4630503296634,5766.09538389972,1086.20592171829,2
1049992,48351180,3,136,05:58:18,-79.302764,43.738612,,,20.4873492521242,69.4630503303859,5835.5584342301,1098.41184343672,2
1049992,48351180,3,137,05:58:34,-79.303101,43.739351,,,20.4873492521242,86.6151644757741,5922.17359870588,1113.63170366731,2
1049992,48351180,3,138,05:58:49,-79.303397,43.740107,2083,26,20.4873492521242,87.4599039938519,6009.63350269973,1129,2
1049992,48351180,3,139,05:58:49,-79.303397,43.740107,2083,26,1e-12,0,6009.63350269973,1129,2
1049992,48351180,3,140,05:59:01,-79.3036154979782,43.7406610002081,,,19.0452147855212,64.1258381242958,6073.75934082402,1141.12131340325,2
1049992,48351180,3,141,05:59:13,-79.303834,43.741215,,,19.0452147855212,64.1258381291951,6137.88517895322,1153.24262680742,2
1049992,48351180,3,142,05:59:29,-79.304132,43.741945,,,19.0452147855212,84.7237005457774,6222.608879499,1169.25742765895,2
1049992,48351180,3,143,05:59:40,-79.304334498324,43.7424405001788,,,19.0452147855212,57.5127722555688,6280.12165175456,1180.12871382987,2
1049992,48351180,3,144,05:59:51,-79.304537,43.742936,2379,27,19.0452147855212,57.5127722513612,6337.63442400593,1191,2
1049992,48351180,3,145,05:59:51,-79.304537,43.742936,2379,27,1e-12,0,6337.63442400593,1191,2
1049992,48351180,3,146,05:59:56,-79.304645,43.743242,,,25.7275183235787,35.153664773022,6372.78808877895,1195.91898175297,2
1049992,48351180,3,147,06:00:04,-79.3048369984974,43.7437105001607,,,25.7275183235787,54.3909680639938,6427.17905684294,1203.52980074327,2
1049992,48351180,3,148,06:00:11,-79.305029,43.744179,,,25.7275183235787,54.3909680664748,6481.57002490942,1211.14061973392,2
1049992,48351180,3,149,06:00:20,-79.305239,43.744719,,,25.7275183235787,62.4398233701198,6544.00984827954,1219.87769889193,2
1049992,48351180,3,150,06:00:28,-79.305451,43.745233,,,25.7275183235787,59.7042194045413,6603.71406768408,1228.23199047782,2
1049992,48351180,3,151,06:00:36,-79.305633,43.745719,,,25.7275183235787,56.0461341473591,6659.76020183144,1236.07441353599,2
1049992,48351180,3,152,06:00:44,-79.305837,43.746206,3883,28,25.7275183235787,56.6404641605099,6716.40066599195,1244,2
1049992,48351180,3,153,06:00:44,-79.305837,43.746206,3883,28,1e-12,0,6716.40066599195,1244,2
1049992,48351180,3,154,06:00:53,-79.306075,43.746817,,,28.1304406725178,70.6577906181907,6787.05845661014,1253.04244797253,2
1049992,48351180,3,155,06:00:59,-79.306239,43.747241,,,28.1304406725178,49.0073848003731,6836.06584141051,1259.31417998466,2
1049992,48351180,3,156,06:01:07,-79.3064539981232,43.7477635002015,,,28.1304406725178,60.679712780566,6896.74555419108,1267.07968101442,2
1049992,48351180,3,157,06:01:15,-79.306669,43.748286,,,28.1304406725178,60.6797127820202,6957.4252669731,1274.84518204437,2
1049992,48351180,3,158,06:01:23,-79.3068909979619,43.7488355002149,3876,29,28.1304406725178,63.7218396377929,7021.14710661089,1283,2
1049992,48351180,3,159,06:01:23,-79.3068909979619,43.7488355002149,3876,29,1e-12,0,7021.14710661089,1283,2
1049992,48351180,3,160,06:01:31,-79.307113,43.749385,,,27.7211234914816,63.7218396345476,7084.86894624544,1291.27522819394,2
1049992,48351180,3,161,06:01:39,-79.307329,43.749908,,,27.7211234914816,60.755852960592,7145.62479920603,1299.16527892458,2
1049992,48351180,3,162,06:01:40,-79.307348,43.749953,,,27.7211234914816,5.2371931008875,7150.86199230692,1299.84540630719,2
1049992,48351180,3,163,06:01:43,-79.307427,43.750187,,,27.7211234914816,26.8121969491629,7177.67418925608,1303.32736868316,2
1049992,48351180,3,164,06:01:46,-79.307503,43.750367,,,27.7211234914816,20.9487620807241,7198.6229513368,1306.04787687301,2
1049992,48351180,3,165,06:01:51,-79.307639,43.750691,,,27.7211234914816,37.6890415786227,7236.31199291543,1310.94235922416,2
1049992,48351180,3,166,06:01:59,-79.307866,43.751247,,,27.7211234914816,64.5291599181636,7300.84115283359,1319.32242995891,2
1049992,48351180,3,167,06:02:04,-79.307989,43.751547,,,27.7211234914816,34.8296771166853,7335.67082995027,1323.84558132609,2
1049992,48351180,3,168,06:02:12,-79.3082124978975,43.7521100002178,,,27.7211234914816,65.1987081880287,7400.8695381383,1332.31260285748,2
1049992,48351180,3,169,06:02:21,-79.308436,43.752673,,,27.7211234914816,65.1987081909505,7466.06824632925,1340.77962438926,2
1049992,48351180,3,170,06:02:28,-79.308641,43.75315,6650,30,27.7211234914816,55.5991455444972,7521.66739187375,1348,2
1049992,48351180,3,171,06:02:28,-79.308641,43.75315,6650,30,1e-12,0,7521.66739187375,1348,2
1049992,48351180,3,172,06:02:35,-79.308838998301,43.7536635001709,,,28.787777296136,59.3382771437481,7581.0056690175,1355.42043387095,2
1049992,48351180,3,173,06:02:43,-79.309037,43.754177,,,28.787777296136,59.3382771468557,7640.34394616435,1362.84086774228,2
1049992,48351180,3,174,06:02:55,-79.309378,43.755015,5564,31,28.787777296136,97.2317754304163,7737.57572159477,1375,2
1049992,48351180,3,175,06:02:55,-79.309378,43.755015,5564,31,1e-12,0,7737.57572159477,1375,2
1049992,48351180,3,176,06:03:03,-79.3095549986409,43.7554745001366,,,24.9879936956366,53.09426671926,7790.66998831403,1382.64924797555,2
1049992,48351180,3,177,06:03:10,-79.309732,43.755934,,,24.9879936956366,53.0942667175248,7843.76425503156,1390.29849595084,2
1049992,48351180,3,178,06:03:22,-79.31002,43.756627,,,24.9879936956366,80.5449326950965,7924.30918772665,1401.90253912591,2
1049992,48351180,3,179,06:03:27,-79.310139,43.756933,1850,32,24.9879936956366,35.3820333848892,7959.69122111154,1407,2
1049992,48351180,3,180,06:03:27,-79.310139,43.756933,1850,32,1e-12,0,7959.69122111154,1407,2
1049992,48351180,3,181,06:03:28,-79.310153,43.757023,,,29.387408306696,10.081792030927,7969.77301314247,1408.23503409802,2
1049992,48351180,3,182,06:03:29,-79.310174,43.757104,,,29.387408306696,9.17360666020084,7978.94661980267,1409.35881417526,2
1049992,48351180,3,183,06:03:31,-79.310193,43.757213,,,29.387408306696,12.229614293696,7991.17623409637,1410.85695960537,2
1049992,48351180,3,184,06:03:33,-79.310194,43.757348,,,29.387408306696,15.0283463338713,8006.20458043024,1412.69795375624,2
1049992,48351180,3,185,06:03:35,-79.310158,43.757483,,,29.387408306696,15.3043442271807,8021.50892465742,1414.57275804803,2
1049992,48351180,3,186,06:03:37,-79.310111,43.757635,,,29.387408306696,17.3374117088545,8038.84633636627,1416.69661604532,2
1049992,48351180,3,187,06:03:41,-79.310043,43.75795,,,29.387408306696,35.4893135479235,8074.3356499142,1421.04410825828,2
1049992,48351180,3,188,06:03:44,-79.310016,43.758175,,,29.387408306696,25.1407859403585,8099.47643585455,1424.12389087949,2
1049992,48351180,3,189,06:03:46,-79.309996,43.758337,,,29.387408306696,18.1053088411818,8117.58174469574,1426.34181738556,2
1049992,48351180,3,190,06:03:49,-79.310029,43.758517,,,29.387408306696,20.2124104711716,8137.79415516691,1428.81786688734,2
1049992,48351180,3,191,06:03:51,-79.310079,43.75868,,,29.387408306696,18.5850713293353,8156.37922649624,1431.09456499175,2
1049992,48351180,3,192,06:03:56,-79.310188,43.759031,619,33,29.387408306696,40.0438948636837,8196.42312135993,1436,2
1049992,48351180,3,193,06:03:56,-79.310188,43.759031,619,33,1e-12,0,8196.42312135993,1436,2
1049992,48351180,3,194,06:04:04,-79.3103734986514,43.75946600015,,,21.9510842615832,50.6687048331863,8247.09182619311,1444.30971879228,2
1049992,48351180,3,195,06:04:13,-79.310559,43.759901,,,21.9510842615832,50.6687048375952,8297.76053103071,1452.61943758529,2
1049992,48351180,3,196,06:04:14,-79.310598,43.76,,,21.9510842615832,11.4580198667184,8309.21855089743,1454.49856442152,2
1049992,48351180,3,197,06:04:27,-79.310879,43.760654,6442,34,21.9510842615832,76.2277960483554,8385.44634694578,1467,2
1049992,48351180,3,198,06:04:27,-79.310879,43.760654,6442,34,1e-12,0,8385.44634694578,1467,2
1049992,48351180,3,199,06:04:29,-79.310919,43.76075,,,25.2196385544568,11.1600756674496,8396.60642261323,1468.59305504383,2
1049992,48351180,3,200,06:04:42,-79.311278,43.76156,,,25.2196385544568,94.6756586169553,8491.28208123019,1482.10761712945,2
1049992,48351180,3,201,06:04:44,-79.311313,43.761673,,,25.2196385544568,12.889993705774,8504.17207493596,1483.94761088038,2
1049992,48351180,3,202,06:04:48,-79.311407,43.761893,,,25.2196385544568,25.6298217944631,8529.80189673042,1487.60616285608,2
1049992,48351180,3,203,06:04:53,-79.31155,43.76224,,,25.2196385544568,40.3024500824102,8570.10434681283,1493.3591723603,2
1049992,48351180,3,204,06:04:56,-79.311613,43.762388,,,25.2196385544568,17.2362731380171,8587.34061995085,1495.81957967989,2
1049992,48351180,3,205,06:04:58,-79.311661,43.762511,,,25.2196385544568,14.2257203795919,8601.56634033044,1497.85024293686,2
1049992,48351180,3,206,06:05:07,-79.311897,43.763061,9626,35,25.2196385544568,64.0982127759695,8665.66455310641,1507,2
1049992,48351180,3,207,06:05:07,-79.311897,43.763061,9626,35,1e-12,0,8665.66455310641,1507,2
1049992,48351180,3,208,06:05:10,-79.311975,43.763217,,,19.1327952090092,18.463369091708,8684.12792219812,1510.47404171759,2
1049992,48351180,3,209,06:05:19,-79.312142,43.763609,,,19.1327952090092,45.6559527831234,8729.78387498124,1519.06460196891,2
1049992,48351180,3,210,06:05:26,-79.312264,43.763917,,,19.1327952090092,35.6617063770078,8765.44558135825,1525.77465878783,2
1049992,48351180,3,211,06:05:29,-79.312318,43.764055,,,19.1327952090092,15.9637296157439,8781.409310974,1528.77837183597,2
1049992,48351180,3,212,06:05:44,-79.3113335036782,43.7642785042252,,,19.1327952090092,82.9662524665226,8864.37556344052,1544.38918591811,2
1049992,48351180,3,213,06:06:00,-79.310349,43.764502,5966,37,19.1327952090092,82.9662524651963,8947.34181590571,1560,2
1049992,48351180,3,214,06:06:00,-79.310349,43.764502,5966,37,1e-12,0,8947.34181590571,1560,2
1049992,48351180,3,215,,-79.310693,43.765318,,,,94.953248705214,9042.29506461093,,2
