shape_id,trip_id,route_type,id,timestamp,shape_pt_lon,shape_pt_lat,stop_id,stop_sequence,speed,dist,cumdist,cumtime,trip_number
1049158,48336825,3,1,,-79.536253,43.753283,,,1e-12,0,0,0,1
1049158,48336825,3,2,,-79.53556,43.753406,,,,57.3808057486744,57.3808057486744,,1
1049158,48336825,3,3,,-79.53452,43.753635,,,,87.4240070756899,144.804812824364,,1
1049158,48336825,3,4,,-79.5336375028535,43.753828503395,,,,74.157407843993,218.962220668357,,1
1049158,48336825,3,5,,-79.532755,43.754022,,,,74.1574078401027,293.11962850846,,1
1049158,48336825,3,6,,-79.5318245031642,43.7542255037743,,,,78.1734792356124,371.293107744072,,1
1049158,48336825,3,7,,-79.530894,43.754429,,,,78.1734792352644,449.466586979337,,1
1049158,48336825,3,8,,-79.530747,43.754461,,,,12.3449806164424,461.811567595779,,1
1049158,48336825,3,9,,-79.530553,43.754502,,,,16.2529844318177,478.064552027597,,1
1049158,48336825,3,10,,-79.530408,43.754534,,,,12.191081482425,490.255633510022,,1
1049158,48336825,3,11,,-79.5294630032768,43.7547415038929,,,,79.4178181808614,569.673451690883,,1
1049158,48336825,3,12,,-79.528518,43.754949,,,,79.4178181827917,649.091269873675,,1
1049158,48336825,3,13,,-79.5277065024138,43.7551270028707,,,,68.1920376532911,717.283307526966,,1
1049158,48336825,3,14,,-79.526895,43.755305,,,,68.1920376529526,785.475345179919,,1
1049158,48336825,3,15,,-79.5262402550551,43.7554590056063,,,,55.3664904661373,840.841835646056,,1
1049158,48336825,3,16,,-79.5255855067401,43.7556130074751,,,,55.3664904631767,896.208326109233,,1
1049158,48336825,3,17,,-79.524930755055,43.7557670056064,,,,55.3664904640168,951.574816573249,,1
1049158,48336825,3,18,04:34:32,-79.524276,43.755921,8505,1,,55.3664904651098,1006.94130703836,,1
1049158,48336825,3,19,04:34:32,-79.524276,43.755921,8505,1,1e-12,0,1006.94130703836,0,1
1049158,48336825,3,20,04:34:44,-79.5233865031142,43.756130503449,,,23.1184746958111,75.2265170754967,1082.16782411386,11.7142443450587,1
1049158,48336825,3,21,04:34:55,-79.522497,43.75634,,,23.1184746958111,75.2265170766066,1157.39434119046,23.4284886902903,1
1049158,48336825,3,22,04:35:07,-79.5215940028974,43.7565320035545,,,23.1184746958111,75.6857482999957,1233.08008949046,35.2142443452408,1
1049158,48336825,3,23,04:35:19,-79.520691,43.756724,8447,2,23.1184746958111,75.6857482987677,1308.76583778923,47,1
1049158,48336825,3,24,04:35:19,-79.520691,43.756724,8447,2,1e-12,0,1308.76583778923,47,1
1049158,48336825,3,25,04:35:35,-79.51954,43.756997,,,22.2499859150023,97.4070686039362,1406.17290639316,62.7602547845988,1
1049158,48336825,3,26,04:35:38,-79.519321,43.75704,,,22.2499859150023,18.2474497921661,1424.42035618533,65.7126530244334,1
1049158,48336825,3,27,04:35:43,-79.518956,43.757122,,,22.2499859150023,30.7341899565031,1455.15454614183,70.6853790417029,1
1049158,48336825,3,28,04:35:48,-79.518553,43.757155,,,22.2499859150023,32.6102226177576,1487.76476875959,75.9616431199094,1
1049158,48336825,3,29,04:35:54,-79.518067,43.757202,,,22.2499859150023,39.4248310437163,1527.18959980331,82.3404962256851,1
1049158,48336825,3,30,04:35:59,-79.517721,43.757227,,,22.2499859150023,27.9584633879016,1555.14806319121,86.8641156374431,1
1049158,48336825,3,31,04:36:09,-79.516949,43.757303,4791,3,22.2499859150023,62.6453567508287,1617.79341994204,97,1
1049158,48336825,3,32,04:36:09,-79.516949,43.757303,4791,3,1e-12,0,1617.79341994204,97,1
1049158,48336825,3,33,04:36:11,-79.516779,43.757331,,,23.583511611408,14.0194570489212,1631.81287699096,99.1400564177094,1
1049158,48336825,3,34,04:36:15,-79.516435,43.757379,,,23.583511611408,28.1701434656954,1659.98302045665,103.440201287884,1
1049158,48336825,3,35,04:36:17,-79.516279,43.757412,,,23.583511611408,13.0697911985399,1673.05281165519,105.435292141614,1
1049158,48336825,3,36,04:36:19,-79.516151,43.757434,,,23.583511611408,10.5789890284185,1683.63180068361,107.050164478263,1
1049158,48336825,3,37,04:36:21,-79.515999,43.757461,,,23.583511611408,12.585450435025,1696.21725111864,108.971321187774,1
1049158,48336825,3,38,04:36:23,-79.515813,43.7575,,,23.583511611408,15.5724053818238,1711.78965650046,111.34843365085,1
1049158,48336825,3,39,04:36:26,-79.515595,43.757548,,,23.583511611408,18.324232701599,1730.11388920206,114.145609865008,1
1049158,48336825,3,40,04:36:29,-79.515352,43.757604,,,23.583511611408,20.5083436424635,1750.62223284452,117.276188479821,1
1049158,48336825,3,41,04:36:42,-79.5143935035802,43.7578275040049,,,23.583511611408,80.982541120233,1831.60477396475,129.638094239937,1
1049158,48336825,3,42,04:36:54,-79.513435,43.758051,7390,4,23.583511611408,80.9825411198801,1912.58731508463,142,1
1049158,48336825,3,43,04:36:54,-79.513435,43.758051,7390,4,1e-12,0,1912.58731508463,142,1
1049158,48336825,3,44,04:37:06,-79.5124620104035,43.7582642623809,,,23.5449747716891,81.753384623201,1994.34069970784,154.49999999989,1
1049158,48336825,3,45,04:37:19,-79.5114890138711,43.758477516508,,,23.5449747716891,81.7533846249728,2076.09408433281,167.000000000051,1
1049158,48336825,3,46,04:37:31,-79.5105160104033,43.7586907623811,,,23.5449747716891,81.7533846232249,2157.84746895603,179.499999999945,1
1049158,48336825,3,47,04:37:44,-79.509543,43.758904,3178,5,23.5449747716891,81.7533846242831,2239.60085358032,192,1
1049158,48336825,3,48,04:37:44,-79.509543,43.758904,3178,5,1e-12,0,2239.60085358032,192,1
1049158,48336825,3,49,04:37:54,-79.508864,43.759059,,,21.4404537073805,57.2542081787615,2296.85506175908,201.613376295885,1
1049158,48336825,3,50,04:38:07,-79.507919,43.759276,3637,6,21.4404537073805,79.7264682850585,2376.58153004414,215,1
1049158,48336825,3,51,04:38:07,-79.507919,43.759276,3637,6,1e-12,0,2376.58153004414,215,1
1049158,48336825,3,52,04:38:18,-79.5071570064953,43.7594460075935,,,21.5514726011881,64.1212161860261,2440.70274623016,225.710932962278,1
1049158,48336825,3,53,04:38:28,-79.5063950086603,43.7596160101247,,,21.5514726011881,64.1212161874003,2504.82396241756,236.421865924785,1
1049158,48336825,3,54,04:38:39,-79.5056330064952,43.7597860075935,,,21.5514726011881,64.121216187957,2568.94517860552,247.132798887386,1
1049158,48336825,3,55,04:38:50,-79.504871,43.759956,,,21.5514726011881,64.1212161861599,2633.06639479168,257.843731849686,1
1049158,48336825,3,56,04:38:58,-79.5042612598004,43.7600933863451,,,21.5514726011881,51.353172637006,2684.41956742869,266.421865924989,1
1049158,48336825,3,57,04:39:07,-79.5036515168006,43.7602307694488,2335,7,21.5514726011881,51.3531726352532,2735.77274006394,275,1
1049158,48336825,3,58,04:39:07,-79.5036515168006,43.7602307694488,2335,7,1e-12,0,2735.77274006394,275,1
1049158,48336825,3,59,04:39:15,-79.5030417710007,43.7603681493111,,,23.7710328808715,51.3531726358748,2787.12591269981,282.777172427283,1
1049158,48336825,3,60,04:39:23,-79.5024320224006,43.7605055259319,,,23.7710328808715,51.3531726358087,2838.47908533562,290.554344854556,1
1049158,48336825,3,61,04:39:30,-79.5018222710005,43.7606428993112,,,23.7710328808715,51.3531726336569,2889.83225796928,298.331517281503,1
1049158,48336825,3,62,04:39:38,-79.5012125168003,43.760780269449,,,23.7710328808715,51.3531726355669,2941.18543060485,306.108689708739,1
1049158,48336825,3,63,04:39:46,-79.5006027598002,43.7609176363453,,,23.7710328808715,51.3531726351806,2992.53860324003,313.885862135917,1
1049158,48336825,3,64,04:39:54,-79.499993,43.761055,,,23.7710328808715,51.3531726354275,3043.89177587545,321.663034563132,1
1049158,48336825,3,65,04:40:03,-79.4992587558817,43.7612147570505,630,8,23.7710328808715,61.6525867798181,3105.54436265527,331,1
1049158,48336825,3,66,04:40:03,-79.4992587558817,43.7612147570505,630,8,1e-12,0,3105.54436265527,331,1
1049158,48336825,3,67,04:40:13,-79.4985245078422,43.7613745094007,,,22.4551143400623,61.6525867800681,3167.19694943534,340.884131919661,1
1049158,48336825,3,68,04:40:23,-79.4977902558816,43.7615342570505,,,22.4551143400623,61.652586778899,3228.84953621424,350.768263839134,1
1049158,48336825,3,69,04:40:33,-79.497056,43.761694,,,22.4551143400623,61.652586781166,3290.50212299541,360.652395758971,1
1049158,48336825,3,70,04:40:46,-79.496058,43.761919,,,22.4551143400623,84.0550245541802,3374.55714754959,374.128082580801,1
1049158,48336825,3,71,04:40:57,-79.49526,43.762101,,,22.4551143400623,67.2798225758036,3441.83697012539,384.914371958128,1
1049158,48336825,3,72,04:41:02,-79.494908,43.762173,,,22.4551143400623,29.4128101452987,3471.24978027069,389.629828531608,1
1049158,48336825,3,73,04:41:07,-79.494547,43.76226,,,22.4551143400623,30.5964613411759,3501.84624161186,394.5350478576,1
1049158,48336825,3,74,04:41:09,-79.494384,43.762306,,,22.4551143400623,14.0695996202216,3515.91584123209,396.790683605685,1
1049158,48336825,3,75,04:41:10,-79.494286,43.762327,,,22.4551143400623,8.21836278887698,3524.13420402096,398.108250089289,1
1049158,48336825,3,76,04:41:12,-79.494124,43.762388,,,22.4551143400623,14.6881496063499,3538.82235362731,400.463051662867,1
1049158,48336825,3,77,04:41:14,-79.494033,43.762422,,,22.4551143400623,8.23712696724483,3547.05948059456,401.783626416262,1
1049158,48336825,3,78,04:41:16,-79.493907,43.762466,,,22.4551143400623,11.2519755928125,3558.31145618737,403.587541173528,1
1049158,48336825,3,79,04:41:17,-79.493815,43.762509,8123,9,22.4551143400623,8.81025679140592,3567.12171297878,405,1
1049158,48336825,3,80,04:41:17,-79.493815,43.762509,8123,9,1e-12,0,3567.12171297878,405,1
1049158,48336825,3,81,04:41:20,-79.493631,43.762593,,,24.5659076680277,17.5005355535635,3584.62224853234,407.5646081897,1
1049158,48336825,3,82,04:41:21,-79.49352,43.762654,,,24.5659076680277,11.213749552968,3595.83599808531,409.207922124451,1
1049158,48336825,3,83,04:41:22,-79.493441,43.762683,,,24.5659076680277,7.12465236450383,3602.96065044981,410.252001132596,1
1049158,48336825,3,84,04:41:25,-79.493278,43.76277,,,24.5659076680277,16.2949323874802,3619.25558283729,412.639934743178,1
1049158,48336825,3,85,04:41:26,-79.493184,43.762817,,,24.5659076680277,9.19160615409551,3628.44718899139,413.986914574003,1
1049158,48336825,3,86,04:41:29,-79.492953,43.762937,,,24.5659076680277,22.8767121289301,3651.32390112032,417.339372165925,1
1049158,48336825,3,87,04:41:31,-79.492806,43.763007,,,24.5659076680277,14.1559258375702,3665.47982695789,419.413846014151,1
1049158,48336825,3,88,04:41:34,-79.492648,43.763068,,,24.5659076680277,14.4036331902554,3679.88346014814,421.524620026072,1
1049158,48336825,3,89,04:41:36,-79.492449,43.763151,,,24.5659076680277,18.475056154126,3698.35851630227,424.232038903226,1
1049158,48336825,3,90,04:41:39,-79.492252,43.763209,,,24.5659076680277,17.1033960216638,3715.46191232393,426.73844845707,1
1049158,48336825,3,91,04:41:41,-79.492052,43.763263,,,24.5659076680277,17.1660126719884,3732.62792499592,429.254034140052,1
1049158,48336825,3,92,04:41:43,-79.491879,43.763315,,,24.5659076680277,15.0649071248247,3747.69283212075,431.461714246249,1
1049158,48336825,3,93,04:41:51,-79.491265,43.763445,2175,10,24.5659076680277,51.4402310560699,3799.13306317682,439,1
1049158,48336825,3,94,04:41:51,-79.491265,43.763445,2175,10,1e-12,0,3799.13306317682,439,1
1049158,48336825,3,95,04:41:53,-79.491042,43.763494,,,27.1408945522898,18.7395359780211,3817.87259915484,441.485633971677,1
1049158,48336825,3,96,04:42:01,-79.4903482550881,43.7636402562942,,,27.1408945522898,58.1013803585349,3875.97397951337,449.192269023361,1
1049158,48336825,3,97,04:42:09,-79.4896545067841,43.7637865083923,,,27.1408945522898,58.1013803576378,3934.07535987101,456.898904074925,1
1049158,48336825,3,98,04:42:17,-79.488960755088,43.7639327562942,,,27.1408945522898,58.1013803564359,3992.17674022744,464.60553912633,1
1049158,48336825,3,99,04:42:24,-79.488267,43.764079,,,27.1408945522898,58.1013803571427,4050.27812058459,472.312174177829,1
1049158,48336825,3,100,04:42:32,-79.4875772552404,43.7642305062218,23868,11,27.1408945522898,57.9595749933061,4108.23769557789,480,1
1049158,48336825,3,101,04:42:32,-79.4875772552404,43.7642305062218,23868,11,1e-12,0,4108.23769557789,480,1
1049158,48336825,3,102,04:42:40,-79.4868875069872,43.7643820082958,,,25.0385363965969,57.9595749927635,4166.19727057066,488.333333333426,1
1049158,48336825,3,103,04:42:49,-79.4861977552404,43.7645335062219,,,25.0385363965969,57.9595749927778,4224.15684556343,496.666666666853,1
1049158,48336825,3,104,04:42:57,-79.485508,43.764685,3786,12,25.0385363965969,57.9595749908259,4282.11642055426,505,1
1049158,48336825,3,105,04:42:57,-79.485508,43.764685,3786,12,1e-12,0,4282.11642055426,505,1
1049158,48336825,3,106,04:43:07,-79.4843317658093,43.7649530180939,,,35.6963345244067,99.1564847907158,4381.27290534498,515.00000000007,1
1049158,48336825,3,107,04:43:17,-79.4831555210789,43.7652210241253,9332,13,35.6963345244067,99.1564847893216,4480.4293901343,525,1
1049158,48336825,3,108,04:43:17,-79.4831555210789,43.7652210241253,9332,13,1e-12,0,4480.4293901343,525,1
1049158,48336825,3,109,04:43:28,-79.481979265809,43.7654890180941,,,32.8156794267078,99.1564847894687,4579.58587492377,535.877828875655,1
1049158,48336825,3,110,04:43:39,-79.480803,43.765757,,,32.8156794267078,99.1564847885129,4678.74235971228,546.755657751206,1
1049158,48336825,3,111,04:43:46,-79.4799827574767,43.7659387587989,,,32.8156794267078,68.9752267851806,4747.71758649746,554.322492287764,1
1049158,48336825,3,112,04:43:54,-79.4791625099689,43.7661205117319,,,32.8156794267078,68.975226785116,4816.69281328258,561.889326824316,1
1049158,48336825,3,113,04:44:01,-79.4783422574766,43.7663022587989,,,32.8156794267078,68.9752267835345,4885.66804006611,569.456161360694,1
1049158,48336825,3,114,04:44:09,-79.477522,43.766484,,,32.8156794267078,68.9752267843478,4954.64326685046,577.022995897161,1
1049158,48336825,3,115,04:44:16,-79.4767653897761,43.7666508924691,6441,14,32.8156794267078,63.59864722155,5018.24191407201,584,1
1049158,48336825,3,116,04:44:16,-79.4767653897761,43.7666508924691,6441,14,1e-12,0,5018.24191407201,584,1
1049158,48336825,3,117,04:44:25,-79.4760087753303,43.7668177799471,,,26.4178996148009,63.598647220639,5081.84056129265,592.666666666642,1
1049158,48336825,3,118,04:44:33,-79.4752521566627,43.766984662434,,,26.4178996148009,63.5986472201547,5145.4392085128,601.333333333219,1
1049158,48336825,3,119,04:44:42,-79.4744955337733,43.7671515399297,8208,15,26.4178996148009,63.5986472216576,5209.03785573446,610,1
1049158,48336825,3,120,04:44:42,-79.4744955337733,43.7671515399297,8208,15,1e-12,0,5209.03785573446,610,1
1049158,48336825,3,121,04:44:49,-79.4737389066623,43.7673184124343,,,33.9192785178144,63.5986472195246,5272.63650295399,616.749999999854,1
1049158,48336825,3,122,04:44:55,-79.4729822753297,43.7674852799475,,,33.9192785178144,63.5986472212237,5336.23515017521,623.499999999888,1
1049158,48336825,3,123,04:45:02,-79.4722256397756,43.7676521424694,,,33.9192785178144,63.5986472212999,5399.83379739651,630.24999999993,1
1049158,48336825,3,124,04:45:09,-79.471469,43.767819,5352,16,33.9192785178144,63.598647221559,5463.43244461807,637,1
1049158,48336825,3,125,04:45:09,-79.471469,43.767819,5352,16,1e-12,0,5463.43244461807,637,1
1049158,48336825,3,126,04:45:20,-79.4703307646294,43.7680752669438,,,32.0971274933275,95.8455890417795,5559.27803365985,647.749999999911,1
1049158,48336825,3,127,04:45:30,-79.4691925195057,43.7683315225918,,,32.0971274933275,95.8455890422573,5655.1236227021,658.499999999875,1
1049158,48336825,3,128,04:45:41,-79.4680542646292,43.7685877669439,,,32.0971274933275,95.8455890424784,5750.96921174458,669.249999999864,1
1049158,48336825,3,129,04:45:52,-79.466916,43.768844,623,17,32.0971274933275,95.8455890437866,5846.81480078837,680,1
1049158,48336825,3,130,04:45:52,-79.466916,43.768844,623,17,1e-12,0,5846.81480078837,680,1
1049158,48336825,3,131,04:46:00,-79.466382,43.768965,,,20.0728292838827,44.9907286127549,5891.80552940112,688.068948363745,1
1049158,48336825,3,132,04:46:13,-79.4655140028444,43.7691610032844,,,20.0728292838827,73.108029596122,5964.91355899725,701.180647906637,1
1049158,48336825,3,133,04:46:26,-79.464646,43.769357,,,20.0728292838827,73.1080295972583,6038.0215885945,714.292347449733,1
1049158,48336825,3,134,04:46:41,-79.4636627609611,43.7695792626434,,,20.0728292838827,82.8217552863154,6120.84334388082,729.146173724744,1
1049158,48336825,3,135,04:46:56,-79.4626795146146,43.769801516858,7716,18,20.0728292838827,82.8217552876859,6203.66509916851,744,1
1049158,48336825,3,136,04:46:56,-79.4626795146146,43.769801516858,7716,18,1e-12,0,6203.66509916851,744,1
1049158,48336825,3,137,04:47:05,-79.4616962609609,43.7700237626435,,,31.3850862139289,82.8217552855423,6286.48685445405,753.499999999861,1
1049158,48336825,3,138,04:47:15,-79.460713,43.770246,631,19,31.3850862139289,82.821755287972,6369.30860974202,763,1
1049158,48336825,3,139,04:47:15,-79.460713,43.770246,631,19,1e-12,0,6369.30860974202,763,1
1049158,48336825,3,140,04:47:32,-79.4595462645727,43.7704950178029,,,21.1247563364889,97.7997978538967,6467.10840759592,779.66666666663,1
1049158,48336825,3,141,04:47:48,-79.4583795194301,43.7707440237374,,,21.1247563364889,97.79979785308,6564.908205449,796.33333333312,1
1049158,48336825,3,142,04:48:05,-79.4572127645724,43.7709930178032,8491,20,21.1247563364889,97.7997978553692,6662.70800330437,813,1
1049158,48336825,3,143,04:48:05,-79.4572127645724,43.7709930178032,8491,20,1e-12,0,6662.70800330437,813,1
1049158,48336825,3,144,04:48:19,-79.456046,43.771242,,,25.4116723532273,97.7997978548366,6760.5078011592,826.855021715354,1
1049158,48336825,3,145,04:48:26,-79.4554070099381,43.7713748874599,,,25.4116723532273,53.4526702735385,6813.96047143274,834.427510857742,1
1049158,48336825,3,146,04:48:34,-79.4547680170366,43.7715077713599,9340,21,25.4116723532273,53.4526702726221,6867.41314170536,842,1
1049158,48336825,3,147,04:48:34,-79.4547680170366,43.7715077713599,9340,21,1e-12,0,6867.41314170536,842,1
1049158,48336825,3,148,04:48:42,-79.4541290212956,43.7716406516999,,,23.0915535581964,53.4526702734411,6920.8658119788,850.333333333308,1
1049158,48336825,3,149,04:48:51,-79.4534900227152,43.77177352848,,,23.0915535581964,53.4526702734393,6974.31848225224,858.666666666616,1
1049158,48336825,3,150,04:48:59,-79.4528510212954,43.7719064017001,,,23.0915535581964,53.4526702726257,7027.77115252487,866.999999999797,1
1049158,48336825,3,151,04:49:07,-79.4522120170362,43.7720392713601,,,23.0915535581964,53.4526702741388,7081.22382279901,875.333333333214,1
1049158,48336825,3,152,04:49:16,-79.4515730099377,43.7721721374601,,,23.0915535581964,53.452670273258,7134.67649307227,883.666666666494,1
1049158,48336825,3,153,04:49:24,-79.450934,43.772305,7976,22,23.0915535581964,53.4526702747133,7188.12916334698,892,1
1049158,48336825,3,154,04:49:24,-79.450934,43.772305,7976,22,1e-12,0,7188.12916334698,892,1
1049158,48336825,3,155,04:49:34,-79.4498790038104,43.772521004852,,,30.3384200736478,88.146913882688,7276.27607722967,902.459637951065,1
1049158,48336825,3,156,04:49:45,-79.448824,43.772737,,,30.3384200736478,88.1469138842605,7364.42299111393,912.919275902317,1
1049158,48336825,3,157,04:49:51,-79.448206,43.77285,7985,23,30.3384200736478,51.2443227854092,7415.66731389934,919,1
1049158,48336825,3,158,04:49:51,-79.448206,43.77285,7985,23,1e-12,0,7415.66731389934,919,1
1049158,48336825,3,159,04:50:02,-79.4473545027551,43.7730435031608,,,24.1247495319226,71.7549074277363,7487.42222132707,929.707579218513,1
1049158,48336825,3,160,04:50:12,-79.446503,43.773237,,,24.1247495319226,71.7549074269777,7559.17712875405,940.415158436913,1
1049158,48336825,3,161,04:50:20,-79.4458990013584,43.7733715015904,,,24.1247495319226,50.8068427033074,7609.98397145736,947.99677637205,1
1049158,48336825,3,162,04:50:28,-79.445295,43.773506,,,24.1247495319226,50.8068427017943,7660.79081415915,955.578394306961,1
1049158,48336825,3,163,04:50:36,-79.444629,43.773626,,,24.1247495319226,55.1755765609066,7715.96639072006,963.811933700041,1
1049158,48336825,3,164,04:50:44,-79.443959,43.773727,,,24.1247495319226,55.0166156094976,7770.98300632956,972.021752248918,1
1049158,48336825,3,165,04:50:52,-79.443321,43.773816,,,24.1247495319226,52.2314780073234,7823.21448433688,979.815960457279,1
1049158,48336825,3,166,04:50:56,-79.442997,43.773851,,,24.1247495319226,26.3333233081134,7849.54780764499,983.745533437249,1
1049158,48336825,3,167,04:51:00,-79.442671,43.773883,,,24.1247495319226,26.4452608137876,7875.99306845878,987.691810218431,1
1049158,48336825,3,168,04:51:07,-79.442068,43.773946,24443,24,24.1247495319226,48.9745133366994,7924.96758179548,995,1
1049158,48336825,3,169,04:51:07,-79.442068,43.773946,24443,24,1e-12,0,7924.96758179548,995,1
1049158,48336825,3,170,04:51:13,-79.441492,43.774026,,,27.7321800880183,47.1481307104801,7972.11571250596,1001.12044455283,1
1049158,48336825,3,171,04:51:18,-79.441026,43.774098,,,27.7321800880183,38.3053900310184,8010.42110253698,1006.09298561069,1
1049158,48336825,3,172,04:51:30,-79.4399355044586,43.7743425051841,,,27.7321800880183,91.7833411209909,8102.20444365797,1018.00766476634,1
1049158,48336825,3,173,04:51:42,-79.438845,43.774587,,,27.7321800880183,91.7833411199175,8193.98778477789,1029.92234392186,1
1049158,48336825,3,174,04:51:50,-79.4381060020576,43.7747535023807,24180,25,27.7321800880183,62.2252814022563,8256.21306618014,1038,1
1049158,48336825,3,175,04:51:50,-79.4381060020576,43.7747535023807,24180,25,1e-12,0,8256.21306618014,1038,1
1049158,48336825,3,176,04:51:57,-79.437367,43.77492,,,31.3036413670536,62.2252814041063,8318.43834758425,1045.15606885564,1
1049158,48336825,3,177,04:52:06,-79.436475,43.775117,,,31.3036413670536,74.977381921828,8393.41572950608,1053.77866236652,1
1049158,48336825,3,178,04:52:13,-79.4357390019877,43.7752785023614,,,31.3036413670536,61.8305073660952,8455.24623687217,1060.88933118322,1
1049158,48336825,3,179,04:52:20,-79.435003,43.77544,4564,26,31.3036413670536,61.8305073667495,8517.07674423892,1068,1
1049158,48336825,3,180,04:52:20,-79.435003,43.77544,4564,26,1e-12,0,8517.07674423892,1068,1
1049158,48336825,3,181,04:52:32,-79.433869,43.775701,,,28.7916107385545,95.6682017778732,8612.7449460168,1079.96200968149,1
1049158,48336825,3,182,04:52:44,-79.432718,43.775948,,,28.7916107385545,96.5151182983297,8709.26006431513,1092.02991477472,1
1049158,48336825,3,183,04:52:55,-79.431711,43.776181,,,28.7916107385545,84.9950902645058,8794.25515457963,1102.6573967774,1
1049158,48336825,3,184,04:53:02,-79.4309775018707,43.7763335023454,,,28.7916107385545,61.3525360697909,8855.60769064942,1110.32869838872,1
1049158,48336825,3,185,04:53:10,-79.430244,43.776486,629,27,28.7916107385545,61.3525360694245,8916.96022671885,1118,1
1049158,48336825,3,186,04:53:10,-79.430244,43.776486,629,27,1e-12,0,8916.96022671885,1118,1
1049158,48336825,3,187,04:53:16,-79.4296237543333,43.7766252550312,,,29.3095284251132,52.2083024515544,8969.1685291704,1124.41258658616,1
1049158,48336825,3,188,04:53:23,-79.4290035057776,43.7767645067083,,,29.3095284251132,52.2083024531294,9021.37683162353,1130.82517317252,1
1049158,48336825,3,189,04:53:29,-79.4283832543332,43.7769037550313,,,29.3095284251132,52.2083024528456,9073.58513407637,1137.23775975884,1
1049158,48336825,3,190,04:53:36,-79.427763,43.777043,,,29.3095284251132,52.2083024520253,9125.7934365284,1143.65034634506,1
1049158,48336825,3,191,04:53:43,-79.427051,43.7772,7591,28,29.3095284251132,59.83746742065,9185.63090394905,1151,1
1049158,48336825,3,192,04:53:43,-79.427051,43.7772,7591,28,1e-12,0,9185.63090394905,1151,1
1049158,48336825,3,193,04:53:52,-79.4262195026491,43.777390503014,,,28.7300908095182,70.1167189227824,9255.74762287183,1159.78591682134,1
1049158,48336825,3,194,04:54:01,-79.425388,43.777581,,,28.7300908095182,70.1167189240246,9325.86434179586,1168.57183364284,1
1049158,48336825,3,195,04:54:12,-79.424268,43.777824,,,28.7300908095182,93.9975044804549,9419.86184627631,1180.35011232539,1
1049158,48336825,3,196,04:54:19,-79.4236210015744,43.7779695018249,,,28.7300908095182,54.4670156153237,9474.32886189164,1187.17505616268,1
1049158,48336825,3,197,04:54:26,-79.422974,43.778115,15150,29,28.7300908095182,54.4670156155474,9528.79587750718,1194,1
1049158,48336825,3,198,04:54:26,-79.422974,43.778115,15150,29,1e-12,0,9528.79587750718,1194,1
1049158,48336825,3,199,04:54:35,-79.422058,43.778314,,,29.5111917929025,76.8842839082304,9605.68016141541,1203.37893067864,1
1049158,48336825,3,200,04:54:40,-79.421605,43.778412,,,29.5111917929025,38.0091359462397,9643.68929736165,1208.01557464635,1
1049158,48336825,3,201,04:54:41,-79.421523,43.778431,,,29.5111917929025,6.92181339961829,9650.61111076127,1208.85995017728,1
1049158,48336825,3,202,04:54:50,-79.420626,43.77864,,,29.5111917929025,75.7572624427776,9726.36837320405,1218.10139819158,1
1049158,48336825,3,203,04:54:53,-79.420294,43.778708,,,29.5111917929025,27.7372880548725,9754.10566125892,1221.48500389948,1
1049158,48336825,3,204,04:55:01,-79.419568,43.778874,,,29.5111917929025,61.2079829390174,9815.31364419794,1228.95161995914,1
1049158,48336825,3,205,04:55:07,-79.418965,43.779013,,,29.5111917929025,50.8758317503051,9866.18947594824,1235.15784150337,1
1049158,48336825,3,206,04:55:12,-79.418498,43.779129,10437,30,29.5111917929025,39.6938522460268,9905.88332819427,1240,1
1049158,48336825,3,207,04:55:12,-79.418498,43.779129,10437,30,1e-12,0,9905.88332819427,1240,1
1049158,48336825,3,208,04:55:21,-79.417661,43.779304,,,28.8404098627542,70.0368405604642,9975.92016875473,1248.74233851799,1
1049158,48336825,3,209,04:55:23,-79.41742,43.779363,,,28.8404098627542,20.4532777695219,9996.37344652426,1251.29541596455,1
1049158,48336825,3,210,04:55:33,-79.4164930030931,43.7795625037461,1118,31,28.8404098627542,77.7456058694132,10074.1190523937,1261,1
1049158,48336825,3,211,04:55:33,-79.4164930030931,43.7795625037461,1118,31,1e-12,0,10074.1190523937,1261,1
1049158,48336825,3,212,04:55:49,-79.415566,43.779762,,,17.5794993761306,77.7456058662777,10151.86465826,1276.92105526615,1
1049158,48336825,3,213,04:56:00,-79.414921,43.779901,365,32,17.5794993761306,54.100639454702,10205.9652977147,1288,1
1049158,48336825,3,214,04:56:00,-79.414921,43.779901,365,32,1e-12,0,10205.9652977147,1288,1
1049158,48336825,3,215,,-79.414542,43.779983,,,,31.799649562396,10237.764947277,,1
1049158,48336826,3,1,,-79.536253,43.753283,,,1e-12,0,0,0,2
1049158,48336826,3,2,,-79.53556,43.753406,,,,57.3808057486744,57.3808057486744,,2
1049158,48336826,3,3,,-79.53452,43.753635,,,,87.4240070756899,144.804812824364,,2
1049158,48336826,3,4,,-79.5336375028535,43.753828503395,,,,74.157407843993,218.962220668357,,2
1049158,48336826,3,5,,-79.532755,43.754022,,,,74.1574078401027,293.11962850846,,2
1049158,48336826,3,6,,-79.5318245031642,43.7542255037743,,,,78.1734792356124,371.293107744072,,2
1049158,48336826,3,7,,-79.530894,43.754429,,,,78.1734792352644,449.466586979337,,2
1049158,48336826,3,8,,-79.530747,43.754461,,,,12.3449806164424,461.811567595779,,2
1049158,48336826,3,9,,-79.530553,43.754502,,,,16.2529844318177,478.064552027597,,2
1049158,48336826,3,10,,-79.530408,43.754534,,,,12.191081482425,490.255633510022,,2
1049158,48336826,3,11,,-79.5294630032768,43.7547415038929,,,,79.4178181808614,569.673451690883,,2
1049158,48336826,3,12,,-79.528518,43.754949,,,,79.4178181827917,649.091269873675,,2
1049158,48336826,3,13,,-79.5277065024138,43.7551270028707,,,,68.1920376532911,717.283307526966,,2
1049158,48336826,3,14,,-79.526895,43.755305,,,,68.1920376529526,785.475345179919,,2
1049158,48336826,3,15,,-79.5262402550551,43.7554590056063,,,,55.3664904661373,840.841835646056,,2
1049158,48336826,3,16,,-79.5255855067401,43.7556130074751,,,,55.3664904631767,896.208326109233,,2
1049158,48336826,3,17,,-79.524930755055,43.7557670056064,,,,55.3664904640168,951.574816573249,,2
1049158,48336826,3,18,04:54:32,-79.524276,43.755921,8505,1,,55.3664904651098,1006.94130703836,,2
1049158,48336826,3,19,04:54:32,-79.524276,43.755921,8505,1,1e-12,0,1006.94130703836,0,2
1049158,48336826,3,20,04:54:44,-79.5233865031142,43.756130503449,,,23.1184746958111,75.2265170754967,1082.16782411386,11.7142443450587,2
1049158,48336826,3,21,04:54:55,-79.522497,43.75634,,,23.1184746958111,75.2265170766066,1157.39434119046,23.4284886902903,2
1049158,48336826,3,22,04:55:07,-79.5215940028974,43.7565320035545,,,23.1184746958111,75.6857482999957,1233.08008949046,35.2142443452408,2
1049158,48336826,3,23,04:55:19,-79.520691,43.756724,8447,2,23.1184746958111,75.6857482987677,1308.76583778923,47,2
1049158,48336826,3,24,04:55:19,-79.520691,43.756724,8447,2,1e-12,0,1308.76583778923,47,2
1049158,48336826,3,25,04:55:35,-79.51954,43.756997,,,22.2499859150023,97.4070686039362,1406.17290639316,62.7602547845988,2
1049158,48336826,3,26,04:55:38,-79.519321,43.75704,,,22.2499859150023,18.2474497921661,1424.42035618533,65.7126530244334,2
1049158,48336826,3,27,04:55:43,-79.518956,43.757122,,,22.2499859150023,30.7341899565031,1455.15454614183,70.6853790417029,2
1049158,48336826,3,28,04:55:48,-79.518553,43.757155,,,22.2499859150023,32.6102226177576,1487.76476875959,75.9616431199094,2
1049158,48336826,3,29,04:55:54,-79.518067,43.757202,,,22.2499859150023,39.4248310437163,1527.18959980331,82.3404962256851,2
1049158,48336826,3,30,04:55:59,-79.517721,43.757227,,,22.2499859150023,27.9584633879016,1555.14806319121,86.8641156374431,2
1049158,48336826,3,31,04:56:09,-79.516949,43.757303,4791,3,22.2499859150023,62.6453567508287,1617.79341994204,97,2
1049158,48336826,3,32,04:56:09,-79.516949,43.757303,4791,3,1e-12,0,1617.79341994204,97,2
1049158,48336826,3,33,04:56:11,-79.516779,43.757331,,,23.583511611408,14.0194570489212,1631.81287699096,99.1400564177094,2
1049158,48336826,3,34,04:56:15,-79.516435,43.757379,,,23.583511611408,28.1701434656954,1659.98302045665,103.440201287884,2
1049158,48336826,3,35,04:56:17,-79.516279,43.757412,,,23.583511611408,13.0697911985399,1673.05281165519,105.435292141614,2
1049158,48336826,3,36,04:56:19,-79.516151,43.757434,,,23.583511611408,10.5789890284185,1683.63180068361,107.050164478263,2
1049158,48336826,3,37,04:56:21,-79.515999,43.757461,,,23.583511611408,12.585450435025,1696.21725111864,108.971321187774,2
1049158,48336826,3,38,04:56:23,-79.515813,43.7575,,,23.583511611408,15.5724053818238,1711.78965650046,111.34843365085,2
1049158,48336826,3,39,04:56:26,-79.515595,43.757548,,,23.583511611408,18.324232701599,1730.11388920206,114.145609865008,2
1049158,48336826,3,40,04:56:29,-79.515352,43.757604,,,23.583511611408,20.5083436424635,1750.62223284452,117.276188479821,2
1049158,48336826,3,41,04:56:42,-79.5143935035802,43.7578275040049,,,23.583511611408,80.982541120233,1831.60477396475,129.638094239937,2
1049158,48336826,3,42,04:56:54,-79.513435,43.758051,7390,4,23.583511611408,80.9825411198801,1912.58731508463,142,2
1049158,48336826,3,43,04:56:54,-79.513435,43.758051,7390,4,1e-12,0,1912.58731508463,142,2
1049158,48336826,3,44,04:57:06,-79.5124620104035,43.7582642623809,,,23.5449747716891,81.753384623201,1994.34069970784,154.49999999989,2
1049158,48336826,3,45,04:57:19,-79.5114890138711,43.758477516508,,,23.5449747716891,81.7533846249728,2076.09408433281,167.000000000051,2
1049158,48336826,3,46,04:57:31,-79.5105160104033,43.7586907623811,,,23.5449747716891,81.7533846232249,2157.84746895603,179.499999999945,2
1049158,48336826,3,47,04:57:44,-79.509543,43.758904,3178,5,23.5449747716891,81.7533846242831,2239.60085358032,192,2
1049158,48336826,3,48,04:57:44,-79.509543,43.758904,3178,5,1e-12,0,2239.60085358032,192,2
1049158,48336826,3,49,04:57:54,-79.508864,43.759059,,,21.4404537073805,57.2542081787615,2296.85506175908,201.613376295885,2
1049158,48336826,3,50,04:58:07,-79.507919,43.759276,3637,6,21.4404537073805,79.7264682850585,2376.58153004414,215,2
1049158,48336826,3,51,04:58:07,-79.507919,43.759276,3637,6,1e-12,0,2376.58153004414,215,2
1049158,48336826,3,52,04:58:18,-79.5071570064953,43.7594460075935,,,21.5514726011881,64.1212161860261,2440.70274623016,225.710932962278,2
1049158,48336826,3,53,04:58:28,-79.5063950086603,43.7596160101247,,,21.5514726011881,64.1212161874003,2504.82396241756,236.421865924785,2
1049158,48336826,3,54,04:58:39,-79.5056330064952,43.7597860075935,,,21.5514726011881,64.121216187957,2568.94517860552,247.132798887386,2
1049158,48336826,3,55,04:58:50,-79.504871,43.759956,,,21.5514726011881,64.1212161861599,2633.06639479168,257.843731849686,2
1049158,48336826,3,56,04:58:58,-79.5042612598004,43.7600933863451,,,21.5514726011881,51.353172637006,2684.41956742869,266.421865924989,2
1049158,48336826,3,57,04:59:07,-79.5036515168006,43.7602307694488,2335,7,21.5514726011881,51.3531726352532,2735.77274006394,275,2
1049158,48336826,3,58,04:59:07,-79.5036515168006,43.7602307694488,2335,7,1e-12,0,2735.77274006394,275,2
1049158,48336826,3,59,04:59:15,-79.5030417710007,43.7603681493111,,,23.7710328808715,51.3531726358748,2787.12591269981,282.777172427283,2
1049158,48336826,3,60,04:59:23,-79.5024320224006,43.7605055259319,,,23.7710328808715,51.3531726358087,2838.47908533562,290.554344854556,2
1049158,48336826,3,61,04:59:30,-79.5018222710005,43.7606428993112,,,23.7710328808715,51.3531726336569,2889.83225796928,298.331517281503,2
1049158,48336826,3,62,04:59:38,-79.5012125168003,43.760780269449,,,23.7710328808715,51.3531726355669,2941.18543060485,306.108689708739,2
1049158,48336826,3,63,04:59:46,-79.5006027598002,43.7609176363453,,,23.7710328808715,51.3531726351806,2992.53860324003,313.885862135917,2
1049158,48336826,3,64,04:59:54,-79.499993,43.761055,,,23.7710328808715,51.3531726354275,3043.89177587545,321.663034563132,2
1049158,48336826,3,65,05:00:03,-79.4992587558817,43.7612147570505,630,8,23.7710328808715,61.6525867798181,3105.54436265527,331,2
1049158,48336826,3,66,05:00:03,-79.4992587558817,43.7612147570505,630,8,1e-12,0,3105.54436265527,331,2
1049158,48336826,3,67,05:00:13,-79.4985245078422,43.7613745094007,,,22.4551143400623,61.6525867800681,3167.19694943534,340.884131919661,2
1049158,48336826,3,68,05:00:23,-79.4977902558816,43.7615342570505,,,22.4551143400623,61.652586778899,3228.84953621424,350.768263839134,2
1049158,48336826,3,69,05:00:33,-79.497056,43.761694,,,22.4551143400623,61.652586781166,3290.50212299541,360.652395758971,2
1049158,48336826,3,70,05:00:46,-79.496058,43.761919,,,22.4551143400623,84.0550245541802,3374.55714754959,374.128082580801,2
1049158,48336826,3,71,05:00:57,-79.49526,43.762101,,,22.4551143400623,67.2798225758036,3441.83697012539,384.914371958128,2
1049158,48336826,3,72,05:01:02,-79.494908,43.762173,,,22.4551143400623,29.4128101452987,3471.24978027069,389.629828531608,2
1049158,48336826,3,73,05:01:07,-79.494547,43.76226,,,22.4551143400623,30.5964613411759,3501.84624161186,394.5350478576,2
1049158,48336826,3,74,05:01:09,-79.494384,43.762306,,,22.4551143400623,14.0695996202216,3515.91584123209,396.790683605685,2
1049158,48336826,3,75,05:01:10,-79.494286,43.762327,,,22.4551143400623,8.21836278887698,3524.13420402096,398.108250089289,2
1049158,48336826,3,76,05:01:12,-79.494124,43.762388,,,22.4551143400623,14.6881496063499,3538.82235362731,400.463051662867,2
1049158,48336826,3,77,05:01:14,-79.494033,43.762422,,,22.4551143400623,8.23712696724483,3547.05948059456,401.783626416262,2
1049158,48336826,3,78,05:01:16,-79.493907,43.762466,,,22.4551143400623,11.2519755928125,3558.31145618737,403.587541173528,2
1049158,48336826,3,79,05:01:17,-79.493815,43.762509,8123,9,22.4551143400623,8.81025679140592,3567.12171297878,405,2
1049158,48336826,3,80,05:01:17,-79.493815,43.762509,8123,9,1e-12,0,3567.12171297878,405,2
1049158,48336826,3,81,05:01:20,-79.493631,43.762593,,,24.5659076680277,17.5005355535635,3584.62224853234,407.5646081897,2
1049158,48336826,3,82,05:01:21,-79.49352,43.762654,,,24.5659076680277,11.213749552968,3595.83599808531,409.207922124451,2
1049158,48336826,3,83,05:01:22,-79.493441,43.762683,,,24.5659076680277,7.12465236450383,3602.96065044981,410.252001132596,2
1049158,48336826,3,84,05:01:25,-79.493278,43.76277,,,24.5659076680277,16.2949323874802,3619.25558283729,412.639934743178,2
1049158,48336826,3,85,05:01:26,-79.493184,43.762817,,,24.5659076680277,9.19160615409551,3628.44718899139,413.986914574003,2
1049158,48336826,3,86,05:01:29,-79.492953,43.762937,,,24.5659076680277,22.8767121289301,3651.32390112032,417.339372165925,2
1049158,48336826,3,87,05:01:31,-79.492806,43.763007,,,24.5659076680277,14.1559258375702,3665.47982695789,419.413846014151,2
1049158,48336826,3,88,05:01:34,-79.492648,43.763068,,,24.5659076680277,14.4036331902554,3679.88346014814,421.524620026072,2
1049158,48336826,3,89,05:01:36,-79.492449,43.763151,,,24.5659076680277,18.475056154126,3698.35851630227,424.232038903226,2
1049158,48336826,3,90,05:01:39,-79.492252,43.763209,,,24.5659076680277,17.1033960216638,3715.46191232393,426.73844845707,2
1049158,48336826,3,91,05:01:41,-79.492052,43.763263,,,24.5659076680277,17.1660126719884,3732.62792499592,429.254034140052,2
1049158,48336826,3,92,05:01:43,-79.491879,43.763315,,,24.5659076680277,15.0649071248247,3747.69283212075,431.461714246249,2
1049158,48336826,3,93,05:01:51,-79.491265,43.763445,2175,10,24.5659076680277,51.4402310560699,3799.13306317682,439,2
1049158,48336826,3,94,05:01:51,-79.491265,43.763445,2175,10,1e-12,0,3799.13306317682,439,2
1049158,48336826,3,95,05:01:53,-79.491042,43.763494,,,27.1408945522898,18.7395359780211,3817.87259915484,441.485633971677,2
1049158,48336826,3,96,05:02:01,-79.4903482550881,43.7636402562942,,,27.1408945522898,58.1013803585349,3875.97397951337,449.192269023361,2
1049158,48336826,3,97,05:02:09,-79.4896545067841,43.7637865083923,,,27.1408945522898,58.1013803576378,3934.07535987101,456.898904074925,2
1049158,48336826,3,98,05:02:17,-79.488960755088,43.7639327562942,,,27.1408945522898,58.1013803564359,3992.17674022744,464.60553912633,2
1049158,48336826,3,99,05:02:24,-79.488267,43.764079,,,27.1408945522898,58.1013803571427,4050.27812058459,472.312174177829,2
1049158,48336826,3,100,05:02:32,-79.4875772552404,43.7642305062218,23868,11,27.1408945522898,57.9595749933061,4108.23769557789,480,2
1049158,48336826,3,101,05:02:32,-79.4875772552404,43.7642305062218,23868,11,1e-12,0,4108.23769557789,480,2
1049158,48336826,3,102,05:02:40,-79.4868875069872,43.7643820082958,,,25.0385363965969,57.9595749927635,4166.19727057066,488.333333333426,2
1049158,48336826,3,103,05:02:49,-79.4861977552404,43.7645335062219,,,25.0385363965969,57.9595749927778,4224.15684556343,496.666666666853,2
1049158,48336826,3,104,05:02:57,-79.485508,43.764685,3786,12,25.0385363965969,57.9595749908259,4282.11642055426,505,2
1049158,48336826,3,105,05:02:57,-79.485508,43.764685,3786,12,1e-12,0,4282.11642055426,505,2
1049158,48336826,3,106,05:03:07,-79.4843317658093,43.7649530180939,,,35.6963345244067,99.1564847907158,4381.27290534498,515.00000000007,2
1049158,48336826,3,107,05:03:17,-79.4831555210789,43.7652210241253,9332,13,35.6963345244067,99.1564847893216,4480.4293901343,525,2
1049158,48336826,3,108,05:03:17,-79.4831555210789,43.7652210241253,9332,13,1e-12,0,4480.4293901343,525,2
1049158,48336826,3,109,05:03:28,-79.481979265809,43.7654890180941,,,32.8156794267078,99.1564847894687,4579.58587492377,535.877828875655,2
1049158,48336826,3,110,05:03:39,-79.480803,43.765757,,,32.8156794267078,99.1564847885129,4678.74235971228,546.755657751206,2
1049158,48336826,3,111,05:03:46,-79.4799827574767,43.7659387587989,,,32.8156794267078,68.9752267851806,4747.71758649746,554.322492287764,2
1049158,48336826,3,112,05:03:54,-79.4791625099689,43.7661205117319,,,32.8156794267078,68.975226785116,4816.69281328258,561.889326824316,2
1049158,48336826,3,113,05:04:01,-79.4783422574766,43.7663022587989,,,32.8156794267078,68.9752267835345,4885.66804006611,569.456161360694,2
1049158,48336826,3,114,05:04:09,-79.477522,43.766484,,,32.8156794267078,68.9752267843478,4954.64326685046,577.022995897161,2
1049158,48336826,3,115,05:04:16,-79.4767653897761,43.7666508924691,6441,14,32.8156794267078,63.59864722155,5018.24191407201,584,2
1049158,48336826,3,116,05:04:16,-79.4767653897761,43.7666508924691,6441,14,1e-12,0,5018.24191407201,584,2
1049158,48336826,3,117,05:04:25,-79.4760087753303,43.7668177799471,,,26.4178996148009,63.598647220639,5081.84056129265,592.666666666642,2
1049158,48336826,3,118,05:04:33,-79.4752521566627,43.766984662434,,,26.4178996148009,63.5986472201547,5145.4392085128,601.333333333219,2
1049158,48336826,3,119,05:04:42,-79.4744955337733,43.7671515399297,8208,15,26.4178996148009,63.5986472216576,5209.03785573446,610,2
1049158,48336826,3,120,05:04:42,-79.4744955337733,43.7671515399297,8208,15,1e-12,0,5209.03785573446,610,2
1049158,48336826,3,121,05:04:49,-79.4737389066623,43.7673184124343,,,33.9192785178144,63.5986472195246,5272.63650295399,616.749999999854,2
1049158,48336826,3,122,05:04:55,-79.4729822753297,43.7674852799475,,,33.9192785178144,63.5986472212237,5336.23515017521,623.499999999888,2
1049158,48336826,3,123,05:05:02,-79.4722256397756,43.7676521424694,,,33.9192785178144,63.5986472212999,5399.83379739651,630.24999999993,2
1049158,48336826,3,124,05:05:09,-79.471469,43.767819,5352,16,33.9192785178144,63.598647221559,5463.43244461807,637,2
1049158,48336826,3,125,05:05:09,-79.471469,43.767819,5352,16,1e-12,0,5463.43244461807,637,2
1049158,48336826,3,126,05:05:20,-79.4703307646294,43.7680752669438,,,32.0971274933275,95.8455890417795,5559.27803365985,647.749999999911,2
1049158,48336826,3,127,05:05:30,-79.4691925195057,43.7683315225918,,,32.0971274933275,95.8455890422573,5655.1236227021,658.499999999875,2
1049158,48336826,3,128,05:05:41,-79.4680542646292,43.7685877669439,,,32.0971274933275,95.8455890424784,5750.96921174458,669.249999999864,2
1049158,48336826,3,129,05:05:52,-79.466916,43.768844,623,17,32.0971274933275,95.8455890437866,5846.81480078837,680,2
1049158,48336826,3,130,05:05:52,-79.466916,43.768844,623,17,1e-12,0,5846.81480078837,680,2
1049158,48336826,3,131,05:06:00,-79.466382,43.768965,,,20.0728292838827,44.9907286127549,5891.80552940112,688.068948363745,2
1049158,48336826,3,132,05:06:13,-79.4655140028444,43.7691610032844,,,20.0728292838827,73.108029596122,5964.91355899725,701.180647906637,2
1049158,48336826,3,133,05:06:26,-79.464646,43.769357,,,20.0728292838827,73.1080295972583,6038.0215885945,714.292347449733,2
1049158,48336826,3,134,05:06:41,-79.4636627609611,43.7695792626434,,,20.0728292838827,82.8217552863154,6120.84334388082,729.146173724744,2
1049158,48336826,3,135,05:06:56,-79.4626795146146,43.769801516858,7716,18,20.0728292838827,82.8217552876859,6203.66509916851,744,2
1049158,48336826,3,136,05:06:56,-79.4626795146146,43.769801516858,7716,18,1e-12,0,6203.66509916851,744,2
1049158,48336826,3,137,05:07:05,-79.4616962609609,43.7700237626435,,,31.3850862139289,82.8217552855423,6286.48685445405,753.499999999861,2
1049158,48336826,3,138,05:07:15,-79.460713,43.770246,631,19,31.3850862139289,82.821755287972,6369.30860974202,763,2
1049158,48336826,3,139,05:07:15,-79.460713,43.770246,631,19,1e-12,0,6369.30860974202,763,2
1049158,48336826,3,140,05:07:32,-79.4595462645727,43.7704950178029,,,21.1247563364889,97.7997978538967,6467.10840759592,779.66666666663,2
1049158,48336826,3,141,05:07:48,-79.4583795194301,43.7707440237374,,,21.1247563364889,97.79979785308,6564.908205449,796.33333333312,2
1049158,48336826,3,142,05:08:05,-79.4572127645724,43.7709930178032,8491,20,21.1247563364889,97.7997978553692,6662.70800330437,813,2
1049158,48336826,3,143,05:08:05,-79.4572127645724,43.7709930178032,8491,20,1e-12,0,6662.70800330437,813,2
1049158,48336826,3,144,05:08:19,-79.456046,43.771242,,,25.4116723532273,97.7997978548366,6760.5078011592,826.855021715354,2
1049158,48336826,3,145,05:08:26,-79.4554070099381,43.7713748874599,,,25.4116723532273,53.4526702735385,6813.96047143274,834.427510857742,2
1049158,48336826,3,146,05:08:34,-79.4547680170366,43.7715077713599,9340,21,25.4116723532273,53.4526702726221,6867.41314170536,842,2
1049158,48336826,3,147,05:08:34,-79.4547680170366,43.7715077713599,9340,21,1e-12,0,6867.41314170536,842,2
1049158,48336826,3,148,05:08:42,-79.4541290212956,43.7716406516999,,,23.0915535581964,53.4526702734411,6920.8658119788,850.333333333308,2
1049158,48336826,3,149,05:08:51,-79.4534900227152,43.77177352848,,,23.0915535581964,53.4526702734393,6974.31848225224,858.666666666616,2
1049158,48336826,3,150,05:08:59,-79.4528510212954,43.7719064017001,,,23.0915535581964,53.4526702726257,7027.77115252487,866.999999999797,2
1049158,48336826,3,151,05:09:07,-79.4522120170362,43.7720392713601,,,23.0915535581964,53.4526702741388,7081.22382279901,875.333333333214,2
1049158,48336826,3,152,05:09:16,-79.4515730099377,43.7721721374601,,,23.0915535581964,53.452670273258,7134.67649307227,883.666666666494,2
1049158,48336826,3,153,05:09:24,-79.450934,43.772305,7976,22,23.0915535581964,53.4526702747133,7188.12916334698,892,2
1049158,48336826,3,154,05:09:24,-79.450934,43.772305,7976,22,1e-12,0,7188.12916334698,892,2
1049158,48336826,3,155,05:09:34,-79.4498790038104,43.772521004852,,,30.3384200736478,88.146913882688,7276.27607722967,902.459637951065,2
1049158,48336826,3,156,05:09:45,-79.448824,43.772737,,,30.3384200736478,88.1469138842605,7364.42299111393,912.919275902317,2
1049158,48336826,3,157,05:09:51,-79.448206,43.77285,7985,23,30.3384200736478,51.2443227854092,7415.66731389934,919,2
1049158,48336826,3,158,05:09:51,-79.448206,43.77285,7985,23,1e-12,0,7415.66731389934,919,2
1049158,48336826,3,159,05:10:02,-79.4473545027551,43.7730435031608,,,24.1247495319226,71.7549074277363,7487.42222132707,929.707579218513,2
1049158,48336826,3,160,05:10:12,-79.446503,43.773237,,,24.1247495319226,71.7549074269777,7559.17712875405,940.415158436913,2
1049158,48336826,3,161,05:10:20,-79.4458990013584,43.7733715015904,,,24.1247495319226,50.8068427033074,7609.98397145736,947.99677637205,2
1049158,48336826,3,162,05:10:28,-79.445295,43.773506,,,24.1247495319226,50.8068427017943,7660.79081415915,955.578394306961,2
1049158,48336826,3,163,05:10:36,-79.444629,43.773626,,,24.1247495319226,55.1755765609066,7715.96639072006,963.811933700041,2
1049158,48336826,3,164,05:10:44,-79.443959,43.773727,,,24.1247495319226,55.0166156094976,7770.98300632956,972.021752248918,2
1049158,48336826,3,165,05:10:52,-79.443321,43.773816,,,24.1247495319226,52.2314780073234,7823.21448433688,979.815960457279,2
1049158,48336826,3,166,05:10:56,-79.442997,43.773851,,,24.1247495319226,26.3333233081134,7849.54780764499,983.745533437249,2
1049158,48336826,3,167,05:11:00,-79.442671,43.773883,,,24.1247495319226,26.4452608137876,7875.99306845878,987.691810218431,2
1049158,48336826,3,168,05:11:07,-79.442068,43.773946,24443,24,24.1247495319226,48.9745133366994,7924.96758179548,995,2
1049158,48336826,3,169,05:11:07,-79.442068,43.773946,24443,24,1e-12,0,7924.96758179548,995,2
1049158,48336826,3,170,05:11:13,-79.441492,43.774026,,,27.7321800880183,47.1481307104801,7972.11571250596,1001.12044455283,2
1049158,48336826,3,171,05:11:18,-79.441026,43.774098,,,27.7321800880183,38.3053900310184,8010.42110253698,1006.09298561069,2
1049158,48336826,3,172,05:11:30,-79.4399355044586,43.7743425051841,,,27.7321800880183,91.7833411209909,8102.20444365797,1018.00766476634,2
1049158,48336826,3,173,05:11:42,-79.438845,43.774587,,,27.7321800880183,91.7833411199175,8193.98778477789,1029.92234392186,2
1049158,48336826,3,174,05:11:50,-79.4381060020576,43.7747535023807,24180,25,27.7321800880183,62.2252814022563,8256.21306618014,1038,2
1049158,48336826,3,175,05:11:50,-79.4381060020576,43.7747535023807,24180,25,1e-12,0,8256.21306618014,1038,2
1049158,48336826,3,176,05:11:57,-79.437367,43.77492,,,31.3036413670536,62.2252814041063,8318.43834758425,1045.15606885564,2
1049158,48336826,3,177,05:12:06,-79.436475,43.775117,,,31.3036413670536,74.977381921828,8393.41572950608,1053.77866236652,2
1049158,48336826,3,178,05:12:13,-79.4357390019877,43.7752785023614,,,31.3036413670536,61.8305073660952,8455.24623687217,1060.88933118322,2
1049158,48336826,3,179,05:12:20,-79.435003,43.77544,4564,26,31.3036413670536,61.8305073667495,8517.07674423892,1068,2
1049158,48336826,3,180,05:12:20,-79.435003,43.77544,4564,26,1e-12,0,8517.07674423892,1068,2
1049158,48336826,3,181,05:12:32,-79.433869,43.775701,,,28.7916107385545,95.6682017778732,8612.7449460168,1079.96200968149,2
1049158,48336826,3,182,05:12:44,-79.432718,43.775948,,,28.7916107385545,96.5151182983297,8709.26006431513,1092.02991477472,2
1049158,48336826,3,183,05:12:55,-79.431711,43.776181,,,28.7916107385545,84.9950902645058,8794.25515457963,1102.6573967774,2
1049158,48336826,3,184,05:13:02,-79.4309775018707,43.7763335023454,,,28.7916107385545,61.3525360697909,8855.60769064942,1110.32869838872,2
1049158,48336826,3,185,05:13:10,-79.430244,43.776486,629,27,28.7916107385545,61.3525360694245,8916.96022671885,1118,2
1049158,48336826,3,186,05:13:10,-79.430244,43.776486,629,27,1e-12,0,8916.96022671885,1118,2
1049158,48336826,3,187,05:13:16,-79.4296237543333,43.7766252550312,,,29.3095284251132,52.2083024515544,8969.1685291704,1124.41258658616,2
1049158,48336826,3,188,05:13:23,-79.4290035057776,43.7767645067083,,,29.3095284251132,52.2083024531294,9021.37683162353,1130.82517317252,2
1049158,48336826,3,189,05:13:29,-79.4283832543332,43.7769037550313,,,29.3095284251132,52.2083024528456,9073.58513407637,1137.23775975884,2
1049158,48336826,3,190,05:13:36,-79.427763,43.777043,,,29.3095284251132,52.2083024520253,9125.7934365284,1143.65034634506,2
1049158,48336826,3,191,05:13:43,-79.427051,43.7772,7591,28,29.3095284251132,59.83746742065,9185.63090394905,1151,2
1049158,48336826,3,192,05:13:43,-79.427051,43.7772,7591,28,1e-12,0,9185.63090394905,1151,2
1049158,48336826,3,193,05:13:52,-79.4262195026491,43.777390503014,,,28.7300908095182,70.1167189227824,9255.74762287183,1159.78591682134,2
1049158,48336826,3,194,05:14:01,-79.425388,43.777581,,,28.7300908095182,70.1167189240246,9325.86434179586,1168.57183364284,2
1049158,48336826,3,195,05:14:12,-79.424268,43.777824,,,28.7300908095182,93.9975044804549,9419.86184627631,1180.35011232539,2
1049158,48336826,3,196,05:14:19,-79.4236210015744,43.7779695018249,,,28.7300908095182,54.4670156153237,9474.32886189164,1187.17505616268,2
1049158,48336826,3,197,05:14:26,-79.422974,43.778115,15150,29,28.7300908095182,54.4670156155474,9528.79587750718,1194,2
1049158,48336826,3,198,05:14:26,-79.422974,43.778115,15150,29,1e-12,0,9528.79587750718,1194,2
1049158,48336826,3,199,05:14:35,-79.422058,43.778314,,,29.5111917929025,76.8842839082304,9605.68016141541,1203.37893067864,2
1049158,48336826,3,200,05:14:40,-79.421605,43.778412,,,29.5111917929025,38.0091359462397,9643.68929736165,1208.01557464635,2
1049158,48336826,3,201,05:14:41,-79.421523,43.778431,,,29.5111917929025,6.92181339961829,9650.61111076127,1208.85995017728,2
1049158,48336826,3,202,05:14:50,-79.420626,43.77864,,,29.5111917929025,75.7572624427776,9726.36837320405,1218.10139819158,2
1049158,48336826,3,203,05:14:53,-79.420294,43.778708,,,29.5111917929025,27.7372880548725,9754.10566125892,1221.48500389948,2
1049158,48336826,3,204,05:15:01,-79.419568,43.778874,,,29.5111917929025,61.2079829390174,9815.31364419794,1228.95161995914,2
1049158,48336826,3,205,05:15:07,-79.418965,43.779013,,,29.5111917929025,50.8758317503051,9866.18947594824,1235.15784150337,2
1049158,48336826,3,206,05:15:12,-79.418498,43.779129,10437,30,29.5111917929025,39.6938522460268,9905.88332819427,1240,2
1049158,48336826,3,207,05:15:12,-79.418498,43.779129,10437,30,1e-12,0,9905.88332819427,1240,2
1049158,48336826,3,208,05:15:21,-79.417661,43.779304,,,28.8404098627542,70.0368405604642,9975.92016875473,1248.74233851799,2
1049158,48336826,3,209,05:15:23,-79.41742,43.779363,,,28.8404098627542,20.4532777695219,9996.37344652426,1251.29541596455,2
1049158,48336826,3,210,05:15:33,-79.4164930030931,43.7795625037461,1118,31,28.8404098627542,77.7456058694132,10074.1190523937,1261,2
1049158,48336826,3,211,05:15:33,-79.4164930030931,43.7795625037461,1118,31,1e-12,0,10074.1190523937,1261,2
1049158,48336826,3,212,05:15:49,-79.415566,43.779762,,,17.5794993761306,77.7456058662777,10151.86465826,1276.92105526615,2
1049158,48336826,3,213,05:16:00,-79.414921,43.779901,365,32,17.5794993761306,54.100639454702,10205.9652977147,1288,2
1049158,48336826,3,214,05:16:00,-79.414921,43.779901,365,32,1e-12,0,10205.9652977147,1288,2
1049158,48336826,3,215,,-79.414542,43.779983,,,,31.799649562396,10237.764947277,,2
