shape_id,trip_id,route_type,id,timestamp,shape_pt_lon,shape_pt_lat,stop_id,stop_sequence,speed,dist,cumdist,cumtime,trip_number
1049779,48347282,3,1,,-79.429804,43.719252,,,1e-12,0,0,0,1
1049779,48347282,3,2,05:11:10,-79.4305935075699,43.719060508151,6101,1,,67.0010106314926,67.0010106314926,,1
1049779,48347282,3,3,05:11:10,-79.4305935075699,43.719060508151,6101,1,1e-12,0,67.0010106314926,0,1
1049779,48347282,3,4,05:11:22,-79.4313830100932,43.7188690108679,,,20.6745975661318,67.0010106311943,134.002021262687,11.6666666667035,1
1049779,48347282,3,5,05:11:33,-79.43217250757,43.7186775081509,,,20.6745975661318,67.0010106319705,201.003031894657,23.3333333335422,1
1049779,48347282,3,6,05:11:45,-79.432962,43.718486,7952,2,20.6745975661318,67.0010106297832,268.004042524441,35,1
1049779,48347282,3,7,05:11:45,-79.432962,43.718486,7952,2,1e-12,0,268.004042524441,35,1
1049779,48347282,3,8,05:12:01,-79.4340255039936,43.7182610049301,,,20.0599521128907,89.1553427238907,357.159385248331,50.9999999999878,1
1049779,48347282,3,9,05:12:17,-79.435089,43.718036,8638,3,20.0599521128907,89.1553427240267,446.314727972358,67,1
1049779,48347282,3,10,05:12:17,-79.435089,43.718036,8638,3,1e-12,0,446.314727972358,67,1
1049779,48347282,3,11,05:12:28,-79.4357352543923,43.7179002554614,,,17.3268741436122,54.1464816978651,500.461209670223,78.2499999998083,1
1049779,48347282,3,12,05:12:39,-79.4363815058564,43.7177645072819,,,17.3268741436122,54.1464816995958,554.607691369819,89.4999999999761,1
1049779,48347282,3,13,05:12:51,-79.4370277543924,43.7176287554614,,,17.3268741436122,54.1464816980763,608.754173067895,100.749999999828,1
1049779,48347282,3,14,05:13:02,-79.437674,43.717493,452,4,17.3268741436122,54.1464816996147,662.90065476751,112,1
1049779,48347282,3,15,05:13:02,-79.437674,43.717493,452,4,1e-12,0,662.90065476751,112,1
1049779,48347282,3,16,05:13:12,-79.438361,43.717316,,,20.6119269865745,58.6808148799615,721.581469647471,122.248965742284,1
1049779,48347282,3,17,05:13:23,-79.4391027558397,43.7171587571948,,,20.6119269865745,62.1936525892657,783.775122236737,133.111470226566,1
1049779,48347282,3,18,05:13:34,-79.4398445077863,43.7170015095931,,,20.6119269865745,62.1936525870554,845.968774823792,143.973974710462,1
1049779,48347282,3,19,05:13:45,-79.4405862558398,43.7168442571948,,,20.6119269865745,62.1936525868897,908.162427410682,154.836479194329,1
1049779,48347282,3,20,05:13:56,-79.441328,43.716687,,,20.6119269865745,62.1936525863912,970.356079997073,165.698983678109,1
1049779,48347282,3,21,05:14:09,-79.4422675029633,43.7164980038475,,,20.6119269865745,78.4638397443611,1048.81991974143,179.403176559428,1
1049779,48347282,3,22,05:14:23,-79.443207,43.716309,,,20.6119269865745,78.4638397433027,1127.28375948474,193.107369440564,1
1049779,48347282,3,23,05:14:25,-79.443326,43.716284,,,20.6119269865745,9.970814737628,1137.25457422237,194.848833646159,1
1049779,48347282,3,24,05:14:28,-79.443536,43.716245,,,20.6119269865745,17.4451345048052,1154.69970872717,197.895733834492,1
1049779,48347282,3,25,05:14:31,-79.443461,43.71611,,,20.6119269865745,16.194402317989,1170.89411104516,200.724185942959,1
1049779,48347282,3,26,05:14:33,-79.443373,43.71601,,,20.6119269865745,13.192875324302,1184.08698636946,203.028402875147,1
1049779,48347282,3,27,05:14:34,-79.443362,43.71595,,,20.6119269865745,6.73755251312818,1190.82453888259,204.205157919111,1
1049779,48347282,3,28,05:14:38,-79.443368,43.715741,,,20.6119269865745,23.2707814903031,1214.09532037289,208.269543234451,1
1049779,48347282,3,29,05:14:39,-79.44339,43.715691,,,20.6119269865745,5.84066244948063,1219.93598282237,209.289650904725,1
1049779,48347282,3,30,05:14:40,-79.443442,43.715661,,,20.6119269865745,5.35328903608199,1225.28927185846,210.224635806546,1
1049779,48347282,3,31,05:14:54,-79.444389,43.715478,14253,5,20.6119269865745,78.8713336024832,1304.16060546094,224,1
1049779,48347282,3,32,05:14:54,-79.444389,43.715478,14253,5,1e-12,0,1304.16060546094,224,1
1049779,48347282,3,33,05:15:00,-79.444571,43.715446,14254,6,9.04241440472342,15.070690674539,1319.23129613548,230,1
1049779,48347282,3,34,05:15:00,-79.444571,43.715446,14254,6,1e-12,0,1319.23129613548,230,1
1049779,48347282,3,35,05:15:02,-79.444677,43.715444,,,20.3480777562071,8.53162302066614,1327.76291915614,231.509422326884,1
1049779,48347282,3,36,05:15:03,-79.444744,43.715481,,,20.3480777562071,6.7841964762291,1334.54711563237,232.709688396586,1
1049779,48347282,3,37,05:15:05,-79.444804,43.715568,,,20.3480777562071,10.8213074797499,1345.36842311212,234.624203732818,1
1049779,48347282,3,38,05:15:06,-79.444844,43.715655,,,20.3480777562071,10.2055477832336,1355.57397089536,236.429778316316,1
1049779,48347282,3,39,05:15:12,-79.44497,43.715932,,,20.3480777562071,32.459266922435,1388.03323781779,242.172500666839,1
1049779,48347282,3,40,05:15:28,-79.44606,43.715698,,,20.3480777562071,91.4871683685292,1479.52040618632,258.358491799404,1
1049779,48347282,3,41,05:15:35,-79.446509,43.715608,,,20.3480777562071,37.4897356449212,1517.01014183124,264.991209146896,1
1049779,48347282,3,42,05:15:49,-79.4474530031664,43.7154070038844,1492,7,20.3480777562071,79.1811015414992,1596.19124337274,279,1
1049779,48347282,3,43,05:15:49,-79.4474530031664,43.7154070038844,1492,7,1e-12,0,1596.19124337274,279,1
1049779,48347282,3,44,05:16:06,-79.448397,43.715206,,,16.4246819826145,79.1811015443052,1675.37234491705,296.35509800806,1
1049779,48347282,3,45,05:16:26,-79.449459,43.714963,6966,8,16.4246819826145,89.6281299436775,1765.00047486072,316,1
1049779,48347282,3,46,05:16:26,-79.449459,43.714963,6966,8,1e-12,0,1765.00047486072,316,1
1049779,48347282,3,47,05:16:38,-79.4501987559531,43.714802257156,,,17.8999381111776,62.1525628856143,1827.15303774634,328.499999999916,1
1049779,48347282,3,48,05:16:51,-79.4509385079375,43.7146415095414,,,17.8999381111776,62.1525628868509,1889.30560063319,341.00000000008,1
1049779,48347282,3,49,05:17:03,-79.4516782559531,43.714480757156,,,17.8999381111776,62.1525628851085,1951.4581635183,353.499999999894,1
1049779,48347282,3,50,05:17:16,-79.452418,43.71432,1489,9,17.8999381111776,62.1525628865592,2013.61072640486,366,1
1049779,48347282,3,51,05:17:16,-79.452418,43.71432,1489,9,1e-12,0,2013.61072640486,366,1
1049779,48347282,3,52,05:17:18,-79.452505,43.714319,,,16.1190418255712,7.00100171498633,2020.61172811984,367.563592082376,1
1049779,48347282,3,53,05:17:19,-79.452602,43.71431,,,16.1190418255712,7.86876990090066,2028.48049802074,369.320990068546,1
1049779,48347282,3,54,05:17:21,-79.452718,43.714296,,,16.1190418255712,9.46271102093526,2037.94320904168,371.434376214199,1
1049779,48347282,3,55,05:17:24,-79.452853,43.71427,,,16.1190418255712,11.2412467960101,2049.18445583769,373.944977582665,1
1049779,48347282,3,56,05:17:27,-79.453,43.714249,,,16.1190418255712,12.0566007839954,2061.24105662168,376.637678755108,1
1049779,48347282,3,57,05:17:29,-79.453116,43.714231,,,16.1190418255712,9.54616481749266,2070.78722143918,378.769703332925,1
1049779,48347282,3,58,05:17:31,-79.453224,43.71422,,,16.1190418255712,8.77566498375827,2079.56288642293,380.729645758995,1
1049779,48347282,3,59,05:17:33,-79.453348,43.714205,,,16.1190418255712,10.1159595534303,2089.67884597637,382.988927345731,1
1049779,48347282,3,60,05:17:36,-79.45349,43.714185,,,16.1190418255712,11.6403992842183,2101.31924526058,385.588674767238,1
1049779,48347282,3,61,05:17:38,-79.453635,43.714174,,,16.1190418255712,11.7309726230306,2113.05021788361,388.208650687638,1
1049779,48347282,3,62,05:17:41,-79.453786,43.714152,,,16.1190418255712,12.3940294921386,2125.44424737575,390.976712626711,1
1049779,48347282,3,63,05:17:44,-79.453935,43.714151,,,16.1190418255712,11.9892559301248,2137.43350330588,393.654373111466,1
1049779,48347282,3,64,05:17:47,-79.454096,43.714133,,,16.1190418255712,13.1083300030811,2150.54183330896,396.581965738978,1
1049779,48347282,3,65,05:17:49,-79.454205,43.714121,,,16.1190418255712,8.87143876270903,2159.41327207167,398.563298121594,1
1049779,48347282,3,66,05:17:51,-79.454339,43.714106,5733,10,16.1190418255712,10.9103609706861,2170.32363304235,401,1
1049779,48347282,3,67,05:17:51,-79.454339,43.714106,5733,10,1e-12,0,2170.32363304235,401,1
1049779,48347282,3,68,05:17:53,-79.454478,43.714096,,,20.2444905853098,11.2393986787123,2181.56303172107,402.998659095563,1
1049779,48347282,3,69,05:17:55,-79.45465,43.714081,,,20.2444905853098,13.9397350668681,2195.50276678793,405.477508638813,1
1049779,48347282,3,70,05:17:57,-79.45474,43.71408,,,20.2444905853098,7.2423844257243,2202.74515121366,406.765394042634,1
1049779,48347282,3,71,05:18:08,-79.455527,43.713937,,,20.2444905853098,65.2934541251545,2268.03860533881,418.376278192078,1
1049779,48347282,3,72,05:18:18,-79.4561685014772,43.7137990017938,,,20.2444905853098,53.853794271637,2321.89239961045,427.952891570465,1
1049779,48347282,3,73,05:18:28,-79.45681,43.713661,,,20.2444905853098,53.8537942729574,2375.74619388341,437.529504949086,1
1049779,48347282,3,74,05:18:41,-79.4576950028723,43.713466503414,,,20.2444905853098,74.4280122024332,2450.17420608584,450.764752474809,1
1049779,48347282,3,75,05:18:54,-79.45858,43.713272,8765,11,20.2444905853098,74.4280121994351,2524.60221828528,464,1
1049779,48347282,3,76,05:18:54,-79.45858,43.713272,8765,11,1e-12,0,2524.60221828528,464,1
1049779,48347282,3,77,05:19:11,-79.459721505,43.7130095056798,,,19.8277098673387,96.3847007439542,2620.98691902923,481.49999999999,1
1049779,48347282,3,78,05:19:29,-79.460863,43.712747,6925,12,19.8277098673387,96.3847007440605,2717.37161977329,499,1
1049779,48347282,3,79,05:19:29,-79.460863,43.712747,6925,12,1e-12,0,2717.37161977329,499,1
1049779,48347282,3,80,05:19:38,-79.4614685013286,43.7126155015981,,,20.9810161483969,50.8722099834777,2768.24382975677,507.728841093548,1
1049779,48347282,3,81,05:19:46,-79.462074,43.712484,,,20.9810161483969,50.8722099834229,2819.11603974019,516.457682187087,1
1049779,48347282,3,82,05:20:03,-79.463222,43.712236,4030,13,20.9810161483969,96.4096214346257,2915.52566117482,533,1
1049779,48347282,3,83,05:20:03,-79.463222,43.712236,4030,13,1e-12,0,2915.52566117482,533,1
1049779,48347282,3,84,05:20:15,-79.4640645080234,43.712045759282,,,21.7508002853102,71.022439877957,2986.54810105277,544.755005802399,1
1049779,48347282,3,85,05:20:27,-79.4649070106979,43.7118555123759,,,21.7508002853102,71.0224398764805,3057.57054092925,556.510011604554,1
1049779,48347282,3,86,05:20:38,-79.4657495080235,43.7116652592819,,,21.7508002853102,71.0224398783558,3128.59298080761,568.265017407019,1
1049779,48347282,3,87,05:20:50,-79.466592,43.711475,,,21.7508002853102,71.022439878196,3199.61542068581,580.020023209458,1
1049779,48347282,3,88,05:21:05,-79.467669004214,43.711240505056,7121,14,21.7508002853102,90.5073565137975,3290.1227771996,595,1
1049779,48347282,3,89,05:21:05,-79.467669004214,43.711240505056,7121,14,1e-12,0,3290.1227771996,595,1
1049779,48347282,3,90,05:21:19,-79.468746,43.711006,,,23.0489209393511,90.5073565139829,3380.63013371359,609.136300970778,1
1049779,48347282,3,91,05:21:32,-79.469766,43.710797,,,23.0489209393511,85.3088748211528,3465.93900853474,622.460653558227,1
1049779,48347282,3,92,05:21:48,-79.470936,43.710508,8467,15,23.0489209393511,99.4903243293359,3565.42933286408,638,1
1049779,48347282,3,93,05:21:48,-79.470936,43.710508,8467,15,1e-12,0,3565.42933286408,638,1
1049779,48347282,3,94,05:21:56,-79.471898,43.710295,,,35.2795288390582,80.9587111718098,3646.38804403589,646.261203304276,1
1049779,48347282,3,95,05:22:03,-79.472634501874,43.7101425023644,,,35.2795288390582,61.6472450442874,3708.03528908017,652.55182252348,1
1049779,48347282,3,96,05:22:09,-79.473371,43.70999,,,35.2795288390582,61.6472450454817,3769.68253412565,658.842441742805,1
1049779,48347282,3,97,05:22:19,-79.474549,43.709717,1344,16,35.2795288390582,99.5427415192,3869.22527564485,669,1
1049779,48347282,3,98,05:22:19,-79.474549,43.709717,1344,16,1e-12,0,3869.22527564485,669,1
1049779,48347282,3,99,05:22:32,-79.475739,43.709465,,,27.2032775533723,99.7807993306092,3969.00607497546,682.204691121701,1
1049779,48347282,3,100,05:22:36,-79.476042,43.709394,,,27.2032775533723,25.6307588518179,3994.63683382728,685.596588722478,1
1049779,48347282,3,101,05:22:39,-79.476353,43.709326,,,27.2032775533723,26.1452711969047,4020.78210502419,689.056575340789,1
1049779,48347282,3,102,05:22:42,-79.476598,43.709261,,,27.2032775533723,21.0005422943772,4041.78264731856,691.835723997101,1
1049779,48347282,3,103,05:22:45,-79.476877,43.709176,,,27.2032775533723,24.3630885611102,4066.14573587967,695.059861921214,1
1049779,48347282,3,104,05:22:48,-79.477128,43.70908,,,27.2032775533723,22.8504589305524,4088.99619481023,698.083822985781,1
1049779,48347282,3,105,05:22:52,-79.477448,43.708949,8990,17,27.2032775533723,29.5924584072078,4118.58865321743,702,1
1049779,48347282,3,106,05:22:52,-79.477448,43.708949,8990,17,1e-12,0,4118.58865321743,702,1
1049779,48347282,3,107,05:22:58,-79.47789,43.70877,,,23.6482393801623,40.7684697373353,4159.35712295477,708.206233313822,1
1049779,48347282,3,108,05:23:01,-79.478051,43.708652,,,23.6482393801623,18.4496700994912,4177.80679305426,711.014848842887,1
1049779,48347282,3,109,05:23:05,-79.478308,43.708559,,,23.6482393801623,23.1270575483626,4200.93385060262,714.535508704101,1
1049779,48347282,3,110,05:23:06,-79.478412,43.708521,,,23.6482393801623,9.37711447719461,4210.31096507982,715.962998149519,1
1049779,48347282,3,111,05:23:08,-79.478538,43.708481,,,23.6482393801623,11.0737652117739,4221.38473029159,717.648770782378,1
1049779,48347282,3,112,05:23:10,-79.478681,43.708432,,,23.6482393801623,12.7344334264723,4234.11916371806,719.587348940284,1
1049779,48347282,3,113,05:23:11,-79.478789,43.708388,,,23.6482393801623,9.97589517583739,4244.0950588939,721.10599149357,1
1049779,48347282,3,114,05:23:13,-79.47892,43.708336,,,23.6482393801623,12.0262331789395,4256.12129207284,722.936759473722,1
1049779,48347282,3,115,05:23:14,-79.479032,43.708312,,,23.6482393801623,9.40020176717188,4265.52149384001,724.367763525136,1
1049779,48347282,3,116,05:23:25,-79.4798805082917,43.7081167594146,,,23.6482393801623,71.6545536707868,4337.1760475108,735.275822643957,1
1049779,48347282,3,117,05:23:36,-79.4807290110557,43.7079215125528,,,23.6482393801623,71.6545536695656,4408.83060118036,746.183881762592,1
1049779,48347282,3,118,05:23:47,-79.4815775082918,43.7077262594145,,,23.6482393801623,71.6545536714556,4480.48515485182,757.091940881514,1
1049779,48347282,3,119,05:23:58,-79.482426,43.707531,2742,18,23.6482393801623,71.6545536685894,4552.13970852041,768,1
1049779,48347282,3,120,05:23:58,-79.482426,43.707531,2742,18,1e-12,0,4552.13970852041,768,1
1049779,48347282,3,121,05:24:05,-79.483079761108,43.7073855130407,,,26.8693510410167,55.0448510914862,4607.1845596119,775.375000000069,1
1049779,48347282,3,122,05:24:13,-79.4837335190423,43.7072400223554,,,26.8693510410167,55.0448510915422,4662.22941070344,782.750000000146,1
1049779,48347282,3,123,05:24:20,-79.484387273803,43.7070945279442,,,26.8693510410167,55.0448510909104,4717.27426179435,790.125000000137,1
1049779,48347282,3,124,05:24:28,-79.48504102539,43.706949029807,,,26.8693510410167,55.0448510915477,4772.3191128859,797.500000000215,1
1049779,48347282,3,125,05:24:35,-79.4856947738033,43.706803527944,,,26.8693510410167,55.0448510894766,4827.36396397537,804.875000000014,1
1049779,48347282,3,126,05:24:42,-79.4863485190427,43.7066580223551,,,26.8693510410167,55.0448510902777,4882.40881506565,812.249999999921,1
1049779,48347282,3,127,05:24:50,-79.4870022611083,43.7065125130404,,,26.8693510410167,55.0448510915137,4937.45366615716,819.624999999994,1
1049779,48347282,3,128,05:24:57,-79.487656,43.706367,449,19,26.8693510410167,55.0448510910191,4992.49851724818,827,1
1049779,48347282,3,129,05:24:57,-79.487656,43.706367,449,19,1e-12,0,4992.49851724818,827,1
1049779,48347282,3,130,05:25:06,-79.4882970045553,43.7062250053729,,,22.1967285511987,53.9503818960487,5046.44889914423,835.750000000126,1
1049779,48347282,3,131,05:25:15,-79.4889380060738,43.7060830071639,,,22.1967285511987,53.9503818953539,5100.39928103959,844.500000000138,1
1049779,48347282,3,132,05:25:23,-79.4895790045554,43.7059410053729,,,22.1967285511987,53.9503818953875,5154.34966293497,853.250000000157,1
1049779,48347282,3,133,05:25:32,-79.49022,43.705799,9548,20,22.1967285511987,53.9503818943089,5208.30004482928,862,1
1049779,48347282,3,134,05:25:32,-79.49022,43.705799,9548,20,1e-12,0,5208.30004482928,862,1
1049779,48347282,3,135,05:25:40,-79.4909695019755,43.7056410024486,,,26.8019888810975,62.8265361829848,5271.12658101227,870.438759200376,1
1049779,48347282,3,136,05:25:49,-79.491719,43.705483,,,26.8019888810975,62.8265361814895,5333.95311719376,878.877518400552,1
1049779,48347282,3,137,05:25:50,-79.491859,43.705454,,,26.8019888810975,11.7196155976782,5345.67273279143,880.451678301103,1
1049779,48347282,3,138,05:25:57,-79.4924610013708,43.7053175015797,,,26.8019888810975,50.7720026799051,5396.44473547134,887.271291967034,1
1049779,48347282,3,139,05:26:04,-79.493063,43.705181,,,26.8019888810975,50.7720026806012,5447.21673815194,894.090905633058,1
1049779,48347282,3,140,05:26:08,-79.493437,43.70511,,,26.8019888810975,31.1175408584418,5478.33427901038,898.270563627372,1
1049779,48347282,3,141,05:26:16,-79.494086,43.704943,,,26.8019888810975,55.4373360087114,5533.77161501909,905.716817355658,1
1049779,48347282,3,142,05:26:24,-79.4948390020098,43.7047830024715,,,26.8019888810975,63.1602331280585,5596.93184814715,914.200398192503,1
1049779,48347282,3,143,05:26:33,-79.495592,43.704623,,,26.8019888810975,63.1602331282064,5660.09208127536,922.683979029368,1
1049779,48347282,3,144,05:26:39,-79.49613,43.704501,,,26.8019888810975,45.3752227272124,5705.46730400257,928.778705899924,1
1049779,48347282,3,145,05:26:45,-79.496671,43.704359,9872,21,26.8019888810975,46.3175153600762,5751.78481936265,935,1
1049779,48347282,3,146,05:26:45,-79.496671,43.704359,9872,21,1e-12,0,5751.78481936265,935,1
1049779,48347282,3,147,05:26:55,-79.497724,43.704128,,,32.9573382401332,88.5555405101249,5840.34035987277,944.673109627774,1
1049779,48347282,3,148,05:27:05,-79.498798,43.703893,,,32.9573382401332,90.3023340467676,5930.64269391954,954.537025220706,1
1049779,48347282,3,149,05:27:10,-79.4994195014773,43.7037505016837,,,32.9573382401332,52.470713477984,5983.11340739752,960.268512610386,1
1049779,48347282,3,150,05:27:16,-79.500041,43.703608,5047,22,32.9573382401332,52.4707134773818,6035.58412087491,966,1
1049779,48347282,3,151,05:27:16,-79.500041,43.703608,5047,22,1e-12,0,6035.58412087491,966,1
1049779,48347282,3,152,05:27:27,-79.5010140034733,43.7033940041267,,,26.6322400929016,81.8465308319077,6117.43065170681,977.063564685774,1
1049779,48347282,3,153,05:27:38,-79.501987,43.70318,,,26.6322400929016,81.846530833132,6199.27718253995,988.127129371713,1
1049779,48347282,3,154,05:27:46,-79.502697,43.703031,,,26.6322400929016,59.4968517405403,6258.77403428049,996.169587141648,1
1049779,48347282,3,155,05:27:48,-79.502901,43.703,,,26.6322400929016,16.7759340689773,6275.54996834946,998.437265806216,1
1049779,48347282,3,156,05:27:50,-79.503058,43.702975,,,26.6322400929016,12.9376488328615,6288.48761718233,1000.18610614544,1
1049779,48347282,3,157,05:27:52,-79.503213,43.702957,,,26.6322400929016,12.6337472842868,6301.12136446661,1001.8938667418,1
1049779,48347282,3,158,05:27:54,-79.503405,43.702939,4523,23,26.6322400929016,15.5808462778114,6316.70221074442,1004,1
1049779,48347282,3,159,05:27:54,-79.503405,43.702939,4523,23,1e-12,0,6316.70221074442,1004,1
1049779,48347282,3,160,05:27:56,-79.503574,43.702931,,,22.114195606447,13.629636146691,6330.33184689111,1006.21878701814,1
1049779,48347282,3,161,05:27:58,-79.503676,43.702909,,,22.114195606447,8.56614048003716,6338.89798737115,1007.61328068532,1
1049779,48347282,3,162,05:28:00,-79.503828,43.702871,,,22.114195606447,12.9431919515333,6351.84117932268,1009.72032051868,1
1049779,48347282,3,163,05:28:06,-79.504319,43.702833,,,22.114195606447,39.7397468848165,6391.5809262075,1016.18960799951,1
1049779,48347282,3,164,05:28:08,-79.504442,43.702824,,,22.114195606447,9.94918671075244,6401.53011291825,1017.80924964491,1
1049779,48347282,3,165,05:28:13,-79.504872,43.702784,,,22.114195606447,34.8902293692547,6436.42034228751,1023.48907756923,1
1049779,48347282,3,166,05:28:15,-79.504979,43.702763,,,22.114195606447,8.92267681916518,6445.34301910667,1024.9416122723,1
1049779,48347282,3,167,05:28:29,-79.50603,43.702512,,,22.114195606447,89.076789853757,6534.41980896043,1039.44254412533,1
1049779,48347282,3,168,05:28:43,-79.507026,43.702272,,,22.114195606447,84.4904692191238,6618.91027817955,1053.1968626003,1
1049779,48347282,3,169,05:28:52,-79.5076730016188,43.7021220018247,,,22.114195606447,54.6808420636677,6673.59112024322,1062.09843129999,1
1049779,48347282,3,170,05:29:01,-79.50832,43.701972,8066,24,22.114195606447,54.6808420656303,6728.27196230885,1071,1
1049779,48347282,3,171,05:29:01,-79.50832,43.701972,8066,24,1e-12,0,6728.27196230885,1071,1
1049779,48347282,3,172,05:29:12,-79.5090055054968,43.7018117561448,,,19.5786102213209,57.9802438957723,6786.25220620462,1081.66106713731,1
1049779,48347282,3,173,05:29:22,-79.5096910073291,43.7016515081931,,,19.5786102213209,57.9802438955023,6844.23245010013,1092.32213427458,1
1049779,48347282,3,174,05:29:33,-79.5103765054969,43.7014912561448,,,19.5786102213209,57.9802438978325,6902.21269399796,1102.98320141227,1
1049779,48347282,3,175,05:29:44,-79.511062,43.701331,,,19.5786102213209,57.9802438960458,6960.192937894,1113.64426854963,1
1049779,48347282,3,176,05:30:00,-79.512114,43.701085,,,19.5786102213209,88.9822579063276,7049.17519580033,1130.00580416639,1
1049779,48347282,3,177,05:30:13,-79.5129525026363,43.7008965030646,9512,25,19.5786102213209,70.6689709349379,7119.84416673527,1143,1
1049779,48347282,3,178,05:30:13,-79.5129525026363,43.7008965030646,9512,25,1e-12,0,7119.84416673527,1143,1
1049779,48347282,3,179,05:30:39,-79.513791,43.700708,,,9.8459750112483,70.6689709360886,7190.51313767136,1168.83881180678,1
1049779,48347282,3,180,05:31:02,-79.5145525022799,43.7005285025276,,,9.8459750112483,64.4604859098397,7254.9736235812,1192.40760504568,1
1049779,48347282,3,181,05:31:26,-79.515314,43.700349,,,9.8459750112483,64.4604859088552,7319.43410949005,1215.97639828421,1
1049779,48347282,3,182,05:31:53,-79.516191,43.700152,453,26,9.8459750112483,73.9093631132249,7393.34347260328,1243,1
1049779,48347282,3,183,05:31:53,-79.516191,43.700152,453,26,1e-12,0,7393.34347260328,1243,1
1049779,48347282,3,184,05:32:13,-79.5171122600833,43.6999332610981,2143,27,14.0470849296958,78.0393607205329,7471.38283332381,1263,1
1049779,48347282,3,185,05:32:13,-79.5171122600833,43.6999332610981,2143,27,1e-12,0,7471.38283332381,1263,1
1049779,48347282,3,186,05:32:28,-79.5180335134445,43.6997145147974,,,19.1551158135524,78.0393607235608,7549.42219404737,1277.66666666698,1
1049779,48347282,3,187,05:32:42,-79.5189547600834,43.699495761098,,,19.1551158135524,78.0393607212555,7627.46155476863,1292.33333333353,1
1049779,48347282,3,188,05:32:57,-79.519876,43.699277,10259,28,19.1551158135524,78.0393607208243,7705.50091548945,1307,1
1049779,48347282,3,189,05:32:57,-79.519876,43.699277,10259,28,1e-12,0,7705.50091548945,1307,1
1049779,48347282,3,190,05:33:12,-79.520786,43.698977,,,18.9978784922722,80.4929330519757,7785.99384854143,1322.25299570186,1
1049779,48347282,3,191,05:33:24,-79.5214840028172,43.6987350021236,,,18.9978784922722,62.3018563142005,7848.29570485563,1334.05887617543,1
1049779,48347282,3,192,05:33:36,-79.522182,43.698493,,,18.9978784922722,62.3018563145049,7910.59756117013,1345.86475664905,1
1049779,48347282,3,193,05:33:54,-79.523284,43.69817,4043,29,18.9978784922722,95.703097113628,8006.30065828376,1364,1
1049779,48347282,3,194,05:33:54,-79.523284,43.69817,4043,29,1e-12,0,8006.30065828376,1364,1
1049779,48347282,3,195,05:34:03,-79.5237119974267,43.6985305007985,,,20.5676816418012,52.886931749948,8059.18759003371,1373.25689913018,1
1049779,48347282,3,196,05:34:13,-79.52414,43.698891,,,20.5676816418012,52.886931752989,8112.0745217867,1382.51379826089,1
1049779,48347282,3,197,05:34:25,-79.524685,43.699364,,,20.5676816418012,68.5300532654765,8180.60457505217,1394.50874237041,1
1049779,48347282,3,198,05:34:33,-79.52507,43.6997,,,20.5676816418012,48.5704777416602,8229.17505279384,1403.01012443744,1
1049779,48347282,3,199,05:34:43,-79.5255144970382,43.7000995008612,4130,30,20.5676816418012,57.0746056144419,8286.24965840828,1413,1
1049779,48347282,3,200,05:34:43,-79.5255144970382,43.7000995008612,4130,30,1e-12,0,8286.24965840828,1413,1
1049779,48347282,3,201,05:34:55,-79.525959,43.700499,,,17.292608954782,57.07460561376,8343.32426402204,1424.88187281322,1
1049779,48347282,3,202,05:35:04,-79.526297,43.70082,,,17.292608954782,44.9092284019709,8388.23349242401,1434.23114004467,1
1049779,48347282,3,203,05:35:09,-79.526476,43.700974,,,17.292608954782,22.392306866391,8410.6257992904,1438.89280243059,1
1049779,48347282,3,204,05:35:12,-79.52662,43.701059,,,17.292608954782,14.9611722264736,8425.58697151687,1442.00744060671,1
1049779,48347282,3,205,05:35:14,-79.526751,43.701106,,,17.292608954782,11.7695888287299,8437.3565603456,1444.45765039832,1
1049779,48347282,3,206,05:35:18,-79.526947,43.701164,,,17.292608954782,17.0440908638685,8454.40065120947,1448.00591354764,1
1049779,48347282,3,207,05:35:21,-79.527091,43.701199,,,17.292608954782,12.2263551842466,8466.62700639372,1450.55121361072,1
1049779,48347282,3,208,05:35:24,-79.52727,43.701213,,,17.292608954782,14.4897462086812,8481.1167526024,1453.56770964597,1
1049779,48347282,3,209,05:35:26,-79.527404,43.701217,,,17.292608954782,10.793335143184,8491.91008774558,1455.8146815527,1
1049779,48347282,3,210,05:35:30,-79.527651,43.70119,5929,31,17.292608954782,20.1041875723475,8512.01427531793,1460,1
1049779,48347282,3,211,05:35:30,-79.527651,43.70119,5929,31,1e-12,0,8512.01427531793,1460,1
1049779,48347282,3,212,05:35:38,-79.5283165015485,43.7010505019305,,,23.96070809895,55.7645848230664,8567.778860141,1468.37840453354,1
1049779,48347282,3,213,05:35:47,-79.528982,43.700911,,,23.96070809895,55.7645848266402,8623.54344496764,1476.75680906761,1
1049779,48347282,3,214,05:35:52,-79.529438,43.700816,,,23.96070809895,38.1918611439719,8661.73530611161,1482.49498256192,1
1049779,48347282,3,215,05:36:00,-79.5300550012967,43.7006900016594,,,23.96070809895,51.5987773456263,8713.33408345723,1490.24749128066,1
1049779,48347282,3,216,05:36:08,-79.530672,43.700564,4913,32,23.96070809895,51.5987773496127,8764.93286080685,1498,1
1049779,48347282,3,217,05:36:08,-79.530672,43.700564,4913,32,1e-12,0,8764.93286080685,1498,1
1049779,48347282,3,218,05:36:26,-79.531834,43.700325,,,19.5465819863931,97.2283886268425,8862.16124943369,1515.90707957536,1
1049779,48347282,3,219,05:36:35,-79.5324407538632,43.7001977548141,,,19.5465819863931,50.8444974359391,8913.00574686963,1525.27138638341,1
1049779,48347282,3,220,05:36:45,-79.533047505151,43.7000705064187,,,19.5465819863931,50.8444974378413,8963.85024430747,1534.63569319182,1
1049779,48347282,3,221,05:36:54,-79.5336542538633,43.699943254814,3191,33,19.5465819863931,50.8444974366212,9014.69474174409,1544,1
1049779,48347282,3,222,05:36:54,-79.5336542538633,43.699943254814,3191,33,1e-12,0,9014.69474174409,1544,1
1049779,48347282,3,223,05:37:02,-79.534261,43.699816,,,22.1594021080676,50.8444974373866,9065.53923918148,1552.26015927153,1
1049779,48347282,3,224,05:37:12,-79.5350060061319,43.6996515072578,,,22.1594021080676,62.6923967019791,9128.23163588346,1562.44511945351,1
1049779,48347282,3,225,05:37:23,-79.5357510081759,43.699487009677,,,22.1594021080676,62.6923967039156,9190.92403258737,1572.63007963581,1
1049779,48347282,3,226,05:37:33,-79.536496006132,43.6993225072578,,,22.1594021080676,62.6923967019897,9253.61642928936,1582.81503981779,1
1049779,48347282,3,227,05:37:43,-79.537241,43.699158,1938,34,22.1594021080676,62.6923967034273,9316.30882599279,1593,1
1049779,48347282,3,228,05:37:43,-79.537241,43.699158,1938,34,1e-12,0,9316.30882599279,1593,1
1049779,48347282,3,229,05:37:51,-79.5378885047381,43.6990117554824,,,23.8236750680176,54.5959220311093,9370.9047480239,1601.25000000004,1
1049779,48347282,3,230,05:37:59,-79.5385360063175,43.6988655073098,,,23.8236750680176,54.5959220305429,9425.50067005444,1609.49999999999,1
1049779,48347282,3,231,05:38:08,-79.5391835047381,43.6987192554824,,,23.8236750680176,54.5959220321623,9480.0965920866,1617.75000000018,1
1049779,48347282,3,232,05:38:16,-79.539831,43.698573,2962,35,23.8236750680176,54.5959220296809,9534.69251411629,1626,1
1049779,48347282,3,233,05:38:16,-79.539831,43.698573,2962,35,1e-12,0,9534.69251411629,1626,1
1049779,48347282,3,234,05:38:17,-79.539876,43.698563,,,21.2000285399095,3.78892135410608,9538.48143547039,1626.64340087322,1
1049779,48347282,3,235,05:38:29,-79.5407310025739,43.6983825031864,,,21.2000285399095,71.686131080759,9610.16756655115,1638.81650108414,1
1049779,48347282,3,236,05:38:41,-79.541586,43.698202,,,21.2000285399095,71.6861310778244,9681.85369762898,1650.98960129456,1
1049779,48347282,3,237,05:38:50,-79.5422105015258,43.6980555016999,,,21.2000285399095,52.8411690754969,9734.69486670447,1659.96261792582,1
1049779,48347282,3,238,05:38:59,-79.542835,43.697909,,,21.2000285399095,52.8411690758598,9787.53603578033,1668.93563455714,1
1049779,48347282,3,239,05:39:07,-79.543397,43.697779,2635,36,21.2000285399095,47.4902159846711,9835.026251765,1677,1
1049779,48347282,3,240,05:39:07,-79.543397,43.697779,2635,36,1e-12,0,9835.026251765,1677,1
1049779,48347282,3,241,05:39:18,-79.544156,43.697616,,,20.7531396656752,63.724842679294,9898.7510944443,1688.05420371766,1
1049779,48347282,3,242,05:39:32,-79.545151,43.697422,,,20.7531396656752,82.9421028739325,9981.69319731823,1702.44198191201,1
1049779,48347282,3,243,05:39:44,-79.5459365024759,43.6972330026894,2109,37,20.7531396656752,66.6292121217698,10048.32240944,1714,1
1049779,48347282,3,244,05:39:44,-79.5459365024759,43.6972330026894,2109,37,1e-12,0,10048.32240944,1714,1
1049779,48347282,3,245,05:39:57,-79.546722,43.697044,,,18.1306946689967,66.6292121233783,10114.9516215634,1727.22978341554,1
1049779,48347282,3,246,05:40:12,-79.547629,43.696859,,,18.1306946689967,75.8487040912875,10190.8003256547,1742.2901735282,1
1049779,48347282,3,247,05:40:31,-79.548747,43.696615,,,18.1306946689967,93.9921064973477,10284.792432152,1760.9530868676,1
1049779,48347282,3,248,05:40:46,-79.549627,43.696381,,,18.1306946689967,75.4650774891249,10360.2575096411,1775.93730473242,1
1049779,48347282,3,249,05:40:58,-79.550324,43.696205,,,18.1306946689967,59.4211276371436,10419.6786372783,1787.73586311085,1
1049779,48347282,3,250,05:41:13,-79.5512350031524,43.6959975036175,1503,38,18.1306946689967,76.8748348119141,10496.5534720902,1803,1
1049779,48347282,3,251,05:41:13,-79.5512350031524,43.6959975036175,1503,38,1e-12,0,10496.5534720902,1803,1
1049779,48347282,3,252,05:41:25,-79.552146,43.69579,,,23.2887083333993,76.8748348133473,10573.4283069035,1814.88341583252,1
1049779,48347282,3,253,05:41:37,-79.5530985036136,43.6955625039546,,,23.2887083333993,80.7379090338348,10654.1662159374,1827.36399089752,1
1049779,48347282,3,254,05:41:50,-79.554051,43.695335,,,23.2887083333993,80.7379090358741,10734.9041249733,1839.84456596283,1
1049779,48347282,3,255,05:41:56,-79.554501,43.695224,,,23.2887083333993,38.268763759765,10773.172888733,1845.76020317048,1
1049779,48347282,3,256,05:42:06,-79.55528,43.695032,2033,39,23.2887083333993,66.2421227100022,10839.415011443,1856,1
1049779,48347282,3,257,05:42:06,-79.55528,43.695032,2033,39,1e-12,0,10839.415011443,1856,1
1049779,48347282,3,258,05:42:18,-79.5559370050698,43.6948777556444,,,17.4046637895564,55.5982315502327,10895.0132429933,1867.50000000005,1
1049779,48347282,3,259,05:42:29,-79.5565940067598,43.6947235075259,,,17.4046637895564,55.5982315493467,10950.6114745426,1878.99999999992,1
1049779,48347282,3,260,05:42:40,-79.5572510050699,43.6945692556444,,,17.4046637895564,55.5982315493948,11006.209706092,1890.49999999981,1
1049779,48347282,3,261,05:42:52,-79.557908,43.694415,8213,40,17.4046637895564,55.5982315509132,11061.8079376429,1902,1
1049779,48347282,3,262,05:42:52,-79.557908,43.694415,8213,40,1e-12,0,11061.8079376429,1902,1
1049779,48347282,3,263,05:43:01,-79.558639,43.694243,,,25.33900572235,61.8737564338646,11123.6816940768,1910.79061813248,1
1049779,48347282,3,264,05:43:10,-79.5594095065236,43.6940737577631,,,25.33900572235,64.8152043707736,11188.4968984475,1919.9991379257,1
1049779,48347282,3,265,05:43:19,-79.5601800086983,43.6939045103507,,,25.33900572235,64.8152043715636,11253.3121028191,1929.20765771903,1
1049779,48347282,3,266,05:43:28,-79.5609505065237,43.693735257763,,,25.33900572235,64.8152043694212,11318.1273071885,1938.41617751206,1
1049779,48347282,3,267,05:43:38,-79.561721,43.693566,,,25.33900572235,64.8152043703812,11382.9425115589,1947.62469730523,1
1049779,48347282,3,268,05:43:47,-79.562506,43.693395,8796,41,25.33900572235,65.9891246198985,11448.9316361788,1957,1
1049779,48347282,3,269,05:43:47,-79.562506,43.693395,8796,41,1e-12,0,11448.9316361788,1957,1
1049779,48347282,3,270,05:43:52,-79.562914,43.693291,,,23.5402192409568,34.8205824574094,11483.7522186362,1962.32510320161,1
1049779,48347282,3,271,05:44:06,-79.563993,43.693021,,,23.5402192409568,91.9020539382834,11575.6542725745,1976.379661946,1
1049779,48347282,3,272,05:44:20,-79.5650715042081,43.69278700507,,,23.5402192409568,90.6325025959821,11666.2867751705,1990.24006851256,1
1049779,48347282,3,273,05:44:34,-79.56615,43.692553,,,23.5402192409568,90.6325025935791,11756.9192777641,2004.10047507875,1
1049779,48347282,3,274,05:44:35,-79.566234,43.692535,,,23.5402192409568,7.05185724082327,11763.9711350049,2005.17891389051,1
1049779,48347282,3,275,05:44:39,-79.566557,43.69247,,,23.5402192409568,26.9865345450017,11790.9576695499,2009.3059580513,1
1049779,48347282,3,276,05:44:43,-79.566877,43.692402,,,23.5402192409568,26.8462570450226,11817.8039265949,2013.41154960815,1
1049779,48347282,3,277,05:44:48,-79.567198,43.69233,,,23.5402192409568,27.052088099367,11844.8560146943,2017.54861885805,1
1049779,48347282,3,278,05:44:52,-79.567517,43.692258,,,23.5402192409568,26.8984065390862,11871.7544212334,2021.66218562434,1
1049779,48347282,3,279,05:44:54,-79.567718,43.692217,,,23.5402192409568,16.8100993420245,11888.5645205754,2024.23295002597,1
1049779,48347282,3,280,05:45:08,-79.568796,43.691998,,,23.5402192409568,90.1289725861903,11978.6934931616,2038.01635187067,1
1049779,48347282,3,281,05:45:11,-79.568997,43.691954,,,23.5402192409568,16.903895700539,11995.5973888621,2040.60146052658,1
1049779,48347282,3,282,05:45:16,-79.569442,43.691864,,,23.5402192409568,37.1933625109328,12032.7907513731,2046.28943240436,1
1049779,48347282,3,283,05:45:19,-79.569643,43.691827,,,23.5402192409568,16.6948060358006,12049.4855574088,2048.84256502873,1
1049779,48347282,3,284,05:45:34,-79.570828,43.691585,4200,42,23.5402192409568,99.1137062095073,12148.5992636184,2064,1
1049779,48347282,3,285,05:45:34,-79.570828,43.691585,4200,42,1e-12,0,12148.5992636184,2064,1
1049779,48347282,3,286,05:45:45,-79.5715455017945,43.6914350022439,,,19.621111337158,60.1183563512563,12208.7176199696,2075.03026628541,1
1049779,48347282,3,287,05:45:56,-79.572263,43.691285,,,19.621111337158,60.118356354588,12268.8359763242,2086.06053257143,1
1049779,48347282,3,288,05:46:12,-79.573288,43.691077,,,19.621111337158,85.6919905949184,12354.5279669191,2101.78294303233,1
1049779,48347282,3,289,05:46:26,-79.5742145029197,43.6908880037416,9011,43,19.621111337158,77.4873493470744,12432.0153162662,2116,1
1049779,48347282,3,290,05:46:26,-79.5742145029197,43.6908880037416,9011,43,1e-12,0,12432.0153162662,2116,1
1049779,48347282,3,291,05:46:35,-79.575141,43.690699,,,29.9401791895904,77.4873493454359,12509.5026656116,2125.31706039156,1
1049779,48347282,3,292,05:46:45,-79.5760985039512,43.6904515039961,,,29.9401791895904,81.8487137291202,12591.3513793408,2135.1585301957,1
1049779,48347282,3,293,05:46:55,-79.577056,43.690204,7257,44,29.9401791895904,81.8487137304768,12673.2000930712,2145,1
1049779,48347282,3,294,05:46:55,-79.577056,43.690204,7257,44,1e-12,0,12673.2000930712,2145,1
1049779,48347282,3,295,05:47:04,-79.5777315017795,43.6900460019889,,,23.3826699504031,57.1474505835558,12730.3475436548,2153.79843159644,1
1049779,48347282,3,296,05:47:13,-79.578407,43.689888,,,23.3826699504031,57.1474505844165,12787.4949942392,2162.59686319302,1
1049779,48347282,3,297,05:47:22,-79.579166,43.68972,,,23.3826699504031,63.893245786742,12851.3882400259,2172.43387861171,1
1049779,48347282,3,298,05:47:26,-79.579436,43.689656,,,23.3826699504031,22.8713710195347,12874.2596110455,2175.9551589379,1
1049779,48347282,3,299,05:47:32,-79.579925,43.689549,,,23.3826699504031,41.1244498679114,12915.3840609134,2182.28668651104,1
1049779,48347282,3,300,05:47:37,-79.580293,43.689453,,,23.3826699504031,31.490709583965,12946.8747704974,2187.13500172666,1
1049779,48347282,3,301,05:47:49,-79.5812140032707,43.6892400036973,,,23.3826699504031,77.8351742606491,13024.709944758,2199.11851891835,1
1049779,48347282,3,302,05:48:01,-79.582135,43.689027,,,23.3826699504031,77.8351742592482,13102.5451190173,2211.10203610983,1
1049779,48347282,3,303,05:48:03,-79.582256,43.688999,,,23.3826699504031,10.2264899320771,13112.7716089493,2212.67650830798,1
1049779,48347282,3,304,05:48:11,-79.582881,43.688854,,,23.3826699504031,52.835480669094,13165.6070896184,2220.81106825396,1
1049779,48347282,3,305,05:48:24,-79.5838775039707,43.6886150043283,,,23.3826699504031,84.5110153244296,13250.1181049429,2233.82239911623,1
1049779,48347282,3,306,05:48:37,-79.584874,43.688376,,,23.3826699504031,84.5110153251685,13334.629120268,2246.83372997862,1
1049779,48347282,3,307,05:48:51,-79.585972,43.688123,,,23.3826699504031,92.7634670645831,13427.3925873326,2261.11560976997,1
1049779,48347282,3,308,05:49:02,-79.586813,43.68794,2588,45,23.3826699504031,70.6961401000687,13498.0887274327,2272,1
1049779,48347282,3,309,05:49:02,-79.586813,43.68794,2588,45,1e-12,0,13498.0887274327,2272,1
1049779,48347282,3,310,05:49:13,-79.5876460075408,43.6877590090735,,,23.1767184157327,70.015820159516,13568.1045475922,2282.87543749952,1
1049779,48347282,3,311,05:49:24,-79.5884790100545,43.687578012098,,,23.1767184157327,70.0158201580791,13638.1203677503,2293.75087499882,1
1049779,48347282,3,312,05:49:35,-79.5893120075409,43.6873970090734,,,23.1767184157327,70.0158201597227,13708.13618791,2304.62631249837,1
1049779,48347282,3,313,05:49:46,-79.590145,43.687216,,,23.1767184157327,70.0158201594661,13778.1520080695,2315.50174999788,1
1049779,48347282,3,314,05:49:59,-79.591148,43.687011,,,23.1767184157327,83.9022110057418,13862.0542190752,2328.53413681825,1
1049779,48347282,3,315,05:50:05,-79.591636,43.68692,,,23.1767184157327,40.5680638225724,13902.6222828978,2334.83550473158,1
1049779,48347282,3,316,05:50:10,-79.592067,43.68687,,,23.1767184157327,35.1382368287594,13937.7605197265,2340.29346691219,1
1049779,48347282,3,317,05:50:20,-79.59281,43.686824,,,23.1767184157327,60.0288116201979,13997.7893313467,2349.61763947002,1
1049779,48347282,3,318,05:50:29,-79.593561,43.68678,,,23.1767184157327,60.6521328463624,14058.4414641931,2359.03863144699,1
1049779,48347282,3,319,05:50:39,-79.594348,43.686747,,,23.1767184157327,63.4584226524911,14121.8998868456,2368.89551961601,1
1049779,48347282,3,320,05:50:54,-79.595556,43.68675,5652,46,23.1767184157327,97.2423024098857,14219.1421892555,2384,1
1049779,48347282,3,321,05:50:54,-79.595556,43.68675,5652,46,1e-12,0,14219.1421892555,2384,1
1049779,48347282,3,322,05:51:06,-79.596367,43.68671,,,19.0320367947605,65.4356730553284,14284.5778623108,2396.37746782121,1
1049779,48347282,3,323,05:51:21,-79.597337,43.686663,,,19.0320367947605,78.2583479991603,14362.83621031,2411.18040540667,1
1049779,48347282,3,324,05:51:37,-79.5983730009758,43.6866065046782,694,47,19.0320367947605,83.6330851051493,14446.4692954151,2427,1
1049779,48347282,3,325,05:51:37,-79.5983730009758,43.6866065046782,694,47,1e-12,0,14446.4692954151,2427,1
1049779,48347282,3,326,05:51:48,-79.599409,43.68655,,,28.4564726310266,83.6330851054835,14530.1023805206,2437.58033826903,1
1049779,48347282,3,327,05:51:48,-79.599444,43.686548,,,28.4564726310266,2.82622652938932,14532.92860705,2437.93788137136,1
1049779,48347282,3,328,05:51:50,-79.599675,43.686528,,,28.4564726310266,18.7279392216159,14551.6565462716,2440.30713430274,1
1049779,48347282,3,329,05:52:01,-79.600682,43.686436,,,28.4564726310266,81.7063560786375,14633.3629023502,2450.64372400228,1
1049779,48347282,3,330,05:52:02,-79.600778,43.686421,,,28.4564726310266,7.90620251555054,14641.2691048658,2451.64392980519,1
1049779,48347282,3,331,05:52:02,-79.600822,43.686414,,,28.4564726310266,3.62664112969547,14644.8957459955,2452.10273256111,1
1049779,48347282,3,332,05:52:06,-79.601215,43.686377,,,28.4564726310266,31.9029442394938,14676.798690235,2456.13874225042,1
1049779,48347282,3,333,05:52:16,-79.6021765013304,43.6862940040296,2607,48,28.4564726310266,77.9490586829216,14754.7477489179,2466,1
1049779,48347282,3,334,05:52:16,-79.6021765013304,43.6862940040296,2607,48,1e-12,0,14754.7477489179,2466,1
1049779,48347282,3,335,05:52:28,-79.603138,43.686211,,,24.0249099801034,77.9490586818796,14832.6968075998,2477.68023570066,1
1049779,48347282,3,336,05:52:39,-79.6040807535243,43.6861362616219,,,24.0249099801034,76.345300724718,14909.0421083245,2489.12015713373,1
1049779,48347282,3,337,05:52:51,-79.6050235046992,43.6860615154958,,,24.0249099801034,76.3453007252134,14985.3874090497,2500.56007856688,1
1049779,48347282,3,338,05:53:02,-79.6059662535245,43.6859867616218,368,49,24.0249099801034,76.3453007250656,15061.7327097748,2512,1
1049779,48347282,3,339,05:53:02,-79.6059662535245,43.6859867616218,368,49,1e-12,0,15061.7327097748,2512,1
1049779,48347282,3,340,05:53:11,-79.606909,43.685912,,,29.5137484690807,76.3453007249063,15138.0780104997,2521.3123746344,1
1049779,48347282,3,341,05:53:16,-79.607407,43.685867,,,29.5137484690807,40.400405217091,15178.4784157168,2526.24029691896,1
1049779,48347282,3,342,05:53:25,-79.6082600002773,43.6858475031715,,,29.5137484690807,68.7002307157295,15247.1786464325,2534.62014845953,1
1049779,48347282,3,343,05:53:33,-79.609113,43.685828,367,50,29.5137484690807,68.700230714913,15315.8788771474,2543,1
1049779,48347282,3,344,05:53:33,-79.609113,43.685828,367,50,1e-12,0,15315.8788771474,2543,1
1049779,48347282,3,345,05:53:42,-79.6099014938679,43.6859835081299,,,26.3060942786289,65.791461912788,15381.6703390602,2552.00358906865,1
1049779,48347282,3,346,05:53:51,-79.6106899918239,43.6861390108399,,,26.3060942786289,65.7914619133909,15447.4618009736,2561.00717813739,1
1049779,48347282,3,347,05:54:00,-79.611478493868,43.68629450813,,,26.3060942786289,65.7914619129345,15513.2532628865,2570.01076720606,1
1049779,48347282,3,348,05:54:09,-79.612267,43.68645,,,26.3060942786289,65.7914619133788,15579.0447247999,2579.0143562748,1
1049779,48347282,3,349,05:54:21,-79.6132909624762,43.6867640319927,,,26.3060942786289,89.5338193399382,15668.5785441398,2591.26709688349,1
1049779,48347282,3,350,05:54:34,-79.6143149356736,43.6870780548449,,,26.3060942786289,89.5338193408693,15758.1123634807,2603.51983749231,1
1049779,48347282,3,351,05:54:46,-79.6153389195922,43.6873920685566,,,26.3060942786289,89.5338193399058,15847.6461828206,2615.77257810099,1
1049779,48347282,3,352,05:54:58,-79.6163629142319,43.6877060731276,,,26.3060942786289,89.5338193410968,15937.1800021617,2628.02531870984,1
1049779,48347282,3,353,05:55:10,-79.6173869195926,43.6880200685577,,,26.3060942786289,89.5338193406229,16026.7138215023,2640.27805931862,1
1049779,48347282,3,354,05:55:23,-79.6184109356742,43.6883340548465,,,26.3060942786289,89.533819340258,16116.2476408426,2652.53079992736,1
1049779,48347282,3,355,05:55:35,-79.6194349624767,43.688648031994,,,26.3060942786289,89.5338193404429,16205.781460183,2664.78354053611,1
1049779,48347282,3,356,05:55:47,-79.620459,43.688962,,,26.3060942786289,89.5338193399105,16295.3152795229,2677.0362811448,1
1049779,48347282,3,357,05:55:58,-79.6213692366145,43.6892560108343,,,26.3060942786289,80.2471748478686,16375.5624543708,2688.01814057222,1
1049779,48347282,3,358,05:56:09,-79.6222794821527,43.6895500144459,5880,51,26.3060942786289,80.2471748505131,16455.8096292213,2699,1
1049779,48347282,3,359,05:56:09,-79.6222794821527,43.6895500144459,5880,51,1e-12,0,16455.8096292213,2699,1
1049779,48347282,3,360,05:56:21,-79.6231897366146,43.6898440108345,,,23.6567627845457,80.247174847903,16536.0568040692,2711.21172279925,1
1049779,48347282,3,361,05:56:33,-79.6241,43.690138,,,23.6567627845457,80.2471748474654,16616.3039789167,2723.42344559843,1
1049779,48347282,3,362,05:56:47,-79.624937,43.690675,,,23.6567627845457,90.0698259729548,16706.3738048897,2737.12994367071,1
1049779,48347282,3,363,05:56:55,-79.6253850876838,43.691007950629,1637,52,23.6567627845457,51.7166821342063,16758.0904870239,2745,1
1049779,48347282,3,364,05:56:55,-79.6253850876838,43.691007950629,1637,52,1e-12,0,16758.0904870239,2745,1
1049779,48347282,3,365,05:57:02,-79.6258331803427,43.6913408995077,,,26.5971508125094,51.7166821365802,16809.8071691604,2752.00000000016,1
1049779,48347282,3,366,05:57:09,-79.6262812779768,43.691673846636,,,26.5971508125094,51.7166821354425,16861.5238512959,2759.00000000016,1
1049779,48347282,3,367,05:57:16,-79.6267293805861,43.6920067920138,,,26.5971508125094,51.7166821343456,16913.2405334302,2766.00000000001,1
1049779,48347282,3,368,05:57:23,-79.6271774881708,43.6923397356412,,,26.5971508125094,51.7166821345113,16964.9572155647,2772.99999999988,1
1049779,48347282,3,369,05:57:30,-79.6276256007309,43.692672677518,,,26.5971508125094,51.7166821361463,17016.6738977009,2779.99999999998,1
1049779,48347282,3,370,05:57:37,-79.6280737182665,43.6930056176444,5066,53,26.5971508125094,51.7166821355856,17068.3905798365,2787,1
1049779,48347282,3,371,05:57:37,-79.6280737182665,43.6930056176444,5066,53,1e-12,0,17068.3905798365,2787,1
1049779,48347282,3,372,05:57:45,-79.6285218407778,43.6933385560201,,,22.1642923436931,51.7166821353852,17120.1072619719,2795.40000000002,1
1049779,48347282,3,373,05:57:54,-79.6289699682647,43.6936714926452,,,22.1642923436931,51.7166821356205,17171.8239441075,2803.80000000007,1
1049779,48347282,3,374,05:58:02,-79.6294181007274,43.6940044275196,,,22.1642923436931,51.7166821379454,17223.5406262454,2812.2000000005,1
1049779,48347282,3,375,05:58:11,-79.629866238166,43.6943373606433,,,22.1642923436931,51.7166821316658,17275.2573083771,2820.59999999992,1
1049779,48347282,3,376,05:58:19,-79.6303143805806,43.6946702920163,3733,54,22.1642923436931,51.7166821358018,17326.9739905129,2829,1
1049779,48347282,3,377,05:58:19,-79.6303143805806,43.6946702920163,3733,54,1e-12,0,17326.9739905129,2829,1
1049779,48347282,3,378,05:58:26,-79.6307625279711,43.6950032216385,,,27.7359398597903,51.7166821357125,17378.6906726486,2835.71259227665,1
1049779,48347282,3,379,05:58:32,-79.6312106803379,43.6953361495099,,,27.7359398597903,51.716682135871,17430.4073547845,2842.42518455333,1
1049779,48347282,3,380,05:58:39,-79.6316588376808,43.6956690756304,,,27.7359398597903,51.7166821350557,17482.1240369195,2849.1377768299,1
1049779,48347282,3,381,05:58:46,-79.632107,43.696002,,,27.7359398597903,51.7166821346951,17533.8407190542,2855.85036910642,1
1049779,48347282,3,382,05:58:53,-79.6325832302424,43.6963573819203,6777,55,27.7359398597903,55.0838145789056,17588.9245336331,2863,1
1049779,48347282,3,383,05:58:53,-79.6325832302424,43.6963573819203,6777,55,1e-12,0,17588.9245336331,2863,1
1049779,48347282,3,384,05:59:01,-79.6330594661295,43.6967127618635,,,25.7057801366228,55.08381457884,17644.008348212,2870.71428571434,1
1049779,48347282,3,385,05:59:08,-79.6335357076616,43.6970681398295,,,25.7057801366228,55.0838145767019,17699.0921627887,2878.42857142837,1
1049779,48347282,3,386,05:59:16,-79.6340119548388,43.6974235158182,,,25.7057801366228,55.0838145786948,17754.1759773674,2886.14285714269,1
1049779,48347282,3,387,05:59:24,-79.6344882076611,43.6977788898297,,,25.7057801366228,55.0838145790205,17809.2597919464,2893.85714285705,1
1049779,48347282,3,388,05:59:32,-79.6349644661287,43.6981342618639,,,25.7057801366228,55.0838145798167,17864.3436065262,2901.57142857153,1
1049779,48347282,3,389,05:59:39,-79.6354407302416,43.6984896319207,,,25.7057801366228,55.0838145789458,17919.4274211051,2909.28571428588,1
1049779,48347282,3,390,05:59:47,-79.635917,43.698845,7713,56,25.7057801366228,55.0838145773244,17974.5112356825,2917,1
1049779,48347282,3,391,05:59:47,-79.635917,43.698845,7713,56,1e-12,0,17974.5112356825,2917,1
1049779,48347282,3,392,05:59:56,-79.6364182282887,43.6992160076659,,,22.4687616741424,57.7322348551062,18032.2434705376,2926.24999999967,1
1049779,48347282,3,393,06:00:05,-79.6369194627804,43.6995870131418,,,22.4687616741424,57.7322348591672,18089.9757053967,2935.49999999999,1
1049779,48347282,3,394,06:00:15,-79.6374207034752,43.6999580164273,,,22.4687616741424,57.7322348581886,18147.7079402549,2944.75000000015,1
1049779,48347282,3,395,06:00:24,-79.6379219503732,43.7003290175226,3859,57,22.4687616741424,57.732234856223,18205.4401751112,2954,1
1049779,48347282,3,396,06:00:24,-79.6379219503732,43.7003290175226,3859,57,1e-12,0,18205.4401751112,2954,1
1049779,48347282,3,397,06:00:32,-79.6384232034746,43.7007000164276,,,27.7114727315912,57.7322348581272,18263.1724099693,2961.50000000008,1
1049779,48347282,3,398,06:00:39,-79.6389244627794,43.7010710131422,,,27.7114727315912,57.7322348578538,18320.9046448271,2969.00000000013,1
1049779,48347282,3,399,06:00:46,-79.6394257282879,43.7014420076663,,,27.7114727315912,57.7322348556694,18378.6368796828,2976.4999999999,1
1049779,48347282,3,400,06:00:54,-79.639927,43.701813,3539,58,27.7114727315912,57.732234858279,18436.3691145411,2984,1
1049779,48347282,3,401,06:00:54,-79.639927,43.701813,3539,58,1e-12,0,18436.3691145411,2984,1
1049779,48347282,3,402,06:01:08,-79.6405642357539,43.7022597553102,,,18.028850823242,71.4373569543006,18507.8064714954,2998.26460774216,1
1049779,48347282,3,403,06:01:23,-79.6412014810051,43.7027065070803,,,18.028850823242,71.4373569527932,18579.2438284482,3012.52921548402,1
1049779,48347282,3,404,06:01:37,-79.6418387357537,43.7031532553103,,,18.028850823242,71.4373569530979,18650.6811854013,3026.79382322594,1
1049779,48347282,3,405,06:01:51,-79.642476,43.7036,,,18.028850823242,71.4373569532605,18722.1185423545,3041.0584309679,1
1049779,48347282,3,406,06:02:08,-79.643213,43.704145,1578,59,18.028850823242,84.8436168865199,18806.9621592411,3058,1
1049779,48347282,3,407,06:02:08,-79.643213,43.704145,1578,59,1e-12,0,18806.9621592411,3058,1
1049779,48347282,3,408,06:02:23,-79.643601,43.704682,,,16.447304909129,67.4419723210269,18874.4041315621,3072.76175590452,1
1049779,48347282,3,409,06:02:35,-79.643989,43.705121,,,16.447304909129,57.9925078447429,18932.3966394068,3085.45520503764,1
1049779,48347282,3,410,06:02:46,-79.644377,43.70546,,,16.447304909129,48.979775988956,18981.3764153958,3096.17593980449,1
1049779,48347282,3,411,06:02:59,-79.6449449968257,43.7057950014063,,,16.447304909129,58.9911377800808,19040.3675531759,3109.08796990192,1
1049779,48347282,3,412,06:03:12,-79.645513,43.70613,14783,60,16.447304909129,58.9911377830412,19099.3586909589,3122,1
1049779,48347282,3,413,06:03:12,-79.645513,43.70613,14783,60,1e-12,0,19099.3586909589,3122,1
1049779,48347282,3,414,06:03:25,-79.64615,43.706541,,,19.433319403208,68.7089404268704,19168.0676313858,3134.72825194732,1
1049779,48347282,3,415,06:03:40,-79.6468559937871,43.7070685021726,,,19.433319403208,81.7056317782289,19249.773263164,3149.86412597371,1
1049779,48347282,3,416,06:03:55,-79.647562,43.707596,369,61,19.433319403208,81.7056317776649,19331.4788949417,3165,1
1049779,48347282,3,417,06:03:55,-79.647562,43.707596,369,61,1e-12,0,19331.4788949417,3165,1
1049779,48347282,3,418,06:04:04,-79.6480524908921,43.7079670031461,,,22.7166586152003,57.1274116116651,19388.6063065533,3174.05321003787,1
1049779,48347282,3,419,06:04:13,-79.648542987856,43.7083380041948,,,22.7166586152003,57.1274116064549,19445.7337181598,3183.10642007491,1
1049779,48347282,3,420,06:04:22,-79.6490334908919,43.7087090031461,,,22.7166586152003,57.1274116106303,19502.8611297704,3192.15963011262,1
1049779,48347282,3,421,06:04:31,-79.649524,43.70908,,,22.7166586152003,57.1274116100254,19559.9885413804,3201.21284015023,1
1049779,48347282,3,422,06:04:46,-79.650423,43.709607,,,22.7166586152003,93.1385002316578,19653.1270416121,3215.97287183067,1
1049779,48347282,3,423,06:04:48,-79.650332,43.70971,,,22.7166586152003,13.6046495542459,19666.7316911663,3218.12885520942,1
1049779,48347282,3,424,06:04:59,-79.649716,43.710136,585,62,22.7166586152003,68.5989124899927,19735.3306036563,3229,1
1049779,48347282,3,425,06:04:59,-79.649716,43.710136,585,62,1e-12,0,19735.3306036563,3229,1
1049779,48347282,3,426,06:05:03,-79.649523,43.710304,,,23.749208221568,24.3091605569096,19759.6397642132,3232.68487981529,1
1049779,48347282,3,427,06:05:13,-79.648953,43.710789,,,23.749208221568,70.8419321575113,19830.4816963708,3243.42338332193,1
1049779,48347282,3,428,06:05:28,-79.648209,43.711433,,,23.749208221568,93.3990953023333,19923.8807916731,3257.58119186659,1
1049779,48347282,3,429,06:05:31,-79.648043,43.71162,,,23.749208221568,24.7335959773774,19948.6143876505,3261.33040930104,1
1049779,48347282,3,430,06:05:36,-79.647914,43.711852,,,23.749208221568,27.833999571794,19976.4483872223,3265.54959831667,1
1049779,48347282,3,431,06:05:46,-79.647652,43.71247,,,23.749208221568,71.9530812239845,20048.4014684463,3276.45653424438,1
1049779,48347282,3,432,06:05:54,-79.647444,43.712891,586,63,23.749208221568,49.7642608173784,20098.1657292636,3284,1
1049779,48347282,3,433,06:05:54,-79.647444,43.712891,586,63,1e-12,0,20098.1657292636,3284,1
1049779,48347282,3,434,06:06:02,-79.6472192552879,43.7133610006605,,,24.1558800931093,55.357225213991,20153.5229544776,3292.25000000009,1
1049779,48347282,3,435,06:06:10,-79.6469945070507,43.7138310008807,,,24.1558800931093,55.3572252112249,20208.8801796888,3300.49999999977,1
1049779,48347282,3,436,06:06:19,-79.6467697552881,43.7143010006606,,,24.1558800931093,55.3572252160914,20264.2374049049,3308.75000000018,1
1049779,48347282,3,437,06:06:27,-79.646545,43.714771,589,64,24.1558800931093,55.3572252121923,20319.5946301171,3317,1
1049779,48347282,3,438,06:06:27,-79.646545,43.714771,589,64,1e-12,0,20319.5946301171,3317,1
1049779,48347282,3,439,06:06:39,-79.6462195036719,43.7154470004618,,,23.9037223959149,79.6790746543689,20399.2737047715,3329.0000000002,1
1049779,48347282,3,440,06:06:51,-79.645894,43.716123,6571,65,23.9037223959149,79.6790746517323,20478.9527794232,3341,1
1049779,48347282,3,441,06:06:51,-79.645894,43.716123,6571,65,1e-12,0,20478.9527794232,3341,1
1049779,48347282,3,442,06:07:02,-79.6455940031842,43.7167590003923,,,24.4802140885251,74.8006541573471,20553.7534335806,3351.9999999997,1
1049779,48347282,3,443,06:07:13,-79.645294,43.717395,14784,66,24.4802140885251,74.8006541614164,20628.554087742,3363,1
1049779,48347282,3,444,06:07:13,-79.645294,43.717395,14784,66,1e-12,0,20628.554087742,3363,1
1049779,48347282,3,445,06:07:21,-79.6450605017595,43.7178465002377,,,24.6913078261373,53.6570402498739,20682.2111279919,3370.82321237335,1
1049779,48347282,3,446,06:07:29,-79.644827,43.718298,,,24.6913078261373,53.6570402491094,20735.868168241,3378.64642474658,1
1049779,48347282,3,447,06:07:32,-79.644699,43.718468,,,24.6913078261373,21.5449555976085,20757.4131238386,3381.78768565903,1
1049779,48347282,3,448,06:07:42,-79.6441915040656,43.7189480011227,,,24.6913078261373,67.2479188715147,20824.6610427101,3391.59245216399,1
1049779,48347282,3,449,06:07:51,-79.643684,43.719428,,,24.6913078261373,67.2479188728192,20891.9089615829,3401.39721866914,1
1049779,48347282,3,450,06:08:02,-79.643114,43.719935,583,67,24.6913078261373,72.7212604592767,20964.6302220422,3412,1
1049779,48347282,3,451,06:08:02,-79.643114,43.719935,583,67,1e-12,0,20964.6302220422,3412,1
1049779,48347282,3,452,06:08:20,-79.6425070058559,43.7205130016061,24492,68,16.1552726199057,80.7763630995273,21045.4065851417,3430,1
1049779,48347282,3,453,06:08:20,-79.6425070058559,43.7205130016061,24492,68,1e-12,0,21045.4065851417,3430,1
1049779,48347282,3,454,06:08:38,-79.6419,43.721091,,,16.4480046734755,80.7763630975919,21126.1829482393,3447.67964643275,1
1049779,48347282,3,455,06:08:51,-79.641336,43.721467,,,16.4480046734755,61.7317390570514,21187.9146872964,3461.19096680365,1
1049779,48347282,3,456,06:08:54,-79.641214,43.721569,,,16.4480046734755,15.0087438692123,21202.9234311656,3464.47595358484,1
1049779,48347282,3,457,06:08:56,-79.641174,43.721606,,,16.4480046734755,5.22690728103135,21208.1503384466,3465.61997479502,1
1049779,48347282,3,458,06:09:00,-79.641048,43.721761,485,69,16.4480046734755,20.0118541781729,21228.1621926248,3470,1
1049779,48347282,3,459,06:09:00,-79.641048,43.721761,485,69,1e-12,0,21228.1621926248,3470,1
1049779,48347282,3,460,,-79.64088,43.722024,,,,32.2462397319392,21260.4084323567,,1
1049779,48347282,3,461,,-79.640556,43.721914,,,,28.7990218415894,21289.2074541983,,1
1049779,48347282,3,462,,-79.640515,43.721898,,,,3.74865065724627,21292.9561048556,,1
1049779,48347282,3,463,,-79.6405,43.721889,,,,1.56844954418356,21294.5245543997,,1
1049779,48347282,3,464,,-79.640494,43.721877,,,,1.42037213391262,21295.9449265337,,1
1049779,48347282,3,465,,-79.640492,43.721848,,,,3.2322725523545,21299.177199086,,1
1049779,48347282,3,466,,-79.6405,43.721817,,,,3.51040900501553,21302.687608091,,1
1049779,48347282,3,467,,-79.640507,43.721801,,,,1.86802185694633,21304.555629948,,1
1049779,48347282,3,468,,-79.640515,43.721782,,,,2.21082666388407,21306.7664566119,,1
1049779,48347282,3,469,,-79.640534,43.721754,,,,3.47158181237608,21310.2380384242,,1
