shape_id,trip_id,route_type,id,timestamp,shape_pt_lon,shape_pt_lat,stop_id,stop_sequence,speed,dist,cumdist,cumtime,trip_number
1049599,48343768,0,1,04:41:00,-79.349852,43.658878,4041,1,1e-12,0,0,0,1
1049599,48343768,0,2,04:41:00,-79.349852,43.658878,4041,1,1e-12,0,0,0,1
1049599,48343768,0,3,04:41:17,-79.350929,43.658632,,,19.1010256897528,90.9571881659805,90.9571881659805,17.1428426261526,1
1049599,48343768,0,4,04:41:27,-79.351553,43.658493,,,19.1010256897528,52.5826349208061,143.539823086787,27.0531735575672,1
1049599,48343768,0,5,04:41:38,-79.352239,43.658332,1070,2,19.1010256897528,58.0821147494925,201.621937836279,38,1
1049599,48343768,0,6,04:41:38,-79.352239,43.658332,1070,2,1e-12,0,201.621937836279,38,1
1049599,48343768,0,7,04:41:59,-79.353347,43.65809,,,15.7760989091467,93.2120915745226,294.834029410802,59.2703743555847,1
1049599,48343768,0,8,04:42:05,-79.353623,43.658022,,,15.7760989091467,23.4816827436177,318.315712154419,64.6287369244205,1
1049599,48343768,0,9,04:42:07,-79.353755,43.657992,,,15.7760989091467,11.1430527291497,329.458764883569,67.1715068484656,1
1049599,48343768,0,10,04:42:10,-79.353921,43.657957,,,15.7760989091467,13.9252636882127,343.384028571782,70.3491586599981,1
1049599,48343768,0,11,04:42:15,-79.354174,43.657903,,,15.7760989091467,21.2440259607464,364.628054532528,75.1969029533827,1
1049599,48343768,0,12,04:42:18,-79.354324,43.657871,,,15.7760989091467,12.5947827094527,377.222837241981,78.0709479257898,1
1049599,48343768,0,13,04:42:22,-79.354546,43.657825,,,15.7760989091467,18.5980370861335,395.820874328114,82.3148952980557,1
1049599,48343768,0,14,04:42:22,-79.354554,43.657823,,,15.7760989091467,0.681677847791201,396.502552175906,82.4704496126033,1
1049599,48343768,0,15,04:42:24,-79.354659,43.657802,,,15.7760989091467,8.77355275823693,405.276104934143,84.4725155296306,1
1049599,48343768,0,16,04:42:27,-79.354782,43.657778,,,15.7760989091467,10.2599993107959,415.536104244938,86.8137785840509,1
1049599,48343768,0,17,04:42:29,-79.354874,43.657757,,,15.7760989091467,7.7694372266888,423.305541471627,88.5867120688849,1
1049599,48343768,0,18,04:42:30,-79.354962,43.657737,,,15.7760989091467,7.42873109694421,430.734272568571,90.28189869918,1
1049599,48343768,0,19,04:42:35,-79.35517,43.657613,,,15.7760989091467,21.7062210864908,452.440493655062,95.235112821466,1
1049599,48343768,0,20,04:42:37,-79.355247,43.657552,,,15.7760989091467,9.19607024909887,461.636563904161,97.3335943971338,1
1049599,48343768,0,21,04:42:39,-79.355285,43.657514,,,15.7760989091467,5.22113477686603,466.857698681027,98.5250223480463,1
1049599,48343768,0,22,04:42:50,-79.355721502348,43.6571910008304,1159,3,15.7760989091467,50.2862173381862,517.143916019213,110,1
1049599,48343768,0,23,04:42:50,-79.355721502348,43.6571910008304,1159,3,1e-12,0,517.143916019213,110,1
1049599,48343768,0,24,04:42:59,-79.356158,43.656868,,,19.8883698106256,50.2862173385008,567.430133357714,119.102323827561,1
1049599,48343768,0,25,04:43:15,-79.356979,43.656382,,,19.8883698106256,85.4346804590667,652.864813816781,134.566881887434,1
1049599,48343768,0,26,04:43:22,-79.357411,43.656153,,,19.8883698106256,43.1322741749166,695.997087991697,142.37426823977,1
1049599,48343768,0,27,04:43:25,-79.357549,43.65607,,,19.8883698106256,14.4533338320077,710.450421823705,144.99047068827,1
1049599,48343768,0,28,04:43:27,-79.357654,43.656007,,,19.8883698106256,10.9862883558303,721.436710179536,146.979102157696,1
1049599,48343768,0,29,04:43:34,-79.358009,43.655796,,,19.8883698106256,37.002442818068,758.439152997604,153.676925831202,1
1049599,48343768,0,30,04:43:34,-79.358041,43.655779,,,19.8883698106256,3.19743836315904,761.636591360763,154.255695142964,1
1049599,48343768,0,31,04:43:41,-79.358415,43.655582,10198,4,19.8883698106256,37.2592303089795,798.895821669742,161,1
1049599,48343768,0,32,04:43:41,-79.358415,43.655582,10198,4,1e-12,0,798.895821669742,161,1
1049599,48343768,0,33,04:43:43,-79.358395,43.655499,,,18.3646321918013,9.37887860263464,808.274700272377,162.838531946453,1
1049599,48343768,0,34,04:43:45,-79.358378,43.655387,,,18.3646321918013,12.5427377956138,820.817438067991,165.297271963276,1
1049599,48343768,0,35,04:43:48,-79.35838,43.655276,,,18.3646321918013,12.3575133574298,833.17495142542,167.719702623586,1
1049599,48343768,0,36,04:43:50,-79.358388,43.655169,,,18.3646321918013,11.9285997831381,845.103551208558,170.058053796144,1
1049599,48343768,0,37,04:43:54,-79.358404,43.655006,,,18.3646321918013,18.1907788871009,863.294330095659,173.623973511258,1
1049599,48343768,0,38,04:43:57,-79.358449,43.654874,,,18.3646321918013,15.1345473384303,878.428877434089,176.590783292653,1
1049599,48343768,0,39,04:44:01,-79.35852,43.6547,,,18.3646321918013,20.1960712604382,898.624948694528,180.549798413578,1
1049599,48343768,0,40,04:44:01,-79.358525,43.654688,,,18.3646321918013,1.39521467729539,900.020163371823,180.823300914789,1
1049599,48343768,0,41,04:44:02,-79.358541,43.654649,,,18.3646321918013,4.52867717260362,904.548840544427,181.711052852922,1
1049599,48343768,0,42,04:44:05,-79.358595,43.654518,,,18.3646321918013,15.2176016593591,919.766442203786,184.694143687605,1
1049599,48343768,0,43,04:44:08,-79.358654,43.654383,,,18.3646321918013,15.7615264388924,935.527968642678,187.783859538563,1
1049599,48343768,0,44,04:44:10,-79.358661,43.654283,,,18.3646321918013,11.146216881244,946.674185523922,189.968840993862,1
1049599,48343768,0,45,04:44:12,-79.358642,43.654192,,,18.3646321918013,10.2450079996963,956.919193523619,191.977159397068,1
1049599,48343768,0,46,04:44:14,-79.358617,43.654113,,,18.3646321918013,9.02180811232527,965.941001635944,193.745695181785,1
1049599,48343768,0,47,04:44:18,-79.358533,43.653906,,,18.3646321918013,24.0157962228819,989.956797858826,198.45348706672,1
1049599,48343768,0,48,04:44:33,-79.3582619971842,43.6532820003201,,,18.3646321918013,72.8119736638293,1062.76877152266,212.726743533398,1
1049599,48343768,0,49,04:44:47,-79.357991,43.652658,15355,5,18.3646321918013,72.8119736634449,1135.5807451861,227,1
1049599,48343768,0,50,04:44:47,-79.357991,43.652658,15355,5,1e-12,0,1135.5807451861,227,1
1049599,48343768,0,51,04:45:08,-79.357756,43.652138,,,10.461671559514,60.9021311802596,1196.48287636636,247.957231452133,1
1049599,48343768,0,52,04:45:13,-79.357664,43.65203,,,10.461671559514,14.1226870424015,1210.60556340876,252.817035457967,1
1049599,48343768,0,53,04:45:18,-79.357556,43.651934,,,10.461671559514,13.7795013046054,1224.38506471337,257.558744697679,1
1049599,48343768,0,54,04:45:23,-79.357439,43.651829,,,10.461671559514,15.0143010987585,1239.39936581213,262.725364931171,1
1049599,48343768,0,55,04:45:26,-79.357388,43.651754,,,10.461671559514,9.30479177703783,1248.70415758916,265.927267247333,1
1049599,48343768,0,56,04:45:31,-79.357316,43.651629,,,10.461671559514,15.0750377732624,1263.77919536243,271.114787776439,1
1049599,48343768,0,57,04:46:00,-79.35702,43.650906,15356,6,10.461671559514,83.9410008915984,1347.72019625402,300,1
1049599,48343768,0,58,04:46:00,-79.35702,43.650906,15356,6,1e-12,0,1347.72019625402,300,1
1049599,48343768,0,59,,-79.356906,43.650609,,,,34.3133055393531,1382.03350179338,,1
1049599,48343768,0,60,,-79.356858,43.650501,,,,12.6288733195446,1394.66237511292,,1
1049599,48343768,0,61,,-79.356822,43.650453,,,,6.07942452414964,1400.74179963707,,1
1049599,48343768,0,62,,-79.356786,43.650425,,,,4.25717383750061,1404.99897347457,,1
1049599,48343768,0,63,,-79.356743,43.650407,,,,4.00136899797506,1409.00034247255,,1
1049599,48343768,0,64,,-79.35668,43.650392,,,,5.3421237848662,1414.34246625741,,1
1049599,48343768,0,65,,-79.35661,43.650393,,,,5.63938132039888,1419.98184757781,,1
1049599,48343768,0,66,,-79.356528,43.650411,,,,6.90209997304299,1426.88394755085,,1
1049599,48343768,0,67,,-79.356474,43.650454,,,,6.46770956298809,1433.35165711384,,1
1049599,48343768,0,68,,-79.35644,43.650496,,,,5.41843313732038,1438.77009025116,,1
1049599,48343768,0,69,,-79.356424,43.650542,,,,5.28037912498006,1444.05046937614,,1
1049599,48343768,0,70,,-79.356424,43.650575,,,,3.67354319441657,1447.72401257056,,1
1049599,48343768,0,71,,-79.356436,43.650613,,,,4.33916202753738,1452.0631745981,,1
1049599,48343767,0,1,04:51:00,-79.349852,43.658878,4041,1,1e-12,0,0,0,2
1049599,48343767,0,2,04:51:00,-79.349852,43.658878,4041,1,1e-12,0,0,0,2
1049599,48343767,0,3,04:51:17,-79.350929,43.658632,,,19.1010256897528,90.9571881659805,90.9571881659805,17.1428426261526,2
1049599,48343767,0,4,04:51:27,-79.351553,43.658493,,,19.1010256897528,52.5826349208061,143.539823086787,27.0531735575672,2
1049599,48343767,0,5,04:51:38,-79.352239,43.658332,1070,2,19.1010256897528,58.0821147494925,201.621937836279,38,2
1049599,48343767,0,6,04:51:38,-79.352239,43.658332,1070,2,1e-12,0,201.621937836279,38,2
1049599,48343767,0,7,04:51:59,-79.353347,43.65809,,,15.7760989091467,93.2120915745226,294.834029410802,59.2703743555847,2
1049599,48343767,0,8,04:52:05,-79.353623,43.658022,,,15.7760989091467,23.4816827436177,318.315712154419,64.6287369244205,2
1049599,48343767,0,9,04:52:07,-79.353755,43.657992,,,15.7760989091467,11.1430527291497,329.458764883569,67.1715068484656,2
1049599,48343767,0,10,04:52:10,-79.353921,43.657957,,,15.7760989091467,13.9252636882127,343.384028571782,70.3491586599981,2
1049599,48343767,0,11,04:52:15,-79.354174,43.657903,,,15.7760989091467,21.2440259607464,364.628054532528,75.1969029533827,2
1049599,48343767,0,12,04:52:18,-79.354324,43.657871,,,15.7760989091467,12.5947827094527,377.222837241981,78.0709479257898,2
1049599,48343767,0,13,04:52:22,-79.354546,43.657825,,,15.7760989091467,18.5980370861335,395.820874328114,82.3148952980557,2
1049599,48343767,0,14,04:52:22,-79.354554,43.657823,,,15.7760989091467,0.681677847791201,396.502552175906,82.4704496126033,2
1049599,48343767,0,15,04:52:24,-79.354659,43.657802,,,15.7760989091467,8.77355275823693,405.276104934143,84.4725155296306,2
1049599,48343767,0,16,04:52:27,-79.354782,43.657778,,,15.7760989091467,10.2599993107959,415.536104244938,86.8137785840509,2
1049599,48343767,0,17,04:52:29,-79.354874,43.657757,,,15.7760989091467,7.7694372266888,423.305541471627,88.5867120688849,2
1049599,48343767,0,18,04:52:30,-79.354962,43.657737,,,15.7760989091467,7.42873109694421,430.734272568571,90.28189869918,2
1049599,48343767,0,19,04:52:35,-79.35517,43.657613,,,15.7760989091467,21.7062210864908,452.440493655062,95.235112821466,2
1049599,48343767,0,20,04:52:37,-79.355247,43.657552,,,15.7760989091467,9.19607024909887,461.636563904161,97.3335943971338,2
1049599,48343767,0,21,04:52:39,-79.355285,43.657514,,,15.7760989091467,5.22113477686603,466.857698681027,98.5250223480463,2
1049599,48343767,0,22,04:52:50,-79.355721502348,43.6571910008304,1159,3,15.7760989091467,50.2862173381862,517.143916019213,110,2
1049599,48343767,0,23,04:52:50,-79.355721502348,43.6571910008304,1159,3,1e-12,0,517.143916019213,110,2
1049599,48343767,0,24,04:52:59,-79.356158,43.656868,,,19.8883698106256,50.2862173385008,567.430133357714,119.102323827561,2
1049599,48343767,0,25,04:53:15,-79.356979,43.656382,,,19.8883698106256,85.4346804590667,652.864813816781,134.566881887434,2
1049599,48343767,0,26,04:53:22,-79.357411,43.656153,,,19.8883698106256,43.1322741749166,695.997087991697,142.37426823977,2
1049599,48343767,0,27,04:53:25,-79.357549,43.65607,,,19.8883698106256,14.4533338320077,710.450421823705,144.99047068827,2
1049599,48343767,0,28,04:53:27,-79.357654,43.656007,,,19.8883698106256,10.9862883558303,721.436710179536,146.979102157696,2
1049599,48343767,0,29,04:53:34,-79.358009,43.655796,,,19.8883698106256,37.002442818068,758.439152997604,153.676925831202,2
1049599,48343767,0,30,04:53:34,-79.358041,43.655779,,,19.8883698106256,3.19743836315904,761.636591360763,154.255695142964,2
1049599,48343767,0,31,04:53:41,-79.358415,43.655582,10198,4,19.8883698106256,37.2592303089795,798.895821669742,161,2
1049599,48343767,0,32,04:53:41,-79.358415,43.655582,10198,4,1e-12,0,798.895821669742,161,2
1049599,48343767,0,33,04:53:43,-79.358395,43.655499,,,18.3646321918013,9.37887860263464,808.274700272377,162.838531946453,2
1049599,48343767,0,34,04:53:45,-79.358378,43.655387,,,18.3646321918013,12.5427377956138,820.817438067991,165.297271963276,2
1049599,48343767,0,35,04:53:48,-79.35838,43.655276,,,18.3646321918013,12.3575133574298,833.17495142542,167.719702623586,2
1049599,48343767,0,36,04:53:50,-79.358388,43.655169,,,18.3646321918013,11.9285997831381,845.103551208558,170.058053796144,2
1049599,48343767,0,37,04:53:54,-79.358404,43.655006,,,18.3646321918013,18.1907788871009,863.294330095659,173.623973511258,2
1049599,48343767,0,38,04:53:57,-79.358449,43.654874,,,18.3646321918013,15.1345473384303,878.428877434089,176.590783292653,2
1049599,48343767,0,39,04:54:01,-79.35852,43.6547,,,18.3646321918013,20.1960712604382,898.624948694528,180.549798413578,2
1049599,48343767,0,40,04:54:01,-79.358525,43.654688,,,18.3646321918013,1.39521467729539,900.020163371823,180.823300914789,2
1049599,48343767,0,41,04:54:02,-79.358541,43.654649,,,18.3646321918013,4.52867717260362,904.548840544427,181.711052852922,2
1049599,48343767,0,42,04:54:05,-79.358595,43.654518,,,18.3646321918013,15.2176016593591,919.766442203786,184.694143687605,2
1049599,48343767,0,43,04:54:08,-79.358654,43.654383,,,18.3646321918013,15.7615264388924,935.527968642678,187.783859538563,2
1049599,48343767,0,44,04:54:10,-79.358661,43.654283,,,18.3646321918013,11.146216881244,946.674185523922,189.968840993862,2
1049599,48343767,0,45,04:54:12,-79.358642,43.654192,,,18.3646321918013,10.2450079996963,956.919193523619,191.977159397068,2
1049599,48343767,0,46,04:54:14,-79.358617,43.654113,,,18.3646321918013,9.02180811232527,965.941001635944,193.745695181785,2
1049599,48343767,0,47,04:54:18,-79.358533,43.653906,,,18.3646321918013,24.0157962228819,989.956797858826,198.45348706672,2
1049599,48343767,0,48,04:54:33,-79.3582619971842,43.6532820003201,,,18.3646321918013,72.8119736638293,1062.76877152266,212.726743533398,2
1049599,48343767,0,49,04:54:47,-79.357991,43.652658,15355,5,18.3646321918013,72.8119736634449,1135.5807451861,227,2
1049599,48343767,0,50,04:54:47,-79.357991,43.652658,15355,5,1e-12,0,1135.5807451861,227,2
1049599,48343767,0,51,04:55:08,-79.357756,43.652138,,,10.461671559514,60.9021311802596,1196.48287636636,247.957231452133,2
1049599,48343767,0,52,04:55:13,-79.357664,43.65203,,,10.461671559514,14.1226870424015,1210.60556340876,252.817035457967,2
1049599,48343767,0,53,04:55:18,-79.357556,43.651934,,,10.461671559514,13.7795013046054,1224.38506471337,257.558744697679,2
1049599,48343767,0,54,04:55:23,-79.357439,43.651829,,,10.461671559514,15.0143010987585,1239.39936581213,262.725364931171,2
1049599,48343767,0,55,04:55:26,-79.357388,43.651754,,,10.461671559514,9.30479177703783,1248.70415758916,265.927267247333,2
1049599,48343767,0,56,04:55:31,-79.357316,43.651629,,,10.461671559514,15.0750377732624,1263.77919536243,271.114787776439,2
1049599,48343767,0,57,04:56:00,-79.35702,43.650906,15356,6,10.461671559514,83.9410008915984,1347.72019625402,300,2
1049599,48343767,0,58,04:56:00,-79.35702,43.650906,15356,6,1e-12,0,1347.72019625402,300,2
1049599,48343767,0,59,,-79.356906,43.650609,,,,34.3133055393531,1382.03350179338,,2
1049599,48343767,0,60,,-79.356858,43.650501,,,,12.6288733195446,1394.66237511292,,2
1049599,48343767,0,61,,-79.356822,43.650453,,,,6.07942452414964,1400.74179963707,,2
1049599,48343767,0,62,,-79.356786,43.650425,,,,4.25717383750061,1404.99897347457,,2
1049599,48343767,0,63,,-79.356743,43.650407,,,,4.00136899797506,1409.00034247255,,2
1049599,48343767,0,64,,-79.35668,43.650392,,,,5.3421237848662,1414.34246625741,,2
1049599,48343767,0,65,,-79.35661,43.650393,,,,5.63938132039888,1419.98184757781,,2
1049599,48343767,0,66,,-79.356528,43.650411,,,,6.90209997304299,1426.88394755085,,2
1049599,48343767,0,67,,-79.356474,43.650454,,,,6.46770956298809,1433.35165711384,,2
1049599,48343767,0,68,,-79.35644,43.650496,,,,5.41843313732038,1438.77009025116,,2
1049599,48343767,0,69,,-79.356424,43.650542,,,,5.28037912498006,1444.05046937614,,2
1049599,48343767,0,70,,-79.356424,43.650575,,,,3.67354319441657,1447.72401257056,,2
1049599,48343767,0,71,,-79.356436,43.650613,,,,4.33916202753738,1452.0631745981,,2
1049599,48343766,0,1,05:01:00,-79.349852,43.658878,4041,1,1e-12,0,0,0,3
1049599,48343766,0,2,05:01:00,-79.349852,43.658878,4041,1,1e-12,0,0,0,3
1049599,48343766,0,3,05:01:17,-79.350929,43.658632,,,19.1010256897528,90.9571881659805,90.9571881659805,17.1428426261526,3
1049599,48343766,0,4,05:01:27,-79.351553,43.658493,,,19.1010256897528,52.5826349208061,143.539823086787,27.0531735575672,3
1049599,48343766,0,5,05:01:38,-79.352239,43.658332,1070,2,19.1010256897528,58.0821147494925,201.621937836279,38,3
1049599,48343766,0,6,05:01:38,-79.352239,43.658332,1070,2,1e-12,0,201.621937836279,38,3
1049599,48343766,0,7,05:01:59,-79.353347,43.65809,,,15.7760989091467,93.2120915745226,294.834029410802,59.2703743555847,3
1049599,48343766,0,8,05:02:05,-79.353623,43.658022,,,15.7760989091467,23.4816827436177,318.315712154419,64.6287369244205,3
1049599,48343766,0,9,05:02:07,-79.353755,43.657992,,,15.7760989091467,11.1430527291497,329.458764883569,67.1715068484656,3
1049599,48343766,0,10,05:02:10,-79.353921,43.657957,,,15.7760989091467,13.9252636882127,343.384028571782,70.3491586599981,3
1049599,48343766,0,11,05:02:15,-79.354174,43.657903,,,15.7760989091467,21.2440259607464,364.628054532528,75.1969029533827,3
1049599,48343766,0,12,05:02:18,-79.354324,43.657871,,,15.7760989091467,12.5947827094527,377.222837241981,78.0709479257898,3
1049599,48343766,0,13,05:02:22,-79.354546,43.657825,,,15.7760989091467,18.5980370861335,395.820874328114,82.3148952980557,3
1049599,48343766,0,14,05:02:22,-79.354554,43.657823,,,15.7760989091467,0.681677847791201,396.502552175906,82.4704496126033,3
1049599,48343766,0,15,05:02:24,-79.354659,43.657802,,,15.7760989091467,8.77355275823693,405.276104934143,84.4725155296306,3
1049599,48343766,0,16,05:02:27,-79.354782,43.657778,,,15.7760989091467,10.2599993107959,415.536104244938,86.8137785840509,3
1049599,48343766,0,17,05:02:29,-79.354874,43.657757,,,15.7760989091467,7.7694372266888,423.305541471627,88.5867120688849,3
1049599,48343766,0,18,05:02:30,-79.354962,43.657737,,,15.7760989091467,7.42873109694421,430.734272568571,90.28189869918,3
1049599,48343766,0,19,05:02:35,-79.35517,43.657613,,,15.7760989091467,21.7062210864908,452.440493655062,95.235112821466,3
1049599,48343766,0,20,05:02:37,-79.355247,43.657552,,,15.7760989091467,9.19607024909887,461.636563904161,97.3335943971338,3
1049599,48343766,0,21,05:02:39,-79.355285,43.657514,,,15.7760989091467,5.22113477686603,466.857698681027,98.5250223480463,3
1049599,48343766,0,22,05:02:50,-79.355721502348,43.6571910008304,1159,3,15.7760989091467,50.2862173381862,517.143916019213,110,3
1049599,48343766,0,23,05:02:50,-79.355721502348,43.6571910008304,1159,3,1e-12,0,517.143916019213,110,3
1049599,48343766,0,24,05:02:59,-79.356158,43.656868,,,19.8883698106256,50.2862173385008,567.430133357714,119.102323827561,3
1049599,48343766,0,25,05:03:15,-79.356979,43.656382,,,19.8883698106256,85.4346804590667,652.864813816781,134.566881887434,3
1049599,48343766,0,26,05:03:22,-79.357411,43.656153,,,19.8883698106256,43.1322741749166,695.997087991697,142.37426823977,3
1049599,48343766,0,27,05:03:25,-79.357549,43.65607,,,19.8883698106256,14.4533338320077,710.450421823705,144.99047068827,3
1049599,48343766,0,28,05:03:27,-79.357654,43.656007,,,19.8883698106256,10.9862883558303,721.436710179536,146.979102157696,3
1049599,48343766,0,29,05:03:34,-79.358009,43.655796,,,19.8883698106256,37.002442818068,758.439152997604,153.676925831202,3
1049599,48343766,0,30,05:03:34,-79.358041,43.655779,,,19.8883698106256,3.19743836315904,761.636591360763,154.255695142964,3
1049599,48343766,0,31,05:03:41,-79.358415,43.655582,10198,4,19.8883698106256,37.2592303089795,798.895821669742,161,3
1049599,48343766,0,32,05:03:41,-79.358415,43.655582,10198,4,1e-12,0,798.895821669742,161,3
1049599,48343766,0,33,05:03:43,-79.358395,43.655499,,,18.3646321918013,9.37887860263464,808.274700272377,162.838531946453,3
1049599,48343766,0,34,05:03:45,-79.358378,43.655387,,,18.3646321918013,12.5427377956138,820.817438067991,165.297271963276,3
1049599,48343766,0,35,05:03:48,-79.35838,43.655276,,,18.3646321918013,12.3575133574298,833.17495142542,167.719702623586,3
1049599,48343766,0,36,05:03:50,-79.358388,43.655169,,,18.3646321918013,11.9285997831381,845.103551208558,170.058053796144,3
1049599,48343766,0,37,05:03:54,-79.358404,43.655006,,,18.3646321918013,18.1907788871009,863.294330095659,173.623973511258,3
1049599,48343766,0,38,05:03:57,-79.358449,43.654874,,,18.3646321918013,15.1345473384303,878.428877434089,176.590783292653,3
1049599,48343766,0,39,05:04:01,-79.35852,43.6547,,,18.3646321918013,20.1960712604382,898.624948694528,180.549798413578,3
1049599,48343766,0,40,05:04:01,-79.358525,43.654688,,,18.3646321918013,1.39521467729539,900.020163371823,180.823300914789,3
1049599,48343766,0,41,05:04:02,-79.358541,43.654649,,,18.3646321918013,4.52867717260362,904.548840544427,181.711052852922,3
1049599,48343766,0,42,05:04:05,-79.358595,43.654518,,,18.3646321918013,15.2176016593591,919.766442203786,184.694143687605,3
1049599,48343766,0,43,05:04:08,-79.358654,43.654383,,,18.3646321918013,15.7615264388924,935.527968642678,187.783859538563,3
1049599,48343766,0,44,05:04:10,-79.358661,43.654283,,,18.3646321918013,11.146216881244,946.674185523922,189.968840993862,3
1049599,48343766,0,45,05:04:12,-79.358642,43.654192,,,18.3646321918013,10.2450079996963,956.919193523619,191.977159397068,3
1049599,48343766,0,46,05:04:14,-79.358617,43.654113,,,18.3646321918013,9.02180811232527,965.941001635944,193.745695181785,3
1049599,48343766,0,47,05:04:18,-79.358533,43.653906,,,18.3646321918013,24.0157962228819,989.956797858826,198.45348706672,3
1049599,48343766,0,48,05:04:33,-79.3582619971842,43.6532820003201,,,18.3646321918013,72.8119736638293,1062.76877152266,212.726743533398,3
1049599,48343766,0,49,05:04:47,-79.357991,43.652658,15355,5,18.3646321918013,72.8119736634449,1135.5807451861,227,3
1049599,48343766,0,50,05:04:47,-79.357991,43.652658,15355,5,1e-12,0,1135.5807451861,227,3
1049599,48343766,0,51,05:05:08,-79.357756,43.652138,,,10.461671559514,60.9021311802596,1196.48287636636,247.957231452133,3
1049599,48343766,0,52,05:05:13,-79.357664,43.65203,,,10.461671559514,14.1226870424015,1210.60556340876,252.817035457967,3
1049599,48343766,0,53,05:05:18,-79.357556,43.651934,,,10.461671559514,13.7795013046054,1224.38506471337,257.558744697679,3
1049599,48343766,0,54,05:05:23,-79.357439,43.651829,,,10.461671559514,15.0143010987585,1239.39936581213,262.725364931171,3
1049599,48343766,0,55,05:05:26,-79.357388,43.651754,,,10.461671559514,9.30479177703783,1248.70415758916,265.927267247333,3
1049599,48343766,0,56,05:05:31,-79.357316,43.651629,,,10.461671559514,15.0750377732624,1263.77919536243,271.114787776439,3
1049599,48343766,0,57,05:06:00,-79.35702,43.650906,15356,6,10.461671559514,83.9410008915984,1347.72019625402,300,3
1049599,48343766,0,58,05:06:00,-79.35702,43.650906,15356,6,1e-12,0,1347.72019625402,300,3
1049599,48343766,0,59,,-79.356906,43.650609,,,,34.3133055393531,1382.03350179338,,3
1049599,48343766,0,60,,-79.356858,43.650501,,,,12.6288733195446,1394.66237511292,,3
1049599,48343766,0,61,,-79.356822,43.650453,,,,6.07942452414964,1400.74179963707,,3
1049599,48343766,0,62,,-79.356786,43.650425,,,,4.25717383750061,1404.99897347457,,3
1049599,48343766,0,63,,-79.356743,43.650407,,,,4.00136899797506,1409.00034247255,,3
1049599,48343766,0,64,,-79.35668,43.650392,,,,5.3421237848662,1414.34246625741,,3
1049599,48343766,0,65,,-79.35661,43.650393,,,,5.63938132039888,1419.98184757781,,3
1049599,48343766,0,66,,-79.356528,43.650411,,,,6.90209997304299,1426.88394755085,,3
1049599,48343766,0,67,,-79.356474,43.650454,,,,6.46770956298809,1433.35165711384,,3
1049599,48343766,0,68,,-79.35644,43.650496,,,,5.41843313732038,1438.77009025116,,3
1049599,48343766,0,69,,-79.356424,43.650542,,,,5.28037912498006,1444.05046937614,,3
1049599,48343766,0,70,,-79.356424,43.650575,,,,3.67354319441657,1447.72401257056,,3
1049599,48343766,0,71,,-79.356436,43.650613,,,,4.33916202753738,1452.0631745981,,3
1049599,48343765,0,1,05:11:00,-79.349852,43.658878,4041,1,1e-12,0,0,0,4
1049599,48343765,0,2,05:11:00,-79.349852,43.658878,4041,1,1e-12,0,0,0,4
1049599,48343765,0,3,05:11:17,-79.350929,43.658632,,,19.1010256897528,90.9571881659805,90.9571881659805,17.1428426261526,4
1049599,48343765,0,4,05:11:27,-79.351553,43.658493,,,19.1010256897528,52.5826349208061,143.539823086787,27.0531735575672,4
1049599,48343765,0,5,05:11:38,-79.352239,43.658332,1070,2,19.1010256897528,58.0821147494925,201.621937836279,38,4
1049599,48343765,0,6,05:11:38,-79.352239,43.658332,1070,2,1e-12,0,201.621937836279,38,4
1049599,48343765,0,7,05:11:59,-79.353347,43.65809,,,15.7760989091467,93.2120915745226,294.834029410802,59.2703743555847,4
1049599,48343765,0,8,05:12:05,-79.353623,43.658022,,,15.7760989091467,23.4816827436177,318.315712154419,64.6287369244205,4
1049599,48343765,0,9,05:12:07,-79.353755,43.657992,,,15.7760989091467,11.1430527291497,329.458764883569,67.1715068484656,4
1049599,48343765,0,10,05:12:10,-79.353921,43.657957,,,15.7760989091467,13.9252636882127,343.384028571782,70.3491586599981,4
1049599,48343765,0,11,05:12:15,-79.354174,43.657903,,,15.7760989091467,21.2440259607464,364.628054532528,75.1969029533827,4
1049599,48343765,0,12,05:12:18,-79.354324,43.657871,,,15.7760989091467,12.5947827094527,377.222837241981,78.0709479257898,4
1049599,48343765,0,13,05:12:22,-79.354546,43.657825,,,15.7760989091467,18.5980370861335,395.820874328114,82.3148952980557,4
1049599,48343765,0,14,05:12:22,-79.354554,43.657823,,,15.7760989091467,0.681677847791201,396.502552175906,82.4704496126033,4
1049599,48343765,0,15,05:12:24,-79.354659,43.657802,,,15.7760989091467,8.77355275823693,405.276104934143,84.4725155296306,4
1049599,48343765,0,16,05:12:27,-79.354782,43.657778,,,15.7760989091467,10.2599993107959,415.536104244938,86.8137785840509,4
1049599,48343765,0,17,05:12:29,-79.354874,43.657757,,,15.7760989091467,7.7694372266888,423.305541471627,88.5867120688849,4
1049599,48343765,0,18,05:12:30,-79.354962,43.657737,,,15.7760989091467,7.42873109694421,430.734272568571,90.28189869918,4
1049599,48343765,0,19,05:12:35,-79.35517,43.657613,,,15.7760989091467,21.7062210864908,452.440493655062,95.235112821466,4
1049599,48343765,0,20,05:12:37,-79.355247,43.657552,,,15.7760989091467,9.19607024909887,461.636563904161,97.3335943971338,4
1049599,48343765,0,21,05:12:39,-79.355285,43.657514,,,15.7760989091467,5.22113477686603,466.857698681027,98.5250223480463,4
1049599,48343765,0,22,05:12:50,-79.355721502348,43.6571910008304,1159,3,15.7760989091467,50.2862173381862,517.143916019213,110,4
1049599,48343765,0,23,05:12:50,-79.355721502348,43.6571910008304,1159,3,1e-12,0,517.143916019213,110,4
1049599,48343765,0,24,05:12:59,-79.356158,43.656868,,,19.8883698106256,50.2862173385008,567.430133357714,119.102323827561,4
1049599,48343765,0,25,05:13:15,-79.356979,43.656382,,,19.8883698106256,85.4346804590667,652.864813816781,134.566881887434,4
1049599,48343765,0,26,05:13:22,-79.357411,43.656153,,,19.8883698106256,43.1322741749166,695.997087991697,142.37426823977,4
1049599,48343765,0,27,05:13:25,-79.357549,43.65607,,,19.8883698106256,14.4533338320077,710.450421823705,144.99047068827,4
1049599,48343765,0,28,05:13:27,-79.357654,43.656007,,,19.8883698106256,10.9862883558303,721.436710179536,146.979102157696,4
1049599,48343765,0,29,05:13:34,-79.358009,43.655796,,,19.8883698106256,37.002442818068,758.439152997604,153.676925831202,4
1049599,48343765,0,30,05:13:34,-79.358041,43.655779,,,19.8883698106256,3.19743836315904,761.636591360763,154.255695142964,4
1049599,48343765,0,31,05:13:41,-79.358415,43.655582,10198,4,19.8883698106256,37.2592303089795,798.895821669742,161,4
1049599,48343765,0,32,05:13:41,-79.358415,43.655582,10198,4,1e-12,0,798.895821669742,161,4
1049599,48343765,0,33,05:13:43,-79.358395,43.655499,,,18.3646321918013,9.37887860263464,808.274700272377,162.838531946453,4
1049599,48343765,0,34,05:13:45,-79.358378,43.655387,,,18.3646321918013,12.5427377956138,820.817438067991,165.297271963276,4
1049599,48343765,0,35,05:13:48,-79.35838,43.655276,,,18.3646321918013,12.3575133574298,833.17495142542,167.719702623586,4
1049599,48343765,0,36,05:13:50,-79.358388,43.655169,,,18.3646321918013,11.9285997831381,845.103551208558,170.058053796144,4
1049599,48343765,0,37,05:13:54,-79.358404,43.655006,,,18.3646321918013,18.1907788871009,863.294330095659,173.623973511258,4
1049599,48343765,0,38,05:13:57,-79.358449,43.654874,,,18.3646321918013,15.1345473384303,878.428877434089,176.590783292653,4
1049599,48343765,0,39,05:14:01,-79.35852,43.6547,,,18.3646321918013,20.1960712604382,898.624948694528,180.549798413578,4
1049599,48343765,0,40,05:14:01,-79.358525,43.654688,,,18.3646321918013,1.39521467729539,900.020163371823,180.823300914789,4
1049599,48343765,0,41,05:14:02,-79.358541,43.654649,,,18.3646321918013,4.52867717260362,904.548840544427,181.711052852922,4
1049599,48343765,0,42,05:14:05,-79.358595,43.654518,,,18.3646321918013,15.2176016593591,919.766442203786,184.694143687605,4
1049599,48343765,0,43,05:14:08,-79.358654,43.654383,,,18.3646321918013,15.7615264388924,935.527968642678,187.783859538563,4
1049599,48343765,0,44,05:14:10,-79.358661,43.654283,,,18.3646321918013,11.146216881244,946.674185523922,189.968840993862,4
1049599,48343765,0,45,05:14:12,-79.358642,43.654192,,,18.3646321918013,10.2450079996963,956.919193523619,191.977159397068,4
1049599,48343765,0,46,05:14:14,-79.358617,43.654113,,,18.3646321918013,9.02180811232527,965.941001635944,193.745695181785,4
1049599,48343765,0,47,05:14:18,-79.358533,43.653906,,,18.3646321918013,24.0157962228819,989.956797858826,198.45348706672,4
1049599,48343765,0,48,05:14:33,-79.3582619971842,43.6532820003201,,,18.3646321918013,72.8119736638293,1062.76877152266,212.726743533398,4
1049599,48343765,0,49,05:14:47,-79.357991,43.652658,15355,5,18.3646321918013,72.8119736634449,1135.5807451861,227,4
1049599,48343765,0,50,05:14:47,-79.357991,43.652658,15355,5,1e-12,0,1135.5807451861,227,4
1049599,48343765,0,51,05:15:08,-79.357756,43.652138,,,10.461671559514,60.9021311802596,1196.48287636636,247.957231452133,4
1049599,48343765,0,52,05:15:13,-79.357664,43.65203,,,10.461671559514,14.1226870424015,1210.60556340876,252.817035457967,4
1049599,48343765,0,53,05:15:18,-79.357556,43.651934,,,10.461671559514,13.7795013046054,1224.38506471337,257.558744697679,4
1049599,48343765,0,54,05:15:23,-79.357439,43.651829,,,10.461671559514,15.0143010987585,1239.39936581213,262.725364931171,4
1049599,48343765,0,55,05:15:26,-79.357388,43.651754,,,10.461671559514,9.30479177703783,1248.70415758916,265.927267247333,4
1049599,48343765,0,56,05:15:31,-79.357316,43.651629,,,10.461671559514,15.0750377732624,1263.77919536243,271.114787776439,4
1049599,48343765,0,57,05:16:00,-79.35702,43.650906,15356,6,10.461671559514,83.9410008915984,1347.72019625402,300,4
1049599,48343765,0,58,05:16:00,-79.35702,43.650906,15356,6,1e-12,0,1347.72019625402,300,4
1049599,48343765,0,59,,-79.356906,43.650609,,,,34.3133055393531,1382.03350179338,,4
1049599,48343765,0,60,,-79.356858,43.650501,,,,12.6288733195446,1394.66237511292,,4
1049599,48343765,0,61,,-79.356822,43.650453,,,,6.07942452414964,1400.74179963707,,4
1049599,48343765,0,62,,-79.356786,43.650425,,,,4.25717383750061,1404.99897347457,,4
1049599,48343765,0,63,,-79.356743,43.650407,,,,4.00136899797506,1409.00034247255,,4
1049599,48343765,0,64,,-79.35668,43.650392,,,,5.3421237848662,1414.34246625741,,4
1049599,48343765,0,65,,-79.35661,43.650393,,,,5.63938132039888,1419.98184757781,,4
1049599,48343765,0,66,,-79.356528,43.650411,,,,6.90209997304299,1426.88394755085,,4
1049599,48343765,0,67,,-79.356474,43.650454,,,,6.46770956298809,1433.35165711384,,4
1049599,48343765,0,68,,-79.35644,43.650496,,,,5.41843313732038,1438.77009025116,,4
1049599,48343765,0,69,,-79.356424,43.650542,,,,5.28037912498006,1444.05046937614,,4
1049599,48343765,0,70,,-79.356424,43.650575,,,,3.67354319441657,1447.72401257056,,4
1049599,48343765,0,71,,-79.356436,43.650613,,,,4.33916202753738,1452.0631745981,,4
1049599,48343764,0,1,05:21:00,-79.349852,43.658878,4041,1,1e-12,0,0,0,5
1049599,48343764,0,2,05:21:00,-79.349852,43.658878,4041,1,1e-12,0,0,0,5
1049599,48343764,0,3,05:21:17,-79.350929,43.658632,,,19.1010256897528,90.9571881659805,90.9571881659805,17.1428426261526,5
1049599,48343764,0,4,05:21:27,-79.351553,43.658493,,,19.1010256897528,52.5826349208061,143.539823086787,27.0531735575672,5
1049599,48343764,0,5,05:21:38,-79.352239,43.658332,1070,2,19.1010256897528,58.0821147494925,201.621937836279,38,5
1049599,48343764,0,6,05:21:38,-79.352239,43.658332,1070,2,1e-12,0,201.621937836279,38,5
1049599,48343764,0,7,05:21:59,-79.353347,43.65809,,,15.7760989091467,93.2120915745226,294.834029410802,59.2703743555847,5
1049599,48343764,0,8,05:22:05,-79.353623,43.658022,,,15.7760989091467,23.4816827436177,318.315712154419,64.6287369244205,5
1049599,48343764,0,9,05:22:07,-79.353755,43.657992,,,15.7760989091467,11.1430527291497,329.458764883569,67.1715068484656,5
1049599,48343764,0,10,05:22:10,-79.353921,43.657957,,,15.7760989091467,13.9252636882127,343.384028571782,70.3491586599981,5
1049599,48343764,0,11,05:22:15,-79.354174,43.657903,,,15.7760989091467,21.2440259607464,364.628054532528,75.1969029533827,5
1049599,48343764,0,12,05:22:18,-79.354324,43.657871,,,15.7760989091467,12.5947827094527,377.222837241981,78.0709479257898,5
1049599,48343764,0,13,05:22:22,-79.354546,43.657825,,,15.7760989091467,18.5980370861335,395.820874328114,82.3148952980557,5
1049599,48343764,0,14,05:22:22,-79.354554,43.657823,,,15.7760989091467,0.681677847791201,396.502552175906,82.4704496126033,5
1049599,48343764,0,15,05:22:24,-79.354659,43.657802,,,15.7760989091467,8.77355275823693,405.276104934143,84.4725155296306,5
1049599,48343764,0,16,05:22:27,-79.354782,43.657778,,,15.7760989091467,10.2599993107959,415.536104244938,86.8137785840509,5
1049599,48343764,0,17,05:22:29,-79.354874,43.657757,,,15.7760989091467,7.7694372266888,423.305541471627,88.5867120688849,5
1049599,48343764,0,18,05:22:30,-79.354962,43.657737,,,15.7760989091467,7.42873109694421,430.734272568571,90.28189869918,5
1049599,48343764,0,19,05:22:35,-79.35517,43.657613,,,15.7760989091467,21.7062210864908,452.440493655062,95.235112821466,5
1049599,48343764,0,20,05:22:37,-79.355247,43.657552,,,15.7760989091467,9.19607024909887,461.636563904161,97.3335943971338,5
1049599,48343764,0,21,05:22:39,-79.355285,43.657514,,,15.7760989091467,5.22113477686603,466.857698681027,98.5250223480463,5
1049599,48343764,0,22,05:22:50,-79.355721502348,43.6571910008304,1159,3,15.7760989091467,50.2862173381862,517.143916019213,110,5
1049599,48343764,0,23,05:22:50,-79.355721502348,43.6571910008304,1159,3,1e-12,0,517.143916019213,110,5
1049599,48343764,0,24,05:22:59,-79.356158,43.656868,,,19.8883698106256,50.2862173385008,567.430133357714,119.102323827561,5
1049599,48343764,0,25,05:23:15,-79.356979,43.656382,,,19.8883698106256,85.4346804590667,652.864813816781,134.566881887434,5
1049599,48343764,0,26,05:23:22,-79.357411,43.656153,,,19.8883698106256,43.1322741749166,695.997087991697,142.37426823977,5
1049599,48343764,0,27,05:23:25,-79.357549,43.65607,,,19.8883698106256,14.4533338320077,710.450421823705,144.99047068827,5
1049599,48343764,0,28,05:23:27,-79.357654,43.656007,,,19.8883698106256,10.9862883558303,721.436710179536,146.979102157696,5
1049599,48343764,0,29,05:23:34,-79.358009,43.655796,,,19.8883698106256,37.002442818068,758.439152997604,153.676925831202,5
1049599,48343764,0,30,05:23:34,-79.358041,43.655779,,,19.8883698106256,3.19743836315904,761.636591360763,154.255695142964,5
1049599,48343764,0,31,05:23:41,-79.358415,43.655582,10198,4,19.8883698106256,37.2592303089795,798.895821669742,161,5
1049599,48343764,0,32,05:23:41,-79.358415,43.655582,10198,4,1e-12,0,798.895821669742,161,5
1049599,48343764,0,33,05:23:43,-79.358395,43.655499,,,18.3646321918013,9.37887860263464,808.274700272377,162.838531946453,5
1049599,48343764,0,34,05:23:45,-79.358378,43.655387,,,18.3646321918013,12.5427377956138,820.817438067991,165.297271963276,5
1049599,48343764,0,35,05:23:48,-79.35838,43.655276,,,18.3646321918013,12.3575133574298,833.17495142542,167.719702623586,5
1049599,48343764,0,36,05:23:50,-79.358388,43.655169,,,18.3646321918013,11.9285997831381,845.103551208558,170.058053796144,5
1049599,48343764,0,37,05:23:54,-79.358404,43.655006,,,18.3646321918013,18.1907788871009,863.294330095659,173.623973511258,5
1049599,48343764,0,38,05:23:57,-79.358449,43.654874,,,18.3646321918013,15.1345473384303,878.428877434089,176.590783292653,5
1049599,48343764,0,39,05:24:01,-79.35852,43.6547,,,18.3646321918013,20.1960712604382,898.624948694528,180.549798413578,5
1049599,48343764,0,40,05:24:01,-79.358525,43.654688,,,18.3646321918013,1.39521467729539,900.020163371823,180.823300914789,5
1049599,48343764,0,41,05:24:02,-79.358541,43.654649,,,18.3646321918013,4.52867717260362,904.548840544427,181.711052852922,5
1049599,48343764,0,42,05:24:05,-79.358595,43.654518,,,18.3646321918013,15.2176016593591,919.766442203786,184.694143687605,5
1049599,48343764,0,43,05:24:08,-79.358654,43.654383,,,18.3646321918013,15.7615264388924,935.527968642678,187.783859538563,5
1049599,48343764,0,44,05:24:10,-79.358661,43.654283,,,18.3646321918013,11.146216881244,946.674185523922,189.968840993862,5
1049599,48343764,0,45,05:24:12,-79.358642,43.654192,,,18.3646321918013,10.2450079996963,956.919193523619,191.977159397068,5
1049599,48343764,0,46,05:24:14,-79.358617,43.654113,,,18.3646321918013,9.02180811232527,965.941001635944,193.745695181785,5
1049599,48343764,0,47,05:24:18,-79.358533,43.653906,,,18.3646321918013,24.0157962228819,989.956797858826,198.45348706672,5
1049599,48343764,0,48,05:24:33,-79.3582619971842,43.6532820003201,,,18.3646321918013,72.8119736638293,1062.76877152266,212.726743533398,5
1049599,48343764,0,49,05:24:47,-79.357991,43.652658,15355,5,18.3646321918013,72.8119736634449,1135.5807451861,227,5
1049599,48343764,0,50,05:24:47,-79.357991,43.652658,15355,5,1e-12,0,1135.5807451861,227,5
1049599,48343764,0,51,05:25:08,-79.357756,43.652138,,,10.461671559514,60.9021311802596,1196.48287636636,247.957231452133,5
1049599,48343764,0,52,05:25:13,-79.357664,43.65203,,,10.461671559514,14.1226870424015,1210.60556340876,252.817035457967,5
1049599,48343764,0,53,05:25:18,-79.357556,43.651934,,,10.461671559514,13.7795013046054,1224.38506471337,257.558744697679,5
1049599,48343764,0,54,05:25:23,-79.357439,43.651829,,,10.461671559514,15.0143010987585,1239.39936581213,262.725364931171,5
1049599,48343764,0,55,05:25:26,-79.357388,43.651754,,,10.461671559514,9.30479177703783,1248.70415758916,265.927267247333,5
1049599,48343764,0,56,05:25:31,-79.357316,43.651629,,,10.461671559514,15.0750377732624,1263.77919536243,271.114787776439,5
1049599,48343764,0,57,05:26:00,-79.35702,43.650906,15356,6,10.461671559514,83.9410008915984,1347.72019625402,300,5
1049599,48343764,0,58,05:26:00,-79.35702,43.650906,15356,6,1e-12,0,1347.72019625402,300,5
1049599,48343764,0,59,,-79.356906,43.650609,,,,34.3133055393531,1382.03350179338,,5
1049599,48343764,0,60,,-79.356858,43.650501,,,,12.6288733195446,1394.66237511292,,5
1049599,48343764,0,61,,-79.356822,43.650453,,,,6.07942452414964,1400.74179963707,,5
1049599,48343764,0,62,,-79.356786,43.650425,,,,4.25717383750061,1404.99897347457,,5
1049599,48343764,0,63,,-79.356743,43.650407,,,,4.00136899797506,1409.00034247255,,5
1049599,48343764,0,64,,-79.35668,43.650392,,,,5.3421237848662,1414.34246625741,,5
1049599,48343764,0,65,,-79.35661,43.650393,,,,5.63938132039888,1419.98184757781,,5
1049599,48343764,0,66,,-79.356528,43.650411,,,,6.90209997304299,1426.88394755085,,5
1049599,48343764,0,67,,-79.356474,43.650454,,,,6.46770956298809,1433.35165711384,,5
1049599,48343764,0,68,,-79.35644,43.650496,,,,5.41843313732038,1438.77009025116,,5
1049599,48343764,0,69,,-79.356424,43.650542,,,,5.28037912498006,1444.05046937614,,5
1049599,48343764,0,70,,-79.356424,43.650575,,,,3.67354319441657,1447.72401257056,,5
1049599,48343764,0,71,,-79.356436,43.650613,,,,4.33916202753738,1452.0631745981,,5
1049599,48343759,0,1,05:31:00,-79.349852,43.658878,4041,1,1e-12,0,0,0,6
1049599,48343759,0,2,05:31:00,-79.349852,43.658878,4041,1,1e-12,0,0,0,6
1049599,48343759,0,3,05:31:17,-79.350929,43.658632,,,19.1010256897528,90.9571881659805,90.9571881659805,17.1428426261526,6
1049599,48343759,0,4,05:31:27,-79.351553,43.658493,,,19.1010256897528,52.5826349208061,143.539823086787,27.0531735575672,6
1049599,48343759,0,5,05:31:38,-79.352239,43.658332,1070,2,19.1010256897528,58.0821147494925,201.621937836279,38,6
1049599,48343759,0,6,05:31:38,-79.352239,43.658332,1070,2,1e-12,0,201.621937836279,38,6
1049599,48343759,0,7,05:31:59,-79.353347,43.65809,,,15.7760989091467,93.2120915745226,294.834029410802,59.2703743555847,6
1049599,48343759,0,8,05:32:05,-79.353623,43.658022,,,15.7760989091467,23.4816827436177,318.315712154419,64.6287369244205,6
1049599,48343759,0,9,05:32:07,-79.353755,43.657992,,,15.7760989091467,11.1430527291497,329.458764883569,67.1715068484656,6
1049599,48343759,0,10,05:32:10,-79.353921,43.657957,,,15.7760989091467,13.9252636882127,343.384028571782,70.3491586599981,6
1049599,48343759,0,11,05:32:15,-79.354174,43.657903,,,15.7760989091467,21.2440259607464,364.628054532528,75.1969029533827,6
1049599,48343759,0,12,05:32:18,-79.354324,43.657871,,,15.7760989091467,12.5947827094527,377.222837241981,78.0709479257898,6
1049599,48343759,0,13,05:32:22,-79.354546,43.657825,,,15.7760989091467,18.5980370861335,395.820874328114,82.3148952980557,6
1049599,48343759,0,14,05:32:22,-79.354554,43.657823,,,15.7760989091467,0.681677847791201,396.502552175906,82.4704496126033,6
1049599,48343759,0,15,05:32:24,-79.354659,43.657802,,,15.7760989091467,8.77355275823693,405.276104934143,84.4725155296306,6
1049599,48343759,0,16,05:32:27,-79.354782,43.657778,,,15.7760989091467,10.2599993107959,415.536104244938,86.8137785840509,6
1049599,48343759,0,17,05:32:29,-79.354874,43.657757,,,15.7760989091467,7.7694372266888,423.305541471627,88.5867120688849,6
1049599,48343759,0,18,05:32:30,-79.354962,43.657737,,,15.7760989091467,7.42873109694421,430.734272568571,90.28189869918,6
1049599,48343759,0,19,05:32:35,-79.35517,43.657613,,,15.7760989091467,21.7062210864908,452.440493655062,95.235112821466,6
1049599,48343759,0,20,05:32:37,-79.355247,43.657552,,,15.7760989091467,9.19607024909887,461.636563904161,97.3335943971338,6
1049599,48343759,0,21,05:32:39,-79.355285,43.657514,,,15.7760989091467,5.22113477686603,466.857698681027,98.5250223480463,6
1049599,48343759,0,22,05:32:50,-79.355721502348,43.6571910008304,1159,3,15.7760989091467,50.2862173381862,517.143916019213,110,6
1049599,48343759,0,23,05:32:50,-79.355721502348,43.6571910008304,1159,3,1e-12,0,517.143916019213,110,6
1049599,48343759,0,24,05:32:59,-79.356158,43.656868,,,19.8883698106256,50.2862173385008,567.430133357714,119.102323827561,6
1049599,48343759,0,25,05:33:15,-79.356979,43.656382,,,19.8883698106256,85.4346804590667,652.864813816781,134.566881887434,6
1049599,48343759,0,26,05:33:22,-79.357411,43.656153,,,19.8883698106256,43.1322741749166,695.997087991697,142.37426823977,6
1049599,48343759,0,27,05:33:25,-79.357549,43.65607,,,19.8883698106256,14.4533338320077,710.450421823705,144.99047068827,6
1049599,48343759,0,28,05:33:27,-79.357654,43.656007,,,19.8883698106256,10.9862883558303,721.436710179536,146.979102157696,6
1049599,48343759,0,29,05:33:34,-79.358009,43.655796,,,19.8883698106256,37.002442818068,758.439152997604,153.676925831202,6
1049599,48343759,0,30,05:33:34,-79.358041,43.655779,,,19.8883698106256,3.19743836315904,761.636591360763,154.255695142964,6
1049599,48343759,0,31,05:33:41,-79.358415,43.655582,10198,4,19.8883698106256,37.2592303089795,798.895821669742,161,6
1049599,48343759,0,32,05:33:41,-79.358415,43.655582,10198,4,1e-12,0,798.895821669742,161,6
1049599,48343759,0,33,05:33:43,-79.358395,43.655499,,,18.3646321918013,9.37887860263464,808.274700272377,162.838531946453,6
1049599,48343759,0,34,05:33:45,-79.358378,43.655387,,,18.3646321918013,12.5427377956138,820.817438067991,165.297271963276,6
1049599,48343759,0,35,05:33:48,-79.35838,43.655276,,,18.3646321918013,12.3575133574298,833.17495142542,167.719702623586,6
1049599,48343759,0,36,05:33:50,-79.358388,43.655169,,,18.3646321918013,11.9285997831381,845.103551208558,170.058053796144,6
1049599,48343759,0,37,05:33:54,-79.358404,43.655006,,,18.3646321918013,18.1907788871009,863.294330095659,173.623973511258,6
1049599,48343759,0,38,05:33:57,-79.358449,43.654874,,,18.3646321918013,15.1345473384303,878.428877434089,176.590783292653,6
1049599,48343759,0,39,05:34:01,-79.35852,43.6547,,,18.3646321918013,20.1960712604382,898.624948694528,180.549798413578,6
1049599,48343759,0,40,05:34:01,-79.358525,43.654688,,,18.3646321918013,1.39521467729539,900.020163371823,180.823300914789,6
1049599,48343759,0,41,05:34:02,-79.358541,43.654649,,,18.3646321918013,4.52867717260362,904.548840544427,181.711052852922,6
1049599,48343759,0,42,05:34:05,-79.358595,43.654518,,,18.3646321918013,15.2176016593591,919.766442203786,184.694143687605,6
1049599,48343759,0,43,05:34:08,-79.358654,43.654383,,,18.3646321918013,15.7615264388924,935.527968642678,187.783859538563,6
1049599,48343759,0,44,05:34:10,-79.358661,43.654283,,,18.3646321918013,11.146216881244,946.674185523922,189.968840993862,6
1049599,48343759,0,45,05:34:12,-79.358642,43.654192,,,18.3646321918013,10.2450079996963,956.919193523619,191.977159397068,6
1049599,48343759,0,46,05:34:14,-79.358617,43.654113,,,18.3646321918013,9.02180811232527,965.941001635944,193.745695181785,6
1049599,48343759,0,47,05:34:18,-79.358533,43.653906,,,18.3646321918013,24.0157962228819,989.956797858826,198.45348706672,6
1049599,48343759,0,48,05:34:33,-79.3582619971842,43.6532820003201,,,18.3646321918013,72.8119736638293,1062.76877152266,212.726743533398,6
1049599,48343759,0,49,05:34:47,-79.357991,43.652658,15355,5,18.3646321918013,72.8119736634449,1135.5807451861,227,6
1049599,48343759,0,50,05:34:47,-79.357991,43.652658,15355,5,1e-12,0,1135.5807451861,227,6
1049599,48343759,0,51,05:35:08,-79.357756,43.652138,,,10.461671559514,60.9021311802596,1196.48287636636,247.957231452133,6
1049599,48343759,0,52,05:35:13,-79.357664,43.65203,,,10.461671559514,14.1226870424015,1210.60556340876,252.817035457967,6
1049599,48343759,0,53,05:35:18,-79.357556,43.651934,,,10.461671559514,13.7795013046054,1224.38506471337,257.558744697679,6
1049599,48343759,0,54,05:35:23,-79.357439,43.651829,,,10.461671559514,15.0143010987585,1239.39936581213,262.725364931171,6
1049599,48343759,0,55,05:35:26,-79.357388,43.651754,,,10.461671559514,9.30479177703783,1248.70415758916,265.927267247333,6
1049599,48343759,0,56,05:35:31,-79.357316,43.651629,,,10.461671559514,15.0750377732624,1263.77919536243,271.114787776439,6
1049599,48343759,0,57,05:36:00,-79.35702,43.650906,15356,6,10.461671559514,83.9410008915984,1347.72019625402,300,6
1049599,48343759,0,58,05:36:00,-79.35702,43.650906,15356,6,1e-12,0,1347.72019625402,300,6
1049599,48343759,0,59,,-79.356906,43.650609,,,,34.3133055393531,1382.03350179338,,6
1049599,48343759,0,60,,-79.356858,43.650501,,,,12.6288733195446,1394.66237511292,,6
1049599,48343759,0,61,,-79.356822,43.650453,,,,6.07942452414964,1400.74179963707,,6
1049599,48343759,0,62,,-79.356786,43.650425,,,,4.25717383750061,1404.99897347457,,6
1049599,48343759,0,63,,-79.356743,43.650407,,,,4.00136899797506,1409.00034247255,,6
1049599,48343759,0,64,,-79.35668,43.650392,,,,5.3421237848662,1414.34246625741,,6
1049599,48343759,0,65,,-79.35661,43.650393,,,,5.63938132039888,1419.98184757781,,6
1049599,48343759,0,66,,-79.356528,43.650411,,,,6.90209997304299,1426.88394755085,,6
1049599,48343759,0,67,,-79.356474,43.650454,,,,6.46770956298809,1433.35165711384,,6
1049599,48343759,0,68,,-79.35644,43.650496,,,,5.41843313732038,1438.77009025116,,6
1049599,48343759,0,69,,-79.356424,43.650542,,,,5.28037912498006,1444.05046937614,,6
1049599,48343759,0,70,,-79.356424,43.650575,,,,3.67354319441657,1447.72401257056,,6
1049599,48343759,0,71,,-79.356436,43.650613,,,,4.33916202753738,1452.0631745981,,6
1049599,48343763,0,1,05:41:00,-79.349852,43.658878,4041,1,1e-12,0,0,0,7
1049599,48343763,0,2,05:41:00,-79.349852,43.658878,4041,1,1e-12,0,0,0,7
1049599,48343763,0,3,05:41:17,-79.350929,43.658632,,,19.1010256897528,90.9571881659805,90.9571881659805,17.1428426261526,7
1049599,48343763,0,4,05:41:27,-79.351553,43.658493,,,19.1010256897528,52.5826349208061,143.539823086787,27.0531735575672,7
1049599,48343763,0,5,05:41:38,-79.352239,43.658332,1070,2,19.1010256897528,58.0821147494925,201.621937836279,38,7
1049599,48343763,0,6,05:41:38,-79.352239,43.658332,1070,2,1e-12,0,201.621937836279,38,7
1049599,48343763,0,7,05:41:59,-79.353347,43.65809,,,15.7760989091467,93.2120915745226,294.834029410802,59.2703743555847,7
1049599,48343763,0,8,05:42:05,-79.353623,43.658022,,,15.7760989091467,23.4816827436177,318.315712154419,64.6287369244205,7
1049599,48343763,0,9,05:42:07,-79.353755,43.657992,,,15.7760989091467,11.1430527291497,329.458764883569,67.1715068484656,7
1049599,48343763,0,10,05:42:10,-79.353921,43.657957,,,15.7760989091467,13.9252636882127,343.384028571782,70.3491586599981,7
1049599,48343763,0,11,05:42:15,-79.354174,43.657903,,,15.7760989091467,21.2440259607464,364.628054532528,75.1969029533827,7
1049599,48343763,0,12,05:42:18,-79.354324,43.657871,,,15.7760989091467,12.5947827094527,377.222837241981,78.0709479257898,7
1049599,48343763,0,13,05:42:22,-79.354546,43.657825,,,15.7760989091467,18.5980370861335,395.820874328114,82.3148952980557,7
1049599,48343763,0,14,05:42:22,-79.354554,43.657823,,,15.7760989091467,0.681677847791201,396.502552175906,82.4704496126033,7
1049599,48343763,0,15,05:42:24,-79.354659,43.657802,,,15.7760989091467,8.77355275823693,405.276104934143,84.4725155296306,7
1049599,48343763,0,16,05:42:27,-79.354782,43.657778,,,15.7760989091467,10.2599993107959,415.536104244938,86.8137785840509,7
1049599,48343763,0,17,05:42:29,-79.354874,43.657757,,,15.7760989091467,7.7694372266888,423.305541471627,88.5867120688849,7
1049599,48343763,0,18,05:42:30,-79.354962,43.657737,,,15.7760989091467,7.42873109694421,430.734272568571,90.28189869918,7
1049599,48343763,0,19,05:42:35,-79.35517,43.657613,,,15.7760989091467,21.7062210864908,452.440493655062,95.235112821466,7
1049599,48343763,0,20,05:42:37,-79.355247,43.657552,,,15.7760989091467,9.19607024909887,461.636563904161,97.3335943971338,7
1049599,48343763,0,21,05:42:39,-79.355285,43.657514,,,15.7760989091467,5.22113477686603,466.857698681027,98.5250223480463,7
1049599,48343763,0,22,05:42:50,-79.355721502348,43.6571910008304,1159,3,15.7760989091467,50.2862173381862,517.143916019213,110,7
1049599,48343763,0,23,05:42:50,-79.355721502348,43.6571910008304,1159,3,1e-12,0,517.143916019213,110,7
1049599,48343763,0,24,05:42:59,-79.356158,43.656868,,,19.8883698106256,50.2862173385008,567.430133357714,119.102323827561,7
1049599,48343763,0,25,05:43:15,-79.356979,43.656382,,,19.8883698106256,85.4346804590667,652.864813816781,134.566881887434,7
1049599,48343763,0,26,05:43:22,-79.357411,43.656153,,,19.8883698106256,43.1322741749166,695.997087991697,142.37426823977,7
1049599,48343763,0,27,05:43:25,-79.357549,43.65607,,,19.8883698106256,14.4533338320077,710.450421823705,144.99047068827,7
1049599,48343763,0,28,05:43:27,-79.357654,43.656007,,,19.8883698106256,10.9862883558303,721.436710179536,146.979102157696,7
1049599,48343763,0,29,05:43:34,-79.358009,43.655796,,,19.8883698106256,37.002442818068,758.439152997604,153.676925831202,7
1049599,48343763,0,30,05:43:34,-79.358041,43.655779,,,19.8883698106256,3.19743836315904,761.636591360763,154.255695142964,7
1049599,48343763,0,31,05:43:41,-79.358415,43.655582,10198,4,19.8883698106256,37.2592303089795,798.895821669742,161,7
1049599,48343763,0,32,05:43:41,-79.358415,43.655582,10198,4,1e-12,0,798.895821669742,161,7
1049599,48343763,0,33,05:43:43,-79.358395,43.655499,,,18.3646321918013,9.37887860263464,808.274700272377,162.838531946453,7
1049599,48343763,0,34,05:43:45,-79.358378,43.655387,,,18.3646321918013,12.5427377956138,820.817438067991,165.297271963276,7
1049599,48343763,0,35,05:43:48,-79.35838,43.655276,,,18.3646321918013,12.3575133574298,833.17495142542,167.719702623586,7
1049599,48343763,0,36,05:43:50,-79.358388,43.655169,,,18.3646321918013,11.9285997831381,845.103551208558,170.058053796144,7
1049599,48343763,0,37,05:43:54,-79.358404,43.655006,,,18.3646321918013,18.1907788871009,863.294330095659,173.623973511258,7
1049599,48343763,0,38,05:43:57,-79.358449,43.654874,,,18.3646321918013,15.1345473384303,878.428877434089,176.590783292653,7
1049599,48343763,0,39,05:44:01,-79.35852,43.6547,,,18.3646321918013,20.1960712604382,898.624948694528,180.549798413578,7
1049599,48343763,0,40,05:44:01,-79.358525,43.654688,,,18.3646321918013,1.39521467729539,900.020163371823,180.823300914789,7
1049599,48343763,0,41,05:44:02,-79.358541,43.654649,,,18.3646321918013,4.52867717260362,904.548840544427,181.711052852922,7
1049599,48343763,0,42,05:44:05,-79.358595,43.654518,,,18.3646321918013,15.2176016593591,919.766442203786,184.694143687605,7
1049599,48343763,0,43,05:44:08,-79.358654,43.654383,,,18.3646321918013,15.7615264388924,935.527968642678,187.783859538563,7
1049599,48343763,0,44,05:44:10,-79.358661,43.654283,,,18.3646321918013,11.146216881244,946.674185523922,189.968840993862,7
1049599,48343763,0,45,05:44:12,-79.358642,43.654192,,,18.3646321918013,10.2450079996963,956.919193523619,191.977159397068,7
1049599,48343763,0,46,05:44:14,-79.358617,43.654113,,,18.3646321918013,9.02180811232527,965.941001635944,193.745695181785,7
1049599,48343763,0,47,05:44:18,-79.358533,43.653906,,,18.3646321918013,24.0157962228819,989.956797858826,198.45348706672,7
1049599,48343763,0,48,05:44:33,-79.3582619971842,43.6532820003201,,,18.3646321918013,72.8119736638293,1062.76877152266,212.726743533398,7
1049599,48343763,0,49,05:44:47,-79.357991,43.652658,15355,5,18.3646321918013,72.8119736634449,1135.5807451861,227,7
1049599,48343763,0,50,05:44:47,-79.357991,43.652658,15355,5,1e-12,0,1135.5807451861,227,7
1049599,48343763,0,51,05:45:08,-79.357756,43.652138,,,10.461671559514,60.9021311802596,1196.48287636636,247.957231452133,7
1049599,48343763,0,52,05:45:13,-79.357664,43.65203,,,10.461671559514,14.1226870424015,1210.60556340876,252.817035457967,7
1049599,48343763,0,53,05:45:18,-79.357556,43.651934,,,10.461671559514,13.7795013046054,1224.38506471337,257.558744697679,7
1049599,48343763,0,54,05:45:23,-79.357439,43.651829,,,10.461671559514,15.0143010987585,1239.39936581213,262.725364931171,7
1049599,48343763,0,55,05:45:26,-79.357388,43.651754,,,10.461671559514,9.30479177703783,1248.70415758916,265.927267247333,7
1049599,48343763,0,56,05:45:31,-79.357316,43.651629,,,10.461671559514,15.0750377732624,1263.77919536243,271.114787776439,7
1049599,48343763,0,57,05:46:00,-79.35702,43.650906,15356,6,10.461671559514,83.9410008915984,1347.72019625402,300,7
1049599,48343763,0,58,05:46:00,-79.35702,43.650906,15356,6,1e-12,0,1347.72019625402,300,7
1049599,48343763,0,59,,-79.356906,43.650609,,,,34.3133055393531,1382.03350179338,,7
1049599,48343763,0,60,,-79.356858,43.650501,,,,12.6288733195446,1394.66237511292,,7
1049599,48343763,0,61,,-79.356822,43.650453,,,,6.07942452414964,1400.74179963707,,7
1049599,48343763,0,62,,-79.356786,43.650425,,,,4.25717383750061,1404.99897347457,,7
1049599,48343763,0,63,,-79.356743,43.650407,,,,4.00136899797506,1409.00034247255,,7
1049599,48343763,0,64,,-79.35668,43.650392,,,,5.3421237848662,1414.34246625741,,7
1049599,48343763,0,65,,-79.35661,43.650393,,,,5.63938132039888,1419.98184757781,,7
1049599,48343763,0,66,,-79.356528,43.650411,,,,6.90209997304299,1426.88394755085,,7
1049599,48343763,0,67,,-79.356474,43.650454,,,,6.46770956298809,1433.35165711384,,7
1049599,48343763,0,68,,-79.35644,43.650496,,,,5.41843313732038,1438.77009025116,,7
1049599,48343763,0,69,,-79.356424,43.650542,,,,5.28037912498006,1444.05046937614,,7
1049599,48343763,0,70,,-79.356424,43.650575,,,,3.67354319441657,1447.72401257056,,7
1049599,48343763,0,71,,-79.356436,43.650613,,,,4.33916202753738,1452.0631745981,,7
1049599,48343762,0,1,06:01:00,-79.349852,43.658878,4041,1,1e-12,0,0,0,8
1049599,48343762,0,2,06:01:00,-79.349852,43.658878,4041,1,1e-12,0,0,0,8
1049599,48343762,0,3,06:01:17,-79.350929,43.658632,,,19.1010256897528,90.9571881659805,90.9571881659805,17.1428426261526,8
1049599,48343762,0,4,06:01:27,-79.351553,43.658493,,,19.1010256897528,52.5826349208061,143.539823086787,27.0531735575672,8
1049599,48343762,0,5,06:01:38,-79.352239,43.658332,1070,2,19.1010256897528,58.0821147494925,201.621937836279,38,8
1049599,48343762,0,6,06:01:38,-79.352239,43.658332,1070,2,1e-12,0,201.621937836279,38,8
1049599,48343762,0,7,06:01:59,-79.353347,43.65809,,,15.7760989091467,93.2120915745226,294.834029410802,59.2703743555847,8
1049599,48343762,0,8,06:02:05,-79.353623,43.658022,,,15.7760989091467,23.4816827436177,318.315712154419,64.6287369244205,8
1049599,48343762,0,9,06:02:07,-79.353755,43.657992,,,15.7760989091467,11.1430527291497,329.458764883569,67.1715068484656,8
1049599,48343762,0,10,06:02:10,-79.353921,43.657957,,,15.7760989091467,13.9252636882127,343.384028571782,70.3491586599981,8
1049599,48343762,0,11,06:02:15,-79.354174,43.657903,,,15.7760989091467,21.2440259607464,364.628054532528,75.1969029533827,8
1049599,48343762,0,12,06:02:18,-79.354324,43.657871,,,15.7760989091467,12.5947827094527,377.222837241981,78.0709479257898,8
1049599,48343762,0,13,06:02:22,-79.354546,43.657825,,,15.7760989091467,18.5980370861335,395.820874328114,82.3148952980557,8
1049599,48343762,0,14,06:02:22,-79.354554,43.657823,,,15.7760989091467,0.681677847791201,396.502552175906,82.4704496126033,8
1049599,48343762,0,15,06:02:24,-79.354659,43.657802,,,15.7760989091467,8.77355275823693,405.276104934143,84.4725155296306,8
1049599,48343762,0,16,06:02:27,-79.354782,43.657778,,,15.7760989091467,10.2599993107959,415.536104244938,86.8137785840509,8
1049599,48343762,0,17,06:02:29,-79.354874,43.657757,,,15.7760989091467,7.7694372266888,423.305541471627,88.5867120688849,8
1049599,48343762,0,18,06:02:30,-79.354962,43.657737,,,15.7760989091467,7.42873109694421,430.734272568571,90.28189869918,8
1049599,48343762,0,19,06:02:35,-79.35517,43.657613,,,15.7760989091467,21.7062210864908,452.440493655062,95.235112821466,8
1049599,48343762,0,20,06:02:37,-79.355247,43.657552,,,15.7760989091467,9.19607024909887,461.636563904161,97.3335943971338,8
1049599,48343762,0,21,06:02:39,-79.355285,43.657514,,,15.7760989091467,5.22113477686603,466.857698681027,98.5250223480463,8
1049599,48343762,0,22,06:02:50,-79.355721502348,43.6571910008304,1159,3,15.7760989091467,50.2862173381862,517.143916019213,110,8
1049599,48343762,0,23,06:02:50,-79.355721502348,43.6571910008304,1159,3,1e-12,0,517.143916019213,110,8
1049599,48343762,0,24,06:02:59,-79.356158,43.656868,,,19.8883698106256,50.2862173385008,567.430133357714,119.102323827561,8
1049599,48343762,0,25,06:03:15,-79.356979,43.656382,,,19.8883698106256,85.4346804590667,652.864813816781,134.566881887434,8
1049599,48343762,0,26,06:03:22,-79.357411,43.656153,,,19.8883698106256,43.1322741749166,695.997087991697,142.37426823977,8
1049599,48343762,0,27,06:03:25,-79.357549,43.65607,,,19.8883698106256,14.4533338320077,710.450421823705,144.99047068827,8
1049599,48343762,0,28,06:03:27,-79.357654,43.656007,,,19.8883698106256,10.9862883558303,721.436710179536,146.979102157696,8
1049599,48343762,0,29,06:03:34,-79.358009,43.655796,,,19.8883698106256,37.002442818068,758.439152997604,153.676925831202,8
1049599,48343762,0,30,06:03:34,-79.358041,43.655779,,,19.8883698106256,3.19743836315904,761.636591360763,154.255695142964,8
1049599,48343762,0,31,06:03:41,-79.358415,43.655582,10198,4,19.8883698106256,37.2592303089795,798.895821669742,161,8
1049599,48343762,0,32,06:03:41,-79.358415,43.655582,10198,4,1e-12,0,798.895821669742,161,8
1049599,48343762,0,33,06:03:43,-79.358395,43.655499,,,18.3646321918013,9.37887860263464,808.274700272377,162.838531946453,8
1049599,48343762,0,34,06:03:45,-79.358378,43.655387,,,18.3646321918013,12.5427377956138,820.817438067991,165.297271963276,8
1049599,48343762,0,35,06:03:48,-79.35838,43.655276,,,18.3646321918013,12.3575133574298,833.17495142542,167.719702623586,8
1049599,48343762,0,36,06:03:50,-79.358388,43.655169,,,18.3646321918013,11.9285997831381,845.103551208558,170.058053796144,8
1049599,48343762,0,37,06:03:54,-79.358404,43.655006,,,18.3646321918013,18.1907788871009,863.294330095659,173.623973511258,8
1049599,48343762,0,38,06:03:57,-79.358449,43.654874,,,18.3646321918013,15.1345473384303,878.428877434089,176.590783292653,8
1049599,48343762,0,39,06:04:01,-79.35852,43.6547,,,18.3646321918013,20.1960712604382,898.624948694528,180.549798413578,8
1049599,48343762,0,40,06:04:01,-79.358525,43.654688,,,18.3646321918013,1.39521467729539,900.020163371823,180.823300914789,8
1049599,48343762,0,41,06:04:02,-79.358541,43.654649,,,18.3646321918013,4.52867717260362,904.548840544427,181.711052852922,8
1049599,48343762,0,42,06:04:05,-79.358595,43.654518,,,18.3646321918013,15.2176016593591,919.766442203786,184.694143687605,8
1049599,48343762,0,43,06:04:08,-79.358654,43.654383,,,18.3646321918013,15.7615264388924,935.527968642678,187.783859538563,8
1049599,48343762,0,44,06:04:10,-79.358661,43.654283,,,18.3646321918013,11.146216881244,946.674185523922,189.968840993862,8
1049599,48343762,0,45,06:04:12,-79.358642,43.654192,,,18.3646321918013,10.2450079996963,956.919193523619,191.977159397068,8
1049599,48343762,0,46,06:04:14,-79.358617,43.654113,,,18.3646321918013,9.02180811232527,965.941001635944,193.745695181785,8
1049599,48343762,0,47,06:04:18,-79.358533,43.653906,,,18.3646321918013,24.0157962228819,989.956797858826,198.45348706672,8
1049599,48343762,0,48,06:04:33,-79.3582619971842,43.6532820003201,,,18.3646321918013,72.8119736638293,1062.76877152266,212.726743533398,8
1049599,48343762,0,49,06:04:47,-79.357991,43.652658,15355,5,18.3646321918013,72.8119736634449,1135.5807451861,227,8
1049599,48343762,0,50,06:04:47,-79.357991,43.652658,15355,5,1e-12,0,1135.5807451861,227,8
1049599,48343762,0,51,06:05:08,-79.357756,43.652138,,,10.461671559514,60.9021311802596,1196.48287636636,247.957231452133,8
1049599,48343762,0,52,06:05:13,-79.357664,43.65203,,,10.461671559514,14.1226870424015,1210.60556340876,252.817035457967,8
1049599,48343762,0,53,06:05:18,-79.357556,43.651934,,,10.461671559514,13.7795013046054,1224.38506471337,257.558744697679,8
1049599,48343762,0,54,06:05:23,-79.357439,43.651829,,,10.461671559514,15.0143010987585,1239.39936581213,262.725364931171,8
1049599,48343762,0,55,06:05:26,-79.357388,43.651754,,,10.461671559514,9.30479177703783,1248.70415758916,265.927267247333,8
1049599,48343762,0,56,06:05:31,-79.357316,43.651629,,,10.461671559514,15.0750377732624,1263.77919536243,271.114787776439,8
1049599,48343762,0,57,06:06:00,-79.35702,43.650906,15356,6,10.461671559514,83.9410008915984,1347.72019625402,300,8
1049599,48343762,0,58,06:06:00,-79.35702,43.650906,15356,6,1e-12,0,1347.72019625402,300,8
1049599,48343762,0,59,,-79.356906,43.650609,,,,34.3133055393531,1382.03350179338,,8
1049599,48343762,0,60,,-79.356858,43.650501,,,,12.6288733195446,1394.66237511292,,8
1049599,48343762,0,61,,-79.356822,43.650453,,,,6.07942452414964,1400.74179963707,,8
1049599,48343762,0,62,,-79.356786,43.650425,,,,4.25717383750061,1404.99897347457,,8
1049599,48343762,0,63,,-79.356743,43.650407,,,,4.00136899797506,1409.00034247255,,8
1049599,48343762,0,64,,-79.35668,43.650392,,,,5.3421237848662,1414.34246625741,,8
1049599,48343762,0,65,,-79.35661,43.650393,,,,5.63938132039888,1419.98184757781,,8
1049599,48343762,0,66,,-79.356528,43.650411,,,,6.90209997304299,1426.88394755085,,8
1049599,48343762,0,67,,-79.356474,43.650454,,,,6.46770956298809,1433.35165711384,,8
1049599,48343762,0,68,,-79.35644,43.650496,,,,5.41843313732038,1438.77009025116,,8
1049599,48343762,0,69,,-79.356424,43.650542,,,,5.28037912498006,1444.05046937614,,8
1049599,48343762,0,70,,-79.356424,43.650575,,,,3.67354319441657,1447.72401257056,,8
1049599,48343762,0,71,,-79.356436,43.650613,,,,4.33916202753738,1452.0631745981,,8
1049599,48343761,0,1,07:44:00,-79.349852,43.658878,4041,1,1e-12,0,0,0,9
1049599,48343761,0,2,07:44:00,-79.349852,43.658878,4041,1,1e-12,0,0,0,9
1049599,48343761,0,3,07:44:17,-79.350929,43.658632,,,19.1010256897528,90.9571881659805,90.9571881659805,17.1428426261526,9
1049599,48343761,0,4,07:44:27,-79.351553,43.658493,,,19.1010256897528,52.5826349208061,143.539823086787,27.0531735575672,9
1049599,48343761,0,5,07:44:38,-79.352239,43.658332,1070,2,19.1010256897528,58.0821147494925,201.621937836279,38,9
1049599,48343761,0,6,07:44:38,-79.352239,43.658332,1070,2,1e-12,0,201.621937836279,38,9
1049599,48343761,0,7,07:44:59,-79.353347,43.65809,,,15.7760989091467,93.2120915745226,294.834029410802,59.2703743555847,9
1049599,48343761,0,8,07:45:05,-79.353623,43.658022,,,15.7760989091467,23.4816827436177,318.315712154419,64.6287369244205,9
1049599,48343761,0,9,07:45:07,-79.353755,43.657992,,,15.7760989091467,11.1430527291497,329.458764883569,67.1715068484656,9
1049599,48343761,0,10,07:45:10,-79.353921,43.657957,,,15.7760989091467,13.9252636882127,343.384028571782,70.3491586599981,9
1049599,48343761,0,11,07:45:15,-79.354174,43.657903,,,15.7760989091467,21.2440259607464,364.628054532528,75.1969029533827,9
1049599,48343761,0,12,07:45:18,-79.354324,43.657871,,,15.7760989091467,12.5947827094527,377.222837241981,78.0709479257898,9
1049599,48343761,0,13,07:45:22,-79.354546,43.657825,,,15.7760989091467,18.5980370861335,395.820874328114,82.3148952980557,9
1049599,48343761,0,14,07:45:22,-79.354554,43.657823,,,15.7760989091467,0.681677847791201,396.502552175906,82.4704496126033,9
1049599,48343761,0,15,07:45:24,-79.354659,43.657802,,,15.7760989091467,8.77355275823693,405.276104934143,84.4725155296306,9
1049599,48343761,0,16,07:45:27,-79.354782,43.657778,,,15.7760989091467,10.2599993107959,415.536104244938,86.8137785840509,9
1049599,48343761,0,17,07:45:29,-79.354874,43.657757,,,15.7760989091467,7.7694372266888,423.305541471627,88.5867120688849,9
1049599,48343761,0,18,07:45:30,-79.354962,43.657737,,,15.7760989091467,7.42873109694421,430.734272568571,90.28189869918,9
1049599,48343761,0,19,07:45:35,-79.35517,43.657613,,,15.7760989091467,21.7062210864908,452.440493655062,95.235112821466,9
1049599,48343761,0,20,07:45:37,-79.355247,43.657552,,,15.7760989091467,9.19607024909887,461.636563904161,97.3335943971338,9
1049599,48343761,0,21,07:45:39,-79.355285,43.657514,,,15.7760989091467,5.22113477686603,466.857698681027,98.5250223480463,9
1049599,48343761,0,22,07:45:50,-79.355721502348,43.6571910008304,1159,3,15.7760989091467,50.2862173381862,517.143916019213,110,9
1049599,48343761,0,23,07:45:50,-79.355721502348,43.6571910008304,1159,3,1e-12,0,517.143916019213,110,9
1049599,48343761,0,24,07:45:59,-79.356158,43.656868,,,19.8883698106256,50.2862173385008,567.430133357714,119.102323827561,9
1049599,48343761,0,25,07:46:15,-79.356979,43.656382,,,19.8883698106256,85.4346804590667,652.864813816781,134.566881887434,9
1049599,48343761,0,26,07:46:22,-79.357411,43.656153,,,19.8883698106256,43.1322741749166,695.997087991697,142.37426823977,9
1049599,48343761,0,27,07:46:25,-79.357549,43.65607,,,19.8883698106256,14.4533338320077,710.450421823705,144.99047068827,9
1049599,48343761,0,28,07:46:27,-79.357654,43.656007,,,19.8883698106256,10.9862883558303,721.436710179536,146.979102157696,9
1049599,48343761,0,29,07:46:34,-79.358009,43.655796,,,19.8883698106256,37.002442818068,758.439152997604,153.676925831202,9
1049599,48343761,0,30,07:46:34,-79.358041,43.655779,,,19.8883698106256,3.19743836315904,761.636591360763,154.255695142964,9
1049599,48343761,0,31,07:46:41,-79.358415,43.655582,10198,4,19.8883698106256,37.2592303089795,798.895821669742,161,9
1049599,48343761,0,32,07:46:41,-79.358415,43.655582,10198,4,1e-12,0,798.895821669742,161,9
1049599,48343761,0,33,07:46:43,-79.358395,43.655499,,,18.3646321918013,9.37887860263464,808.274700272377,162.838531946453,9
1049599,48343761,0,34,07:46:45,-79.358378,43.655387,,,18.3646321918013,12.5427377956138,820.817438067991,165.297271963276,9
1049599,48343761,0,35,07:46:48,-79.35838,43.655276,,,18.3646321918013,12.3575133574298,833.17495142542,167.719702623586,9
1049599,48343761,0,36,07:46:50,-79.358388,43.655169,,,18.3646321918013,11.9285997831381,845.103551208558,170.058053796144,9
1049599,48343761,0,37,07:46:54,-79.358404,43.655006,,,18.3646321918013,18.1907788871009,863.294330095659,173.623973511258,9
1049599,48343761,0,38,07:46:57,-79.358449,43.654874,,,18.3646321918013,15.1345473384303,878.428877434089,176.590783292653,9
1049599,48343761,0,39,07:47:01,-79.35852,43.6547,,,18.3646321918013,20.1960712604382,898.624948694528,180.549798413578,9
1049599,48343761,0,40,07:47:01,-79.358525,43.654688,,,18.3646321918013,1.39521467729539,900.020163371823,180.823300914789,9
1049599,48343761,0,41,07:47:02,-79.358541,43.654649,,,18.3646321918013,4.52867717260362,904.548840544427,181.711052852922,9
1049599,48343761,0,42,07:47:05,-79.358595,43.654518,,,18.3646321918013,15.2176016593591,919.766442203786,184.694143687605,9
1049599,48343761,0,43,07:47:08,-79.358654,43.654383,,,18.3646321918013,15.7615264388924,935.527968642678,187.783859538563,9
1049599,48343761,0,44,07:47:10,-79.358661,43.654283,,,18.3646321918013,11.146216881244,946.674185523922,189.968840993862,9
1049599,48343761,0,45,07:47:12,-79.358642,43.654192,,,18.3646321918013,10.2450079996963,956.919193523619,191.977159397068,9
1049599,48343761,0,46,07:47:14,-79.358617,43.654113,,,18.3646321918013,9.02180811232527,965.941001635944,193.745695181785,9
1049599,48343761,0,47,07:47:18,-79.358533,43.653906,,,18.3646321918013,24.0157962228819,989.956797858826,198.45348706672,9
1049599,48343761,0,48,07:47:33,-79.3582619971842,43.6532820003201,,,18.3646321918013,72.8119736638293,1062.76877152266,212.726743533398,9
1049599,48343761,0,49,07:47:47,-79.357991,43.652658,15355,5,18.3646321918013,72.8119736634449,1135.5807451861,227,9
1049599,48343761,0,50,07:47:47,-79.357991,43.652658,15355,5,1e-12,0,1135.5807451861,227,9
1049599,48343761,0,51,07:48:08,-79.357756,43.652138,,,10.461671559514,60.9021311802596,1196.48287636636,247.957231452133,9
1049599,48343761,0,52,07:48:13,-79.357664,43.65203,,,10.461671559514,14.1226870424015,1210.60556340876,252.817035457967,9
1049599,48343761,0,53,07:48:18,-79.357556,43.651934,,,10.461671559514,13.7795013046054,1224.38506471337,257.558744697679,9
1049599,48343761,0,54,07:48:23,-79.357439,43.651829,,,10.461671559514,15.0143010987585,1239.39936581213,262.725364931171,9
1049599,48343761,0,55,07:48:26,-79.357388,43.651754,,,10.461671559514,9.30479177703783,1248.70415758916,265.927267247333,9
1049599,48343761,0,56,07:48:31,-79.357316,43.651629,,,10.461671559514,15.0750377732624,1263.77919536243,271.114787776439,9
1049599,48343761,0,57,07:49:00,-79.35702,43.650906,15356,6,10.461671559514,83.9410008915984,1347.72019625402,300,9
1049599,48343761,0,58,07:49:00,-79.35702,43.650906,15356,6,1e-12,0,1347.72019625402,300,9
1049599,48343761,0,59,,-79.356906,43.650609,,,,34.3133055393531,1382.03350179338,,9
1049599,48343761,0,60,,-79.356858,43.650501,,,,12.6288733195446,1394.66237511292,,9
1049599,48343761,0,61,,-79.356822,43.650453,,,,6.07942452414964,1400.74179963707,,9
1049599,48343761,0,62,,-79.356786,43.650425,,,,4.25717383750061,1404.99897347457,,9
1049599,48343761,0,63,,-79.356743,43.650407,,,,4.00136899797506,1409.00034247255,,9
1049599,48343761,0,64,,-79.35668,43.650392,,,,5.3421237848662,1414.34246625741,,9
1049599,48343761,0,65,,-79.35661,43.650393,,,,5.63938132039888,1419.98184757781,,9
1049599,48343761,0,66,,-79.356528,43.650411,,,,6.90209997304299,1426.88394755085,,9
1049599,48343761,0,67,,-79.356474,43.650454,,,,6.46770956298809,1433.35165711384,,9
1049599,48343761,0,68,,-79.35644,43.650496,,,,5.41843313732038,1438.77009025116,,9
1049599,48343761,0,69,,-79.356424,43.650542,,,,5.28037912498006,1444.05046937614,,9
1049599,48343761,0,70,,-79.356424,43.650575,,,,3.67354319441657,1447.72401257056,,9
1049599,48343761,0,71,,-79.356436,43.650613,,,,4.33916202753738,1452.0631745981,,9
1049599,48343760,0,1,08:00:00,-79.349852,43.658878,4041,1,1e-12,0,0,0,10
1049599,48343760,0,2,08:00:00,-79.349852,43.658878,4041,1,1e-12,0,0,0,10
1049599,48343760,0,3,08:00:17,-79.350929,43.658632,,,19.1010256897528,90.9571881659805,90.9571881659805,17.1428426261526,10
1049599,48343760,0,4,08:00:27,-79.351553,43.658493,,,19.1010256897528,52.5826349208061,143.539823086787,27.0531735575672,10
1049599,48343760,0,5,08:00:38,-79.352239,43.658332,1070,2,19.1010256897528,58.0821147494925,201.621937836279,38,10
1049599,48343760,0,6,08:00:38,-79.352239,43.658332,1070,2,1e-12,0,201.621937836279,38,10
1049599,48343760,0,7,08:00:59,-79.353347,43.65809,,,15.7760989091467,93.2120915745226,294.834029410802,59.2703743555847,10
1049599,48343760,0,8,08:01:05,-79.353623,43.658022,,,15.7760989091467,23.4816827436177,318.315712154419,64.6287369244205,10
1049599,48343760,0,9,08:01:07,-79.353755,43.657992,,,15.7760989091467,11.1430527291497,329.458764883569,67.1715068484656,10
1049599,48343760,0,10,08:01:10,-79.353921,43.657957,,,15.7760989091467,13.9252636882127,343.384028571782,70.3491586599981,10
1049599,48343760,0,11,08:01:15,-79.354174,43.657903,,,15.7760989091467,21.2440259607464,364.628054532528,75.1969029533827,10
1049599,48343760,0,12,08:01:18,-79.354324,43.657871,,,15.7760989091467,12.5947827094527,377.222837241981,78.0709479257898,10
1049599,48343760,0,13,08:01:22,-79.354546,43.657825,,,15.7760989091467,18.5980370861335,395.820874328114,82.3148952980557,10
1049599,48343760,0,14,08:01:22,-79.354554,43.657823,,,15.7760989091467,0.681677847791201,396.502552175906,82.4704496126033,10
1049599,48343760,0,15,08:01:24,-79.354659,43.657802,,,15.7760989091467,8.77355275823693,405.276104934143,84.4725155296306,10
1049599,48343760,0,16,08:01:27,-79.354782,43.657778,,,15.7760989091467,10.2599993107959,415.536104244938,86.8137785840509,10
1049599,48343760,0,17,08:01:29,-79.354874,43.657757,,,15.7760989091467,7.7694372266888,423.305541471627,88.5867120688849,10
1049599,48343760,0,18,08:01:30,-79.354962,43.657737,,,15.7760989091467,7.42873109694421,430.734272568571,90.28189869918,10
1049599,48343760,0,19,08:01:35,-79.35517,43.657613,,,15.7760989091467,21.7062210864908,452.440493655062,95.235112821466,10
1049599,48343760,0,20,08:01:37,-79.355247,43.657552,,,15.7760989091467,9.19607024909887,461.636563904161,97.3335943971338,10
1049599,48343760,0,21,08:01:39,-79.355285,43.657514,,,15.7760989091467,5.22113477686603,466.857698681027,98.5250223480463,10
1049599,48343760,0,22,08:01:50,-79.355721502348,43.6571910008304,1159,3,15.7760989091467,50.2862173381862,517.143916019213,110,10
1049599,48343760,0,23,08:01:50,-79.355721502348,43.6571910008304,1159,3,1e-12,0,517.143916019213,110,10
1049599,48343760,0,24,08:01:59,-79.356158,43.656868,,,19.8883698106256,50.2862173385008,567.430133357714,119.102323827561,10
1049599,48343760,0,25,08:02:15,-79.356979,43.656382,,,19.8883698106256,85.4346804590667,652.864813816781,134.566881887434,10
1049599,48343760,0,26,08:02:22,-79.357411,43.656153,,,19.8883698106256,43.1322741749166,695.997087991697,142.37426823977,10
1049599,48343760,0,27,08:02:25,-79.357549,43.65607,,,19.8883698106256,14.4533338320077,710.450421823705,144.99047068827,10
1049599,48343760,0,28,08:02:27,-79.357654,43.656007,,,19.8883698106256,10.9862883558303,721.436710179536,146.979102157696,10
1049599,48343760,0,29,08:02:34,-79.358009,43.655796,,,19.8883698106256,37.002442818068,758.439152997604,153.676925831202,10
1049599,48343760,0,30,08:02:34,-79.358041,43.655779,,,19.8883698106256,3.19743836315904,761.636591360763,154.255695142964,10
1049599,48343760,0,31,08:02:41,-79.358415,43.655582,10198,4,19.8883698106256,37.2592303089795,798.895821669742,161,10
1049599,48343760,0,32,08:02:41,-79.358415,43.655582,10198,4,1e-12,0,798.895821669742,161,10
1049599,48343760,0,33,08:02:43,-79.358395,43.655499,,,18.3646321918013,9.37887860263464,808.274700272377,162.838531946453,10
1049599,48343760,0,34,08:02:45,-79.358378,43.655387,,,18.3646321918013,12.5427377956138,820.817438067991,165.297271963276,10
1049599,48343760,0,35,08:02:48,-79.35838,43.655276,,,18.3646321918013,12.3575133574298,833.17495142542,167.719702623586,10
1049599,48343760,0,36,08:02:50,-79.358388,43.655169,,,18.3646321918013,11.9285997831381,845.103551208558,170.058053796144,10
1049599,48343760,0,37,08:02:54,-79.358404,43.655006,,,18.3646321918013,18.1907788871009,863.294330095659,173.623973511258,10
1049599,48343760,0,38,08:02:57,-79.358449,43.654874,,,18.3646321918013,15.1345473384303,878.428877434089,176.590783292653,10
1049599,48343760,0,39,08:03:01,-79.35852,43.6547,,,18.3646321918013,20.1960712604382,898.624948694528,180.549798413578,10
1049599,48343760,0,40,08:03:01,-79.358525,43.654688,,,18.3646321918013,1.39521467729539,900.020163371823,180.823300914789,10
1049599,48343760,0,41,08:03:02,-79.358541,43.654649,,,18.3646321918013,4.52867717260362,904.548840544427,181.711052852922,10
1049599,48343760,0,42,08:03:05,-79.358595,43.654518,,,18.3646321918013,15.2176016593591,919.766442203786,184.694143687605,10
1049599,48343760,0,43,08:03:08,-79.358654,43.654383,,,18.3646321918013,15.7615264388924,935.527968642678,187.783859538563,10
1049599,48343760,0,44,08:03:10,-79.358661,43.654283,,,18.3646321918013,11.146216881244,946.674185523922,189.968840993862,10
1049599,48343760,0,45,08:03:12,-79.358642,43.654192,,,18.3646321918013,10.2450079996963,956.919193523619,191.977159397068,10
1049599,48343760,0,46,08:03:14,-79.358617,43.654113,,,18.3646321918013,9.02180811232527,965.941001635944,193.745695181785,10
1049599,48343760,0,47,08:03:18,-79.358533,43.653906,,,18.3646321918013,24.0157962228819,989.956797858826,198.45348706672,10
1049599,48343760,0,48,08:03:33,-79.3582619971842,43.6532820003201,,,18.3646321918013,72.8119736638293,1062.76877152266,212.726743533398,10
1049599,48343760,0,49,08:03:47,-79.357991,43.652658,15355,5,18.3646321918013,72.8119736634449,1135.5807451861,227,10
1049599,48343760,0,50,08:03:47,-79.357991,43.652658,15355,5,1e-12,0,1135.5807451861,227,10
1049599,48343760,0,51,08:04:08,-79.357756,43.652138,,,10.461671559514,60.9021311802596,1196.48287636636,247.957231452133,10
1049599,48343760,0,52,08:04:13,-79.357664,43.65203,,,10.461671559514,14.1226870424015,1210.60556340876,252.817035457967,10
1049599,48343760,0,53,08:04:18,-79.357556,43.651934,,,10.461671559514,13.7795013046054,1224.38506471337,257.558744697679,10
1049599,48343760,0,54,08:04:23,-79.357439,43.651829,,,10.461671559514,15.0143010987585,1239.39936581213,262.725364931171,10
1049599,48343760,0,55,08:04:26,-79.357388,43.651754,,,10.461671559514,9.30479177703783,1248.70415758916,265.927267247333,10
1049599,48343760,0,56,08:04:31,-79.357316,43.651629,,,10.461671559514,15.0750377732624,1263.77919536243,271.114787776439,10
1049599,48343760,0,57,08:05:00,-79.35702,43.650906,15356,6,10.461671559514,83.9410008915984,1347.72019625402,300,10
1049599,48343760,0,58,08:05:00,-79.35702,43.650906,15356,6,1e-12,0,1347.72019625402,300,10
1049599,48343760,0,59,,-79.356906,43.650609,,,,34.3133055393531,1382.03350179338,,10
1049599,48343760,0,60,,-79.356858,43.650501,,,,12.6288733195446,1394.66237511292,,10
1049599,48343760,0,61,,-79.356822,43.650453,,,,6.07942452414964,1400.74179963707,,10
1049599,48343760,0,62,,-79.356786,43.650425,,,,4.25717383750061,1404.99897347457,,10
1049599,48343760,0,63,,-79.356743,43.650407,,,,4.00136899797506,1409.00034247255,,10
1049599,48343760,0,64,,-79.35668,43.650392,,,,5.3421237848662,1414.34246625741,,10
1049599,48343760,0,65,,-79.35661,43.650393,,,,5.63938132039888,1419.98184757781,,10
1049599,48343760,0,66,,-79.356528,43.650411,,,,6.90209997304299,1426.88394755085,,10
1049599,48343760,0,67,,-79.356474,43.650454,,,,6.46770956298809,1433.35165711384,,10
1049599,48343760,0,68,,-79.35644,43.650496,,,,5.41843313732038,1438.77009025116,,10
1049599,48343760,0,69,,-79.356424,43.650542,,,,5.28037912498006,1444.05046937614,,10
1049599,48343760,0,70,,-79.356424,43.650575,,,,3.67354319441657,1447.72401257056,,10
1049599,48343760,0,71,,-79.356436,43.650613,,,,4.33916202753738,1452.0631745981,,10
