shape_id,trip_id,route_type,id,timestamp,shape_pt_lon,shape_pt_lat,stop_id,stop_sequence,speed,dist,cumdist,cumtime,trip_number
1049973,48350338,3,1,,-79.302109,43.688726,,,1e-12,0,0,0,1
1049973,48350338,3,2,,-79.302045,43.688598,,,,15.1516063251548,15.1516063251548,,1
1049973,48350338,3,3,05:27:00,-79.301831,43.688145,3867,1,,53.2887933016099,68.4403996267648,,1
1049973,48350338,3,4,05:27:00,-79.301831,43.688145,3867,1,1e-12,0,68.4403996267648,0,1
1049973,48350338,3,5,05:27:16,-79.301598,43.687675,,,12.363468519368,55.580351258024,124.020750884789,16.1839102202943,1
1049973,48350338,3,6,05:27:30,-79.301421,43.687254,,,12.363468519368,48.9834771972589,173.004228082048,30.4469398574779,1
1049973,48350338,3,7,05:27:50,-79.3011779976767,43.6866805002574,,,12.363468519368,66.7712625487385,239.775490630786,49.8894243672979,1
1049973,48350338,3,8,05:28:09,-79.300935,43.686107,,,12.363468519368,66.7712625506544,306.546753181441,69.3319088776757,1
1049973,48350338,3,9,05:28:37,-79.300585,43.685276,,,12.363468519368,96.7019827711735,403.248735952614,97.4896331789805,1
1049973,48350338,3,10,05:28:53,-79.300393,43.68482,,,12.363468519368,53.0625976311526,456.311333583767,112.940422831811,1
1049973,48350338,3,11,05:29:06,-79.300274,43.684438,,,12.363468519368,43.5897173755815,499.901050959348,125.632895199599,1
1049973,48350338,3,12,05:29:12,-79.300213,43.684241,,,12.363468519368,22.4730076945628,522.374058653911,132.176595098514,1
1049973,48350338,3,13,05:29:18,-79.300146,43.684068,552,2,12.363468519368,19.9993008819598,542.373359535871,138,1
1049973,48350338,3,14,05:29:18,-79.300146,43.684068,552,2,1e-12,0,542.373359535871,138,1
1049973,48350338,3,15,05:29:20,-79.300141,43.684005,,,16.2216756055761,7.02466913566016,549.398028671531,139.558951707781,1
1049973,48350338,3,16,05:29:21,-79.300155,43.68395,,,16.2216756055761,6.22543771968677,555.623466391218,140.940533754901,1
1049973,48350338,3,17,05:29:22,-79.30016,43.683909,,,16.2216756055761,4.58181347220551,560.205279863423,141.957354020637,1
1049973,48350338,3,18,05:29:24,-79.300154,43.683828,,,16.2216756055761,9.02980635869103,569.235086222114,143.961296380334,1
1049973,48350338,3,19,05:29:34,-79.299995,43.683442,,,16.2216756055761,44.8352462871395,614.070332509254,153.911371240555,1
1049973,48350338,3,20,05:29:50,-79.2997389973437,43.6828195002857,,,16.2216756055761,72.2960175507416,686.366350059995,169.955685620335,1
1049973,48350338,3,21,05:30:06,-79.299483,43.682197,3508,3,16.2216756055761,72.2960175502239,758.662367610219,186,1
1049973,48350338,3,22,05:30:06,-79.299483,43.682197,3508,3,1e-12,0,758.662367610219,186,1
1049973,48350338,3,23,05:30:45,-79.2991669961656,43.6814690004352,2075,4,7.84058768744546,84.9396999473258,843.602067557545,225,1
1049973,48350338,3,24,05:30:45,-79.2991669961656,43.6814690004352,2075,4,1e-12,0,843.602067557545,225,1
1049973,48350338,3,25,05:31:03,-79.298851,43.680741,,,16.681680627939,84.9396999463022,928.541767503847,243.330462417231,1
1049973,48350338,3,26,05:31:09,-79.298612,43.680588,,,16.681680627939,25.6963258481233,954.238093351971,248.875873285385,1
1049973,48350338,3,27,05:31:15,-79.29837,43.680428,,,16.681680627939,26.3970933734033,980.635186725374,254.572513705721,1
1049973,48350338,3,28,05:31:19,-79.298199,43.680273,,,16.681680627939,22.0734921777387,1002.70867890311,259.336096800986,1
1049973,48350338,3,29,05:31:22,-79.298137,43.680163,,,16.681680627939,13.2233842970569,1015.93206320017,262.189777106415,1
1049973,48350338,3,30,05:31:25,-79.298074,43.680037,,,16.681680627939,14.9151086072581,1030.84717180743,265.408540981812,1
1049973,48350338,3,31,05:31:27,-79.298057,43.679959,,,16.681680627939,8.7901212059268,1039.63729301335,267.305498311659,1
1049973,48350338,3,32,05:31:29,-79.298059,43.679895,,,16.681680627939,7.12626666218681,1046.76355967554,268.843386523049,1
1049973,48350338,3,33,05:31:31,-79.298063,43.679786,,,16.681680627939,12.138097039404,1058.90165671495,271.462855766973,1
1049973,48350338,3,34,05:31:46,-79.298114,43.679182,8330,5,16.681680627939,67.362221482678,1126.26387819762,286,1
1049973,48350338,3,35,05:31:46,-79.298114,43.679182,8330,5,1e-12,0,1126.26387819762,286,1
1049973,48350338,3,36,05:31:49,-79.298114,43.679045,,,16.5347056948853,15.2507702295848,1141.51464842721,289.320456610455,1
1049973,48350338,3,37,05:31:51,-79.2981,43.678972,,,16.5347056948853,8.20411604541526,1149.71876447262,291.106688449624,1
1049973,48350338,3,38,05:31:53,-79.298066,43.67892,,,16.5347056948853,6.40318782117927,1156.1219522938,292.50081523855,1
1049973,48350338,3,39,05:31:54,-79.298023,43.678885,,,16.5347056948853,5.21198546465183,1161.33393775845,293.635588848615,1
1049973,48350338,3,40,05:31:55,-79.297971,43.678854,,,16.5347056948853,5.42541430842134,1166.75935206688,294.816831011054,1
1049973,48350338,3,41,05:31:56,-79.297928,43.678805,,,16.5347056948853,6.46048355471057,1173.21983562159,296.223432448426,1
1049973,48350338,3,42,05:32:03,-79.297815,43.678531,,,16.5347056948853,31.8293686751446,1205.04920429673,303.153445558122,1
1049973,48350338,3,43,05:32:13,-79.297656,43.678145,,,16.5347056948853,44.8355689373905,1249.88477323412,312.915218833865,1
1049973,48350338,3,44,05:32:24,-79.2974739986715,43.6777070001444,4286,6,16.5347056948853,50.9121095206248,1300.79688275475,324,1
1049973,48350338,3,45,05:32:24,-79.2974739986715,43.6777070001444,4286,6,1e-12,0,1300.79688275475,324,1
1049973,48350338,3,46,05:32:33,-79.297292,43.677269,,,19.5072429122217,50.9121095155801,1351.70899227033,333.395668833408,1
1049973,48350338,3,47,05:32:45,-79.2970679979786,43.6767275002187,,,19.5072429122217,62.919512881582,1414.62850515191,345.007265992112,1
1049973,48350338,3,48,05:32:57,-79.296844,43.676186,,,19.5072429122217,62.9195128826115,1477.54801803452,356.618863151006,1
1049973,48350338,3,49,05:32:59,-79.296824,43.676071,6696,7,19.5072429122217,12.9026152557147,1490.45063329023,359,1
1049973,48350338,3,50,05:32:59,-79.296824,43.676071,6696,7,1e-12,0,1490.45063329023,359,1
1049973,48350338,3,51,05:33:01,-79.296842,43.675984,,,18.2328692879657,9.79262585054556,1500.24325914078,360.933510985308,1
1049973,48350338,3,52,05:33:02,-79.296828,43.675919,,,18.2328692879657,7.32303553812745,1507.56629467891,362.379412204742,1
1049973,48350338,3,53,05:33:04,-79.296833,43.675868,,,18.2328692879657,5.69154853829228,1513.2578432172,363.503183478163,1
1049973,48350338,3,54,05:33:05,-79.296836,43.675801,,,18.2328692879657,7.46231592795921,1520.72015914516,364.97658499914,1
1049973,48350338,3,55,05:33:16,-79.296647,43.675321,,,18.2328692879657,55.5578979496393,1576.2780570948,375.946248054351,1
1049973,48350338,3,56,05:33:31,-79.296398,43.674672,,,18.2328692879657,74.9763672855303,1651.25442438033,390.750002634332,1
1049973,48350338,3,57,05:33:31,-79.296394,43.674661,1546,8,18.2328692879657,1.26615813626777,1652.5205825166,391,1
1049973,48350338,3,58,05:33:31,-79.296394,43.674661,1546,8,1e-12,0,1652.5205825166,391,1
1049973,48350338,3,59,05:33:39,-79.296219,43.674204,,,23.9957312470338,52.788187552294,1705.30877006889,398.919636756715,1
1049973,48350338,3,60,05:33:49,-79.297036,43.674024,,,23.9957312470338,68.7649427543775,1774.07371282327,409.236213124704,1
1049973,48350338,3,61,05:33:58,-79.2968179981819,43.6735235002071,1086,9,23.9957312470338,58.414854046082,1832.48856686935,418,1
1049973,48350338,3,62,05:33:58,-79.2968179981819,43.6735235002071,1086,9,1e-12,0,1832.48856686935,418,1
1049973,48350338,3,63,05:34:12,-79.2966,43.673023,,,15.5708973732759,58.4148540424877,1890.90342091184,431.50554624513,1
1049973,48350338,3,64,05:34:26,-79.296374997968,43.6724810002206,,,15.5708973732759,62.9963125750936,1953.89973348693,446.070328212004,1
1049973,48350338,3,65,05:34:41,-79.29615,43.671939,,,15.5708973732759,62.9963125705063,2016.89604605744,460.635110177818,1
1049973,48350338,3,66,05:34:51,-79.295981,43.671548,,,15.5708973732759,45.6034226162962,2062.49946867373,471.178646461117,1
1049973,48350338,3,67,05:34:53,-79.29595,43.671464,,,15.5708973732759,9.67825143391892,2072.17772010765,473.41626349287,1
1049973,48350338,3,68,05:35:00,-79.295858,43.671217,10028,10,15.5708973732759,28.4763015236717,2100.65402163132,480,1
1049973,48350338,3,69,05:35:00,-79.295858,43.671217,10028,10,1e-12,0,2100.65402163132,480,1
1049973,48350338,3,70,,-79.295753,43.670936,,,,32.4031750425968,2133.05719667392,,1
