shape_id,trip_id,route_type,id,timestamp,shape_pt_lon,shape_pt_lat,stop_id,stop_sequence,speed,dist,cumdist,cumtime,trip_number
1049718,48346640,0,1,,-79.402705,43.643926,,,1e-12,0,0,0,1
1049718,48346640,0,2,,-79.4029,43.644412,,,,56.3355791754886,56.3355791754886,,1
1049718,48346640,0,3,,-79.402955,43.644541,,,,15.0281476607171,71.3637268362058,,1
1049718,48346640,0,4,,-79.403105,43.64489,,,,40.6861729085457,112.049899744751,,1
1049718,48346640,0,5,,-79.403233,43.645192,,,,35.1641536817439,147.214053426495,,1
1049718,48346640,0,6,,-79.403369,43.645516,,,,37.6946170741484,184.908670500644,,1
1049718,48346640,0,7,,-79.403564498446,43.6459935001666,,,,55.4388113371009,240.347481837745,,1
1049718,48346640,0,8,,-79.40376,43.646471,,,,55.4388113340817,295.786293171826,,1
1049718,48346640,0,9,,-79.403889,43.646822,,,,40.4312669443568,336.217560116183,,1
1049718,48346640,0,10,04:49:55,-79.40401,43.647188,5399,1,,41.8925442356662,378.110104351849,,1
1049718,48346640,0,11,04:49:55,-79.40401,43.647188,5399,1,1e-12,0,378.110104351849,0,1
1049718,48346640,0,12,04:50:14,-79.404189,43.647676,,,10.5202252915006,56.2048353256342,434.314939677483,19.233181948656,1
1049718,48346640,0,13,04:50:28,-79.404327,43.648026,,,10.5202252915006,40.5165115957646,474.831451273248,33.0978509745744,1
1049718,48346640,0,14,04:50:29,-79.40434,43.648057,,,10.5202252915006,3.60628121987855,478.437732493127,34.3319131768403,1
1049718,48346640,0,15,04:50:38,-79.404432,43.648288,,,10.5202252915006,26.7613130418082,505.199045534935,43.4895808389905,1
1049718,48346640,0,16,04:50:54,-79.404589,43.648679,15126,2,10.5202252915006,45.3258622053966,550.524907740331,59,1
1049718,48346640,0,17,04:50:54,-79.404589,43.648679,15126,2,1e-12,0,550.524907740331,59,1
1049718,48346640,0,18,04:50:55,-79.404602,43.648711,,,10.9687109456239,3.71294198793922,554.237849728271,60.2186109400498,1
1049718,48346640,0,19,04:51:00,-79.404649,43.648831,,,10.9687109456239,13.8844353955721,568.122285123843,64.7755700642212,1
1049718,48346640,0,20,04:51:05,-79.404702,43.648968,,,10.9687109456239,15.8370178495982,583.959302973441,69.9733790448015,1
1049718,48346640,0,21,04:51:35,-79.40501,43.649754,,,10.9687109456239,90.9462805421429,674.905583515584,99.8225209881706,1
1049718,48346640,0,22,04:51:58,-79.405248,43.650362,,,10.9687109456239,70.3447664179133,745.250349933497,122.910116272603,1
1049718,48346640,0,23,04:52:18,-79.405454,43.650889,,,10.9687109456239,60.9667126798066,806.217062613304,142.919775268573,1
1049718,48346640,0,24,04:52:22,-79.405499,43.651004,,,10.9687109456239,13.3049667545739,819.522029367878,147.286549135978,1
1049718,48346640,0,25,04:52:32,-79.405604,43.651267,,,10.9687109456239,30.4740955889991,849.996124956877,157.288339197204,1
1049718,48346640,0,26,04:52:37,-79.405652,43.651387,,,10.9687109456239,13.9065685358091,863.902693492686,161.852562557369,1
1049718,48346640,0,27,04:52:54,-79.4058369985769,43.6518490001492,,,10.9687109456239,53.5447335832004,917.447427075886,179.426281279205,1
1049718,48346640,0,28,04:53:12,-79.406022,43.652311,4322,3,10.9687109456239,53.5447335800285,970.992160655915,197,1
1049718,48346640,0,29,04:53:12,-79.406022,43.652311,4322,3,1e-12,0,970.992160655915,197,1
1049718,48346640,0,30,04:53:32,-79.4062252449843,43.6528050005401,,,10.2831672821983,57.3767374580627,1028.36889811398,217.086832118992,1
1049718,48346640,0,31,04:53:52,-79.4064284933124,43.6532990007202,,,10.2831672821983,57.3767374635644,1085.74563557754,237.17366423991,1
1049718,48346640,0,32,04:54:12,-79.4066317449842,43.6537930005402,,,10.2831672821983,57.3767374608624,1143.1223730384,257.260496359882,1
1049718,48346640,0,33,04:54:32,-79.406835,43.654287,,,10.2831672821983,57.3767374620687,1200.49911050047,277.347328480276,1
1049718,48346640,0,34,04:54:50,-79.4070107461829,43.6547217504039,24777,4,10.2831672821983,50.4237150597279,1250.9228255602,295,1
1049718,48346640,0,35,04:54:50,-79.4070107461829,43.6547217504039,24777,4,1e-12,0,1250.9228255602,295,1
1049718,48346640,0,36,04:55:10,-79.4071864949105,43.6551565005385,,,9.23010377412756,50.4237150637559,1301.34654062396,314.66666666721,1
1049718,48346640,0,37,04:55:29,-79.4073622461828,43.6555912504039,,,9.23010377412756,50.4237150618954,1351.77025568585,334.333333333694,1
1049718,48346640,0,38,04:55:49,-79.407538,43.656026,3455,5,9.23010377412756,50.4237150614392,1402.19397074729,354,1
1049718,48346640,0,39,04:55:49,-79.407538,43.656026,3455,5,1e-12,0,1402.19397074729,354,1
1049718,48346640,0,40,04:56:00,-79.407722,43.656481,,,17.9565292591382,52.7737431021419,1454.96771384943,364.580300481566,1
1049718,48346640,0,41,04:56:10,-79.4079084957884,43.6569330004548,,,17.9565292591382,52.5104646842065,1507.47817853364,375.107817806048,1
1049718,48346640,0,42,04:56:21,-79.4080949943844,43.6573850006064,,,17.9565292591382,52.5104646853536,1559.98864321899,385.63533513076,1
1049718,48346640,0,43,04:56:31,-79.4082814957883,43.6578370004548,,,17.9565292591382,52.5104646850685,1612.49910790406,396.162852455414,1
1049718,48346640,0,44,04:56:42,-79.408468,43.658289,,,17.9565292591382,52.5104646799746,1665.00957258404,406.690369779048,1
1049718,48346640,0,45,04:56:59,-79.4087784960775,43.6590475004202,,,17.9565292591382,88.0608900259352,1753.07046260997,424.345184889381,1
1049718,48346640,0,46,04:57:17,-79.409089,43.659806,8508,6,17.9565292591382,88.0608900273641,1841.13135263734,442,1
1049718,48346640,0,47,04:57:17,-79.409089,43.659806,8508,6,1e-12,0,1841.13135263734,442,1
1049718,48346640,0,48,04:57:28,-79.4092624987011,43.6602555001312,,,17.8083172950206,51.9523421467776,1893.08369478411,452.5023079177,1
1049718,48346640,0,49,04:57:38,-79.409436,43.660705,,,17.8083172950206,51.9523421487542,1945.03603693287,463.004615835799,1
1049718,48346640,0,50,04:57:57,-79.409769,43.661514,7317,7,17.8083172950206,93.9655078713639,2039.00154480423,482,1
1049718,48346640,0,51,04:57:57,-79.409769,43.661514,7317,7,1e-12,0,2039.00154480423,482,1
1049718,48346640,0,52,04:58:11,-79.4100089976914,43.6620915002511,,,17.5981976145025,67.1295086863919,2106.13105349062,495.732442183275,1
1049718,48346640,0,53,04:58:24,-79.410249,43.662669,,,17.5981976145025,67.1295086879481,2173.26056217857,509.464884366869,1
1049718,48346640,0,54,04:58:38,-79.4104824977421,43.6632495002376,,,17.5981976145025,67.3011675349225,2240.56172971349,523.232442183475,1
1049718,48346640,0,55,04:58:52,-79.410716,43.66383,9659,8,17.5981976145025,67.3011675345254,2307.86289724802,537,1
1049718,48346640,0,56,04:58:52,-79.410716,43.66383,9659,8,1e-12,0,2307.86289724802,537,1
1049718,48346640,0,57,04:59:10,-79.4109639973457,43.6644725002681,,,14.8730708614926,74.258640652493,2382.12153790051,554.974170152118,1
1049718,48346640,0,58,04:59:28,-79.411212,43.665115,,,14.8730708614926,74.2586406502269,2456.38017855074,572.948340303687,1
1049718,48346640,0,59,04:59:39,-79.411357,43.665493,,,14.8730708614926,43.6687643192579,2500.04894287,583.518286013847,1
1049718,48346640,0,60,04:59:43,-79.411414,43.665643,,,14.8730708614926,17.3172997122267,2517.36624258222,587.709907202543,1
1049718,48346640,0,61,04:59:44,-79.411438,43.665705,,,14.8730708614926,7.16728901616922,2524.53353159839,589.44473659309,1
1049718,48346640,0,62,04:59:45,-79.411436,43.665726,,,14.8730708614926,2.34325047009905,2526.87678206849,590.011916146722,1
1049718,48346640,0,63,04:59:49,-79.411424,43.665881,,,14.8730708614926,17.2815584132211,2544.15834048171,594.194886218402,1
1049718,48346640,0,64,04:59:53,-79.411369,43.666017,,,14.8730708614926,15.7739786649388,2559.93231914665,598.012949328745,1
1049718,48346640,0,65,05:00:00,-79.411333,43.666275,14142,9,14.8730708614926,28.8663610406721,2588.79868018732,605,1
1049718,48346640,0,66,05:00:00,-79.411333,43.666275,14142,9,1e-12,0,2588.79868018732,605,1
1049718,48346640,0,67,,-79.411308,43.666513,,,,26.5704122539323,2615.36909244126,,1
1049718,48346641,0,1,,-79.402705,43.643926,,,1e-12,0,0,0,2
1049718,48346641,0,2,,-79.4029,43.644412,,,,56.3355791754886,56.3355791754886,,2
1049718,48346641,0,3,,-79.402955,43.644541,,,,15.0281476607171,71.3637268362058,,2
1049718,48346641,0,4,,-79.403105,43.64489,,,,40.6861729085457,112.049899744751,,2
1049718,48346641,0,5,,-79.403233,43.645192,,,,35.1641536817439,147.214053426495,,2
1049718,48346641,0,6,,-79.403369,43.645516,,,,37.6946170741484,184.908670500644,,2
1049718,48346641,0,7,,-79.403564498446,43.6459935001666,,,,55.4388113371009,240.347481837745,,2
1049718,48346641,0,8,,-79.40376,43.646471,,,,55.4388113340817,295.786293171826,,2
1049718,48346641,0,9,,-79.403889,43.646822,,,,40.4312669443568,336.217560116183,,2
1049718,48346641,0,10,04:59:55,-79.40401,43.647188,5399,1,,41.8925442356662,378.110104351849,,2
1049718,48346641,0,11,04:59:55,-79.40401,43.647188,5399,1,1e-12,0,378.110104351849,0,2
1049718,48346641,0,12,05:00:14,-79.404189,43.647676,,,10.5202252915006,56.2048353256342,434.314939677483,19.233181948656,2
1049718,48346641,0,13,05:00:28,-79.404327,43.648026,,,10.5202252915006,40.5165115957646,474.831451273248,33.0978509745744,2
1049718,48346641,0,14,05:00:29,-79.40434,43.648057,,,10.5202252915006,3.60628121987855,478.437732493127,34.3319131768403,2
1049718,48346641,0,15,05:00:38,-79.404432,43.648288,,,10.5202252915006,26.7613130418082,505.199045534935,43.4895808389905,2
1049718,48346641,0,16,05:00:54,-79.404589,43.648679,15126,2,10.5202252915006,45.3258622053966,550.524907740331,59,2
1049718,48346641,0,17,05:00:54,-79.404589,43.648679,15126,2,1e-12,0,550.524907740331,59,2
1049718,48346641,0,18,05:00:55,-79.404602,43.648711,,,10.9687109456239,3.71294198793922,554.237849728271,60.2186109400498,2
1049718,48346641,0,19,05:01:00,-79.404649,43.648831,,,10.9687109456239,13.8844353955721,568.122285123843,64.7755700642212,2
1049718,48346641,0,20,05:01:05,-79.404702,43.648968,,,10.9687109456239,15.8370178495982,583.959302973441,69.9733790448015,2
1049718,48346641,0,21,05:01:35,-79.40501,43.649754,,,10.9687109456239,90.9462805421429,674.905583515584,99.8225209881706,2
1049718,48346641,0,22,05:01:58,-79.405248,43.650362,,,10.9687109456239,70.3447664179133,745.250349933497,122.910116272603,2
1049718,48346641,0,23,05:02:18,-79.405454,43.650889,,,10.9687109456239,60.9667126798066,806.217062613304,142.919775268573,2
1049718,48346641,0,24,05:02:22,-79.405499,43.651004,,,10.9687109456239,13.3049667545739,819.522029367878,147.286549135978,2
1049718,48346641,0,25,05:02:32,-79.405604,43.651267,,,10.9687109456239,30.4740955889991,849.996124956877,157.288339197204,2
1049718,48346641,0,26,05:02:37,-79.405652,43.651387,,,10.9687109456239,13.9065685358091,863.902693492686,161.852562557369,2
1049718,48346641,0,27,05:02:54,-79.4058369985769,43.6518490001492,,,10.9687109456239,53.5447335832004,917.447427075886,179.426281279205,2
1049718,48346641,0,28,05:03:12,-79.406022,43.652311,4322,3,10.9687109456239,53.5447335800285,970.992160655915,197,2
1049718,48346641,0,29,05:03:12,-79.406022,43.652311,4322,3,1e-12,0,970.992160655915,197,2
1049718,48346641,0,30,05:03:32,-79.4062252449843,43.6528050005401,,,10.2831672821983,57.3767374580627,1028.36889811398,217.086832118992,2
1049718,48346641,0,31,05:03:52,-79.4064284933124,43.6532990007202,,,10.2831672821983,57.3767374635644,1085.74563557754,237.17366423991,2
1049718,48346641,0,32,05:04:12,-79.4066317449842,43.6537930005402,,,10.2831672821983,57.3767374608624,1143.1223730384,257.260496359882,2
1049718,48346641,0,33,05:04:32,-79.406835,43.654287,,,10.2831672821983,57.3767374620687,1200.49911050047,277.347328480276,2
1049718,48346641,0,34,05:04:50,-79.4070107461829,43.6547217504039,24777,4,10.2831672821983,50.4237150597279,1250.9228255602,295,2
1049718,48346641,0,35,05:04:50,-79.4070107461829,43.6547217504039,24777,4,1e-12,0,1250.9228255602,295,2
1049718,48346641,0,36,05:05:10,-79.4071864949105,43.6551565005385,,,9.23010377412756,50.4237150637559,1301.34654062396,314.66666666721,2
1049718,48346641,0,37,05:05:29,-79.4073622461828,43.6555912504039,,,9.23010377412756,50.4237150618954,1351.77025568585,334.333333333694,2
1049718,48346641,0,38,05:05:49,-79.407538,43.656026,3455,5,9.23010377412756,50.4237150614392,1402.19397074729,354,2
1049718,48346641,0,39,05:05:49,-79.407538,43.656026,3455,5,1e-12,0,1402.19397074729,354,2
1049718,48346641,0,40,05:06:00,-79.407722,43.656481,,,17.9565292591382,52.7737431021419,1454.96771384943,364.580300481566,2
1049718,48346641,0,41,05:06:10,-79.4079084957884,43.6569330004548,,,17.9565292591382,52.5104646842065,1507.47817853364,375.107817806048,2
1049718,48346641,0,42,05:06:21,-79.4080949943844,43.6573850006064,,,17.9565292591382,52.5104646853536,1559.98864321899,385.63533513076,2
1049718,48346641,0,43,05:06:31,-79.4082814957883,43.6578370004548,,,17.9565292591382,52.5104646850685,1612.49910790406,396.162852455414,2
1049718,48346641,0,44,05:06:42,-79.408468,43.658289,,,17.9565292591382,52.5104646799746,1665.00957258404,406.690369779048,2
1049718,48346641,0,45,05:06:59,-79.4087784960775,43.6590475004202,,,17.9565292591382,88.0608900259352,1753.07046260997,424.345184889381,2
1049718,48346641,0,46,05:07:17,-79.409089,43.659806,8508,6,17.9565292591382,88.0608900273641,1841.13135263734,442,2
1049718,48346641,0,47,05:07:17,-79.409089,43.659806,8508,6,1e-12,0,1841.13135263734,442,2
1049718,48346641,0,48,05:07:28,-79.4092624987011,43.6602555001312,,,17.8083172950206,51.9523421467776,1893.08369478411,452.5023079177,2
1049718,48346641,0,49,05:07:38,-79.409436,43.660705,,,17.8083172950206,51.9523421487542,1945.03603693287,463.004615835799,2
1049718,48346641,0,50,05:07:57,-79.409769,43.661514,7317,7,17.8083172950206,93.9655078713639,2039.00154480423,482,2
1049718,48346641,0,51,05:07:57,-79.409769,43.661514,7317,7,1e-12,0,2039.00154480423,482,2
1049718,48346641,0,52,05:08:11,-79.4100089976914,43.6620915002511,,,17.5981976145025,67.1295086863919,2106.13105349062,495.732442183275,2
1049718,48346641,0,53,05:08:24,-79.410249,43.662669,,,17.5981976145025,67.1295086879481,2173.26056217857,509.464884366869,2
1049718,48346641,0,54,05:08:38,-79.4104824977421,43.6632495002376,,,17.5981976145025,67.3011675349225,2240.56172971349,523.232442183475,2
1049718,48346641,0,55,05:08:52,-79.410716,43.66383,9659,8,17.5981976145025,67.3011675345254,2307.86289724802,537,2
1049718,48346641,0,56,05:08:52,-79.410716,43.66383,9659,8,1e-12,0,2307.86289724802,537,2
1049718,48346641,0,57,05:09:10,-79.4109639973457,43.6644725002681,,,14.8730708614926,74.258640652493,2382.12153790051,554.974170152118,2
1049718,48346641,0,58,05:09:28,-79.411212,43.665115,,,14.8730708614926,74.2586406502269,2456.38017855074,572.948340303687,2
1049718,48346641,0,59,05:09:39,-79.411357,43.665493,,,14.8730708614926,43.6687643192579,2500.04894287,583.518286013847,2
1049718,48346641,0,60,05:09:43,-79.411414,43.665643,,,14.8730708614926,17.3172997122267,2517.36624258222,587.709907202543,2
1049718,48346641,0,61,05:09:44,-79.411438,43.665705,,,14.8730708614926,7.16728901616922,2524.53353159839,589.44473659309,2
1049718,48346641,0,62,05:09:45,-79.411436,43.665726,,,14.8730708614926,2.34325047009905,2526.87678206849,590.011916146722,2
1049718,48346641,0,63,05:09:49,-79.411424,43.665881,,,14.8730708614926,17.2815584132211,2544.15834048171,594.194886218402,2
1049718,48346641,0,64,05:09:53,-79.411369,43.666017,,,14.8730708614926,15.7739786649388,2559.93231914665,598.012949328745,2
1049718,48346641,0,65,05:10:00,-79.411333,43.666275,14142,9,14.8730708614926,28.8663610406721,2588.79868018732,605,2
1049718,48346641,0,66,05:10:00,-79.411333,43.666275,14142,9,1e-12,0,2588.79868018732,605,2
1049718,48346641,0,67,,-79.411308,43.666513,,,,26.5704122539323,2615.36909244126,,2
1049718,48346642,0,1,,-79.402705,43.643926,,,1e-12,0,0,0,3
1049718,48346642,0,2,,-79.4029,43.644412,,,,56.3355791754886,56.3355791754886,,3
1049718,48346642,0,3,,-79.402955,43.644541,,,,15.0281476607171,71.3637268362058,,3
1049718,48346642,0,4,,-79.403105,43.64489,,,,40.6861729085457,112.049899744751,,3
1049718,48346642,0,5,,-79.403233,43.645192,,,,35.1641536817439,147.214053426495,,3
1049718,48346642,0,6,,-79.403369,43.645516,,,,37.6946170741484,184.908670500644,,3
1049718,48346642,0,7,,-79.403564498446,43.6459935001666,,,,55.4388113371009,240.347481837745,,3
1049718,48346642,0,8,,-79.40376,43.646471,,,,55.4388113340817,295.786293171826,,3
1049718,48346642,0,9,,-79.403889,43.646822,,,,40.4312669443568,336.217560116183,,3
1049718,48346642,0,10,05:04:55,-79.40401,43.647188,5399,1,,41.8925442356662,378.110104351849,,3
1049718,48346642,0,11,05:04:55,-79.40401,43.647188,5399,1,1e-12,0,378.110104351849,0,3
1049718,48346642,0,12,05:05:14,-79.404189,43.647676,,,10.5202252915006,56.2048353256342,434.314939677483,19.233181948656,3
1049718,48346642,0,13,05:05:28,-79.404327,43.648026,,,10.5202252915006,40.5165115957646,474.831451273248,33.0978509745744,3
1049718,48346642,0,14,05:05:29,-79.40434,43.648057,,,10.5202252915006,3.60628121987855,478.437732493127,34.3319131768403,3
1049718,48346642,0,15,05:05:38,-79.404432,43.648288,,,10.5202252915006,26.7613130418082,505.199045534935,43.4895808389905,3
1049718,48346642,0,16,05:05:54,-79.404589,43.648679,15126,2,10.5202252915006,45.3258622053966,550.524907740331,59,3
1049718,48346642,0,17,05:05:54,-79.404589,43.648679,15126,2,1e-12,0,550.524907740331,59,3
1049718,48346642,0,18,05:05:55,-79.404602,43.648711,,,10.9687109456239,3.71294198793922,554.237849728271,60.2186109400498,3
1049718,48346642,0,19,05:06:00,-79.404649,43.648831,,,10.9687109456239,13.8844353955721,568.122285123843,64.7755700642212,3
1049718,48346642,0,20,05:06:05,-79.404702,43.648968,,,10.9687109456239,15.8370178495982,583.959302973441,69.9733790448015,3
1049718,48346642,0,21,05:06:35,-79.40501,43.649754,,,10.9687109456239,90.9462805421429,674.905583515584,99.8225209881706,3
1049718,48346642,0,22,05:06:58,-79.405248,43.650362,,,10.9687109456239,70.3447664179133,745.250349933497,122.910116272603,3
1049718,48346642,0,23,05:07:18,-79.405454,43.650889,,,10.9687109456239,60.9667126798066,806.217062613304,142.919775268573,3
1049718,48346642,0,24,05:07:22,-79.405499,43.651004,,,10.9687109456239,13.3049667545739,819.522029367878,147.286549135978,3
1049718,48346642,0,25,05:07:32,-79.405604,43.651267,,,10.9687109456239,30.4740955889991,849.996124956877,157.288339197204,3
1049718,48346642,0,26,05:07:37,-79.405652,43.651387,,,10.9687109456239,13.9065685358091,863.902693492686,161.852562557369,3
1049718,48346642,0,27,05:07:54,-79.4058369985769,43.6518490001492,,,10.9687109456239,53.5447335832004,917.447427075886,179.426281279205,3
1049718,48346642,0,28,05:08:12,-79.406022,43.652311,4322,3,10.9687109456239,53.5447335800285,970.992160655915,197,3
1049718,48346642,0,29,05:08:12,-79.406022,43.652311,4322,3,1e-12,0,970.992160655915,197,3
1049718,48346642,0,30,05:08:32,-79.4062252449843,43.6528050005401,,,10.2831672821983,57.3767374580627,1028.36889811398,217.086832118992,3
1049718,48346642,0,31,05:08:52,-79.4064284933124,43.6532990007202,,,10.2831672821983,57.3767374635644,1085.74563557754,237.17366423991,3
1049718,48346642,0,32,05:09:12,-79.4066317449842,43.6537930005402,,,10.2831672821983,57.3767374608624,1143.1223730384,257.260496359882,3
1049718,48346642,0,33,05:09:32,-79.406835,43.654287,,,10.2831672821983,57.3767374620687,1200.49911050047,277.347328480276,3
1049718,48346642,0,34,05:09:50,-79.4070107461829,43.6547217504039,24777,4,10.2831672821983,50.4237150597279,1250.9228255602,295,3
1049718,48346642,0,35,05:09:50,-79.4070107461829,43.6547217504039,24777,4,1e-12,0,1250.9228255602,295,3
1049718,48346642,0,36,05:10:10,-79.4071864949105,43.6551565005385,,,9.23010377412756,50.4237150637559,1301.34654062396,314.66666666721,3
1049718,48346642,0,37,05:10:29,-79.4073622461828,43.6555912504039,,,9.23010377412756,50.4237150618954,1351.77025568585,334.333333333694,3
1049718,48346642,0,38,05:10:49,-79.407538,43.656026,3455,5,9.23010377412756,50.4237150614392,1402.19397074729,354,3
1049718,48346642,0,39,05:10:49,-79.407538,43.656026,3455,5,1e-12,0,1402.19397074729,354,3
1049718,48346642,0,40,05:11:00,-79.407722,43.656481,,,17.9565292591382,52.7737431021419,1454.96771384943,364.580300481566,3
1049718,48346642,0,41,05:11:10,-79.4079084957884,43.6569330004548,,,17.9565292591382,52.5104646842065,1507.47817853364,375.107817806048,3
1049718,48346642,0,42,05:11:21,-79.4080949943844,43.6573850006064,,,17.9565292591382,52.5104646853536,1559.98864321899,385.63533513076,3
1049718,48346642,0,43,05:11:31,-79.4082814957883,43.6578370004548,,,17.9565292591382,52.5104646850685,1612.49910790406,396.162852455414,3
1049718,48346642,0,44,05:11:42,-79.408468,43.658289,,,17.9565292591382,52.5104646799746,1665.00957258404,406.690369779048,3
1049718,48346642,0,45,05:11:59,-79.4087784960775,43.6590475004202,,,17.9565292591382,88.0608900259352,1753.07046260997,424.345184889381,3
1049718,48346642,0,46,05:12:17,-79.409089,43.659806,8508,6,17.9565292591382,88.0608900273641,1841.13135263734,442,3
1049718,48346642,0,47,05:12:17,-79.409089,43.659806,8508,6,1e-12,0,1841.13135263734,442,3
1049718,48346642,0,48,05:12:28,-79.4092624987011,43.6602555001312,,,17.8083172950206,51.9523421467776,1893.08369478411,452.5023079177,3
1049718,48346642,0,49,05:12:38,-79.409436,43.660705,,,17.8083172950206,51.9523421487542,1945.03603693287,463.004615835799,3
1049718,48346642,0,50,05:12:57,-79.409769,43.661514,7317,7,17.8083172950206,93.9655078713639,2039.00154480423,482,3
1049718,48346642,0,51,05:12:57,-79.409769,43.661514,7317,7,1e-12,0,2039.00154480423,482,3
1049718,48346642,0,52,05:13:11,-79.4100089976914,43.6620915002511,,,17.5981976145025,67.1295086863919,2106.13105349062,495.732442183275,3
1049718,48346642,0,53,05:13:24,-79.410249,43.662669,,,17.5981976145025,67.1295086879481,2173.26056217857,509.464884366869,3
1049718,48346642,0,54,05:13:38,-79.4104824977421,43.6632495002376,,,17.5981976145025,67.3011675349225,2240.56172971349,523.232442183475,3
1049718,48346642,0,55,05:13:52,-79.410716,43.66383,9659,8,17.5981976145025,67.3011675345254,2307.86289724802,537,3
1049718,48346642,0,56,05:13:52,-79.410716,43.66383,9659,8,1e-12,0,2307.86289724802,537,3
1049718,48346642,0,57,05:14:10,-79.4109639973457,43.6644725002681,,,14.8730708614926,74.258640652493,2382.12153790051,554.974170152118,3
1049718,48346642,0,58,05:14:28,-79.411212,43.665115,,,14.8730708614926,74.2586406502269,2456.38017855074,572.948340303687,3
1049718,48346642,0,59,05:14:39,-79.411357,43.665493,,,14.8730708614926,43.6687643192579,2500.04894287,583.518286013847,3
1049718,48346642,0,60,05:14:43,-79.411414,43.665643,,,14.8730708614926,17.3172997122267,2517.36624258222,587.709907202543,3
1049718,48346642,0,61,05:14:44,-79.411438,43.665705,,,14.8730708614926,7.16728901616922,2524.53353159839,589.44473659309,3
1049718,48346642,0,62,05:14:45,-79.411436,43.665726,,,14.8730708614926,2.34325047009905,2526.87678206849,590.011916146722,3
1049718,48346642,0,63,05:14:49,-79.411424,43.665881,,,14.8730708614926,17.2815584132211,2544.15834048171,594.194886218402,3
1049718,48346642,0,64,05:14:53,-79.411369,43.666017,,,14.8730708614926,15.7739786649388,2559.93231914665,598.012949328745,3
1049718,48346642,0,65,05:15:00,-79.411333,43.666275,14142,9,14.8730708614926,28.8663610406721,2588.79868018732,605,3
1049718,48346642,0,66,05:15:00,-79.411333,43.666275,14142,9,1e-12,0,2588.79868018732,605,3
1049718,48346642,0,67,,-79.411308,43.666513,,,,26.5704122539323,2615.36909244126,,3
