shape_id,trip_id,route_type,id,timestamp,shape_pt_lon,shape_pt_lat,stop_id,stop_sequence,speed,dist,cumdist,cumtime,trip_number
1049754,48347021,3,1,05:22:00,-79.568627,43.686603,8800,1,1e-12,0,0,0,1
1049754,48347021,3,2,05:22:00,-79.568627,43.686603,8800,1,1e-12,0,0,0,1
1049754,48347021,3,3,05:22:12,-79.568381743297,43.6860565007865,,,19.1644874420263,63.9593652188681,63.9593652188681,12.0146033377859,1
1049754,48347021,3,4,05:22:24,-79.5681364910628,43.6855100010487,,,19.1644874420263,63.9593652141303,127.918730432998,24.0292066746818,1
1049754,48347021,3,5,05:22:36,-79.5678912432972,43.6849635007865,,,19.1644874420263,63.9593652175161,191.878095650515,36.0438100122137,1
1049754,48347021,3,6,05:22:48,-79.567646,43.684417,,,19.1644874420263,63.9593652177406,255.837460868255,48.0584133497878,1
1049754,48347021,3,7,05:23:00,-79.5673994977647,43.6838730002648,,,19.1644874420263,63.7261439873062,319.563604855561,60.0292066751138,1
1049754,48347021,3,8,05:23:12,-79.567153,43.683329,1555,2,19.1644874420263,63.7261439849653,383.289748840527,72,1
1049754,48347021,3,9,05:23:12,-79.567153,43.683329,1555,2,1e-12,0,383.289748840527,72,1
1049754,48347021,3,10,05:23:24,-79.5660040048936,43.6835845057544,,,28.6761452218403,96.7713292713061,480.061078111833,84.1486616378052,1
1049754,48347021,3,11,05:23:36,-79.564855,43.68384,,,28.6761452218403,96.7713292737018,576.832407385535,96.2973232759112,1
1049754,48347021,3,12,05:23:42,-79.564299,43.683967,,,28.6761452218403,46.9387478444689,623.771155230004,102.190008325901,1
1049754,48347021,3,13,05:23:51,-79.5634690080006,43.6841597590081,24111,3,28.6761452218403,70.176833513793,693.947988743796,111,1
1049754,48347021,3,14,05:23:51,-79.5634690080006,43.6841597590081,24111,3,1e-12,0,693.947988743796,111,1
1049754,48347021,3,15,05:24:04,-79.5626390106674,43.6843525120109,,,19.9449947882029,70.1768335130178,764.124822256814,123.666666666481,1
1049754,48347021,3,16,05:24:16,-79.5618090080005,43.6845452590082,,,19.9449947882029,70.1768335155725,834.301655772387,136.333333333423,1
1049754,48347021,3,17,05:24:29,-79.560979,43.684738,6499,4,19.9449947882029,70.1768335135509,904.478489285938,149,1
1049754,48347021,3,18,05:24:29,-79.560979,43.684738,6499,4,1e-12,0,904.478489285938,149,1
1049754,48347021,3,19,05:24:43,-79.5600110036065,43.6849615040843,,,21.5385090966973,81.7999857305838,986.278475016521,162.672253140086,1
1049754,48347021,3,20,05:24:56,-79.559043,43.685185,,,21.5385090966973,81.7999857307916,1068.07846074731,176.344506280208,1
1049754,48347021,3,21,05:24:58,-79.558917,43.685215,,,21.5385090966973,10.6786600894277,1078.75712083674,178.129364096937,1
1049754,48347021,3,22,05:25:00,-79.558783,43.685238,,,21.5385090966973,11.0867137601197,1089.84383459686,179.982425019457,1
1049754,48347021,3,23,05:25:03,-79.558579,43.685274,,,21.5385090966973,16.9039337717996,1106.74776836866,182.80779056845,1
1049754,48347021,3,24,05:25:05,-79.558393,43.685293,,,21.5385090966973,15.1216642712786,1121.86943263994,185.335263158693,1
1049754,48347021,3,25,05:25:08,-79.558187,43.685314,,,21.5385090966973,16.7469751837919,1138.61640782373,188.134394258761,1
1049754,48347021,3,26,05:25:10,-79.558083,43.685325,,,21.5385090966973,8.46108061166523,1147.0774884354,189.548600324057,1
1049754,48347021,3,27,05:25:12,-79.557902,43.685346,,,21.5385090966973,14.7568438521446,1161.83433228754,192.015095921743,1
1049754,48347021,3,28,05:25:15,-79.557709,43.685354,,,21.5385090966973,15.5620018800885,1177.39633416763,194.616167635519,1
1049754,48347021,3,29,05:25:18,-79.557492,43.68536,,,21.5385090966973,17.4812616632735,1194.8775958309,197.538029204732,1
1049754,48347021,3,30,05:25:21,-79.557248,43.685364,,,21.5385090966973,19.647041782668,1214.52463761357,200.821884651739,1
1049754,48347021,3,31,05:25:24,-79.556999,43.685359,,,21.5385090966973,20.0522216804684,1234.57685929404,204.173462874985,1
1049754,48347021,3,32,05:25:33,-79.556343,43.685361,4831,5,21.5385090966973,52.8084583776292,1287.38531767167,213,1
1049754,48347021,3,33,05:25:33,-79.556343,43.685361,4831,5,1e-12,0,1287.38531767167,213,1
1049754,48347021,3,34,05:25:35,-79.556167,43.685365,,,23.741729143714,14.1749918225914,1301.56030949426,215.14937885326,1
1049754,48347021,3,35,05:25:37,-79.556001,43.685378,,,23.741729143714,13.4411264207007,1315.00143591496,217.187480409453,1
1049754,48347021,3,36,05:25:39,-79.555841,43.68539,,,23.741729143714,12.9490791432618,1327.95051505822,219.150971974603,1
1049754,48347021,3,37,05:25:42,-79.555646,43.68542,,,23.741729143714,16.0487962336423,1343.99931129186,221.584479074755,1
1049754,48347021,3,38,05:25:44,-79.555452,43.685454,,,23.741729143714,16.0690742514985,1360.06838554336,224.021060966294,1
1049754,48347021,3,39,05:25:46,-79.555263,43.68549,,,23.741729143714,15.7334077540305,1375.80179329739,226.40674515853,1
1049754,48347021,3,40,05:25:48,-79.555109,43.685519,,,23.741729143714,12.8104059761654,1388.61219927356,228.349209468313,1
1049754,48347021,3,41,05:25:50,-79.55496,43.685554,,,23.741729143714,12.6113980027037,1401.22359727626,230.261497850296,1
1049754,48347021,3,42,05:25:54,-79.554693,43.685619,,,23.741729143714,22.678694510418,1423.90229178668,233.700308045767,1
1049754,48347021,3,43,05:26:04,-79.553912,43.68585,2302,6,23.741729143714,67.9256935114138,1491.82798529809,244,1
1049754,48347021,3,44,05:26:04,-79.553912,43.68585,2302,6,1e-12,0,1491.82798529809,244,1
1049754,48347021,3,45,05:26:07,-79.553624,43.685945,,,29.0362964309138,25.4818771447212,1517.30986244282,247.159313307717,1
1049754,48347021,3,46,05:26:15,-79.552909,43.686215,,,29.0362964309138,64.9319938297488,1582.24185627256,255.209760731109,1
1049754,48347021,3,47,05:26:19,-79.552572,43.686344,,,29.0362964309138,30.694435980758,1612.93629225332,259.01534143916,1
1049754,48347021,3,48,05:26:27,-79.551875,43.686628,5860,7,29.0362964309138,64.4013646867212,1677.33765694004,267,1
1049754,48347021,3,49,05:26:27,-79.551875,43.686628,5860,7,1e-12,0,1677.33765694004,267,1
1049754,48347021,3,50,05:26:38,-79.55083,43.687037,,,32.3681617549233,95.6514279134578,1772.9890848535,277.638390375569,1
1049754,48347021,3,51,05:26:44,-79.550185,43.687279,,,32.3681617549233,58.4936754248061,1831.48276027831,284.144080538752,1
1049754,48347021,3,52,05:26:45,-79.550082,43.687305,,,32.3681617549233,8.78188630052997,1840.26464657884,285.120805473621,1
1049754,48347021,3,53,05:26:48,-79.549765,43.687382,,,32.3681617549233,26.9188195965903,1867.18346617543,288.114727441803,1
1049754,48347021,3,54,05:26:54,-79.549146,43.687542,4098,8,32.3681617549233,52.9154039265408,1920.09887010197,294,1
1049754,48347021,3,55,05:26:54,-79.549146,43.687542,4098,8,1e-12,0,1920.09887010197,294,1
1049754,48347021,3,56,05:27:06,-79.548059,43.687804,,,28.4228176162765,92.2328971025044,2012.33176720447,305.682108158724,1
1049754,48347021,3,57,05:27:15,-79.547211,43.687974,,,28.4228176162765,70.8357853294106,2083.16755253388,314.654083795645,1
1049754,48347021,3,58,05:27:17,-79.547033,43.688,,,28.4228176162765,14.6177694763205,2097.7853220102,316.505552950645,1
1049754,48347021,3,59,05:27:18,-79.546842,43.688007,,,28.4228176162765,15.3945534498883,2113.17987546009,318.455408632366,1
1049754,48347021,3,60,05:27:20,-79.546689,43.688012,,,28.4228176162765,12.3285242394302,2125.50839969952,320.016924730493,1
1049754,48347021,3,61,05:27:24,-79.546278,43.688027,,,28.4228176162765,33.1261377400219,2158.63453743954,324.212641618033,1
1049754,48347021,3,62,05:27:26,-79.546109,43.688041,,,28.4228176162765,13.6928697022748,2172.32740714182,325.946964076618,1
1049754,48347021,3,63,05:27:34,-79.545285,43.688082,,,28.4228176162765,66.4858413668081,2238.81324850863,334.367981026868,1
1049754,48347021,3,64,05:27:38,-79.544934,43.688126,7298,9,28.4228176162765,28.6756146811645,2267.48886318979,338,1
1049754,48347021,3,65,05:27:38,-79.544934,43.688126,7298,9,1e-12,0,2267.48886318979,338,1
1049754,48347021,3,66,05:27:40,-79.544715,43.688157,,,37.1558034700272,17.9632697159946,2285.45213290579,339.740448730432,1
1049754,48347021,3,67,05:27:48,-79.54369,43.688429,,,37.1558034700272,87.8888840544287,2373.34101696022,348.255941682998,1
1049754,48347021,3,68,05:27:55,-79.542864,43.688614,8934,10,37.1558034700272,69.6058070602605,2442.94682402048,355,1
1049754,48347021,3,69,05:27:55,-79.542864,43.688614,8934,10,1e-12,0,2442.94682402048,355,1
1049754,48347021,3,70,05:28:05,-79.5422090016654,43.68876650187,,,19.2393126066409,55.3901116655,2498.33693568598,365.364424450745,1
1049754,48347021,3,71,05:28:16,-79.541554,43.688919,,,19.2393126066409,55.3901116671715,2553.72704735315,375.728848901803,1
1049754,48347021,3,72,05:28:21,-79.541256,43.689017,,,19.2393126066409,26.351768521234,2580.07881587438,380.659709406856,1
1049754,48347021,3,73,05:28:28,-79.540833,43.689192,755,11,19.2393126066409,39.2283737069692,2619.30718958135,388,1
1049754,48347021,3,74,05:28:28,-79.540833,43.689192,755,11,1e-12,0,2619.30718958135,388,1
1049754,48347021,3,75,05:28:40,-79.539787,43.689592,,,27.4477882191442,95.2465946504465,2714.5537842318,400.49236324632,1
1049754,48347021,3,76,05:28:46,-79.539295,43.68979,,,27.4477882191442,45.3235610269226,2759.87734525872,406.436915805317,1
1049754,48347021,3,77,05:28:53,-79.53878,43.689998,,,27.4477882191442,47.4825496854857,2807.35989494421,412.664637234198,1
1049754,48347021,3,78,05:29:05,-79.537769,43.690375,,,27.4477882191442,91.5630804451062,2898.92297538931,424.673877722744,1
1049754,48347021,3,79,05:29:17,-79.536767,43.690781,,,27.4477882191442,92.4538524367324,2991.37682782604,436.799950181292,1
1049754,48347021,3,80,05:29:20,-79.536565,43.690902,,,27.4477882191442,21.1140565446496,3012.49088437069,439.569229911734,1
1049754,48347021,3,81,05:29:23,-79.536335,43.691068,5550,12,27.4477882191442,26.1575141142491,3038.64839848494,443,1
1049754,48347021,3,82,05:29:23,-79.536335,43.691068,5550,12,1e-12,0,3038.64839848494,443,1
1049754,48347021,3,83,05:29:25,-79.536212,43.69116,,,25.4352946510631,14.2445423624209,3052.89294084736,445.016110023816,1
1049754,48347021,3,84,05:29:27,-79.536095,43.691241,,,25.4352946510631,13.0382105406065,3065.93115138797,446.861481134711,1
1049754,48347021,3,85,05:29:28,-79.536039,43.69133,,,25.4352946510631,10.884636080459,3076.81578746843,448.402044765965,1
1049754,48347021,3,86,05:29:30,-79.53599,43.691404,,,25.4352946510631,9.13316531154351,3085.94895277997,449.694712909685,1
1049754,48347021,3,87,05:29:31,-79.535921,43.6915,,,25.4352946510631,12.043717464549,3097.99267024452,451.399327834229,1
1049754,48347021,3,88,05:29:42,-79.535597,43.69212,,,25.4352946510631,73.7808925539099,3171.77356279843,461.841951630725,1
1049754,48347021,3,89,05:29:52,-79.5352950029862,43.6927130003975,,,25.4352946510631,70.345747532214,3242.11931033064,471.798380073569,1
1049754,48347021,3,90,05:30:02,-79.534993,43.693306,,,25.4352946510631,70.3457475336936,3312.46505786434,481.754808516623,1
1049754,48347021,3,91,05:30:06,-79.534879,43.693534,,,25.4352946510631,26.9885512600774,3339.45360912442,485.574649641688,1
1049754,48347021,3,92,05:30:08,-79.534828,43.693699,,,25.4352946510631,18.8208255250733,3358.27443464949,488.238466704543,1
1049754,48347021,3,93,05:30:10,-79.534805,43.693794,,,25.4352946510631,10.7361610529957,3369.01059570249,489.758015831888,1
1049754,48347021,3,94,05:30:12,-79.534784,43.693906,,,25.4352946510631,12.5818358005033,3381.59243150299,491.538793664549,1
1049754,48347021,3,95,05:30:13,-79.534776,43.693997,,,25.4352946510631,10.1505176868043,3391.74294918979,492.975453399528,1
1049754,48347021,3,96,05:30:15,-79.534763,43.694128,,,25.4352946510631,14.6203438410937,3406.36329303089,495.044752715694,1
1049754,48347021,3,97,05:30:19,-79.534831,43.694399,,,25.4352946510631,30.6600517220545,3437.02334475294,499.384241906348,1
1049754,48347021,3,98,05:30:21,-79.534868,43.694498,14804,13,25.4352946510631,11.41591199913,3448.43925675207,501,1
1049754,48347021,3,99,05:30:21,-79.534868,43.694498,14804,13,1e-12,0,3448.43925675207,501,1
1049754,48347021,3,100,05:30:23,-79.534881,43.694636,,,26.4406900553322,15.3976824939698,3463.83693924604,503.096452734868,1
1049754,48347021,3,101,05:30:25,-79.53489,43.694733,,,26.4406900553322,10.8222612155675,3474.65920046161,504.569944549738,1
1049754,48347021,3,102,05:30:27,-79.534849,43.69489,,,26.4406900553322,17.7859772374985,3492.44517769911,506.991572651009,1
1049754,48347021,3,103,05:30:28,-79.53483,43.694958,,,26.4406900553322,7.722652749518,3500.16783044862,508.043041044613,1
1049754,48347021,3,104,05:30:29,-79.534776,43.695028,,,26.4406900553322,8.92251502795827,3509.09034547658,509.257875227587,1
1049754,48347021,3,105,05:30:32,-79.534679,43.695178,,,26.4406900553322,18.432945873391,3527.52329134997,511.767590556701,1
1049754,48347021,3,106,05:30:33,-79.534611,43.695263,,,26.4406900553322,10.9310210956693,3538.45431244564,513.255890440783,1
1049754,48347021,3,107,05:30:35,-79.534514,43.695367,,,26.4406900553322,13.9636884664197,3552.41800091206,515.157099462708,1
1049754,48347021,3,108,05:30:37,-79.534411,43.695458,,,26.4406900553322,13.0898546338529,3565.50785554592,516.939332701828,1
1049754,48347021,3,109,05:30:39,-79.534295,43.695555,,,26.4406900553322,14.2746387180239,3579.78249426394,518.882878777113,1
1049754,48347021,3,110,05:30:43,-79.534001,43.695737,,,26.4406900553322,31.1513745272453,3610.93386879118,523.12425629273,1
1049754,48347021,3,111,05:30:46,-79.533774,43.695852,,,26.4406900553322,22.3089461614026,3633.24281495259,526.16170372746,1
1049754,48347021,3,112,05:30:48,-79.53362,43.695912,,,26.4406900553322,14.0798769594254,3647.32269191201,528.078732252353,1
1049754,48347021,3,113,05:30:50,-79.533441,43.69598,,,26.4406900553322,16.2745526281303,3663.59724454014,530.294574173977,1
1049754,48347021,3,114,05:30:52,-79.533253,43.696027,,,26.4406900553322,16.0103271816092,3679.60757172175,532.474440801254,1
1049754,48347021,3,115,05:30:55,-79.53305,43.696077,,,26.4406900553322,17.2606311706243,3696.86820289238,534.824541047662,1
1049754,48347021,3,116,05:30:56,-79.532948,43.696101,6562,14,26.4406900553322,8.63331828653512,3705.50152117891,536,1
1049754,48347021,3,117,05:30:56,-79.532948,43.696101,6562,14,1e-12,0,3705.50152117891,536,1
1049754,48347021,3,118,05:30:58,-79.532728,43.696156,,,29.7900662347359,18.7354543701831,3724.23697554909,538.264098213183,1
1049754,48347021,3,119,05:31:06,-79.5319647561765,43.6963177576176,1119,15,29.7900662347359,64.0147296151944,3788.25170516429,546,1
1049754,48347021,3,120,05:31:06,-79.5319647561765,43.6963177576176,1119,15,1e-12,0,3788.25170516429,546,1
1049754,48347021,3,121,05:31:16,-79.5312015082353,43.6964795101569,,,23.0453026613764,64.0147296156648,3852.26643477995,556.000000000114,1
1049754,48347021,3,122,05:31:26,-79.5304382561765,43.6966412576177,,,23.0453026613764,64.0147296146835,3916.28116439464,566.000000000075,1
1049754,48347021,3,123,05:31:36,-79.529675,43.696803,7694,16,23.0453026613764,64.0147296144552,3980.29589400909,576,1
1049754,48347021,3,124,05:31:36,-79.529675,43.696803,7694,16,1e-12,0,3980.29589400909,576,1
1049754,48347021,3,125,05:31:49,-79.528577,43.697042,,,24.7548812277214,92.2900070167441,4072.58590102584,589.421354043429,1
1049754,48347021,3,126,05:32:03,-79.527449,43.697272,,,24.7548812277214,94.3273993271746,4166.91330035301,603.13899762467,1
1049754,48347021,3,127,05:32:11,-79.5268037543502,43.6974067554443,5225,17,24.7548812277214,54.0550500367066,4220.96835038972,611,1
1049754,48347021,3,128,05:32:11,-79.5268037543502,43.6974067554443,5225,17,1e-12,0,4220.96835038972,611,1
1049754,48347021,3,129,05:32:19,-79.5261585058002,43.6975415072591,,,23.6613897138125,54.0550500390577,4275.02340042877,619.224292084882,1
1049754,48347021,3,130,05:32:27,-79.5255132543501,43.6976762554444,,,23.6613897138125,54.0550500387461,4329.07845046752,627.448584169716,1
1049754,48347021,3,131,05:32:36,-79.524868,43.697811,,,23.6613897138125,54.0550500389197,4383.13350050644,635.672876254576,1
1049754,48347021,3,132,05:32:46,-79.524076002371,43.6979905027341,,,23.6613897138125,66.8011106521189,4449.93461115856,645.836438127159,1
1049754,48347021,3,133,05:32:56,-79.523284,43.69817,7490,18,23.6613897138125,66.801110653814,4516.73572181237,656,1
1049754,48347021,3,134,05:32:56,-79.523284,43.69817,7490,18,1e-12,0,4516.73572181237,656,1
1049754,48347021,3,135,05:33:24,-79.522182,43.698493,451,19,12.3046839146092,95.703097113628,4612.438818926,684,1
1049754,48347021,3,136,05:33:24,-79.522182,43.698493,451,19,1e-12,0,4612.438818926,684,1
1049754,48347021,3,137,05:33:41,-79.5214840028172,43.6987350021236,,,13.4245077172809,62.3018563145049,4674.74067524051,700.707255674151,1
1049754,48347021,3,138,05:33:57,-79.520786,43.698977,,,13.4245077172809,62.3018563142005,4737.04253155471,717.414511348219,1
1049754,48347021,3,139,05:34:19,-79.519876,43.699277,4884,20,13.4245077172809,80.4929330519757,4817.53546460668,739,1
1049754,48347021,3,140,05:34:19,-79.519876,43.699277,4884,20,1e-12,0,4817.53546460668,739,1
1049754,48347021,3,141,05:34:47,-79.5189547600834,43.699495761098,,,10.0336320928132,78.0393607208243,4895.57482532751,766.999999999621,1
1049754,48347021,3,142,05:35:15,-79.5180335134445,43.6997145147974,,,10.0336320928132,78.0393607212555,4973.61418604876,794.999999999397,1
1049754,48347021,3,143,05:35:43,-79.5171122600833,43.6999332610981,7273,21,10.0336320928132,78.0393607235608,5051.65354677232,823,1
1049754,48347021,3,144,05:35:43,-79.5171122600833,43.6999332610981,7273,21,1e-12,0,5051.65354677232,823,1
1049754,48347021,3,145,05:35:59,-79.516191,43.700152,,,17.8817352362885,78.0393607205329,5129.69290749286,838.711098217347,1
1049754,48347021,3,146,05:36:14,-79.515314,43.700349,,,17.8817352362885,73.9093631132249,5203.60227060608,853.59073398489,1
1049754,48347021,3,147,05:36:27,-79.5145525022799,43.7005285025276,,,17.8817352362885,64.4604859088552,5268.06275651494,866.568095868704,1
1049754,48347021,3,148,05:36:40,-79.513791,43.700708,,,17.8817352362885,64.4604859098397,5332.52324242478,879.545457752717,1
1049754,48347021,3,149,05:36:54,-79.5129525026363,43.7008965030646,,,17.8817352362885,70.6689709360886,5403.19221336087,893.772728876475,1
1049754,48347021,3,150,05:37:08,-79.512114,43.701085,4350,22,17.8817352362885,70.6689709349379,5473.8611842958,908,1
1049754,48347021,3,151,05:37:08,-79.512114,43.701085,4350,22,1e-12,0,5473.8611842958,908,1
1049754,48347021,3,152,05:37:28,-79.511062,43.701331,,,16.045161674574,88.9822579063276,5562.84344220213,927.964655698696,1
1049754,48347021,3,153,05:37:41,-79.5103765054969,43.7014912561448,,,16.045161674574,57.9802438960458,5620.82368609818,940.973491773967,1
1049754,48347021,3,154,05:37:54,-79.5096910073291,43.7016515081931,,,16.045161674574,57.9802438978325,5678.80392999601,953.98232784964,1
1049754,48347021,3,155,05:38:07,-79.5090055054968,43.7018117561448,,,16.045161674574,57.9802438955023,5736.78417389151,966.991163924789,1
1049754,48347021,3,156,05:38:20,-79.50832,43.701972,10388,23,16.045161674574,57.9802438957723,5794.76441778728,980,1
1049754,48347021,3,157,05:38:20,-79.50832,43.701972,10388,23,1e-12,0,5794.76441778728,980,1
1049754,48347021,3,158,05:38:35,-79.5076730016188,43.7021220018247,,,13.3196453842293,54.6808420656303,5849.44525985291,994.778999422113,1
1049754,48347021,3,159,05:38:50,-79.507026,43.702272,,,13.3196453842293,54.6808420636677,5904.12610191658,1009.55799884369,1
1049754,48347021,3,160,05:39:12,-79.50603,43.702512,,,13.3196453842293,84.4904692191238,5988.61657113571,1032.39386874973,1
1049754,48347021,3,161,05:39:36,-79.504979,43.702763,,,13.3196453842293,89.076789853757,6077.69336098946,1056.46931777432,1
1049754,48347021,3,162,05:39:39,-79.504872,43.702784,,,13.3196453842293,8.92267681916518,6086.61603780863,1058.88091625328,1
1049754,48347021,3,163,05:39:48,-79.504442,43.702824,,,13.3196453842293,34.8902293692547,6121.50626717788,1068.3109590289,1
1049754,48347021,3,164,05:39:51,-79.504319,43.702833,6244,24,13.3196453842293,9.94918671075244,6131.45545388863,1071,1
1049754,48347021,3,165,05:39:51,-79.504319,43.702833,6244,24,1e-12,0,6131.45545388863,1071,1
1049754,48347021,3,166,05:39:59,-79.503828,43.702871,,,17.0878466559645,39.7397468848165,6171.19520077345,1079.37221281684,1
1049754,48347021,3,167,05:40:02,-79.503676,43.702909,,,17.0878466559645,12.9431919515333,6184.13839272498,1082.09903334395,1
1049754,48347021,3,168,05:40:04,-79.503574,43.702931,,,17.0878466559645,8.56614048003716,6192.70453320502,1083.90371396574,1
1049754,48347021,3,169,05:40:07,-79.503405,43.702939,,,17.0878466559645,13.629636146691,6206.33416935171,1086.77515184296,1
1049754,48347021,3,170,05:40:10,-79.503213,43.702957,,,17.0878466559645,15.5808462778114,6221.91501562952,1090.05766295916,1
1049754,48347021,3,171,05:40:13,-79.503058,43.702975,,,17.0878466559645,12.6337472842868,6234.54876291381,1092.71929090674,1
1049754,48347021,3,172,05:40:15,-79.502901,43.703,,,17.0878466559645,12.9376488328615,6247.48641174667,1095.44494363151,1
1049754,48347021,3,173,05:40:19,-79.502697,43.703031,,,17.0878466559645,16.7759340689773,6264.26234581565,1098.9792311204,1
1049754,48347021,3,174,05:40:32,-79.501987,43.70318,,,17.0878466559645,59.4968517405403,6323.75919755619,1111.5137927055,1
1049754,48347021,3,175,05:40:49,-79.5010140034733,43.7033940041267,,,17.0878466559645,81.846530833132,6405.60572838932,1128.75689635288,1
1049754,48347021,3,176,05:41:06,-79.500041,43.703608,7313,25,17.0878466559645,81.8465308319077,6487.45225922123,1146,1
1049754,48347021,3,177,05:41:06,-79.500041,43.703608,7313,25,1e-12,0,6487.45225922123,1146,1
1049754,48347021,3,178,05:41:17,-79.4994195014773,43.7037505016837,,,16.4786691200666,52.4707134773818,6539.92297269861,1157.46297477923,1
1049754,48347021,3,179,05:41:29,-79.498798,43.703893,,,16.4786691200666,52.470713477984,6592.3936861766,1168.92594955859,1
1049754,48347021,3,180,05:41:49,-79.497724,43.704128,,,16.4786691200666,90.3023340467676,6682.69602022336,1188.65378074445,1
1049754,48347021,3,181,05:42:08,-79.496671,43.704359,6273,26,16.4786691200666,88.5555405101249,6771.25156073349,1208,1
1049754,48347021,3,182,05:42:08,-79.496671,43.704359,6273,26,1e-12,0,6771.25156073349,1208,1
1049754,48347021,3,183,05:42:18,-79.49613,43.704501,,,16.9644084123664,46.3175153600762,6817.56907609356,1217.82899322176,1
1049754,48347021,3,184,05:42:27,-79.495592,43.704623,,,16.9644084123664,45.3752227272124,6862.94429882078,1227.45802347423,1
1049754,48347021,3,185,05:42:41,-79.4948390020098,43.7047830024715,,,16.9644084123664,63.1602331282064,6926.10453194898,1240.8611928471,1
1049754,48347021,3,186,05:42:54,-79.494086,43.704943,,,16.9644084123664,63.1602331280585,6989.26476507704,1254.26436221994,1
1049754,48347021,3,187,05:43:06,-79.493437,43.70511,,,16.9644084123664,55.4373360087114,7044.70210108575,1266.0286633839,1
1049754,48347021,3,188,05:43:13,-79.493063,43.705181,,,16.9644084123664,31.1175408584418,7075.81964194419,1272.63208534636,1
1049754,48347021,3,189,05:43:23,-79.4924610013708,43.7053175015797,,,16.9644084123664,50.7720026806012,7126.5916446248,1283.4063608299,1
1049754,48347021,3,190,05:43:34,-79.491859,43.705454,,,16.9644084123664,50.7720026799051,7177.3636473047,1294.1806363133,1
1049754,48347021,3,191,05:43:37,-79.491719,43.705483,,,16.9644084123664,11.7196155976782,7189.08326290238,1296.66764411964,1
1049754,48347021,3,192,05:43:50,-79.4909695019755,43.7056410024486,9363,27,16.9644084123664,62.8265361814895,7251.90979908387,1310,1
1049754,48347021,3,193,05:43:50,-79.4909695019755,43.7056410024486,9363,27,1e-12,0,7251.90979908387,1310,1
1049754,48347021,3,194,05:44:07,-79.49022,43.705799,,,13.374147060676,62.8265361829848,7314.73633526685,1326.91139847892,1
1049754,48347021,3,195,05:44:21,-79.4895790045554,43.7059410053729,,,13.374147060676,53.9503818943089,7368.68671716116,1341.43354885893,1
1049754,48347021,3,196,05:44:36,-79.4889380060738,43.7060830071639,,,13.374147060676,53.9503818953875,7422.63709905655,1355.95569923923,1
1049754,48347021,3,197,05:44:50,-79.4882970045553,43.7062250053729,,,13.374147060676,53.9503818953539,7476.5874809519,1370.47784961952,1
1049754,48347021,3,198,05:45:05,-79.487656,43.706367,8583,28,13.374147060676,53.9503818960487,7530.53786284795,1385,1
1049754,48347021,3,199,05:45:05,-79.487656,43.706367,8583,28,1e-12,0,7530.53786284795,1385,1
1049754,48347021,3,200,05:45:16,-79.4870022611083,43.7065125130404,,,17.8122664204493,55.0448510910191,7585.58271393897,1396.12500000001,1
1049754,48347021,3,201,05:45:27,-79.4863485190427,43.7066580223551,,,17.8122664204493,55.0448510915137,7640.62756503048,1407.25000000012,1
1049754,48347021,3,202,05:45:38,-79.4856947738033,43.706803527944,,,17.8122664204493,55.0448510902777,7695.67241612076,1418.37499999998,1
1049754,48347021,3,203,05:45:49,-79.48504102539,43.706949029807,,,17.8122664204493,55.0448510894766,7750.71726721024,1429.49999999968,1
1049754,48347021,3,204,05:46:01,-79.484387273803,43.7070945279442,,,17.8122664204493,55.0448510915477,7805.76211830179,1440.62499999979,1
1049754,48347021,3,205,05:46:12,-79.4837335190423,43.7072400223554,,,17.8122664204493,55.0448510909104,7860.8069693927,1451.74999999978,1
1049754,48347021,3,206,05:46:23,-79.483079761108,43.7073855130407,,,17.8122664204493,55.0448510915422,7915.85182048424,1462.8749999999,1
1049754,48347021,3,207,05:46:34,-79.482426,43.707531,6160,29,17.8122664204493,55.0448510914862,7970.89667157573,1474,1
1049754,48347021,3,208,05:46:34,-79.482426,43.707531,6160,29,1e-12,0,7970.89667157573,1474,1
1049754,48347021,3,209,05:46:50,-79.4815775082918,43.7077262594145,,,16.2581645738616,71.6545536685894,8042.55122524431,1489.86626780871,1
1049754,48347021,3,210,05:47:06,-79.4807290110557,43.7079215125528,,,16.2581645738616,71.6545536714556,8114.20577891577,1505.73253561805,1
1049754,48347021,3,211,05:47:22,-79.4798805082917,43.7081167594146,,,16.2581645738616,71.6545536695656,8185.86033258534,1521.59880342697,1
1049754,48347021,3,212,05:47:37,-79.479032,43.708312,,,16.2581645738616,71.6545536707868,8257.51488625612,1537.46507123617,1
1049754,48347021,3,213,05:47:40,-79.47892,43.708336,,,16.2581645738616,9.40020176717188,8266.91508802329,1539.54653167459,1
1049754,48347021,3,214,05:47:42,-79.478789,43.708388,,,16.2581645738616,12.0262331789395,8278.94132120223,1542.20946691844,1
1049754,48347021,3,215,05:47:44,-79.478681,43.708432,,,16.2581645738616,9.97589517583739,8288.91721637807,1544.41840154141,1
1049754,48347021,3,216,05:47:47,-79.478538,43.708481,,,16.2581645738616,12.7344334264723,8301.65164980454,1547.23815158927,1
1049754,48347021,3,217,05:47:50,-79.478412,43.708521,,,16.2581645738616,11.0737652117739,8312.72541501632,1549.69018450979,1
1049754,48347021,3,218,05:47:52,-79.478308,43.708559,,,16.2581645738616,9.37711447719461,8322.10252949351,1551.76653279404,1
1049754,48347021,3,219,05:47:57,-79.478051,43.708652,,,16.2581645738616,23.1270575483626,8345.22958704187,1556.88749259216,1
1049754,48347021,3,220,05:48:01,-79.47789,43.70877,,,16.2581645738616,18.4496700994912,8363.67925714137,1560.97275154353,1
1049754,48347021,3,221,05:48:10,-79.477448,43.708949,5332,30,16.2581645738616,40.7684697373353,8404.4477268787,1570,1
1049754,48347021,3,222,05:48:10,-79.477448,43.708949,5332,30,1e-12,0,8404.4477268787,1570,1
1049754,48347021,3,223,05:48:15,-79.477128,43.70908,,,20.876933936309,29.5924584072078,8434.04018528591,1575.10289732156,1
1049754,48347021,3,224,05:48:19,-79.476877,43.709176,,,20.876933936309,22.8504589305524,8456.89064421646,1579.04321022387,1
1049754,48347021,3,225,05:48:23,-79.476598,43.709261,,,20.876933936309,24.3630885611102,8481.25373277757,1583.24435964014,1
1049754,48347021,3,226,05:48:27,-79.476353,43.709326,,,20.876933936309,21.0005422943772,8502.25427507195,1586.86567455594,1
1049754,48347021,3,227,05:48:31,-79.476042,43.709394,,,20.876933936309,26.1452711969047,8528.39954626885,1591.37414196768,1
1049754,48347021,3,228,05:48:36,-79.475739,43.709465,,,20.876933936309,25.6307588518179,8554.03030512067,1595.79388732627,1
1049754,48347021,3,229,05:48:53,-79.474549,43.709717,5621,31,20.876933936309,99.7807993306092,8653.81110445128,1613,1
1049754,48347021,3,230,05:48:53,-79.474549,43.709717,5621,31,1e-12,0,8653.81110445128,1613,1
1049754,48347021,3,231,05:49:11,-79.473371,43.70999,,,19.5661959461535,99.5427415192,8753.35384597048,1631.31494841692,1
1049754,48347021,3,232,05:49:23,-79.472634501874,43.7101425023644,,,19.5661959461535,61.6472450454817,8815.00109101596,1642.65747420857,1
1049754,48347021,3,233,05:49:34,-79.471898,43.710295,7681,32,19.5661959461535,61.6472450442874,8876.64833606025,1654,1
1049754,48347021,3,234,05:49:34,-79.471898,43.710295,7681,32,1e-12,0,8876.64833606025,1654,1
1049754,48347021,3,235,05:49:48,-79.470936,43.710508,,,20.2615459524107,80.9587111718098,8957.60704723206,1668.38445817032,1
1049754,48347021,3,236,05:50:06,-79.469766,43.710797,,,20.2615459524107,99.4903243293359,9057.0973715614,1686.06154798503,1
1049754,48347021,3,237,05:50:21,-79.468746,43.711006,,,20.2615459524107,85.3088748211528,9142.40624638255,1701.21892788474,1
1049754,48347021,3,238,05:50:37,-79.467669004214,43.711240505056,,,20.2615459524107,90.5073565139829,9232.91360289653,1717.29995567086,1
1049754,48347021,3,239,05:50:53,-79.466592,43.711475,,,20.2615459524107,90.5073565137975,9323.42095941033,1733.38098345694,1
1049754,48347021,3,240,05:51:06,-79.4657495080235,43.7116652592819,3948,33,20.2615459524107,71.022439878196,9394.44339928852,1746,1
1049754,48347021,3,241,05:51:06,-79.4657495080235,43.7116652592819,3948,33,1e-12,0,9394.44339928852,1746,1
1049754,48347021,3,242,05:51:20,-79.4649070106979,43.7118555123759,,,18.2629131113823,71.0224398783558,9465.46583916688,1760.00000000015,1
1049754,48347021,3,243,05:51:34,-79.4640645080234,43.712045759282,,,18.2629131113823,71.0224398764805,9536.48827904336,1773.99999999993,1
1049754,48347021,3,244,05:51:48,-79.463222,43.712236,3280,34,18.2629131113823,71.022439877957,9607.51071892132,1788,1
1049754,48347021,3,245,05:51:48,-79.463222,43.712236,3280,34,1e-12,0,9607.51071892132,1788,1
1049754,48347021,3,246,05:52:05,-79.462074,43.712484,,,20.3815585441571,96.4096214346257,9703.92034035594,1805.02885657212,1
1049754,48347021,3,247,05:52:14,-79.4614685013286,43.7126155015981,,,20.3815585441571,50.8722099834229,9754.79255033937,1814.01442828605,1
1049754,48347021,3,248,05:52:23,-79.460863,43.712747,5277,35,20.3815585441571,50.8722099834777,9805.66476032284,1823,1
1049754,48347021,3,249,05:52:23,-79.460863,43.712747,5277,35,1e-12,0,9805.66476032284,1823,1
1049754,48347021,3,250,05:52:41,-79.459721505,43.7130095056798,,,19.8277098673386,96.3847007440605,9902.04946106691,1840.50000000001,1
1049754,48347021,3,251,05:52:58,-79.45858,43.713272,1443,36,19.8277098673386,96.3847007439542,9998.43416181086,1858,1
1049754,48347021,3,252,05:52:58,-79.45858,43.713272,1443,36,1e-12,0,9998.43416181086,1858,1
1049754,48347021,3,253,05:53:11,-79.4576950028723,43.713466503414,,,21.0670080265058,74.4280121994351,10072.8621740103,1870.71850485749,1
1049754,48347021,3,254,05:53:23,-79.45681,43.713661,,,21.0670080265058,74.4280122024332,10147.2901862127,1883.4370097155,1
1049754,48347021,3,255,05:53:33,-79.4561685014772,43.7137990017938,,,21.0670080265058,53.8537942729574,10201.1439804857,1892.63972417494,1
1049754,48347021,3,256,05:53:42,-79.455527,43.713937,,,21.0670080265058,53.853794271637,10254.9977747573,1901.84243863415,1
1049754,48347021,3,257,05:53:53,-79.45474,43.71408,6485,37,21.0670080265058,65.2934541251545,10320.2912288825,1913,1
1049754,48347021,3,258,05:53:53,-79.45474,43.71408,6485,37,1e-12,0,10320.2912288825,1913,1
1049754,48347021,3,259,05:53:55,-79.45465,43.714081,,,11.6176435461943,7.2423844257243,10327.5336133082,1915.244223093,1
1049754,48347021,3,260,05:54:00,-79.454478,43.714096,,,11.6176435461943,13.9397350668681,10341.4733483751,1919.56377774633,1
1049754,48347021,3,261,05:54:03,-79.454339,43.714106,,,11.6176435461943,11.2393986787123,10352.7127470538,1923.04656968107,1
1049754,48347021,3,262,05:54:06,-79.454205,43.714121,,,11.6176435461943,10.9103609706861,10363.6231080245,1926.42740154584,1
1049754,48347021,3,263,05:54:09,-79.454096,43.714133,,,11.6176435461943,8.87143876270903,10372.4945467872,1929.17642542652,1
1049754,48347021,3,264,05:54:13,-79.453935,43.714151,,,11.6176435461943,13.1083300030811,10385.6028767903,1933.23834967333,1
1049754,48347021,3,265,05:54:17,-79.453786,43.714152,,,11.6176435461943,11.9892559301248,10397.5921327204,1936.95350250763,1
1049754,48347021,3,266,05:54:21,-79.453635,43.714174,,,11.6176435461943,12.3940294921386,10409.9861622125,1940.79408394691,1
1049754,48347021,3,267,05:54:24,-79.45349,43.714185,,,11.6176435461943,11.7309726230306,10421.7171348356,1944.42920162589,1
1049754,48347021,3,268,05:54:28,-79.453348,43.714205,,,11.6176435461943,11.6403992842183,10433.3575341198,1948.03625302634,1
1049754,48347021,3,269,05:54:31,-79.453224,43.71422,,,11.6176435461943,10.1159595534303,10443.4734936732,1951.17092093447,1
1049754,48347021,3,270,05:54:34,-79.453116,43.714231,,,11.6176435461943,8.77566498375827,10452.249158657,1953.89026705797,1
1049754,48347021,3,271,05:54:37,-79.453,43.714249,,,11.6176435461943,9.54616481749266,10461.7953234745,1956.84837067049,1
1049754,48347021,3,272,05:54:41,-79.452853,43.71427,,,11.6176435461943,12.0566007839954,10473.8519242584,1960.58439189112,1
1049754,48347021,3,273,05:54:44,-79.452718,43.714296,,,11.6176435461943,11.2412467960101,10485.0931710545,1964.06775650846,1
1049754,48347021,3,274,05:54:47,-79.452602,43.71431,15038,38,11.6176435461943,9.46271102093526,10494.5558820754,1967,1
1049754,48347021,3,275,05:54:47,-79.452602,43.71431,15038,38,1e-12,0,10494.5558820754,1967,1
1049754,48347021,3,276,05:54:49,-79.452505,43.714319,,,13.7467838170445,7.86876990090066,10502.4246519763,1969.06066902777,1
1049754,48347021,3,277,05:54:51,-79.452418,43.71432,,,13.7467838170445,7.00100171498633,10509.4256536913,1970.89408741198,1
1049754,48347021,3,278,05:55:07,-79.4516782559531,43.714480757156,,,13.7467838170445,62.1525628865592,10571.5782165778,1987.17056555912,1
1049754,48347021,3,279,05:55:23,-79.4509385079375,43.7146415095414,,,13.7467838170445,62.1525628851085,10633.7307794629,2003.44704370589,1
1049754,48347021,3,280,05:55:40,-79.4501987559531,43.714802257156,,,13.7467838170445,62.1525628868509,10695.8833423498,2019.72352185311,1
1049754,48347021,3,281,05:55:56,-79.449459,43.714963,4829,39,13.7467838170445,62.1525628856143,10758.0359052354,2036,1
1049754,48347021,3,282,05:55:56,-79.449459,43.714963,4829,39,1e-12,0,10758.0359052354,2036,1
1049754,48347021,3,283,05:56:19,-79.448397,43.715206,,,14.1708761731133,89.6281299436775,10847.6640351791,2058.76932377755,1
1049754,48347021,3,284,05:56:39,-79.4474530031664,43.7154070038844,,,14.1708761731133,79.1811015443052,10926.8451367234,2078.88466188913,1
1049754,48347021,3,285,05:56:59,-79.446509,43.715608,1125,40,14.1708761731133,79.1811015414992,11006.0262382649,2099,1
1049754,48347021,3,286,05:56:59,-79.446509,43.715608,1125,40,1e-12,0,11006.0262382649,2099,1
1049754,48347021,3,287,05:57:11,-79.44606,43.715698,,,11.2464922552519,37.4897356449212,11043.5159739098,2111.00045714331,1
1049754,48347021,3,288,05:57:40,-79.44497,43.715932,,,11.2464922552519,91.4871683685292,11135.0031422783,2140.28548207834,1
1049754,48347021,3,289,05:57:54,-79.444454,43.716042,,,11.2464922552519,43.284944242772,11178.2880865211,2154.14098437518,1
1049754,48347021,3,290,05:58:00,-79.444236,43.716089,6770,41,11.2464922552519,18.3037149577673,11196.5918014789,2160,1
1049754,48347021,3,291,05:58:00,-79.444236,43.716089,6770,41,1e-12,0,11196.5918014789,2160,1
1049754,48347021,3,292,05:58:05,-79.44401,43.716137,,,14.0588503898977,18.9524925437855,11215.5442940227,2164.8530976051,1
1049754,48347021,3,293,05:58:10,-79.443757,43.716193,,,14.0588503898977,21.289188057899,11236.8334820806,2170.30454455011,1
1049754,48347021,3,294,05:58:15,-79.443536,43.716245,,,14.0588503898977,18.6998439650379,11255.5333260456,2175.09294732894,1
1049754,48347021,3,295,05:58:20,-79.443326,43.716284,,,14.0588503898977,17.4451345048052,11272.9784605504,2179.56006110251,1
1049754,48347021,3,296,05:58:22,-79.443207,43.716309,,,14.0588503898977,9.970814737628,11282.949275288,2182.11325229952,1
1049754,48347021,3,297,05:58:42,-79.4422675029633,43.7164980038475,,,14.0588503898977,78.4638397433027,11361.4131150313,2202.2052096959,1
1049754,48347021,3,298,05:59:02,-79.441328,43.716687,,,14.0588503898977,78.4638397443611,11439.8769547757,2222.29716709255,1
1049754,48347021,3,299,05:59:18,-79.4405862558398,43.7168442571948,,,14.0588503898977,62.1936525863912,11502.0706073621,2238.22287531915,1
1049754,48347021,3,300,05:59:34,-79.4398445077863,43.7170015095931,,,14.0588503898977,62.1936525868897,11564.264259949,2254.14858354588,1
1049754,48347021,3,301,05:59:50,-79.4391027558397,43.7171587571948,,,14.0588503898977,62.1936525870554,11626.457912536,2270.07429177266,1
1049754,48347021,3,302,06:00:06,-79.438361,43.717316,6143,42,14.0588503898977,62.1936525892657,11688.6515651253,2286,1
1049754,48347021,3,303,06:00:06,-79.438361,43.717316,6143,42,1e-12,0,11688.6515651253,2286,1
1049754,48347021,3,304,06:00:18,-79.437674,43.717493,,,17.085521897076,58.6808148799615,11747.3323800053,2298.36432429986,1
1049754,48347021,3,305,06:00:30,-79.4370277543924,43.7176287554614,,,17.085521897076,54.1464816996147,11801.4788617049,2309.77324322507,1
1049754,48347021,3,306,06:00:41,-79.4363815058564,43.7177645072819,,,17.085521897076,54.1464816980763,11855.625343403,2321.18216214996,1
1049754,48347021,3,307,06:00:53,-79.4357352543923,43.7179002554614,,,17.085521897076,54.1464816995958,11909.7718251026,2332.59108107516,1
1049754,48347021,3,308,06:01:04,-79.435089,43.718036,8778,43,17.085521897076,54.1464816978651,11963.9183068004,2344,1
1049754,48347021,3,309,06:01:04,-79.435089,43.718036,8778,43,1e-12,0,11963.9183068004,2344,1
1049754,48347021,3,310,06:01:26,-79.4340255039936,43.7182610049301,,,14.5890560821023,89.1553427240267,12053.0736495244,2366.00000000002,1
1049754,48347021,3,311,06:01:48,-79.432962,43.718486,4794,44,14.5890560821023,89.1553427238907,12142.2289922483,2388,1
1049754,48347021,3,312,06:01:48,-79.432962,43.718486,4794,44,1e-12,0,12142.2289922483,2388,1
1049754,48347021,3,313,06:02:08,-79.43217250757,43.7186775081509,,,11.8624740133543,67.0010106297832,12209.2300028781,2408.33333333297,1
1049754,48347021,3,314,06:02:29,-79.4313830100932,43.7188690108679,,,11.8624740133543,67.0010106319705,12276.2310135101,2428.6666666666,1
1049754,48347021,3,315,06:02:49,-79.4305935075699,43.719060508151,3328,45,11.8624740133543,67.0010106311943,12343.2320241413,2449,1
1049754,48347021,3,316,06:02:49,-79.4305935075699,43.719060508151,3328,45,1e-12,0,12343.2320241413,2449,1
1049754,48347021,3,317,06:03:00,-79.429804,43.719252,,,22.2536932223775,67.0010106314926,12410.2330347728,2459.83881384825,1
1049754,48347021,3,318,06:03:10,-79.4290450021345,43.7194205025111,,,22.2536932223775,63.8807130261179,12474.1137477989,2470.17285434193,1
1049754,48347021,3,319,06:03:21,-79.428286,43.719589,,,22.2536932223775,63.8807130273924,12537.9944608263,2480.50689483582,1
1049754,48347021,3,320,06:03:32,-79.4274555023911,43.7197615030065,,,22.2536932223775,69.5214808272065,12607.5159416535,2491.75344741821,1
1049754,48347021,3,321,06:03:43,-79.426625,43.719934,6133,46,22.2536932223775,69.5214808234528,12677.0374224769,2503,1
1049754,48347021,3,322,06:03:43,-79.426625,43.719934,6133,46,1e-12,0,12677.0374224769,2503,1
1049754,48347021,3,323,06:03:46,-79.426403,43.719983,,,19.6199894716147,18.6750463232227,12695.7124688002,2506.42661584303,1
1049754,48347021,3,324,06:04:00,-79.425543,43.720154,,,19.6199894716147,71.7607126929255,12767.4731814931,2519.59372615511,1
1049754,48347021,3,325,06:04:18,-79.424371,43.720392,,,19.6199894716147,97.9425176196795,12865.4156991128,2537.56483994908,1
1049754,48347021,3,326,06:04:32,-79.42341750335,43.720602503963,,,19.6199894716147,80.2107680962489,12945.626467209,2552.28241997451,1
1049754,48347021,3,327,06:04:47,-79.422464,43.720813,3194,47,19.6199894716147,80.2107680966273,13025.8372353057,2567,1
1049754,48347021,3,328,06:04:47,-79.422464,43.720813,3194,47,1e-12,0,13025.8372353057,2567,1
1049754,48347021,3,329,06:05:03,-79.421432,43.721029,,,19.3589047277897,86.4384087496639,13112.2756440553,2583.07416720493,1
1049754,48347021,3,330,06:05:14,-79.4207005018314,43.7211790023325,,,19.3589047277897,61.1736026259669,13173.4492466813,2594.45006747151,1
1049754,48347021,3,331,06:05:26,-79.419969,43.721329,,,19.3589047277897,61.1736026227033,13234.622849304,2605.82596773747,1
1049754,48347021,3,332,06:05:37,-79.419228502027,43.7214930023902,,,19.3589047277897,62.3088726025523,13296.9317219065,2617.41298386898,1
1049754,48347021,3,333,06:05:49,-79.418488,43.721657,8940,48,19.3589047277897,62.3088725999358,13359.2405945065,2629,1
1049754,48347021,3,334,06:05:49,-79.418488,43.721657,8940,48,1e-12,0,13359.2405945065,2629,1
1049754,48347021,3,335,06:06:00,-79.417645,43.721832,,,22.2434261550127,70.5627421276256,13429.8033366341,2640.42026726859,1
1049754,48347021,3,336,06:06:13,-79.416748,43.722011,,,22.2434261550127,74.864960517415,13504.6682971515,2652.53682952768,1
1049754,48347021,3,337,06:06:28,-79.415597,43.722249,,,22.2434261550127,96.3143150360691,13600.9826121876,2668.12487480962,1
1049754,48347021,3,338,06:06:38,-79.415426,43.721715,3365,49,22.2434261550127,61.0157272065641,13661.9983393941,2678,1
1049754,48347021,3,339,06:06:38,-79.415426,43.721715,3365,49,1e-12,0,13661.9983393941,2678,1
1049754,48347021,3,340,06:06:47,-79.415291,43.721251,,,22.0604246684318,52.7817633775651,13714.7801027717,2686.61335858285,1
1049754,48347021,3,341,06:06:54,-79.4152,43.72086,,,22.0604246684318,44.1373407629702,13758.9174435347,2693.81604978825,1
1049754,48347021,3,342,06:07:09,-79.415006,43.720036,3813,50,22.0604246684318,93.0456638376275,13851.9631073723,2709,1
1049754,48347021,3,343,06:07:09,-79.415006,43.720036,3813,50,1e-12,0,13851.9631073723,2709,1
1049754,48347021,3,344,06:07:26,-79.4148389978957,43.7192810001216,,,17.7886883886799,85.1133923652029,13937.0764997375,2726.22489066196,1
1049754,48347021,3,345,06:07:43,-79.414672,43.718526,,,17.7886883886799,85.113392363383,14022.1898921009,2743.44978132356,1
1049754,48347021,3,346,06:07:52,-79.414575,43.718153,4162,51,17.7886883886799,42.2492154695349,14064.4391075704,2752,1
1049754,48347021,3,347,06:07:52,-79.414575,43.718153,4162,51,1e-12,0,14064.4391075704,2752,1
1049754,48347021,3,348,06:07:54,-79.414542,43.718028,,,20.4720919955512,14.1659712535811,14078.605078824,2754.49107402038,1
1049754,48347021,3,349,06:07:55,-79.414537,43.717992,,,20.4720919955512,4.0276419190083,14082.632720743,2755.19933143303,1
1049754,48347021,3,350,06:07:56,-79.414519,43.717938,,,20.4720919955512,6.18324140600459,14088.815962149,2756.28664918573,1
1049754,48347021,3,351,06:07:58,-79.414479,43.717875,,,20.4720919955512,7.71628846746627,14096.5322506165,2757.64355196288,1
1049754,48347021,3,352,06:07:58,-79.414462,43.717839,,,20.4720919955512,4.234481305228,14100.7667319217,2758.38818190603,1
1049754,48347021,3,353,06:07:59,-79.414439,43.717798,,,20.4720919955512,4.92497124080895,14105.6917031625,2759.25423391824,1
1049754,48347021,3,354,06:08:01,-79.414382,43.717717,,,20.4720919955512,10.1161101036452,14115.8078132662,2761.03314329307,1
1049754,48347021,3,355,06:08:03,-79.41429,43.717623,,,20.4720919955512,12.817398153492,14128.6252114197,2763.28707187851,1
1049754,48347021,3,356,06:08:12,-79.4138809976622,43.7172805007292,,,20.4720919955512,50.3639852789917,14178.9891966987,2772.14353593913,1
1049754,48347021,3,357,06:08:21,-79.413472,43.716938,8854,52,20.4720919955512,50.3639852803804,14229.353181979,2781,1
1049754,48347021,3,358,06:08:21,-79.413472,43.716938,8854,52,1e-12,0,14229.353181979,2781,1
1049754,48347021,3,359,06:08:24,-79.41335,43.716861,,,16.8186774476674,13.0316121584342,14242.3847941375,2783.78938721052,1
1049754,48347021,3,360,06:08:35,-79.4129329975261,43.716505500758,,,16.8186774476674,51.8823795034767,14294.2671736409,2794.89469360537,1
1049754,48347021,3,361,06:08:46,-79.412516,43.71615,3007,53,16.8186774476674,51.8823795024463,14346.1495531434,2806,1
1049754,48347021,3,362,06:08:46,-79.412516,43.71615,3007,53,1e-12,0,14346.1495531434,2806,1
1049754,48347021,3,363,06:08:50,-79.41233,43.715983,,,21.6574290893638,23.865506673364,14370.0150598168,2809.96703706934,1
1049754,48347021,3,364,06:08:51,-79.412288,43.715947,,,21.6574290893638,5.24209513626384,14375.257154953,2810.83840284469,1
1049754,48347021,3,365,06:08:53,-79.412218,43.715866,,,21.6574290893638,10.631320469278,14385.8884754223,2812.60559107056,1
1049754,48347021,3,366,06:08:55,-79.412165,43.715767,,,21.6574290893638,11.8168865081695,14397.7053619305,2814.56984967457,1
1049754,48347021,3,367,06:08:57,-79.412121,43.715659,,,21.6574290893638,12.5329042456114,14410.2382661761,2816.65312812364,1
1049754,48347021,3,368,06:08:58,-79.412103,43.715564,,,21.6574290893638,10.6740594117452,14420.9123255878,2818.42742061809,1
1049754,48347021,3,369,06:09:01,-79.412063,43.71541,,,21.6574290893638,17.4426873256747,14438.3550129135,2821.32682636534,1
1049754,48347021,3,370,06:09:04,-79.412029,43.715276,,,21.6574290893638,15.1655843985231,14453.520597312,2823.84772132519,1
1049754,48347021,3,371,06:09:07,-79.412013,43.715128,,,21.6574290893638,16.5255044217261,14470.0461017338,2826.5946686047,1
1049754,48347021,3,372,06:09:07,-79.412012,43.715121,,,21.6574290893638,0.783379368366381,14470.8294811021,2826.72488561774,1
1049754,48347021,3,373,06:09:11,-79.411996,43.714889,,,21.6574290893638,25.858187745172,14496.6876688473,2831.02315553235,1
1049754,48347021,3,374,06:09:22,-79.41192,43.714286,,,21.6574290893638,67.4036105273741,14564.0912793747,2842.22730155067,1
1049754,48347021,3,375,06:09:28,-79.411886,43.713975,3468,54,21.6574290893638,34.7282798113094,14598.819559186,2848,1
1049754,48347021,3,376,06:09:28,-79.411886,43.713975,3468,54,1e-12,0,14598.819559186,2848,1
1049754,48347021,3,377,06:09:37,-79.411834,43.71357,,,18.1233834138192,45.2781243968544,14644.0976835828,2856.99397447523,1
1049754,48347021,3,378,06:09:49,-79.411775,43.713048,,,18.1233834138192,58.3023700614355,14702.4000536443,2868.57506435391,1
1049754,48347021,3,379,06:09:53,-79.411769,43.712868,,,18.1233834138192,20.0433234363236,14722.4433770806,2872.55643818037,1
1049754,48347021,3,380,06:10:05,-79.411729,43.712306,7002,55,18.1233834138192,62.644289414084,14785.0876664947,2885,1
1049754,48347021,3,381,06:10:05,-79.411729,43.712306,7002,55,1e-12,0,14785.0876664947,2885,1
1049754,48347021,3,382,06:10:09,-79.411723,43.712094,,,22.6423257578641,23.604669713332,14808.692336208,2888.75300717235,1
1049754,48347021,3,383,06:10:09,-79.411722,43.712062,,,22.6423257578641,3.56313235668888,14812.2554685647,2889.31952479167,1
1049754,48347021,3,384,06:10:11,-79.411718,43.711986,,,22.6423257578641,8.46640132475825,14820.7218698894,2890.66563406927,1
1049754,48347021,3,385,06:10:12,-79.411709,43.711896,,,22.6423257578641,10.0448927260534,14830.7667626155,2892.26271443109,1
1049754,48347021,3,386,06:10:15,-79.411686,43.711765,,,22.6423257578641,14.6998175251121,14845.4665801406,2894.59990115194,1
1049754,48347021,3,387,06:10:17,-79.411655,43.711648,,,22.6423257578641,13.2610909255589,14858.7276710662,2896.70833859085,1
1049754,48347021,3,388,06:10:19,-79.411611,43.711509,,,22.6423257578641,15.8732852453009,14874.6009563115,2899.23209995239,1
1049754,48347021,3,389,06:10:22,-79.411558,43.711369,,,22.6423257578641,16.1576903027006,14890.7586466142,2901.80108008772,1
1049754,48347021,3,390,06:10:25,-79.411491,43.711185,,,22.6423257578641,21.1803972568304,14911.939043871,2905.16864183646,1
1049754,48347021,3,391,06:10:41,-79.411132,43.710329,3489,56,22.6423257578641,99.571880202306,15011.5109240733,2921,1
1049754,48347021,3,392,06:10:41,-79.411132,43.710329,3489,56,1e-12,0,15011.5109240733,2921,1
1049754,48347021,3,393,06:10:51,-79.4109579987328,43.709892500132,,,18.9442257244517,50.5679410462305,15062.0788651195,2930.60950267455,1
1049754,48347021,3,394,06:11:00,-79.410784,43.709456,,,18.9442257244517,50.5679410511959,15112.6468061707,2940.21900535005,1
1049754,48347021,3,395,06:11:10,-79.4106094987146,43.7090145001328,,,18.9442257244517,51.1141047538657,15163.7609109246,2949.93229634385,1
1049754,48347021,3,396,06:11:20,-79.410435,43.708573,,,18.9442257244517,51.1141047604058,15214.875015685,2959.6455873389,1
1049754,48347021,3,397,06:11:21,-79.410407,43.708515,,,18.9442257244517,6.83837498038582,15221.7133906654,2960.94509412727,1
1049754,48347021,3,398,06:11:24,-79.410358,43.708375,1109,57,18.9442257244517,16.0757851166444,15237.789175782,2964,1
1049754,48347021,3,399,06:11:24,-79.410358,43.708375,1109,57,1e-12,0,15237.789175782,2964,1
1049754,48347021,3,400,06:11:29,-79.410271,43.708177,,,18.2664471039726,23.1263620545053,15260.9155378365,2968.55780497008,1
1049754,48347021,3,401,06:11:34,-79.410214,43.707952,,,18.2664471039726,25.4634022577763,15286.3789400943,2973.576200042,1
1049754,48347021,3,402,06:11:39,-79.41016,43.707714,,,18.2664471039726,26.8480229103779,15313.2269630047,2978.86747983643,1
1049754,48347021,3,403,06:11:57,-79.409967,43.706903,,,18.2664471039726,91.606243285155,15404.8332062899,2996.92148201592,1
1049754,48347021,3,404,06:12:15,-79.409746,43.706084,,,18.2664471039726,92.8890118552807,15497.7222181451,3015.22829563849,1
1049754,48347021,3,405,06:12:17,-79.409755,43.706008,,,18.2664471039726,8.4912247423443,15506.2134428875,3016.90176880481,1
1049754,48347021,3,406,06:12:19,-79.409738,43.705931,,,18.2664471039726,8.68008321680804,15514.8935261043,3018.6124627018,1
1049754,48347021,3,407,06:12:21,-79.409695,43.705828,,,18.2664471039726,11.9766779936775,15526.870204098,3020.97285826925,1
1049754,48347021,3,408,06:12:23,-79.409621,43.705737,,,18.2664471039726,11.7507473834141,15538.6209514814,3023.28872683085,1
1049754,48347021,3,409,06:12:26,-79.409536,43.705625,,,18.2664471039726,14.2208887711501,15552.8418402525,3026.09141742989,1
1049754,48347021,3,410,06:12:28,-79.409432,43.705548,,,18.2664471039726,11.979792491213,15564.8216327437,3028.4524268108,1
1049754,48347021,3,411,06:12:31,-79.4093,43.705481,,,18.2664471039726,12.979359541387,15577.8009922851,3031.01043352568,1
1049754,48347021,3,412,06:12:34,-79.409158,43.705422,,,18.2664471039726,13.1801680389465,15590.9811603241,3033.60801611359,1
1049754,48347021,3,413,06:12:36,-79.409031,43.705363,,,18.2664471039726,12.1485288357384,15603.1296891598,3036.00228050226,1
1049754,48347021,3,414,06:12:37,-79.408972,43.705323,,,18.2664471039726,6.50922101304673,15609.6389101729,3037.28513509974,1
1049754,48347021,3,415,06:12:39,-79.40891,43.705278,,,18.2664471039726,7.07017456309029,15616.7090847359,3038.6785439155,1
1049754,48347021,3,416,06:12:41,-79.408814,43.705192,,,18.2664471039726,12.3017816191065,15629.0108663551,3041.1030117705,1
1049754,48347021,3,417,06:12:45,-79.408717,43.705044,,,18.2664471039726,18.2309485465483,15647.2418149016,3044.69601562035,1
1049754,48347021,3,418,06:12:48,-79.40864,43.704886,,,18.2664471039726,18.6480799172549,15665.8898948189,3048.37122883067,1
1049754,48347021,3,419,06:12:53,-79.408569,43.704693,,,18.2664471039726,22.2314294181331,15688.121324237,3052.75265809547,1
1049754,48347021,3,420,06:12:55,-79.408516,43.704598,330,58,18.2664471039726,11.4030422287989,15699.5243664658,3055,1
1049754,48347021,3,421,06:12:55,-79.408516,43.704598,330,58,1e-12,0,15699.5243664658,3055,1
1049754,48347021,3,422,06:13:11,-79.407405,43.704836,,,21.3788206016639,93.2495427962655,15792.7739092621,3070.70237948675,1
1049754,48347021,3,423,06:13:23,-79.406528,43.705024,,,21.3788206016639,73.6130283673041,15866.3869376294,3083.09814757237,1
1049754,48347021,3,424,06:13:29,-79.406132,43.705105,,,21.3788206016639,33.1186194136316,15899.505557043,3088.67502349601,1
1049754,48347021,3,425,06:13:31,-79.405967,43.705139,7677,59,21.3788206016639,13.8070154394374,15913.3125724824,3091,1
1049754,48347021,3,426,06:13:31,-79.405967,43.705139,7677,59,1e-12,0,15913.3125724824,3091,1
1049754,48347021,3,427,06:13:43,-79.404892,43.70536,,,27.6345081333961,89.9389173444138,16003.2514898268,3102.71651403662,1
1049754,48347021,3,428,06:13:49,-79.404311,43.705483,,,27.6345081333961,48.7185245442092,16051.9700143711,3109.06316900556,1
1049754,48347021,3,429,06:13:55,-79.40375,43.705602,,,27.6345081333961,47.0487095631504,16099.0187239342,3115.19229399703,1
1049754,48347021,3,430,06:14:06,-79.402765,43.705822,8258,60,27.6345081333961,82.9626776229109,16181.9814015571,3126,1
1049754,48347021,3,431,06:14:06,-79.402765,43.705822,8258,60,1e-12,0,16181.9814015571,3126,1
1049754,48347021,3,432,06:14:22,-79.401734,43.706032,,,19.7365883158801,86.1975359956217,16268.1789375527,3141.72263273762,1
1049754,48347021,3,433,06:14:26,-79.401452,43.7061,,,19.7365883158801,23.9223778906325,16292.1013154434,3146.08613057362,1
1049754,48347021,3,434,06:14:44,-79.400282,43.706351,9386,61,19.7365883158801,98.2107405591459,16390.3120560025,3164,1
1049754,48347021,3,435,06:14:44,-79.400282,43.706351,9386,61,1e-12,0,16390.3120560025,3164,1
1049754,48347021,3,436,06:15:09,-79.400096,43.70577,,,9.71199424652485,66.3860046394611,16456.698060642,3188.60767692357,1
1049754,48347021,3,437,06:15:12,-79.400093,43.705694,,,9.71199424652485,8.46372507963538,16465.1617857216,3191.7449739105,1
1049754,48347021,3,438,06:15:32,-79.399464,43.70548,,,9.71199424652485,55.9430769617838,16521.1048626834,3212.48171159282,1
1049754,48347021,3,439,06:15:37,-79.399373,43.70539,,,9.71199424652485,12.4097721742738,16533.5146348577,3217.08171224082,1
1049754,48347021,3,440,06:15:44,-79.399315,43.705226,,,9.71199424652485,18.8435948208382,16552.3582296785,3224.06657442598,1
1049754,48347021,3,441,06:16:00,-79.399237,43.704844,14192,62,9.71199424652485,42.9848159728657,16595.3430456514,3240,1
1049754,48347021,3,442,06:16:00,-79.399237,43.704844,14192,62,1e-12,0,16595.3430456514,3240,1
1049754,48347021,3,443,,-79.399065,43.704657,,,,24.9984911194656,16620.3415367708,,1
1049754,48347021,3,444,,-79.398797,43.704582,,,,23.1266853513744,16643.4682221222,,1
1049754,48347021,3,445,,-79.398651,43.704599,,,,11.9006589103357,16655.3688810325,,1
1049754,48347021,3,446,,-79.398601,43.704602,,,,4.03754305431811,16659.4064240869,,1
1049754,48347021,3,447,,-79.398505,43.704718,,,,15.0476134949965,16674.4540375819,,1
1049754,48347021,3,448,,-79.398639,43.705256,,,,60.852950821068,16735.3069884029,,1
