shape_id,trip_id,route_type,id,timestamp,shape_pt_lon,shape_pt_lat,stop_id,stop_sequence,speed,dist,cumdist,cumtime,trip_number
1049401,48339860,3,1,,-79.343625,43.707473,,,1e-12,0,0,0,1
1049401,48339860,3,2,,-79.3425060050779,43.707745005458,,,,95.0003621576844,95.0003621576844,,1
1049401,48339860,3,3,09:39:31,-79.341387,43.708017,937,1,,95.0003621569451,190.00072431463,,1
1049401,48339860,3,4,09:39:31,-79.341387,43.708017,937,1,1e-12,0,190.00072431463,0,1
1049401,48339860,3,5,09:39:37,-79.341029,43.708102,,,18.9512365186846,30.3222403191262,220.322964633756,5.76004974879765,1
1049401,48339860,3,6,09:39:52,-79.340084,43.708314,,,18.9512365186846,79.6213652152733,299.944329849029,20.8850213828321,1
1049401,48339860,3,7,09:40:04,-79.339343002386,43.7085070023934,,,18.9512365186846,63.3800075582921,363.324337407321,32.9247649101156,1
1049401,48339860,3,8,09:40:16,-79.338602,43.7087,,,18.9512365186846,63.38000755826,426.704344965581,44.964508437393,1
1049401,48339860,3,9,09:40:27,-79.33791,43.70888,,,18.9512365186846,59.1796820309867,485.884026996568,56.2063530052396,1
1049401,48339860,3,10,09:40:30,-79.337733,43.708922,,,18.9512365186846,14.9906591251251,500.874686121693,59.0539968936605,1
1049401,48339860,3,11,09:40:37,-79.337325,43.709028,,,18.9512365186846,34.8871809157232,535.761867037416,65.6812083251033,1
1049401,48339860,3,12,09:40:48,-79.336623,43.709212,,,18.9512365186846,60.0874903989135,595.84935743633,77.0955012775878,1
1049401,48339860,3,13,09:40:53,-79.336315,43.709292,,,18.9512365186846,26.3355553041443,622.184912740474,82.0982354792028,1
1049401,48339860,3,14,09:40:56,-79.336132,43.709346,,,18.9512365186846,15.9053073469578,638.090220087432,85.1196270592506,1
1049401,48339860,3,15,09:40:59,-79.33598,43.70939,,,18.9512365186846,13.1753845790388,651.26560466647,87.6224391811813,1
1049401,48339860,3,16,09:41:00,-79.335919,43.709414,,,18.9512365186846,5.58851325106259,656.854117917533,88.684039973509,1
1049401,48339860,3,17,09:41:00,-79.335879,43.709432,,,18.9512365186846,3.79145020856177,660.645568126095,89.4042684787765,1
1049401,48339860,3,18,09:41:02,-79.335801,43.709473,,,18.9512365186846,7.76048683386215,668.406054959957,90.8784600216005,1
1049401,48339860,3,19,09:41:04,-79.335702,43.709522,,,18.9512365186846,9.65479426850948,678.060849228466,92.7124965148059,1
1049401,48339860,3,20,09:41:06,-79.335595,43.709577,,,18.9512365186846,10.5649610938254,688.625810322292,94.7194294080909,1
1049401,48339860,3,21,09:41:08,-79.335492,43.709626,,,18.9512365186846,9.9220280193151,698.547838341607,96.6042299504891,1
1049401,48339860,3,22,09:41:09,-79.335399,43.709672,,,18.9512365186846,9.06773421872133,707.615572560328,98.3267478007208,1
1049401,48339860,3,23,09:41:11,-79.335307,43.709727,,,18.9512365186846,9.60677838572164,717.22235094605,100.151663138277,1
1049401,48339860,3,24,09:41:13,-79.33521,43.709776,,,18.9512365186846,9.52241163675397,726.744762582804,101.960552065314,1
1049401,48339860,3,25,09:41:15,-79.335093,43.709826,,,18.9512365186846,10.9369049920892,737.681667574893,104.038139875096,1
1049401,48339860,3,26,09:41:18,-79.33492,43.709884,,,18.9512365186846,15.3452179144289,753.026885489322,106.953136183516,1
1049401,48339860,3,27,09:41:20,-79.334817,43.709915,,,18.9512365186846,8.97783020170146,762.004715691024,108.658575757037,1
1049401,48339860,3,28,09:41:21,-79.334724,43.709943,,,18.9512365186846,8.10660829118642,770.11132398221,110.198516953987,1
1049401,48339860,3,29,09:41:23,-79.334592,43.709969,,,18.9512365186846,11.0089166919136,781.120240674123,112.289784194086,1
1049401,48339860,3,30,09:41:25,-79.334477,43.709987,,,18.9512365186846,9.46815427458526,790.588394948709,114.088366326439,1
1049401,48339860,3,31,09:41:26,-79.334394,43.709996,,,18.9512365186846,6.75348176504778,797.341876713756,115.371265958355,1
1049401,48339860,3,32,09:41:42,-79.3334230037505,43.7102275041098,4497,2,18.9512365186846,82.2732875863421,879.615164300099,131,1
1049401,48339860,3,33,09:41:42,-79.3334230037505,43.7102275041098,4497,2,1e-12,0,879.615164300099,131,1
1049401,48339860,3,34,09:41:57,-79.332452,43.710459,,,19.4983482606359,82.2732875872671,961.888451887366,146.19020131116,1
1049401,48339860,3,35,09:42:12,-79.331498,43.710668,1295,3,19.4983482606359,80.2129479180318,1042.1013998054,161,1
1049401,48339860,3,36,09:42:12,-79.331498,43.710668,1295,3,1e-12,0,1042.1013998054,161,1
1049401,48339860,3,37,09:42:14,-79.33136,43.710705,,,23.429372788784,11.8435766863035,1053.9449764917,162.819804416237,1
1049401,48339860,3,38,09:42:16,-79.331235,43.710752,,,23.429372788784,11.3376459015944,1065.2826223933,164.561870907461,1
1049401,48339860,3,39,09:42:18,-79.331061,43.71082,,,23.429372788784,15.9163560091743,1081.19897840247,167.007471229313,1
1049401,48339860,3,40,09:42:19,-79.331007,43.710848,,,23.429372788784,5.34749498540718,1086.54647338788,167.829131378776,1
1049401,48339860,3,41,09:42:21,-79.330876,43.710904,,,23.429372788784,12.2464002656708,1098.79287365355,169.710830959634,1
1049401,48339860,3,42,09:42:22,-79.330787,43.710948,,,23.429372788784,8.67624651224487,1107.46912016579,171.04396470272,1
1049401,48339860,3,43,09:42:24,-79.33068,43.711018,,,23.429372788784,11.6124894517475,1119.08160961754,172.828261807178,1
1049401,48339860,3,44,09:42:25,-79.33059,43.711088,,,23.429372788784,10.6379500269086,1129.71955964445,174.462817731578,1
1049401,48339860,3,45,09:42:27,-79.330516,43.711157,,,23.429372788784,9.71873468774531,1139.43829433219,175.956133203199,1
1049401,48339860,3,46,09:42:29,-79.330458,43.711248,,,23.429372788784,11.1534372005738,1150.59173153277,177.669895423129,1
1049401,48339860,3,47,09:42:30,-79.33041,43.711305,,,23.429372788784,7.42827644080562,1158.02000797357,178.81127447019,1
1049401,48339860,3,48,09:42:31,-79.330369,43.711366,,,23.429372788784,7.54947690454154,1165.56948487811,179.971276366159,1
1049401,48339860,3,49,09:42:32,-79.330345,43.711403,,,23.429372788784,4.54907368894456,1170.11855856706,180.670256463827,1
1049401,48339860,3,50,09:42:32,-79.330326,43.71144,,,23.429372788784,4.3934069126777,1174.51196547974,181.345317850584,1
1049401,48339860,3,51,09:42:33,-79.330303,43.711504,,,23.429372788784,7.36089785119848,1181.87286333094,182.476343956285,1
1049401,48339860,3,52,09:42:34,-79.330286,43.711523,,,23.429372788784,2.51886500331202,1184.39172833425,182.863375828357,1
1049401,48339860,3,53,09:42:36,-79.330238,43.711643,8113,4,23.429372788784,13.9054900630431,1198.29721839729,185,1
1049401,48339860,3,54,09:42:36,-79.330238,43.711643,8113,4,1e-12,0,1198.29721839729,185,1
1049401,48339860,3,55,09:42:37,-79.330235,43.711729,,,26.3957036305143,9.5765190753313,1207.87373747262,186.306101521436,1
1049401,48339860,3,56,09:42:38,-79.330241,43.711807,,,26.3957036305143,8.69633187265985,1216.57006934528,187.492157978949,1
1049401,48339860,3,57,09:42:40,-79.330245,43.71188,,,26.3957036305143,8.1326942071612,1224.70276355244,188.601342244526,1
1049401,48339860,3,58,09:42:41,-79.330261,43.711954,,,26.3957036305143,8.33763907059773,1233.04040262304,189.738478085809,1
1049401,48339860,3,59,09:42:42,-79.330275,43.712021,,,26.3957036305143,7.54299801982394,1240.58340064286,190.767236146268,1
1049401,48339860,3,60,09:42:43,-79.330294,43.712083,,,26.3957036305143,7.06910510168987,1247.65250574455,191.731361926823,1
1049401,48339860,3,61,09:42:44,-79.330344,43.712157,,,26.3957036305143,9.16760136715981,1256.82010711171,192.981692866424,1
1049401,48339860,3,62,09:42:46,-79.330429,43.712276,,,26.3957036305143,14.9084333900536,1271.72854050177,195.01499195765,1
1049401,48339860,3,63,09:42:48,-79.33053,43.712396,,,26.3957036305143,15.6362004725336,1287.3647409743,197.147548167898,1
1049401,48339860,3,64,09:42:50,-79.330642,43.712516,,,26.3957036305143,16.1139692019601,1303.47871017626,199.345265263797,1
1049401,48339860,3,65,09:42:52,-79.330757,43.712627,,,26.3957036305143,15.4371534538276,1318.91586363009,201.450674280798,1
1049401,48339860,3,66,09:42:55,-79.33088,43.712746,,,26.3957036305143,16.5358356600908,1335.45169929018,203.705927984568,1
1049401,48339860,3,67,09:43:03,-79.331312,43.713184,,,26.3957036305143,59.8798213706107,1395.33152066079,211.872687240229,1
1049401,48339860,3,68,09:43:10,-79.331673,43.71355,,,26.3957036305143,50.0370898012408,1445.36861046203,218.697037361975,1
1049401,48339860,3,69,09:43:20,-79.3322204947833,43.7141210013066,,,26.3957036305143,77.3365467244434,1522.70515718648,229.244646628437,1
1049401,48339860,3,70,09:43:31,-79.332768,43.714692,,,26.3957036305143,77.3365467268094,1600.04170391328,239.792255895222,1
1049401,48339860,3,71,09:43:31,-79.332805,43.714728,,,26.3957036305143,4.99227872612784,1605.03398263941,240.473131982696,1
1049401,48339860,3,72,09:43:33,-79.332911,43.714804,,,26.3957036305143,12.0132023735712,1617.04718501298,242.111562583002,1
1049401,48339860,3,73,09:43:34,-79.333014,43.714857,,,26.3957036305143,10.173033069024,1627.22021808201,243.499020161748,1
1049401,48339860,3,74,09:43:36,-79.333161,43.714905,,,26.3957036305143,12.9786390185577,1640.19885710057,245.269122642092,1
1049401,48339860,3,75,09:43:38,-79.333273,43.714943,,,26.3957036305143,9.95500811379515,1650.15386521436,246.62684470593,1
1049401,48339860,3,76,09:43:39,-79.333404,43.714977,,,26.3957036305143,11.1992392195276,1661.35310443389,248.154262264282,1
1049401,48339860,3,77,09:43:40,-79.33352,43.714992,,,26.3957036305143,9.48157620397058,1670.83468063786,249.447414923218,1
1049401,48339860,3,78,09:43:42,-79.333632,43.714998,,,26.3957036305143,9.03626124148538,1679.87094187934,250.679832930508,1
1049401,48339860,3,79,09:43:43,-79.333743,43.715005,,,26.3957036305143,8.96501137776813,1688.83595325711,251.902533465858,1
1049401,48339860,3,80,09:43:44,-79.333857,43.714986,,,26.3957036305143,9.41316115369335,1698.24911441081,253.186355281243,1
1049401,48339860,3,81,09:43:45,-79.333947,43.714969,,,26.3957036305143,7.48461533253801,1705.73372974334,254.207150770324,1
1049401,48339860,3,82,09:43:46,-79.334022,43.714951,,,26.3957036305143,6.35849311665338,1712.09222286,255.074359144095,1
1049401,48339860,3,83,09:43:48,-79.334185,43.714926,,,26.3957036305143,13.4070471914968,1725.49927005149,256.902890429527,1
1049401,48339860,3,84,09:43:57,-79.334977,43.714749,24007,5,26.3957036305143,66.7012800323699,1792.20055008386,266,1
1049401,48339860,3,85,09:43:57,-79.334977,43.714749,24007,5,1e-12,0,1792.20055008386,266,1
1049401,48339860,3,86,09:44:25,-79.334185,43.714926,,,8.54293307323725,66.7012800323699,1858.90183011623,294.10798189076,1
1049401,48339860,3,87,09:44:28,-79.334183,43.714997,,,8.54293307323725,7.90532185691094,1866.80715197314,297.439291926892,1
1049401,48339860,3,88,09:44:29,-79.334189,43.71501,,,8.54293307323725,1.525552766347,1868.33270473949,298.082161291754,1
1049401,48339860,3,89,09:44:34,-79.334214,43.715105,,,8.54293307323725,10.7649526782996,1879.09765741779,302.618522434894,1
1049401,48339860,3,90,09:44:39,-79.334235,43.715219,,,8.54293307323725,12.8024122160762,1891.90006963387,308.013470935926,1
1049401,48339860,3,91,09:44:45,-79.334236,43.715339,,,8.54293307323725,13.3585811987557,1905.25865083262,313.642789567272,1
1049401,48339860,3,92,09:44:50,-79.334207,43.715443,,,8.54293307323725,11.810021888447,1917.06867272107,318.619543854579,1
1049401,48339860,3,93,09:44:55,-79.33415,43.715544,,,8.54293307323725,12.1426627450551,1929.21133546613,323.736473310476,1
1049401,48339860,3,94,09:45:00,-79.334057,43.715634,,,8.54293307323725,12.5046633389768,1941.7159988051,329.005950155769,1
1049401,48339860,3,95,09:45:05,-79.333935,43.715702,,,8.54293307323725,12.3957766175864,1954.11177542269,334.229542034665,1
1049401,48339860,3,96,09:45:10,-79.333795,43.715747,,,8.54293307323725,12.327940611809,1966.4397160345,339.424547757178,1
1049401,48339860,3,97,09:45:15,-79.333666,43.715789,,,8.54293307323725,11.3836727179515,1977.82338875245,344.221638104638,1
1049401,48339860,3,98,09:45:19,-79.333573,43.715815,,,8.54293307323725,8.02295355562392,1985.84634230807,347.602518248804,1
1049401,48339860,3,99,09:45:50,-79.3326970029822,43.7160190033449,,,8.54293307323725,74.0500487478427,2059.89639105592,378.807278160521,1
1049401,48339860,3,100,09:46:21,-79.331821,43.716223,,,8.54293307323725,74.0500487462874,2133.9464398022,410.012038071582,1
1049401,48339860,3,101,09:46:35,-79.331417,43.716317,,,8.54293307323725,34.1480013071492,2168.09444110935,424.402037811935,1
1049401,48339860,3,102,09:47:13,-79.330378,43.716575,,,8.54293307323725,88.3921691225938,2256.48661023195,461.650580685133,1
1049401,48339860,3,103,09:47:35,-79.3306349942581,43.7170212508637,,,8.54293307323725,53.8079241824032,2310.29453441435,484.325290342345,1
1049401,48339860,3,104,09:47:58,-79.330891992344,43.7174675011516,24008,6,8.54293307323725,53.807924183453,2364.1024585978,507,1
1049401,48339860,3,105,09:47:58,-79.330891992344,43.7174675011516,24008,6,1e-12,0,2364.1024585978,507,1
1049401,48339860,3,106,09:48:04,-79.331148994258,43.7179137508637,8945,7,32.2847545095613,53.8079241826021,2417.9103827804,513,1
1049401,48339860,3,107,09:48:04,-79.331148994258,43.7179137508637,8945,7,1e-12,0,2417.9103827804,513,1
1049401,48339860,3,108,09:48:07,-79.331406,43.71836,,,70.2589156951045,53.8079241825926,2471.718306963,515.757066845409,1
1049401,48339860,3,109,09:48:08,-79.331778,43.718274,,,70.2589156951045,31.423376693889,2503.14168365689,517.367170772844,1
1049401,48339860,3,110,09:48:13,-79.332773503896,43.7180395043198,,,70.2589156951045,84.2407251212836,2587.38240877817,521.683585386366,1
1049401,48339860,3,111,09:48:17,-79.333769,43.717805,9788,8,70.2589156951045,84.2407251234453,2671.62313390161,526,1
1049401,48339860,3,112,09:48:17,-79.333769,43.717805,9788,8,1e-12,0,2671.62313390161,526,1
1049401,48339860,3,113,09:48:18,-79.333898,43.717774,,,44.9876486365239,10.937547114198,2682.56068101581,526.875244001509,1
1049401,48339860,3,114,09:48:19,-79.334037,43.71773,,,44.9876486365239,12.2090379020633,2694.76971891788,527.852235193081,1
1049401,48339860,3,115,09:48:20,-79.334153,43.717697,,,44.9876486365239,10.0299085852773,2704.79962750315,528.654848176897,1
1049401,48339860,3,116,09:48:21,-79.334267,43.71764,,,44.9876486365239,11.1529492499276,2715.95257675308,529.547329080358,1
1049401,48339860,3,117,09:48:21,-79.334358,43.717571,,,44.9876486365239,10.6114883446346,2726.56406509772,530.396481218745,1
1049401,48339860,3,118,09:48:22,-79.334417,43.717495,,,44.9876486365239,9.70102587883109,2736.26509097655,531.172776362462,1
1049401,48339860,3,119,09:48:23,-79.334488,43.717409,,,44.9876486365239,11.1482473990253,2747.41333837557,532.06488101458,1
1049401,48339860,3,120,09:48:24,-79.334548,43.717332,,,44.9876486365239,9.83749623417078,2757.25083460974,532.85209678416,1
1049401,48339860,3,121,09:48:25,-79.334649,43.717256,,,44.9876486365239,11.7307706135948,2768.98160522334,533.790816087988,1
1049401,48339860,3,122,09:48:26,-79.334766,43.717181,,,44.9876486365239,12.5824895304458,2781.56409475378,534.797691612326,1
1049401,48339860,3,123,09:48:27,-79.33487,43.717138,,,44.9876486365239,9.63996391822719,2791.20405867201,535.569100458029,1
1049401,48339860,3,124,09:48:27,-79.335,43.717098,,,44.9876486365239,11.3678258576058,2802.57188452962,536.478776209657,1
1049401,48339860,3,125,09:48:28,-79.335136,43.717065,,,44.9876486365239,11.5423917506506,2814.11427628027,537.402421066895,1
1049401,48339860,3,126,09:48:29,-79.335199,43.717047,,,44.9876486365239,5.45049891295944,2819.56477519323,537.838580694733,1
1049401,48339860,3,127,09:48:36,-79.3362575043632,43.7168000048839,8308,9,44.9876486365239,89.4931709567093,2909.05794614994,545,1
1049401,48339860,3,128,09:48:36,-79.3362575043632,43.7168000048839,8308,9,1e-12,0,2909.05794614994,545,1
1049401,48339860,3,129,09:48:41,-79.337316,43.716553,,,59.7641877486476,89.4931709613804,2998.55111711132,550.390777112473,1
1049401,48339860,3,130,09:48:47,-79.3376574958624,43.7172790005083,,,59.7641877486476,85.3608682811823,3083.9119853925,555.532637771647,1
1049401,48339860,3,131,09:48:52,-79.337999,43.718005,,,59.7641877486476,85.360868282884,3169.27285367538,560.674498430924,1
1049401,48339860,3,132,09:48:56,-79.3382834969825,43.7186405003528,,,59.7641877486476,74.3544132327738,3243.62726690816,565.153366089324,1
1049401,48339860,3,133,09:49:01,-79.338568,43.719276,,,59.7641877486476,74.3544132323636,3317.98168014052,569.6322337477,1
1049401,48339860,3,134,09:49:02,-79.338634,43.71948,,,59.7641877486476,23.3217199311991,3341.30340007172,571.037058190482,1
1049401,48339860,3,135,09:49:03,-79.338682,43.719654,,,59.7641877486476,19.7508109184505,3361.05421099017,572.226782705863,1
1049401,48339860,3,136,09:49:05,-79.338758,43.719913,,,59.7641877486476,29.4729816563309,3390.5271926465,574.002139118453,1
1049401,48339860,3,137,09:49:06,-79.33879,43.720115,,,59.7641877486476,22.6334367301401,3413.16062937664,575.365503623149,1
1049401,48339860,3,138,09:49:08,-79.338844,43.72034,,,59.7641877486476,25.4208753293181,3438.58150470596,576.896774349532,1
1049401,48339860,3,139,09:49:09,-79.338873,43.7205,,,59.7641877486476,17.9632808884426,3456.5447855944,577.97882387843,1
1049401,48339860,3,140,09:49:15,-79.339158,43.721374,271,10,59.7641877486476,99.9585278325498,3556.50331342695,584,1
1049401,48339860,3,141,09:49:15,-79.339158,43.721374,271,10,1e-12,0,3556.50331342695,584,1
1049401,48339860,3,142,09:49:21,-79.339395,43.722239,,,57.960547199592,98.1609525808868,3654.66426600784,590.096896015738,1
1049401,48339860,3,143,09:49:25,-79.339545,43.722793,280,11,57.960547199592,62.8405674179797,3717.50483342582,594,1
1049401,48339860,3,144,09:49:25,-79.339545,43.722793,280,11,1e-12,0,3717.50483342582,594,1
1049401,48339860,3,145,09:49:27,-79.339613,43.723024,,,58.402501281318,26.2902683643207,3743.79510179014,595.620563572366,1
1049401,48339860,3,146,09:49:31,-79.3397689984428,43.7236220001061,,,58.402501281318,67.7417246577963,3811.53682644793,599.796244466466,1
1049401,48339860,3,147,09:49:35,-79.339925,43.72422,,,58.402501281318,67.7417246542571,3879.27855110219,603.971925360348,1
1049401,48339860,3,148,09:49:38,-79.3400574989483,43.7246955000765,,,58.402501281318,53.9950043289725,3933.27355543116,607.30024197898,1
1049401,48339860,3,149,09:49:42,-79.34019,43.725171,,,58.402501281318,53.9950043268808,3987.26855975804,610.628558597484,1
1049401,48339860,3,150,09:49:47,-79.3403964973473,43.7259405001859,,,58.402501281318,87.2562529812334,4074.52481273928,616.007138347336,1
1049401,48339860,3,151,09:49:52,-79.340603,43.72671,,,58.402501281318,87.2562529790041,4161.78106571828,621.385718097052,1
1049401,48339860,3,152,09:49:56,-79.3407309989892,43.7271830000714,,,58.402501281318,53.6514732379284,4215.43253895621,624.692859048536,1
1049401,48339860,3,153,09:49:59,-79.340859,43.727656,8401,12,58.402501281318,53.6514732376102,4269.08401219382,628,1
1049401,48339860,3,154,09:49:59,-79.340859,43.727656,8401,12,1e-12,0,4269.08401219382,628,1
1049401,48339860,3,155,09:50:01,-79.340465,43.727715,,,54.7960941515108,32.3679580316561,4301.45197022548,630.126513772894,1
1049401,48339860,3,156,09:50:02,-79.340273,43.727753,,,54.7960941515108,16.0138821939239,4317.4658524194,631.178595619069,1
1049401,48339860,3,157,09:50:03,-79.340155,43.727808,,,54.7960941515108,11.2955403574484,4328.76139277685,631.920691308853,1
1049401,48339860,3,158,09:50:04,-79.340081,43.727874,,,54.7960941515108,9.45596378919304,4338.21735656604,632.541930288897,1
1049401,48339860,3,159,09:50:04,-79.340008,43.727989,,,54.7960941515108,14.0843461088928,4352.30170267493,633.467245254811,1
1049401,48339860,3,160,09:50:06,-79.339926,43.728119,,,54.7960941515108,15.9039758413566,4368.20567851629,634.512106460987,1
1049401,48339860,3,161,09:50:07,-79.339833,43.728242,,,54.7960941515108,15.6027768913604,4383.80845540765,635.537179464431,1
1049401,48339860,3,162,09:50:07,-79.33974,43.728345,,,54.7960941515108,13.6906707057932,4397.49912611345,636.436630699123,1
1049401,48339860,3,163,09:50:08,-79.339683,43.728427,,,54.7960941515108,10.2150929092129,4407.71421902266,637.107743030076,1
1049401,48339860,3,164,09:50:09,-79.339626,43.728485,,,54.7960941515108,7.91901865384225,4415.6332376765,637.628007614537,1
1049401,48339860,3,165,09:50:09,-79.33957,43.72854,,,54.7960941515108,7.60123046440978,4423.23446814091,638.127394114535,1
1049401,48339860,3,166,09:50:10,-79.339512,43.728591,,,54.7960941515108,7.34845673118862,4430.5829248721,638.610173857178,1
1049401,48339860,3,167,09:50:10,-79.339502,43.728602,,,54.7960941515108,1.4651027509162,4432.04802762302,638.706428343651,1
1049401,48339860,3,168,09:50:10,-79.339404,43.728682,,,54.7960941515108,11.8935053035172,4443.94153292653,639.487809202189,1
1049401,48339860,3,169,09:50:11,-79.339276,43.728775,,,54.7960941515108,14.6012844838415,4458.54281741037,640.447086044011,1
1049401,48339860,3,170,09:50:12,-79.339148,43.728869,,,54.7960941515108,14.6804116796293,4473.22322909,641.411561393304,1
1049401,48339860,3,171,09:50:13,-79.339,43.728967,,,54.7960941515108,16.1477627181504,4489.37099180815,642.472438937324,1
1049401,48339860,3,172,09:50:14,-79.338867,43.729055,,,54.7960941515108,14.5060724244434,4503.8770642326,643.425460526483,1
1049401,48339860,3,173,09:50:16,-79.338706,43.72916,,,54.7960941515108,17.4456757187673,4521.32273995136,644.571608505825,1
1049401,48339860,3,174,09:50:17,-79.338566,43.729242,,,54.7960941515108,14.4965924385624,4535.81933238993,645.524007277798,1
1049401,48339860,3,175,09:50:18,-79.338412,43.729321,,,54.7960941515108,15.1920748927575,4551.01140728268,646.52209793482,1
1049401,48339860,3,176,09:50:19,-79.338223,43.729418,,,54.7960941515108,18.6477305027198,4569.6591377854,647.747218645508,1
1049401,48339860,3,177,09:50:20,-79.337994,43.729552,,,54.7960941515108,23.7032057911927,4593.3623435766,649.304474544301,1
1049401,48339860,3,178,09:50:22,-79.337781,43.729672,,,54.7960941515108,21.7258780711485,4615.08822164774,650.731823742583,1
1049401,48339860,3,179,09:50:23,-79.337613,43.729773,,,54.7960941515108,17.5795068252994,4632.66772847304,651.88676417312,1
1049401,48339860,3,180,09:50:24,-79.337459,43.729859,,,54.7960941515108,15.655963533578,4648.32369200662,652.915331438609,1
1049401,48339860,3,181,09:50:26,-79.337204,43.729995,,,54.7960941515108,25.4942132700227,4673.81790527664,654.590253149603,1
1049401,48339860,3,182,09:50:27,-79.337034,43.730088,,,54.7960941515108,17.1516415214406,4690.96954679809,655.717083636945,1
1049401,48339860,3,183,09:50:28,-79.336891,43.730165,,,54.7960941515108,14.3453521396227,4705.31489893771,656.659546206629,1
1049401,48339860,3,184,09:50:29,-79.336709,43.730261,,,54.7960941515108,18.1255523005812,4723.44045123829,657.850360794648,1
1049401,48339860,3,185,09:50:31,-79.336375,43.730462,,,54.7960941515108,34.9639265998768,4758.40437783817,660.147424804567,1
1049401,48339860,3,186,09:50:33,-79.336124,43.730614,,,54.7960941515108,26.3429787946579,4784.74735663282,661.878108809134,1
1049401,48339860,3,187,09:50:33,-79.33609,43.73063,,,54.7960941515108,3.2637739424449,4788.01113057527,662.092532599273,1
1049401,48339860,3,188,09:50:34,-79.335905,43.73072,,,54.7960941515108,17.9395319857834,4805.95066256105,663.271126003581,1
1049401,48339860,3,189,09:50:35,-79.335765,43.730812,,,54.7960941515108,15.2219149636203,4821.17257752467,664.271177096959,1
1049401,48339860,3,190,09:50:36,-79.335675,43.730872,,,54.7960941515108,9.84995987877181,4831.02253740344,664.918300876722,1
1049401,48339860,3,191,09:50:36,-79.335637,43.730897,,,54.7960941515108,4.13379872656817,4835.15633613001,665.189883653671,1
1049401,48339860,3,192,09:50:38,-79.335462,43.731042,,,54.7960941515108,21.4172405059787,4856.57357663599,666.596955946239,1
1049401,48339860,3,193,09:50:39,-79.335302,43.731157,,,54.7960941515108,18.1528488506728,4874.72642548666,667.789563866098,1
1049401,48339860,3,194,09:50:40,-79.335192,43.731262,,,54.7960941515108,14.6599197090332,4889.3863451957,668.752692931585,1
1049401,48339860,3,195,09:50:44,-79.334513,43.730887,,,54.7960941515108,68.7439816066192,4958.13032680232,673.269042821407,1
1049401,48339860,3,196,09:50:45,-79.334431,43.730905,,,54.7960941515108,6.89362355105484,4965.02395035337,673.721940882265,1
1049401,48339860,3,197,09:50:45,-79.33436,43.730915,,,54.7960941515108,5.81863540858215,4970.84258576195,674.104214250381,1
1049401,48339860,3,198,09:50:45,-79.334312,43.730922,,,54.7960941515108,3.9389110063981,4974.78149676835,674.362993271816,1
1049401,48339860,3,199,09:50:46,-79.334248,43.730928,,,54.7960941515108,5.19123121320934,4979.97272798156,674.704047368042,1
1049401,48339860,3,200,09:50:46,-79.334171,43.730922,,,54.7960941515108,6.229697361869,4986.20242534343,675.113326730924,1
1049401,48339860,3,201,09:50:46,-79.334117,43.730918,,,54.7960941515108,4.36645956942078,4990.56888491285,675.400194886279,1
1049401,48339860,3,202,09:50:47,-79.334097,43.730917,,,54.7960941515108,1.61262322435613,4992.18150813721,675.506141189525,1
1049401,48339860,3,203,09:50:47,-79.333979,43.730908,,,54.7960941515108,9.54451024269455,5001.7260183799,676.133197504501,1
1049401,48339860,3,204,09:50:49,-79.333756,43.730704,,,54.7960941515108,28.9391534424462,5030.66517182235,678.034445285132,1
1049401,48339860,3,205,09:50:51,-79.333495,43.730464,,,54.7960941515108,33.9787606653834,5064.64393248773,680.266785751902,1
1049401,48339860,3,206,09:50:55,-79.333092,43.730087,,,54.7960941515108,53.0296245191199,5117.67355700685,683.750732029916,1
1049401,48339860,3,207,09:50:55,-79.333045,43.730063,,,54.7960941515108,4.62939882040527,5122.30295582726,684.054874797964,1
1049401,48339860,3,208,09:50:55,-79.332987,43.730057,,,54.7960941515108,4.71308557538673,5127.01604140264,684.364515627919,1
1049401,48339860,3,209,09:50:56,-79.332929,43.730068,,,54.7960941515108,4.82353566442027,5131.83957706706,684.681412820334,1
1049401,48339860,3,210,09:50:56,-79.332884,43.730091,,,54.7960941515108,4.43377020788269,5136.27334727495,684.972703157639,1
1049401,48339860,3,211,09:51:01,-79.332132,43.730512,24632,13,54.7960941515108,76.5211753060058,5212.79452258095,690,1
1049401,48339860,3,212,09:51:01,-79.332132,43.730512,24632,13,1e-12,0,5212.79452258095,690,1
1049401,48339860,3,213,09:51:02,-79.332096,43.730551,,,34.9538003098617,5.2186231798798,5218.01314576083,690.537482141599,1
1049401,48339860,3,214,09:51:02,-79.332082,43.730604,,,34.9538003098617,6.0064484613727,5224.0195942222,691.156104845547,1
1049401,48339860,3,215,09:51:03,-79.332096,43.730664,,,34.9538003098617,6.77344193535241,5230.79303615756,691.853722579559,1
1049401,48339860,3,216,09:51:06,-79.332229,43.730945,,,34.9538003098617,33.0596795622706,5263.85271571983,695.258641225575,1
1049401,48339860,3,217,09:51:07,-79.332265,43.731018,,,34.9538003098617,8.62686202613787,5272.47957774597,696.147148427046,1
1049401,48339860,3,218,09:51:08,-79.332296,43.731074,,,34.9538003098617,6.7141220304146,5279.19369977638,696.838656620582,1
1049401,48339860,3,219,09:51:08,-79.332335,43.731119,,,34.9538003098617,5.91060779722879,5285.10430757361,697.447408398111,1
1049401,48339860,3,220,09:51:09,-79.332355,43.731142,,,34.9538003098617,3.02382647810032,5288.12813405171,697.758841639266,1
1049401,48339860,3,221,09:51:10,-79.332434,43.73119,,,34.9538003098617,8.30257138468366,5296.43070543639,698.613949144598,1
1049401,48339860,3,222,09:51:10,-79.332519,43.731226,,,34.9538003098617,7.92516785701357,5304.35587329341,699.430186693372,1
1049401,48339860,3,223,09:51:11,-79.332624,43.731267,,,34.9538003098617,9.60033447350673,5313.95620776691,700.41895483298,1
1049401,48339860,3,224,09:51:12,-79.33271,43.731291,,,34.9538003098617,7.4156820038255,5321.37188977074,701.182718857982,1
1049401,48339860,3,225,09:51:13,-79.332808,43.731318,,,34.9538003098617,8.43651271730968,5329.80840248805,702.051621395419,1
1049401,48339860,3,226,09:51:14,-79.332897,43.731334,,,34.9538003098617,7.37724413221907,5337.18564662027,702.811426585143,1
1049401,48339860,3,227,09:51:15,-79.332987,43.731344,,,34.9538003098617,7.32452989885517,5344.51017651912,703.565802572936,1
1049401,48339860,3,228,09:51:15,-79.333073,43.731345,,,34.9538003098617,6.91858498641703,5351.42876150554,704.27836903868,1
1049401,48339860,3,229,09:51:16,-79.333176,43.731338,,,34.9538003098617,8.321703812904,5359.75046531844,705.135447051968,1
1049401,48339860,3,230,09:51:17,-79.333289,43.731295,,,34.9538003098617,10.2728939685612,5370.023359287,706.193484174083,1
1049401,48339860,3,231,09:51:24,-79.333979,43.730908,,,34.9538003098617,70.2601042333984,5440.2834635204,713.429789611488,1
1049401,48339860,3,232,09:51:25,-79.334097,43.730917,,,34.9538003098617,9.54451024269455,5449.8279737631,714.41280824091,1
1049401,48339860,3,233,09:51:26,-79.334117,43.730918,,,34.9538003098617,1.61262322435613,5451.44059698745,714.578897294353,1
1049401,48339860,3,234,09:51:26,-79.334171,43.730922,,,34.9538003098617,4.36645956942078,5455.80705655687,715.028612470115,1
1049401,48339860,3,235,09:51:27,-79.334248,43.730928,,,34.9538003098617,6.229697361869,5462.03675391874,715.670228268796,1
1049401,48339860,3,236,09:51:27,-79.334312,43.730922,,,34.9538003098617,5.19123121320934,5467.22798513195,716.204889227029,1
1049401,48339860,3,237,09:51:28,-79.33436,43.730915,,,34.9538003098617,3.9389110063981,5471.16689613835,716.610569853951,1
1049401,48339860,3,238,09:51:28,-79.334431,43.730905,,,34.9538003098617,5.81863540858215,5476.98553154693,717.209849110719,1
1049401,48339860,3,239,09:51:29,-79.334513,43.730887,,,34.9538003098617,6.89362355105484,5483.87915509799,717.919844721033,1
1049401,48339860,3,240,09:51:36,-79.335192,43.731262,24766,14,34.9538003098617,68.7439816066192,5552.62313670461,725,1
1049401,48339860,3,241,09:51:36,-79.335192,43.731262,24766,14,1e-12,0,5552.62313670461,725,1
1049401,48339860,3,242,09:51:38,-79.335302,43.731157,,,27.2819084691744,14.6599197090332,5567.28305641364,726.934458178105,1
1049401,48339860,3,243,09:51:40,-79.335462,43.731042,,,27.2819084691744,18.1528488506728,5585.43590526431,729.329827839882,1
1049401,48339860,3,244,09:51:43,-79.335637,43.730897,,,27.2819084691744,21.4172405059787,5606.85314577029,732.155952189234,1
1049401,48339860,3,245,09:51:44,-79.335675,43.730872,,,27.2819084691744,4.13379872656817,5610.98694449686,732.701429989383,1
1049401,48339860,3,246,09:51:45,-79.335765,43.730812,,,27.2819084691744,9.84995987877181,5620.83690437563,734.001187138105,1
1049401,48339860,3,247,09:51:47,-79.335905,43.73072,,,27.2819084691744,15.2219149636203,5636.05881933925,736.009803724842,1
1049401,48339860,3,248,09:51:49,-79.33609,43.73063,,,27.2819084691744,17.9395319857834,5653.99835132503,738.377025036423,1
1049401,48339860,3,249,09:51:50,-79.336124,43.730614,,,27.2819084691744,3.2637739424449,5657.26212526748,738.807698213341,1
1049401,48339860,3,250,09:51:53,-79.336375,43.730462,,,27.2819084691744,26.3429787946579,5683.60510406214,742.283801205473,1
1049401,48339860,3,251,09:51:58,-79.336709,43.730261,,,27.2819084691744,34.9639265998768,5718.56903066202,746.897486347837,1
1049401,48339860,3,252,09:52:00,-79.336891,43.730165,,,27.2819084691744,18.1255523005812,5736.6945829626,749.289254077569,1
1049401,48339860,3,253,09:52:02,-79.337034,43.730088,,,27.2819084691744,14.3453521396227,5751.03993510222,751.182203310245,1
1049401,48339860,3,254,09:52:04,-79.337204,43.729995,,,27.2819084691744,17.1516415214406,5768.19157662366,753.445458080231,1
1049401,48339860,3,255,09:52:08,-79.337459,43.729859,,,27.2819084691744,25.4942132700227,5793.68578989368,756.809561727004,1
1049401,48339860,3,256,09:52:10,-79.337613,43.729773,,,27.2819084691744,15.655963533578,5809.34175342726,758.875453443654,1
1049401,48339860,3,257,09:52:12,-79.337781,43.729672,,,27.2819084691744,17.5795068252994,5826.92126025256,761.195167427102,1
1049401,48339860,3,258,09:52:15,-79.337994,43.729552,,,27.2819084691744,21.7258780711485,5848.64713832371,764.062018224747,1
1049401,48339860,3,259,09:52:18,-79.338223,43.729418,,,27.2819084691744,23.7032057911927,5872.3503441149,767.189788444514,1
1049401,48339860,3,260,09:52:21,-79.338412,43.729321,,,27.2819084691744,18.6477305027198,5890.99807461762,769.65046050071,1
1049401,48339860,3,261,09:52:23,-79.338566,43.729242,,,27.2819084691744,15.1920748927575,5906.19014951038,771.65513952365,1
1049401,48339860,3,262,09:52:25,-79.338706,43.72916,,,27.2819084691744,14.4965924385624,5920.68674194894,773.568045757383,1
1049401,48339860,3,263,09:52:27,-79.338867,43.729055,,,27.2819084691744,17.4456757187673,5938.13241766771,775.870099979819,1
1049401,48339860,3,264,09:52:29,-79.339,43.728967,,,27.2819084691744,14.5060724244434,5952.63849009215,777.784257150568,1
1049401,48339860,3,265,09:52:31,-79.339148,43.728869,,,27.2819084691744,16.1477627181504,5968.7862528103,779.915044512861,1
1049401,48339860,3,266,09:52:33,-79.339276,43.728775,,,27.2819084691744,14.6804116796293,5983.46666448993,781.85220672079,1
1049401,48339860,3,267,09:52:35,-79.339404,43.728682,,,27.2819084691744,14.6012844838415,5998.06794897377,783.778927653866,1
1049401,48339860,3,268,09:52:36,-79.339502,43.728602,,,27.2819084691744,11.8935053035172,6009.96145427729,785.348342020205,1
1049401,48339860,3,269,09:52:37,-79.339512,43.728591,,,27.2819084691744,1.4651027509162,6011.42655702821,785.541670500478,1
1049401,48339860,3,270,09:52:38,-79.33957,43.72854,,,27.2819084691744,7.34845673118862,6018.77501375939,786.511340355583,1
1049401,48339860,3,271,09:52:39,-79.339626,43.728485,,,27.2819084691744,7.60123046440978,6026.3762442238,787.514365114748,1
1049401,48339860,3,272,09:52:40,-79.339683,43.728427,,,27.2819084691744,7.91901865384225,6034.29526287765,788.559323798121,1
1049401,48339860,3,273,09:52:41,-79.33974,43.728345,,,27.2819084691744,10.2150929092129,6044.51035578686,789.907262286908,1
1049401,48339860,3,274,09:52:43,-79.339833,43.728242,,,27.2819084691744,13.6906707057932,6058.20102649265,791.7138226526,1
1049401,48339860,3,275,09:52:45,-79.339926,43.728119,,,27.2819084691744,15.6027768913604,6073.80380338401,793.772696095136,1
1049401,48339860,3,276,09:52:47,-79.340008,43.727989,,,27.2819084691744,15.9039758413566,6089.70777922537,795.871314419202,1
1049401,48339860,3,277,09:52:49,-79.340081,43.727874,,,27.2819084691744,14.0843461088928,6103.79212533426,797.72982245024,1
1049401,48339860,3,278,09:52:50,-79.340155,43.727808,,,27.2819084691744,9.45596378919304,6113.24808912346,798.977589617246,1
1049401,48339860,3,279,09:52:51,-79.340273,43.727753,,,27.2819084691744,11.2955403574484,6124.5436294809,800.468099173525,1
1049401,48339860,3,280,09:52:54,-79.340465,43.727715,,,27.2819084691744,16.0138821939239,6140.55751167483,802.581220253865,1
1049401,48339860,3,281,09:52:58,-79.340859,43.727656,,,27.2819084691744,32.3679580316561,6172.92546970648,806.852352863434,1
1049401,48339860,3,282,09:53:05,-79.3410022464126,43.7281560002683,,,27.2819084691744,56.8400704822071,6229.76554018869,814.352717215405,1
1049401,48339860,3,283,09:53:13,-79.3411454952168,43.7286560003578,,,27.2819084691744,56.8400704836948,6286.60561067239,821.853081567573,1
1049401,48339860,3,284,09:53:20,-79.3412887464125,43.7291560002684,,,27.2819084691744,56.840070482308,6343.44568115469,829.353445919558,1
1049401,48339860,3,285,09:53:28,-79.341432,43.729656,,,27.2819084691744,56.8400704840799,6400.28575163877,836.853810271776,1
1049401,48339860,3,286,09:53:39,-79.3416384973486,43.7304250001859,,,27.2819084691744,87.2013749717166,6487.48712661049,848.36051810539,1
1049401,48339860,3,287,09:53:51,-79.341845,43.731194,,,27.2819084691744,87.2013749747644,6574.68850158525,859.867225939406,1
1049401,48339860,3,288,09:53:59,-79.3419774988628,43.7317080000765,,,27.2819084691744,58.2023842364804,6632.89088582174,867.54735519019,1
1049401,48339860,3,289,09:54:06,-79.34211,43.732222,,,27.2819084691744,58.2023842368962,6691.09327005863,875.22748444103,1
1049401,48339860,3,290,09:54:09,-79.341877,43.732304,,,27.2819084691744,20.8465821435992,6711.93985220223,877.978307236354,1
1049401,48339860,3,291,09:54:13,-79.341505,43.732408,,,27.2819084691744,32.0841015414778,6744.02395374371,882.211983398703,1
1049401,48339860,3,292,09:54:16,-79.341295,43.732473,,,27.2819084691744,18.3762518005823,6762.40020554429,884.636832325853,1
1049401,48339860,3,293,09:54:18,-79.341084,43.732543,,,27.2819084691744,18.6755054045808,6781.07571094887,887.101169435277,1
1049401,48339860,3,294,09:54:20,-79.340927,43.732619,,,27.2819084691744,15.2005424270576,6796.27625337593,889.1069657966,1
1049401,48339860,3,295,09:54:22,-79.340777,43.732676,,,27.2819084691744,13.6322185826646,6809.90847195859,890.905813078601,1
1049401,48339860,3,296,09:54:23,-79.340676,43.732713,,,27.2819084691744,9.10853242698275,6819.01700438558,892.107734739404,1
1049401,48339860,3,297,09:54:24,-79.340621,43.732733,,,27.2819084691744,4.95263605119429,6823.96964043677,892.761262691983,1
1049401,48339860,3,298,09:54:25,-79.340529,43.732798,,,27.2819084691744,10.3498040110028,6834.31944444777,894.126977062065,1
1049401,48339860,3,299,09:54:27,-79.340409,43.732902,,,27.2819084691744,15.0731546719636,6849.39259911974,896.115963898538,1
1049401,48339860,3,300,09:54:29,-79.340322,43.732995,,,27.2819084691744,12.4959923933108,6861.88859151305,897.764879797026,1
1049401,48339860,3,301,09:54:29,-79.340285,43.733032,,,27.2819084691744,5.08154021010901,6866.97013172316,898.435417372397,1
1049401,48339860,3,302,09:54:31,-79.340222,43.733096,,,27.2819084691744,8.74282241646826,6875.71295413962,899.589081557395,1
1049401,48339860,3,303,09:54:32,-79.340148,43.733197,,,27.2819084691744,12.7216501824422,6888.43460432207,901.26777425987,1
1049401,48339860,3,304,09:54:34,-79.340091,43.733278,,,27.2819084691744,10.1155729722302,6898.5501772943,902.602580537853,1
1049401,48339860,3,305,09:54:35,-79.340042,43.733397,,,27.2819084691744,13.8209155871878,6912.37109288148,904.426327442147,1
1049401,48339860,3,306,09:54:37,-79.340008,43.733479,,,27.2819084691744,9.52906924290046,6921.90016212439,905.683741281549,1
1049401,48339860,3,307,09:54:38,-79.339977,43.733554,,,27.2819084691744,8.71336226112502,6930.61352438551,906.833518034722,1
1049401,48339860,3,308,09:54:39,-79.339963,43.733633,,,27.2819084691744,8.86604415478082,6939.47956854029,908.003442015417,1
1049401,48339860,3,309,09:54:40,-79.339954,43.733704,,,27.2819084691744,7.9367671527254,6947.41633569302,909.050742712217,1
1049401,48339860,3,310,09:54:41,-79.339945,43.733747,,,27.2819084691744,4.84116878944057,6952.25750448246,909.689561937847,1
1049401,48339860,3,311,09:54:41,-79.339933,43.733796,,,27.2819084691744,5.53939627033209,6957.79690075279,910.420516174268,1
1049401,48339860,3,312,09:54:43,-79.339954,43.733924,,,27.2819084691744,14.3486644424944,6972.14556519528,912.313902483784,1
1049401,48339860,3,313,09:54:49,-79.340042,43.734329,,,27.2819084691744,45.6366519272333,7017.78221712252,918.335913265165,1
1049401,48339860,3,314,09:54:56,-79.3401687471045,43.7347850002101,,,27.2819084691744,51.775328278243,7069.55754540076,925.167956632376,1
1049401,48339860,3,315,09:55:03,-79.3402954961393,43.7352410002801,24009,15,27.2819084691744,51.7753282813736,7121.33287368213,932,1
1049401,48339860,3,316,09:55:03,-79.3402954961393,43.7352410002801,24009,15,1e-12,0,7121.33287368213,932,1
1049401,48339860,3,317,09:55:20,-79.3404222471044,43.7356970002101,,,11.2081627049523,51.7753282814617,7173.1082019636,948.6299496822,1
1049401,48339860,3,318,09:55:36,-79.340549,43.736153,,,11.2081627049523,51.775328279022,7224.88353024262,965.259899363616,1
1049401,48339860,3,319,09:55:59,-79.3407264981147,43.7367890001374,,,11.2081627049523,72.2242643915264,7297.10779463414,988.457934461251,1
1049401,48339860,3,320,09:56:23,-79.340904,43.737425,,,11.2081627049523,72.2242643895638,7369.33205902371,1011.65596955826,1
1049401,48339860,3,321,09:56:32,-79.340977,43.737695,,,11.2081627049523,30.6243702005355,7399.95642922424,1021.49234824263,1
1049401,48339860,3,322,09:56:49,-79.341594754039,43.7375645049905,,,11.2081627049523,51.7658737513775,7451.72230297562,1038.11926118194,1
1049401,48339860,3,323,09:57:06,-79.3422125053854,43.737434006654,,,11.2081627049523,51.7658737516928,7503.48817672731,1054.74617412136,1
1049401,48339860,3,324,09:57:22,-79.3428302540391,43.7373035049905,,,11.2081627049523,51.7658737522534,7555.25405047957,1071.37308706096,1
1049401,48339860,3,325,09:57:39,-79.343448,43.737173,5459,16,11.2081627049523,51.7658737504988,7607.01992423007,1088,1
1049401,48339860,3,326,09:57:39,-79.343448,43.737173,5459,16,1e-12,0,7607.01992423007,1088,1
1049401,48339860,3,327,09:57:59,-79.3441795019118,43.7370165023325,,,10.8068755040249,61.3601384991767,7668.38006272924,1108.44036673826,1
1049401,48339860,3,328,09:58:20,-79.344911,43.73686,,,10.8068755040249,61.3601385004871,7729.74020122973,1128.88073347697,1
1049401,48339860,3,329,09:58:23,-79.34504,43.736832,,,10.8068755040249,10.8336525845856,7740.57385381432,1132.48965349182,1
1049401,48339860,3,330,09:58:45,-79.3457930020435,43.7366695024716,,,10.8068755040249,63.2083828449624,7803.78223665928,1153.54570971798,1
1049401,48339860,3,331,09:59:06,-79.346546,43.736507,,,10.8068755040249,63.2083828434319,7866.99061950271,1174.60176594363,1
1049401,48339860,3,332,09:59:11,-79.346465,43.736379,,,10.8068755040249,15.6676574978514,7882.65827700056,1179.82099577294,1
1049401,48339860,3,333,09:59:16,-79.346419,43.73625,,,10.8068755040249,14.8291827962636,7897.48745979682,1184.76091185199,1
1049401,48339860,3,334,09:59:21,-79.34637,43.736115,,,10.8068755040249,15.5363263873425,7913.02378618417,1189.9363924961,1
1049401,48339860,3,335,09:59:26,-79.346367,43.735978,,,10.8068755040249,15.2526789862731,7928.27646517044,1195.01738416017,1
1049401,48339860,3,336,09:59:32,-79.346421,43.735833,,,10.8068755040249,16.7154708439935,7944.99193601443,1200.58566289309,1
1049401,48339860,3,337,09:59:37,-79.346532,43.735726,,,10.8068755040249,14.8857396601071,7959.87767567454,1205.54441926596,1
1049401,48339860,3,338,09:59:57,-79.347141,43.735412,,,10.8068755040249,60.176255062735,8020.05393073728,1225.59040926049,1
1049401,48339860,3,339,10:00:13,-79.347627,43.735161,,,10.8068755040249,48.0496702373108,8068.10360097459,1241.59677602116,1
1049401,48339860,3,340,10:00:18,-79.34779,43.735071,,,10.8068755040249,16.5004090366878,8084.60401001127,1247.09341309355,1
1049401,48339860,3,341,10:00:23,-79.347941,43.734992,,,10.8068755040249,14.9950014458379,8099.59901145711,1252.0885668903,1
1049401,48339860,3,342,10:00:27,-79.348033,43.734916,,,10.8068755040249,11.2398611066284,8110.83887256374,1255.83280360042,1
1049401,48339860,3,343,10:00:31,-79.348112,43.734827,,,10.8068755040249,11.7700349085178,8122.60890747226,1259.7536524762,1
1049401,48339860,3,344,10:00:36,-79.348161,43.734704,,,10.8068755040249,14.2482437833235,8136.85715125558,1264.50004541844,1
1049401,48339860,3,345,10:00:39,-79.348181,43.734607,,,10.8068755040249,10.9171626169656,8147.77431387255,1268.13678440063,1
1049401,48339860,3,346,10:00:42,-79.348183,43.734526,,,10.8068755040249,9.01831363228004,8156.79262750483,1271.14097641377,1
1049401,48339860,3,347,10:00:44,-79.348178,43.734482,,,10.8068755040249,4.91454055899953,8161.70716806383,1272.77811436412,1
1049401,48339860,3,348,10:00:46,-79.348158,43.734427,,,10.8068755040249,6.33038259172164,8168.03755065555,1274.8868993984,1
1049401,48339860,3,349,10:00:48,-79.348137,43.734372,,,10.8068755040249,6.35129940654917,8174.3888500621,1277.00265226842,1
1049401,48339860,3,350,10:00:51,-79.348092,43.734298,24037,17,10.8068755040249,8.99776771596097,8183.38661777806,1280,1
1049401,48339860,3,351,10:00:51,-79.348092,43.734298,24037,17,1e-12,0,8183.38661777806,1280,1
1049401,48339860,3,352,10:00:55,-79.348014,43.734218,,,9.08986866529471,10.8936005422344,8194.28021832029,1284.31435957945,1
1049401,48339860,3,353,10:01:00,-79.347933,43.734134,,,9.08986866529471,11.3967477185923,8205.67696603889,1288.82798824645,1
1049401,48339860,3,354,10:01:37,-79.347228,43.733474,,,9.08986866529471,92.8095385089105,8298.48650454779,1325.58477219292,1
1049401,48339860,3,355,10:02:02,-79.346725,43.733013,,,9.08986866529471,65.3491370020983,8363.83564154989,1351.46599246905,1
1049401,48339860,3,356,10:02:10,-79.346923,43.732904,,,9.08986866529471,20.0219411980359,8383.85758274793,1359.39558870053,1
1049401,48339860,3,357,10:02:35,-79.347529,43.732558,24035,18,9.08986866529471,62.1252409164195,8445.98282366435,1384,1
1049401,48339860,3,358,10:02:35,-79.347529,43.732558,24035,18,1e-12,0,8445.98282366435,1384,1
1049401,48339860,3,359,10:02:47,-79.347617,43.732516,,,2.52368523012186,8.48313848291935,8454.46596214727,1396.10107273839,1
1049401,48339860,3,360,10:02:59,-79.347529,43.732558,,,2.52368523012186,8.48313848291935,8462.94910063019,1408.20214547678,1
1049401,48339860,3,361,10:04:28,-79.346923,43.732904,,,2.52368523012186,62.1252409164195,8525.07434154661,1496.82289129314,1
1049401,48339860,3,362,10:04:56,-79.346725,43.733013,,,2.52368523012186,20.0219411980359,8545.09628274465,1525.38389702104,1
1049401,48339860,3,363,10:05:29,-79.346526,43.733161,,,2.52368523012186,22.970653275939,8568.06693602058,1558.15119731917,1
1049401,48339860,3,364,10:05:53,-79.34638,43.733268,,,2.52368523012186,16.7268913486008,8584.79382736918,1582.0118627208,1
1049401,48339860,3,365,10:06:50,-79.346022,43.733518,,,2.52368523012186,40.0462998183753,8624.84012718756,1639.13732259409,1
1049401,48339860,3,366,10:07:12,-79.345886,43.733612,,,2.52368523012186,15.1380970287834,8639.97822421634,1660.73159617987,1
1049401,48339860,3,367,10:07:33,-79.345754,43.73371,,,2.52368523012186,15.2231087033844,8655.20133291973,1682.44713767374,1
1049401,48339860,3,368,10:08:00,-79.345586,43.733825,24034,19,2.52368523012186,18.6141851306252,8673.81551805035,1709,1
1049401,48339860,3,369,10:08:00,-79.345586,43.733825,24034,19,1e-12,0,8673.81551805035,1709,1
1049401,48339860,3,370,,-79.345416,43.73391,,,,16.6285497409196,8690.44406779127,,1
1049401,48339860,3,371,,-79.345179,43.734023,,,,22.8392850398648,8713.28335283114,,1
1049401,48339860,3,372,,-79.345004,43.734088,,,,15.8269290401329,8729.11028187127,,1
1049401,48339860,3,373,,-79.344869,43.734143,,,,12.4658095928793,8741.57609146415,,1
1049401,48339860,3,374,,-79.344689,43.734199,,,,15.7632394639338,8757.33933092808,,1
1049401,48339860,3,375,,-79.344405,43.734284,,,,24.7255210754163,8782.0648520035,,1
1049401,48339860,3,376,,-79.344273,43.734322,,,,11.4289835413776,8793.49383554488,,1
1049401,48339860,3,377,,-79.344083,43.734358,,,,15.7992076029439,8809.29304314782,,1
1049401,48339860,3,378,,-79.343877,43.734386,,,,16.8600635628678,8826.15310671069,,1
1049401,48339860,3,379,,-79.34361,43.734405,,,,21.5798189454623,8847.73292565615,,1
1049401,48339860,3,380,,-79.343478,43.734398,,,,10.6458636788784,8858.37878933503,,1
1049401,48339860,3,381,,-79.343117,43.733663,,,,86.8195009643813,8945.19829029941,,1
