shape_id,trip_id,route_type,id,timestamp,shape_pt_lon,shape_pt_lat,stop_id,stop_sequence,speed,dist,cumdist,cumtime,trip_number
1050225,48355604,3,1,,-79.358347,43.676715,,,1e-12,0,0,0,1
1050225,48355604,3,2,,-79.35845,43.676649,,,,11.0791927960535,11.0791927960535,,1
1050225,48355604,3,3,01:59:00,-79.358524,43.676617,14160,1,,6.94158461418275,18.0207774102362,,1
1050225,48355604,3,4,01:59:00,-79.358524,43.676617,14160,1,1e-12,0,18.0207774102362,0,1
1050225,48355604,3,5,01:59:03,-79.35874,43.676647,,,20.7213178595418,17.7082812351739,35.7290586454101,3.07653272242385,1
1050225,48355604,3,6,01:59:06,-79.358845,43.676775,,,20.7213178595418,16.5679308225994,52.2969894680096,5.95494766522117,1
1050225,48355604,3,7,01:59:16,-79.358717,43.677263,,,20.7213178595418,55.2927595243797,107.589748992389,15.5611867875126,1
1050225,48355604,3,8,01:59:21,-79.358652,43.67752,,,20.7213178595418,29.0838003577438,136.673549350133,20.6140353561989,1
1050225,48355604,3,9,01:59:29,-79.3585375008549,43.6779680000572,,,20.7213178595418,50.7159579603273,187.38950731046,29.4251278694632,1
1050225,48355604,3,10,01:59:38,-79.358423,43.678416,,,20.7213178595418,50.7159579601371,238.105465270597,38.2362203826944,1
1050225,48355604,3,11,01:59:51,-79.3582500056052,43.6790640003914,6070,2,20.7213178595418,73.4673151498138,311.572780420411,51,1
1050225,48355604,3,12,01:59:51,-79.3582500056052,43.6790640003914,6070,2,1e-12,0,311.572780420411,51,1
1050225,48355604,3,13,02:00:01,-79.3580770074737,43.6797120005218,,,27.3602415036154,73.4673151497764,385.040095570188,60.6666666668219,1
1050225,48355604,3,14,02:00:10,-79.3579040056054,43.6803600003914,,,27.3602415036154,73.4673151495213,458.507410719709,70.3333333336102,1
1050225,48355604,3,15,02:00:20,-79.357731,43.681008,9364,3,27.3602415036154,73.4673151464929,531.974725866202,80,1
1050225,48355604,3,16,02:00:20,-79.357731,43.681008,9364,3,1e-12,0,531.974725866202,80,1
1050225,48355604,3,17,02:00:25,-79.357689,43.68128,,,23.8592448490483,30.4671074760114,562.441833342213,84.5970267545168,1
1050225,48355604,3,18,02:00:32,-79.357576,43.681702,,,23.8592448490483,47.8495459426313,610.291379284844,91.8168011641139,1
1050225,48355604,3,19,02:00:36,-79.357517,43.68194,,,23.8592448490483,26.9164353895905,637.207814674435,95.8780850821752,1
1050225,48355604,3,20,02:00:44,-79.357388,43.682422,,,23.8592448490483,54.6517609451389,691.859575619574,104.124211086886,1
1050225,48355604,3,21,02:00:53,-79.35722,43.682925,,,23.8592448490483,57.6039039626232,749.463479582197,112.815770923647,1
1050225,48355604,3,22,02:01:01,-79.3570975009281,43.6833795000654,,,23.8592448490483,51.5468249653052,801.010304547502,120.59340894401,1
1050225,48355604,3,23,02:01:08,-79.356975,43.683834,,,23.8592448490483,51.5468249674617,852.557129514964,128.371046964698,1
1050225,48355604,3,24,02:01:10,-79.356949,43.683931,,,23.8592448490483,10.9989755890036,863.556105103967,130.030626401136,1
1050225,48355604,3,25,02:01:21,-79.3567625019866,43.6845700001516,2329,4,23.8592448490483,72.7002695933301,936.256374697297,141,1
1050225,48355604,3,26,02:01:21,-79.3567625019866,43.6845700001516,2329,4,1e-12,0,936.256374697297,141,1
1050225,48355604,3,27,02:01:33,-79.356576,43.685209,,,22.6579373439423,72.700269589942,1008.95664428724,152.550961879315,1
1050225,48355604,3,28,02:01:47,-79.356297,43.685979,,,22.6579373439423,88.609587516935,1097.56623180417,166.629671261317,1
1050225,48355604,3,29,02:01:57,-79.3560725020678,43.6865315002197,,,22.6579373439423,64.1041155904034,1161.67034739458,176.814835630974,1
1050225,48355604,3,30,02:02:07,-79.355848,43.687084,5662,5,22.6579373439423,64.1041155864271,1225.77446298101,187,1
1050225,48355604,3,31,02:02:07,-79.355848,43.687084,5662,5,1e-12,0,1225.77446298101,187,1
1050225,48355604,3,32,02:02:22,-79.355532,43.687859,,,21.9246200845343,89.9444742579378,1315.71893723894,201.768789884619,1
1050225,48355604,3,33,02:02:35,-79.355266,43.688547,,,21.9246200845343,79.5246219750645,1395.24355921401,214.826650773719,1
1050225,48355604,3,34,02:02:40,-79.354881,43.688496,4157,6,21.9246200845343,31.5065878752289,1426.75014708924,220,1
1050225,48355604,3,35,02:02:40,-79.354881,43.688496,4157,6,1e-12,0,1426.75014708924,220,1
1050225,48355604,3,36,02:02:45,-79.354457,43.68842,,,26.0052622397101,35.1631763354016,1461.91332342464,224.867762287517,1
1050225,48355604,3,37,02:02:45,-79.354438,43.688416,,,26.0052622397101,1.59292285804018,1463.50624628268,225.088276206434,1
1050225,48355604,3,38,02:02:46,-79.354344,43.688402,,,26.0052622397101,7.72544382153706,1471.23169010422,226.157736591074,1
1050225,48355604,3,39,02:02:47,-79.354261,43.688393,,,26.0052622397101,6.7558609436111,1477.98755104783,227.092974204631,1
1050225,48355604,3,40,02:02:48,-79.354173,43.688392,,,26.0052622397101,7.08451504777133,1485.0720660956,228.073708562811,1
1050225,48355604,3,41,02:02:49,-79.354076,43.688401,,,26.0052622397101,7.87211715796578,1492.94418325356,229.163473453757,1
1050225,48355604,3,42,02:02:58,-79.353311,43.688552,6140,7,26.0052622397101,63.8322750342233,1556.77645828779,238,1
1050225,48355604,3,43,02:02:58,-79.353311,43.688552,6140,7,1e-12,0,1556.77645828779,238,1
1050225,48355604,3,44,02:03:14,-79.3523272594719,43.6887445126547,,,19.0533801432469,82.0353867280902,1638.81184501588,253.500000000042,1
1050225,48355604,3,45,02:03:29,-79.3513435126291,43.688937016873,14568,8,19.0533801432469,82.0353867276469,1720.84723174352,269,1
1050225,48355604,3,46,02:03:29,-79.3513435126291,43.688937016873,14568,8,1e-12,0,1720.84723174352,269,1
1050225,48355604,3,47,02:03:39,-79.3503597594717,43.6891295126548,,,30.3636993534477,82.0353867278788,1802.8826184714,278.726331063373,1
1050225,48355604,3,48,02:03:48,-79.349376,43.689322,,,30.3636993534477,82.0353867286653,1884.91800520007,288.45266212684,1
1050225,48355604,3,49,02:03:54,-79.348815,43.689432,9250,9,30.3636993534477,46.7882498312869,1931.70625503135,294,1
1050225,48355604,3,50,02:03:54,-79.348815,43.689432,9250,9,1e-12,0,1931.70625503135,294,1
1050225,48355604,3,51,02:04:02,-79.3479532571121,43.6895970097106,,,30.3909519981996,71.7564144400194,2003.46266947137,302.499999999979,1
1050225,48355604,3,52,02:04:11,-79.3470915094827,43.6897620129475,,,30.3909519981996,71.7564144401741,2075.21908391155,310.999999999977,1
1050225,48355604,3,53,02:04:20,-79.346229757112,43.6899270097107,,,30.3909519981996,71.7564144405669,2146.97549835212,319.500000000021,1
1050225,48355604,3,54,02:04:28,-79.345368,43.690092,6304,10,30.3909519981996,71.7564144400133,2218.73191279213,328,1
1050225,48355604,3,55,02:04:28,-79.345368,43.690092,6304,10,1e-12,0,2218.73191279213,328,1
1050225,48355604,3,56,02:04:34,-79.3446937544434,43.6902237559447,,,32.8239873266559,56.2193563303169,2274.95126912245,334.165907900677,1
1050225,48355604,3,57,02:04:40,-79.3440195059245,43.6903555079262,,,32.8239873266559,56.2193563289811,2331.17062545143,340.331815801207,1
1050225,48355604,3,58,02:04:46,-79.3433452544433,43.6904872559447,,,32.8239873266559,56.2193563292647,2387.38998178069,346.497723701768,1
1050225,48355604,3,59,02:04:53,-79.342671,43.690619,,,32.8239873266559,56.2193563300697,2443.60933811076,352.663631602418,1
1050225,48355604,3,60,02:04:54,-79.342522,43.690657,,,32.8239873266559,12.7175761777643,2456.32691428853,354.058443079291,1
1050225,48355604,3,61,02:04:56,-79.342354,43.69069,,,32.8239873266559,14.0128875837596,2470.33980187228,355.59531898652,1
1050225,48355604,3,62,02:04:57,-79.342213,43.690748,,,32.8239873266559,13.0574715572921,2483.39727342958,357.027408791407,1
1050225,48355604,3,63,02:04:58,-79.342106,43.690814,,,32.8239873266559,11.3207164281242,2494.7179898577,358.269018433029,1
1050225,48355604,3,64,02:04:59,-79.342053,43.69086,24189,11,32.8239873266559,6.66492491396366,2501.38291477166,359,1
1050225,48355604,3,65,02:04:59,-79.342053,43.69086,24189,11,1e-12,0,2501.38291477166,359,1
1050225,48355604,3,66,02:05:03,-79.34169,43.691172,,,40.9673202065101,45.3874912099032,2546.77040598157,362.988422174846,1
1050225,48355604,3,67,02:05:07,-79.341149,43.691293,,,40.9673202065101,45.5818561726409,2592.35226215421,366.99392415531,1
1050225,48355604,3,68,02:05:11,-79.340654,43.691404,,,40.9673202065101,41.7155578061721,2634.06781996038,370.659675474782,1
1050225,48355604,3,69,02:05:18,-79.339679,43.691618,,,40.9673202065101,82.0154078563536,2716.08322781673,377.866772907431,1
1050225,48355604,3,70,02:05:25,-79.338715,43.691823,,,40.9673202065101,80.8799472764124,2796.96317509315,384.974091832061,1
1050225,48355604,3,71,02:05:32,-79.337763,43.692028,9351,12,40.9673202065101,79.953508238194,2876.91668333134,392,1
1050225,48355604,3,72,02:05:32,-79.337763,43.692028,9351,12,1e-12,0,2876.91668333134,392,1
1050225,48355604,3,73,02:05:40,-79.33677,43.692252,,,37.4019195935754,83.7268141836031,2960.64349751494,400.058851907503,1
1050225,48355604,3,74,02:05:49,-79.335697,43.692501,,,37.4019195935754,90.7053994630359,3051.34889697798,408.789404820702,1
1050225,48355604,3,75,02:05:58,-79.334555,43.69274,7222,13,37.4019195935754,95.6927611958499,3147.04165817383,418,1
1050225,48355604,3,76,02:05:58,-79.334555,43.69274,7222,13,1e-12,0,3147.04165817383,418,1
1050225,48355604,3,77,02:06:00,-79.334295,43.692794,,,36.2323208601738,21.7736467602388,3168.81530493407,420.163403460666,1
1050225,48355604,3,78,02:06:08,-79.333399,43.69297,,,36.2323208601738,74.7328375449926,3243.54814247906,427.588768680858,1
1050225,48355604,3,79,02:06:10,-79.333079,43.693044,,,36.2323208601738,27.041946916791,3270.59008939585,430.275624134478,1
1050225,48355604,3,80,02:06:16,-79.332368,43.693193,,,36.2323208601738,59.5832959076157,3330.17338530347,436.195749044367,1
1050225,48355604,3,81,02:06:19,-79.332052,43.693257,,,36.2323208601738,26.4136261000712,3356.58701140354,438.820175294267,1
1050225,48355604,3,82,02:06:27,-79.331139,43.693476,,,36.2323208601738,77.4249664492399,3434.01197785278,446.513027217635,1
1050225,48355604,3,83,02:06:35,-79.330127,43.693707,1554,14,36.2323208601738,85.4174224950591,3519.42940034784,455,1
1050225,48355604,3,84,02:06:35,-79.330127,43.693707,1554,14,1e-12,0,3519.42940034784,455,1
1050225,48355604,3,85,02:06:36,-79.329975,43.69372,,,31.7788782995249,12.3195855567205,3531.74898590456,456.395597024734,1
1050225,48355604,3,86,02:06:45,-79.329065,43.693895,,,31.7788782995249,75.7910766538608,3607.54006255842,464.981421652722,1
1050225,48355604,3,87,02:06:55,-79.328018,43.694136,6030,15,31.7788782995249,88.4386616756686,3695.97872423409,475,1
1050225,48355604,3,88,02:06:55,-79.328018,43.694136,6030,15,1e-12,0,3695.97872423409,475,1
1050225,48355604,3,89,02:07:10,-79.326986,43.694359,,,20.5531259307124,86.6938121988992,3782.67253643299,490.18492734235,1
1050225,48355604,3,90,02:07:21,-79.3262435061475,43.6945245072091,,,20.5531259307124,62.5372712496708,3845.20980768266,501.138695506754,1
1050225,48355604,3,91,02:07:32,-79.3255010081967,43.6946900096121,,,20.5531259307124,62.5372712508166,3907.74707893347,512.092463671358,1
1050225,48355604,3,92,02:07:43,-79.3247585061475,43.6948555072091,,,20.5531259307124,62.5372712503988,3970.28435018387,523.046231835889,1
1050225,48355604,3,93,02:07:54,-79.324016,43.695021,8426,16,20.5531259307124,62.5372712480008,4032.82162143187,534,1
1050225,48355604,3,94,02:07:54,-79.324016,43.695021,8426,16,1e-12,0,4032.82162143187,534,1
1050225,48355604,3,95,02:08:08,-79.32303,43.695236,,,21.770784280374,82.890531425698,4115.71215285757,547.706713974541,1
1050225,48355604,3,96,02:08:17,-79.3223325016575,43.6953785021206,,,21.770784280374,58.3374955730928,4174.04964843067,557.353356987418,1
1050225,48355604,3,97,02:08:27,-79.321635,43.695521,1283,17,21.770784280374,58.337495571305,4232.38714400197,567,1
1050225,48355604,3,98,02:08:27,-79.321635,43.695521,1283,17,1e-12,0,4232.38714400197,567,1
1050225,48355604,3,99,02:08:36,-79.320946,43.695671,,,22.5635057767055,57.9144219525536,4290.30156595452,576.240227165605,1
1050225,48355604,3,100,02:08:50,-79.319915,43.695882,9923,18,22.5635057767055,86.2413093986196,4376.54287535314,590,1
1050225,48355604,3,101,02:08:50,-79.319915,43.695882,9923,18,1e-12,0,4376.54287535314,590,1
1050225,48355604,3,102,02:08:59,-79.3192935014614,43.6960230016836,,,22.1727291054639,52.4266245770331,4428.96949993018,598.512071183462,1
1050225,48355604,3,103,02:09:07,-79.318672,43.696164,,,22.1727291054639,52.4266245764837,4481.39612450666,607.024142366834,1
1050225,48355604,3,104,02:09:16,-79.3180520014475,43.6963040016755,,,22.1727291054639,52.277929532115,4533.67405403878,615.512071183374,1
1050225,48355604,3,105,02:09:24,-79.317432,43.696444,1447,19,22.1727291054639,52.2779295326387,4585.95198357141,624,1
1050225,48355604,3,106,02:09:24,-79.317432,43.696444,1447,19,1e-12,0,4585.95198357141,624,1
1050225,48355604,3,107,02:09:37,-79.3165425028333,43.6966350034487,,,21.5083835506232,74.6818873291879,4660.6338709006,636.500000000106,1
1050225,48355604,3,108,02:09:49,-79.315653,43.696826,10190,20,21.5083835506232,74.6818873279186,4735.31575822852,649,1
1050225,48355604,3,109,02:09:49,-79.315653,43.696826,10190,20,1e-12,0,4735.31575822852,649,1
1050225,48355604,3,110,02:09:55,-79.315197,43.696919,,,23.2039920176317,38.1331634665263,4773.44892169505,654.91619702227,1
1050225,48355604,3,111,02:10:01,-79.314721,43.69703,,,23.2039920176317,40.2539704735784,4813.70289216862,661.161428170202,1
1050225,48355604,3,112,02:10:03,-79.314588,43.697048,,,23.2039920176317,10.8903387077457,4824.59323087637,662.851017587321,1
1050225,48355604,3,113,02:10:05,-79.314405,43.697055,,,23.2039920176317,14.7492243140849,4839.34245519046,665.139296582175,1
1050225,48355604,3,114,02:10:12,-79.313876,43.697038,,,23.2039920176317,42.6182308825491,4881.960686073,671.751332608587,1
1050225,48355604,3,115,02:10:21,-79.313137,43.697002,3351,21,23.2039920176317,59.6127789789086,4941.57346505191,681,1
1050225,48355604,3,116,02:10:21,-79.313137,43.697002,3351,21,1e-12,0,4941.57346505191,681,1
1050225,48355604,3,117,02:10:28,-79.31267,43.696965,,,19.8460239677138,37.8112106566937,4979.38467570861,687.858822632964,1
1050225,48355604,3,118,02:10:33,-79.312317,43.696925,,,19.8460239677138,28.7578247884288,5008.14250049704,693.075392430862,1
1050225,48355604,3,119,02:10:42,-79.311737,43.697052,,,19.8460239677138,48.774799420493,5056.91729991753,701.922972087091,1
1050225,48355604,3,120,02:10:44,-79.311619,43.697078,,,19.8460239677138,9.92838165683926,5066.84568157437,703.723946127169,1
1050225,48355604,3,121,02:10:52,-79.311104,43.697205,,,19.8460239677138,43.7940579181541,5110.63973949252,711.668036528443,1
1050225,48355604,3,122,02:11:07,-79.310096,43.697418,4810,22,19.8460239677138,84.5218095912896,5195.16154908381,727,1
1050225,48355604,3,123,02:11:07,-79.310096,43.697418,4810,22,1e-12,0,5195.16154908381,727,1
1050225,48355604,3,124,02:11:09,-79.309924,43.697451,,,23.1250939126385,14.3223384371078,5209.48388752092,729.229630658728,1
1050225,48355604,3,125,02:11:10,-79.309868,43.697458,,,23.1250939126385,4.57395565589939,5214.05784317682,729.941681404271,1
1050225,48355604,3,126,02:11:11,-79.309786,43.697457,,,23.1250939126385,6.60060604620287,5220.65844922302,730.969231037414,1
1050225,48355604,3,127,02:11:12,-79.309739,43.697447,,,23.1250939126385,3.94313303017021,5224.60158225319,731.583078443277,1
1050225,48355604,3,128,02:11:12,-79.309685,43.697432,,,23.1250939126385,4.65585624494555,5229.25743849814,732.307879066579,1
1050225,48355604,3,129,02:11:13,-79.309636,43.697412,,,23.1250939126385,4.52875570589525,5233.78619420403,733.01289330794,1
1050225,48355604,3,130,02:11:14,-79.309581,43.697375,,,23.1250939126385,6.04645111717681,5239.83264532121,733.954174848421,1
1050225,48355604,3,131,02:11:15,-79.309543,43.697348,,,23.1250939126385,4.28806739401709,5244.12071271523,734.621719926368,1
1050225,48355604,3,132,02:11:15,-79.309513,43.697315,,,23.1250939126385,4.39599980928256,5248.51671252451,735.306067387754,1
1050225,48355604,3,133,02:11:16,-79.309479,43.697261,,,23.1250939126385,6.60479699702539,5255.12150952153,736.334269447348,1
1050225,48355604,3,134,02:11:17,-79.309456,43.69723,,,23.1250939126385,3.91604804343329,5259.03755756497,736.943900396724,1
1050225,48355604,3,135,02:11:30,-79.309163,43.696507,6680,23,23.1250939126385,83.8676470718121,5342.90520463678,750,1
1050225,48355604,3,136,02:11:30,-79.309163,43.696507,6680,23,1e-12,0,5342.90520463678,750,1
1050225,48355604,3,137,02:11:43,-79.308852,43.695816,,,21.9381702700935,80.8919568715934,5423.79716150837,763.274171963863,1
1050225,48355604,3,138,02:11:57,-79.308554,43.695117,,,21.9381702700935,81.4250314229163,5505.22219293129,776.635820155741,1
1050225,48355604,3,139,02:12:10,-79.308238,43.694422,8808,24,21.9381702700935,81.4404591509735,5586.66265208226,790,1
1050225,48355604,3,140,02:12:10,-79.308238,43.694422,8808,24,1e-12,0,5586.66265208226,790,1
1050225,48355604,3,141,02:12:24,-79.307204,43.694648,,,21.6093506185213,86.9437241681815,5673.60637625045,804.484350433797,1
1050225,48355604,3,142,02:12:41,-79.306025,43.694929,,,21.6093506185213,99.9172899644951,5773.52366621494,821.13002619806,1
1050225,48355604,3,143,02:12:47,-79.305881,43.694603,,,21.6093506185213,38.0960305535613,5811.6196967685,827.476617190724,1
1050225,48355604,3,144,02:12:55,-79.305352,43.694695,,,21.6093506185213,43.7922755503856,5855.41197231889,834.77217154423,1
1050225,48355604,3,145,02:12:55,-79.305306,43.694703,,,21.6093506185213,3.80802095897608,5859.21999327786,835.406567074865,1
1050225,48355604,3,146,02:12:57,-79.305217,43.694724,,,21.6093506185213,7.53517859249301,5866.75517187036,836.661886746976,1
1050225,48355604,3,147,02:13:03,-79.304769,43.694833,5671,25,21.6093506185213,38.0451420956934,5904.80031396605,843,1
1050225,48355604,3,148,02:13:03,-79.304769,43.694833,5671,25,1e-12,0,5904.80031396605,843,1
1050225,48355604,3,149,02:13:15,-79.3041245015906,43.6949810018106,,,16.4621343809358,54.427367321578,5959.22768128763,854.902376558449,1
1050225,48355604,3,150,02:13:27,-79.30348,43.695129,,,16.4621343809358,54.4273673233687,6013.655048611,866.804753117289,1
1050225,48355604,3,151,02:13:29,-79.303361,43.695156,4673,26,16.4621343809358,10.0384581062567,6023.69350671725,869,1
1050225,48355604,3,152,02:13:29,-79.303361,43.695156,4673,26,1e-12,0,6023.69350671725,869,1
1050225,48355604,3,153,02:13:39,-79.3024540031385,43.6953635035858,,,26.2654184492776,76.5685658040641,6100.26207252132,879.494667634058,1
1050225,48355604,3,154,02:13:50,-79.301547,43.695571,,,26.2654184492776,76.568565801634,6176.83063832295,889.989335267784,1
1050225,48355604,3,155,02:13:52,-79.301362,43.695607,,,26.2654184492776,15.4198215124285,6192.25045983538,892.102812254718,1
1050225,48355604,3,156,02:13:53,-79.3013,43.695619,,,26.2654184492776,5.16585012820095,6197.41630996358,892.81085581768,1
1050225,48355604,3,157,02:13:53,-79.301264,43.695619,,,26.2654184492776,2.89750373813334,6200.31381370171,893.207994491767,1
1050225,48355604,3,158,02:13:54,-79.301171,43.695604,,,26.2654184492776,7.6692052331186,6207.98301893483,894.259153790544,1
1050225,48355604,3,159,02:13:55,-79.301138,43.695556,,,26.2654184492776,5.96706121687089,6213.9500801517,895.077013228885,1
1050225,48355604,3,160,02:13:56,-79.301104,43.695517,,,26.2654184492776,5.13194898246418,6219.08202913417,895.780410221115,1
1050225,48355604,3,161,02:14:05,-79.3008559976448,43.6949475002681,,,26.2654184492776,66.4646040992472,6285.54663323341,904.890205110519,1
1050225,48355604,3,162,02:14:14,-79.300608,43.694378,5150,27,26.2654184492776,66.464604099808,6352.01123733322,914,1
1050225,48355604,3,163,02:14:14,-79.300608,43.694378,5150,27,1e-12,0,6352.01123733322,914,1
1050225,48355604,3,164,02:14:26,-79.300342997278,43.6937620003061,,,21.5440476362678,71.8134921215838,6423.82472945481,926.000000000115,1
1050225,48355604,3,165,02:14:38,-79.300078,43.693146,2725,28,21.5440476362678,71.8134921202015,6495.63822157501,938,1
1050225,48355604,3,166,02:14:38,-79.300078,43.693146,2725,28,1e-12,0,6495.63822157501,938,1
1050225,48355604,3,167,02:14:48,-79.300765,43.692986,,,21.1403719138875,58.0941132612842,6553.73233483629,947.892863218893,1
1050225,48355604,3,168,02:14:59,-79.301552,43.692818,,,21.1403719138875,66.0485251188753,6619.78085995517,959.140285515743,1
1050225,48355604,3,169,02:15:11,-79.302369,43.692612,2813,29,21.1403719138875,69.6441041638094,6689.42496411898,971,1
1050225,48355604,3,170,02:15:11,-79.302369,43.692612,2813,29,1e-12,0,6689.42496411898,971,1
1050225,48355604,3,171,02:15:22,-79.302115,43.691998,,,22.3688069951717,71.3423310527663,6760.76729517174,982.481720587307,1
1050225,48355604,3,172,02:15:31,-79.302741,43.691853,,,22.3688069951717,52.9097337580092,6813.67702892975,990.996928464506,1
1050225,48355604,3,173,02:15:40,-79.303403,43.6917,286,30,22.3688069951717,55.9411026503304,6869.61813158008,1000,1
1050225,48355604,3,174,02:15:40,-79.303403,43.6917,286,30,1e-12,0,6869.61813158008,1000,1
1050225,48355604,3,175,02:15:57,-79.3031194969417,43.6910530003503,,,16.2997695307399,75.5522870165051,6945.17041859659,1016.68663061441,1
1050225,48355604,3,176,02:16:13,-79.302836,43.690406,,,16.2997695307399,75.5522870194194,7020.72270561601,1033.37326122946,1
1050225,48355604,3,177,02:16:31,-79.302542,43.68974,,,16.2997695307399,77.8241444812797,7098.54685009729,1050.56165886933,1
1050225,48355604,3,178,02:16:45,-79.302303,43.689183,,,16.2997695307399,64.9208918546406,7163.46774195193,1064.90021808858,1
1050225,48355604,3,179,02:16:48,-79.302258,43.689078,,,16.2997695307399,12.2369510558257,7175.70469300775,1067.60289579932,1
1050225,48355604,3,180,02:16:57,-79.302109,43.688726,,,16.2997695307399,40.9789329302826,7216.68362593804,1076.65358564318,1
1050225,48355604,3,181,02:17:00,-79.302045,43.688598,3867,31,16.2997695307399,15.1516063251548,7231.83523226319,1080,1
1050225,48355604,3,182,02:17:00,-79.302045,43.688598,3867,31,1e-12,0,7231.83523226319,1080,1
1050225,48355604,3,183,,-79.301831,43.688145,,,,53.2887933016099,7285.1240255648,,1
