shape_id,trip_id,route_type,id,timestamp,shape_pt_lon,shape_pt_lat,stop_id,stop_sequence,speed,dist,cumdist,cumtime,trip_number
1050226,48355638,3,1,,-79.358347,43.676715,,,1e-12,0,0,0,1
1050226,48355638,3,2,,-79.35845,43.676649,,,,11.0791927960535,11.0791927960535,,1
1050226,48355638,3,3,05:05:00,-79.358524,43.676617,14160,1,,6.94158461418275,18.0207774102362,,1
1050226,48355638,3,4,05:05:00,-79.358524,43.676617,14160,1,1e-12,0,18.0207774102362,0,1
1050226,48355638,3,5,05:05:03,-79.35874,43.676647,,,21.4965531797167,17.7082812351739,35.7290586454101,2.96558298968496,1
1050226,48355638,3,6,05:05:06,-79.358845,43.676775,,,21.4965531797167,16.5679308225994,52.2969894680096,5.7401929684436,1
1050226,48355638,3,7,05:05:15,-79.358717,43.677263,411,2,21.4965531797167,55.2927595243797,107.589748992389,15,1
1050226,48355638,3,8,05:05:15,-79.358717,43.677263,411,2,1e-12,0,107.589748992389,15,1
1050226,48355638,3,9,05:05:19,-79.358652,43.67752,,,28.2438043515723,29.0838003577438,136.673549350133,18.7070672202858,1
1050226,48355638,3,10,05:05:25,-79.3585375008549,43.6779680000572,,,28.2438043515723,50.7159579603273,187.38950731046,25.1714034826567,1
1050226,48355638,3,11,05:05:32,-79.358423,43.678416,,,28.2438043515723,50.7159579601371,238.105465270597,31.6357397450034,1
1050226,48355638,3,12,05:05:41,-79.3582500056052,43.6790640003914,6070,3,28.2438043515723,73.4673151498138,311.572780420411,41,1
1050226,48355638,3,13,05:05:41,-79.3582500056052,43.6790640003914,6070,3,1e-12,0,311.572780420411,41,1
1050226,48355638,3,14,05:05:49,-79.3580770074737,43.6797120005218,,,34.4976958089064,73.4673151497764,385.040095570188,48.6666666667898,1
1050226,48355638,3,15,05:05:56,-79.3579040056054,43.6803600003914,,,34.4976958089064,73.4673151495213,458.507410719709,56.3333333335529,1
1050226,48355638,3,16,05:06:04,-79.357731,43.681008,9364,4,34.4976958089064,73.4673151464929,531.974725866202,64,1
1050226,48355638,3,17,05:06:04,-79.357731,43.681008,9364,4,1e-12,0,531.974725866202,64,1
1050226,48355638,3,18,05:06:08,-79.357689,43.68128,,,30.3211236623322,30.4671074760114,562.441833342213,67.6173325281443,1
1050226,48355638,3,19,05:06:13,-79.357576,43.681702,,,30.3211236623322,47.8495459426313,610.291379284844,73.2984664897946,1
1050226,48355638,3,20,05:06:16,-79.357517,43.68194,,,30.3211236623322,26.9164353895905,637.207814674435,76.4942308843346,1
1050226,48355638,3,21,05:06:23,-79.357388,43.682422,,,30.3211236623322,54.6517609451389,691.859575619574,82.9829857732874,1
1050226,48355638,3,22,05:06:30,-79.35722,43.682925,,,30.3211236623322,57.6039039626232,749.463479582197,89.8222459727062,1
1050226,48355638,3,23,05:06:36,-79.3570975009281,43.6833795000654,,,30.3211236623322,51.5468249653052,801.010304547502,95.9423545788932,1
1050226,48355638,3,24,05:06:42,-79.356975,43.683834,,,30.3211236623322,51.5468249674617,852.557129514964,102.062463185336,1
1050226,48355638,3,25,05:06:43,-79.356949,43.683931,,,30.3211236623322,10.9989755890036,863.556105103967,103.368361758271,1
1050226,48355638,3,26,05:06:52,-79.3567625019866,43.6845700001516,2329,5,30.3211236623322,72.7002695933301,936.256374697297,112,1
1050226,48355638,3,27,05:06:52,-79.3567625019866,43.6845700001516,2329,5,1e-12,0,936.256374697297,112,1
1050226,48355638,3,28,05:07:01,-79.356576,43.685209,,,28.1693275086851,72.700269589942,1008.95664428724,121.290991076841,1
1050226,48355638,3,29,05:07:13,-79.356297,43.685979,,,28.1693275086851,88.609587516935,1097.56623180417,132.615170362364,1
1050226,48355638,3,30,05:07:21,-79.3560725020678,43.6865315002197,,,28.1693275086851,64.1041155904034,1161.67034739458,140.807585181436,1
1050226,48355638,3,31,05:07:29,-79.355848,43.687084,5662,6,28.1693275086851,64.1041155864271,1225.77446298101,149,1
1050226,48355638,3,32,05:07:29,-79.355848,43.687084,5662,6,1e-12,0,1225.77446298101,149,1
1050226,48355638,3,33,05:07:41,-79.355532,43.687859,,,27.8274024149859,89.9444742579378,1315.71893723894,160.63601627273,1
1050226,48355638,3,34,05:07:51,-79.355266,43.688547,,,27.8274024149859,79.5246219750645,1395.24355921401,170.924027882324,1
1050226,48355638,3,35,05:07:55,-79.354881,43.688496,4157,7,27.8274024149859,31.5065878752289,1426.75014708924,175,1
1050226,48355638,3,36,05:07:55,-79.354881,43.688496,4157,7,1e-12,0,1426.75014708924,175,1
1050226,48355638,3,37,05:07:59,-79.354457,43.68842,,,33.4353371653415,35.1631763354016,1461.91332342464,178.786037334735,1
1050226,48355638,3,38,05:07:59,-79.354438,43.688416,,,33.4353371653415,1.59292285804018,1463.50624628268,178.95754816056,1
1050226,48355638,3,39,05:08:00,-79.354344,43.688402,,,33.4353371653415,7.72544382153706,1471.23169010422,179.789350681946,1
1050226,48355638,3,40,05:08:01,-79.354261,43.688393,,,33.4353371653415,6.7558609436111,1477.98755104783,180.516757714713,1
1050226,48355638,3,41,05:08:01,-79.354173,43.688392,,,33.4353371653415,7.08451504777133,1485.0720660956,181.279551104409,1
1050226,48355638,3,42,05:08:02,-79.354076,43.688401,,,33.4353371653415,7.87211715796578,1492.94418325356,182.127146019589,1
1050226,48355638,3,43,05:08:09,-79.353311,43.688552,6140,8,33.4353371653415,63.8322750342233,1556.77645828779,189,1
1050226,48355638,3,44,05:08:09,-79.353311,43.688552,6140,8,1e-12,0,1556.77645828779,189,1
1050226,48355638,3,45,05:08:22,-79.3523272594719,43.6887445126547,,,23.6261913776261,82.0353867280902,1638.81184501588,201.500000000034,1
1050226,48355638,3,46,05:08:34,-79.3513435126291,43.688937016873,14568,9,23.6261913776261,82.0353867276469,1720.84723174352,214,1
1050226,48355638,3,47,05:08:34,-79.3513435126291,43.688937016873,14568,9,1e-12,0,1720.84723174352,214,1
1050226,48355638,3,48,05:08:42,-79.3503597594717,43.6891295126548,,,37.9546241918096,82.0353867278788,1802.8826184714,221.781064850699,1
1050226,48355638,3,49,05:08:50,-79.349376,43.689322,,,37.9546241918096,82.0353867286653,1884.91800520007,229.562129701472,1
1050226,48355638,3,50,05:08:54,-79.348815,43.689432,9250,10,37.9546241918096,46.7882498312869,1931.70625503135,234,1
1050226,48355638,3,51,05:08:54,-79.348815,43.689432,9250,10,1e-12,0,1931.70625503135,234,1
1050226,48355638,3,52,05:09:02,-79.3479532571121,43.6895970097106,,,30.3909519981996,71.7564144400194,2003.46266947137,242.499999999979,1
1050226,48355638,3,53,05:09:11,-79.3470915094827,43.6897620129475,,,30.3909519981996,71.7564144401741,2075.21908391155,250.999999999977,1
1050226,48355638,3,54,05:09:20,-79.346229757112,43.6899270097107,,,30.3909519981996,71.7564144405669,2146.97549835212,259.500000000021,1
1050226,48355638,3,55,05:09:28,-79.345368,43.690092,6304,11,30.3909519981996,71.7564144400133,2218.73191279213,268,1
1050226,48355638,3,56,05:09:28,-79.345368,43.690092,6304,11,1e-12,0,2218.73191279213,268,1
1050226,48355638,3,57,05:09:34,-79.3446937544434,43.6902237559447,,,32.8239873266559,56.2193563303169,2274.95126912245,274.165907900677,1
1050226,48355638,3,58,05:09:40,-79.3440195059245,43.6903555079262,,,32.8239873266559,56.2193563289811,2331.17062545143,280.331815801207,1
1050226,48355638,3,59,05:09:46,-79.3433452544433,43.6904872559447,,,32.8239873266559,56.2193563292647,2387.38998178069,286.497723701768,1
1050226,48355638,3,60,05:09:53,-79.342671,43.690619,,,32.8239873266559,56.2193563300697,2443.60933811076,292.663631602418,1
1050226,48355638,3,61,05:09:54,-79.342522,43.690657,,,32.8239873266559,12.7175761777643,2456.32691428853,294.058443079291,1
1050226,48355638,3,62,05:09:56,-79.342354,43.69069,,,32.8239873266559,14.0128875837596,2470.33980187228,295.59531898652,1
1050226,48355638,3,63,05:09:57,-79.342213,43.690748,,,32.8239873266559,13.0574715572921,2483.39727342958,297.027408791407,1
1050226,48355638,3,64,05:09:58,-79.342106,43.690814,,,32.8239873266559,11.3207164281242,2494.7179898577,298.269018433029,1
1050226,48355638,3,65,05:09:59,-79.342053,43.69086,24189,12,32.8239873266559,6.66492491396366,2501.38291477166,299,1
1050226,48355638,3,66,05:09:59,-79.342053,43.69086,24189,12,1e-12,0,2501.38291477166,299,1
1050226,48355638,3,67,05:10:03,-79.34169,43.691172,,,40.9673202065101,45.3874912099032,2546.77040598157,302.988422174846,1
1050226,48355638,3,68,05:10:07,-79.341149,43.691293,,,40.9673202065101,45.5818561726409,2592.35226215421,306.99392415531,1
1050226,48355638,3,69,05:10:11,-79.340654,43.691404,,,40.9673202065101,41.7155578061721,2634.06781996038,310.659675474782,1
1050226,48355638,3,70,05:10:18,-79.339679,43.691618,,,40.9673202065101,82.0154078563536,2716.08322781673,317.866772907431,1
1050226,48355638,3,71,05:10:25,-79.338715,43.691823,,,40.9673202065101,80.8799472764124,2796.96317509315,324.974091832061,1
1050226,48355638,3,72,05:10:32,-79.337763,43.692028,9351,13,40.9673202065101,79.953508238194,2876.91668333134,332,1
1050226,48355638,3,73,05:10:32,-79.337763,43.692028,9351,13,1e-12,0,2876.91668333134,332,1
1050226,48355638,3,74,05:10:40,-79.33677,43.692252,,,37.4019195935754,83.7268141836031,2960.64349751494,340.058851907503,1
1050226,48355638,3,75,05:10:49,-79.335697,43.692501,,,37.4019195935754,90.7053994630359,3051.34889697798,348.789404820702,1
1050226,48355638,3,76,05:10:58,-79.334555,43.69274,7222,14,37.4019195935754,95.6927611958499,3147.04165817383,358,1
1050226,48355638,3,77,05:10:58,-79.334555,43.69274,7222,14,1e-12,0,3147.04165817383,358,1
1050226,48355638,3,78,05:11:00,-79.334295,43.692794,,,36.2323208601738,21.7736467602388,3168.81530493407,360.163403460666,1
1050226,48355638,3,79,05:11:08,-79.333399,43.69297,,,36.2323208601738,74.7328375449926,3243.54814247906,367.588768680858,1
1050226,48355638,3,80,05:11:10,-79.333079,43.693044,,,36.2323208601738,27.041946916791,3270.59008939585,370.275624134478,1
1050226,48355638,3,81,05:11:16,-79.332368,43.693193,,,36.2323208601738,59.5832959076157,3330.17338530347,376.195749044367,1
1050226,48355638,3,82,05:11:19,-79.332052,43.693257,,,36.2323208601738,26.4136261000712,3356.58701140354,378.820175294267,1
1050226,48355638,3,83,05:11:27,-79.331139,43.693476,,,36.2323208601738,77.4249664492399,3434.01197785278,386.513027217635,1
1050226,48355638,3,84,05:11:35,-79.330127,43.693707,1554,15,36.2323208601738,85.4174224950591,3519.42940034784,395,1
1050226,48355638,3,85,05:11:35,-79.330127,43.693707,1554,15,1e-12,0,3519.42940034784,395,1
1050226,48355638,3,86,05:11:36,-79.329975,43.69372,,,31.7788782995249,12.3195855567205,3531.74898590456,396.395597024734,1
1050226,48355638,3,87,05:11:45,-79.329065,43.693895,,,31.7788782995249,75.7910766538608,3607.54006255842,404.981421652722,1
1050226,48355638,3,88,05:11:55,-79.328018,43.694136,6030,16,31.7788782995249,88.4386616756686,3695.97872423409,415,1
1050226,48355638,3,89,05:11:55,-79.328018,43.694136,6030,16,1e-12,0,3695.97872423409,415,1
1050226,48355638,3,90,05:12:10,-79.326986,43.694359,,,20.5531259307124,86.6938121988992,3782.67253643299,430.18492734235,1
1050226,48355638,3,91,05:12:21,-79.3262435061475,43.6945245072091,,,20.5531259307124,62.5372712496708,3845.20980768266,441.138695506754,1
1050226,48355638,3,92,05:12:32,-79.3255010081967,43.6946900096121,,,20.5531259307124,62.5372712508166,3907.74707893347,452.092463671358,1
1050226,48355638,3,93,05:12:43,-79.3247585061475,43.6948555072091,,,20.5531259307124,62.5372712503988,3970.28435018387,463.046231835889,1
1050226,48355638,3,94,05:12:54,-79.324016,43.695021,8426,17,20.5531259307124,62.5372712480008,4032.82162143187,474,1
1050226,48355638,3,95,05:12:54,-79.324016,43.695021,8426,17,1e-12,0,4032.82162143187,474,1
1050226,48355638,3,96,05:13:08,-79.32303,43.695236,,,21.770784280374,82.890531425698,4115.71215285757,487.706713974541,1
1050226,48355638,3,97,05:13:17,-79.3223325016575,43.6953785021206,,,21.770784280374,58.3374955730928,4174.04964843067,497.353356987418,1
1050226,48355638,3,98,05:13:27,-79.321635,43.695521,1283,18,21.770784280374,58.337495571305,4232.38714400197,507,1
1050226,48355638,3,99,05:13:27,-79.321635,43.695521,1283,18,1e-12,0,4232.38714400197,507,1
1050226,48355638,3,100,05:13:36,-79.320946,43.695671,,,22.5635057767055,57.9144219525536,4290.30156595452,516.240227165605,1
1050226,48355638,3,101,05:13:50,-79.319915,43.695882,9923,19,22.5635057767055,86.2413093986196,4376.54287535314,530,1
1050226,48355638,3,102,05:13:50,-79.319915,43.695882,9923,19,1e-12,0,4376.54287535314,530,1
1050226,48355638,3,103,05:13:59,-79.3192935014614,43.6960230016836,,,22.1727291054639,52.4266245770331,4428.96949993018,538.512071183462,1
1050226,48355638,3,104,05:14:07,-79.318672,43.696164,,,22.1727291054639,52.4266245764837,4481.39612450666,547.024142366834,1
1050226,48355638,3,105,05:14:16,-79.3180520014475,43.6963040016755,,,22.1727291054639,52.277929532115,4533.67405403878,555.512071183374,1
1050226,48355638,3,106,05:14:24,-79.317432,43.696444,1447,20,22.1727291054639,52.2779295326387,4585.95198357141,564,1
1050226,48355638,3,107,05:14:24,-79.317432,43.696444,1447,20,1e-12,0,4585.95198357141,564,1
1050226,48355638,3,108,05:14:37,-79.3165425028333,43.6966350034487,,,21.5083835506232,74.6818873291879,4660.6338709006,576.500000000106,1
1050226,48355638,3,109,05:14:49,-79.315653,43.696826,10190,21,21.5083835506232,74.6818873279186,4735.31575822852,589,1
1050226,48355638,3,110,05:14:49,-79.315653,43.696826,10190,21,1e-12,0,4735.31575822852,589,1
1050226,48355638,3,111,05:14:55,-79.315197,43.696919,,,23.2039920176317,38.1331634665263,4773.44892169505,594.91619702227,1
1050226,48355638,3,112,05:15:01,-79.314721,43.69703,,,23.2039920176317,40.2539704735784,4813.70289216862,601.161428170202,1
1050226,48355638,3,113,05:15:03,-79.314588,43.697048,,,23.2039920176317,10.8903387077457,4824.59323087637,602.851017587321,1
1050226,48355638,3,114,05:15:05,-79.314405,43.697055,,,23.2039920176317,14.7492243140849,4839.34245519046,605.139296582175,1
1050226,48355638,3,115,05:15:12,-79.313876,43.697038,,,23.2039920176317,42.6182308825491,4881.960686073,611.751332608587,1
1050226,48355638,3,116,05:15:21,-79.313137,43.697002,3351,22,23.2039920176317,59.6127789789086,4941.57346505191,621,1
1050226,48355638,3,117,05:15:21,-79.313137,43.697002,3351,22,1e-12,0,4941.57346505191,621,1
1050226,48355638,3,118,05:15:28,-79.31267,43.696965,,,19.8460239677138,37.8112106566937,4979.38467570861,627.858822632964,1
1050226,48355638,3,119,05:15:33,-79.312317,43.696925,,,19.8460239677138,28.7578247884288,5008.14250049704,633.075392430862,1
1050226,48355638,3,120,05:15:42,-79.311737,43.697052,,,19.8460239677138,48.774799420493,5056.91729991753,641.922972087091,1
1050226,48355638,3,121,05:15:44,-79.311619,43.697078,,,19.8460239677138,9.92838165683926,5066.84568157437,643.723946127169,1
1050226,48355638,3,122,05:15:52,-79.311104,43.697205,,,19.8460239677138,43.7940579181541,5110.63973949252,651.668036528443,1
1050226,48355638,3,123,05:16:07,-79.310096,43.697418,4810,23,19.8460239677138,84.5218095912896,5195.16154908381,667,1
1050226,48355638,3,124,05:16:07,-79.310096,43.697418,4810,23,1e-12,0,5195.16154908381,667,1
1050226,48355638,3,125,05:16:09,-79.309924,43.697451,,,23.1250939126385,14.3223384371078,5209.48388752092,669.229630658728,1
1050226,48355638,3,126,05:16:10,-79.309868,43.697458,,,23.1250939126385,4.57395565589939,5214.05784317682,669.941681404271,1
1050226,48355638,3,127,05:16:11,-79.309786,43.697457,,,23.1250939126385,6.60060604620287,5220.65844922302,670.969231037414,1
1050226,48355638,3,128,05:16:12,-79.309739,43.697447,,,23.1250939126385,3.94313303017021,5224.60158225319,671.583078443277,1
1050226,48355638,3,129,05:16:12,-79.309685,43.697432,,,23.1250939126385,4.65585624494555,5229.25743849814,672.307879066579,1
1050226,48355638,3,130,05:16:13,-79.309636,43.697412,,,23.1250939126385,4.52875570589525,5233.78619420403,673.012893307941,1
1050226,48355638,3,131,05:16:14,-79.309581,43.697375,,,23.1250939126385,6.04645111717681,5239.83264532121,673.954174848421,1
1050226,48355638,3,132,05:16:15,-79.309543,43.697348,,,23.1250939126385,4.28806739401709,5244.12071271523,674.621719926368,1
1050226,48355638,3,133,05:16:15,-79.309513,43.697315,,,23.1250939126385,4.39599980928256,5248.51671252451,675.306067387754,1
1050226,48355638,3,134,05:16:16,-79.309479,43.697261,,,23.1250939126385,6.60479699702539,5255.12150952153,676.334269447348,1
1050226,48355638,3,135,05:16:17,-79.309456,43.69723,,,23.1250939126385,3.91604804343329,5259.03755756497,676.943900396724,1
1050226,48355638,3,136,05:16:30,-79.309163,43.696507,6680,24,23.1250939126385,83.8676470718121,5342.90520463678,690,1
1050226,48355638,3,137,05:16:30,-79.309163,43.696507,6680,24,1e-12,0,5342.90520463678,690,1
1050226,48355638,3,138,05:16:43,-79.308852,43.695816,,,21.9381702700935,80.8919568715934,5423.79716150837,703.274171963863,1
1050226,48355638,3,139,05:16:57,-79.308554,43.695117,,,21.9381702700935,81.4250314229163,5505.22219293129,716.635820155741,1
1050226,48355638,3,140,05:17:10,-79.308238,43.694422,8808,25,21.9381702700935,81.4404591509735,5586.66265208226,730,1
1050226,48355638,3,141,05:17:10,-79.308238,43.694422,8808,25,1e-12,0,5586.66265208226,730,1
1050226,48355638,3,142,05:17:24,-79.307204,43.694648,,,21.6093506185213,86.9437241681815,5673.60637625045,744.484350433797,1
1050226,48355638,3,143,05:17:41,-79.306025,43.694929,,,21.6093506185213,99.9172899644951,5773.52366621494,761.13002619806,1
1050226,48355638,3,144,05:17:47,-79.305881,43.694603,,,21.6093506185213,38.0960305535613,5811.6196967685,767.476617190724,1
1050226,48355638,3,145,05:17:55,-79.305352,43.694695,,,21.6093506185213,43.7922755503856,5855.41197231889,774.77217154423,1
1050226,48355638,3,146,05:17:55,-79.305306,43.694703,,,21.6093506185213,3.80802095897608,5859.21999327786,775.406567074865,1
1050226,48355638,3,147,05:17:57,-79.305217,43.694724,,,21.6093506185213,7.53517859249301,5866.75517187036,776.661886746976,1
1050226,48355638,3,148,05:18:03,-79.304769,43.694833,5671,26,21.6093506185213,38.0451420956934,5904.80031396605,783,1
1050226,48355638,3,149,05:18:03,-79.304769,43.694833,5671,26,1e-12,0,5904.80031396605,783,1
1050226,48355638,3,150,05:18:15,-79.3041245015906,43.6949810018106,,,16.4621343809358,54.427367321578,5959.22768128763,794.902376558449,1
1050226,48355638,3,151,05:18:27,-79.30348,43.695129,,,16.4621343809358,54.4273673233687,6013.655048611,806.804753117289,1
1050226,48355638,3,152,05:18:29,-79.303361,43.695156,4673,27,16.4621343809358,10.0384581062567,6023.69350671725,809,1
1050226,48355638,3,153,05:18:29,-79.303361,43.695156,4673,27,1e-12,0,6023.69350671725,809,1
1050226,48355638,3,154,05:18:39,-79.3024540031385,43.6953635035858,,,26.2654184492776,76.5685658040641,6100.26207252132,819.494667634058,1
1050226,48355638,3,155,05:18:50,-79.301547,43.695571,,,26.2654184492776,76.568565801634,6176.83063832295,829.989335267784,1
1050226,48355638,3,156,05:18:52,-79.301362,43.695607,,,26.2654184492776,15.4198215124285,6192.25045983538,832.102812254718,1
1050226,48355638,3,157,05:18:53,-79.3013,43.695619,,,26.2654184492776,5.16585012820095,6197.41630996358,832.81085581768,1
1050226,48355638,3,158,05:18:53,-79.301264,43.695619,,,26.2654184492776,2.89750373813334,6200.31381370171,833.207994491767,1
1050226,48355638,3,159,05:18:54,-79.301171,43.695604,,,26.2654184492776,7.6692052331186,6207.98301893483,834.259153790544,1
1050226,48355638,3,160,05:18:55,-79.301138,43.695556,,,26.2654184492776,5.96706121687089,6213.9500801517,835.077013228885,1
1050226,48355638,3,161,05:18:56,-79.301104,43.695517,,,26.2654184492776,5.13194898246418,6219.08202913417,835.780410221115,1
1050226,48355638,3,162,05:19:05,-79.3008559976448,43.6949475002681,,,26.2654184492776,66.4646040992472,6285.54663323341,844.890205110519,1
1050226,48355638,3,163,05:19:14,-79.300608,43.694378,5150,28,26.2654184492776,66.464604099808,6352.01123733322,854,1
1050226,48355638,3,164,05:19:14,-79.300608,43.694378,5150,28,1e-12,0,6352.01123733322,854,1
1050226,48355638,3,165,05:19:26,-79.300342997278,43.6937620003061,,,21.5440476362678,71.8134921215838,6423.82472945481,866.000000000116,1
1050226,48355638,3,166,05:19:38,-79.300078,43.693146,2725,29,21.5440476362678,71.8134921202015,6495.63822157501,878,1
1050226,48355638,3,167,05:19:38,-79.300078,43.693146,2725,29,1e-12,0,6495.63822157501,878,1
1050226,48355638,3,168,05:19:48,-79.300765,43.692986,,,21.1403719138875,58.0941132612842,6553.73233483629,887.892863218893,1
1050226,48355638,3,169,05:19:59,-79.301552,43.692818,,,21.1403719138875,66.0485251188753,6619.78085995517,899.140285515743,1
1050226,48355638,3,170,05:20:11,-79.302369,43.692612,2813,30,21.1403719138875,69.6441041638094,6689.42496411898,911,1
1050226,48355638,3,171,05:20:11,-79.302369,43.692612,2813,30,1e-12,0,6689.42496411898,911,1
1050226,48355638,3,172,05:20:22,-79.302115,43.691998,,,22.3688069951717,71.3423310527663,6760.76729517174,922.481720587307,1
1050226,48355638,3,173,05:20:31,-79.302741,43.691853,,,22.3688069951717,52.9097337580092,6813.67702892975,930.996928464506,1
1050226,48355638,3,174,05:20:40,-79.303403,43.6917,286,31,22.3688069951717,55.9411026503304,6869.61813158008,940,1
1050226,48355638,3,175,05:20:40,-79.303403,43.6917,286,31,1e-12,0,6869.61813158008,940,1
1050226,48355638,3,176,05:20:57,-79.3031194969417,43.6910530003503,,,16.2997695307399,75.5522870165051,6945.17041859659,956.686630614407,1
1050226,48355638,3,177,05:21:13,-79.302836,43.690406,,,16.2997695307399,75.5522870194194,7020.72270561601,973.373261229457,1
1050226,48355638,3,178,05:21:31,-79.302542,43.68974,,,16.2997695307399,77.8241444812797,7098.54685009729,990.561658869328,1
1050226,48355638,3,179,05:21:45,-79.302303,43.689183,,,16.2997695307399,64.9208918546406,7163.46774195193,1004.90021808858,1
1050226,48355638,3,180,05:21:48,-79.302258,43.689078,,,16.2997695307399,12.2369510558257,7175.70469300775,1007.60289579932,1
1050226,48355638,3,181,05:21:57,-79.302109,43.688726,,,16.2997695307399,40.9789329302826,7216.68362593804,1016.65358564318,1
1050226,48355638,3,182,05:22:00,-79.302045,43.688598,3867,32,16.2997695307399,15.1516063251548,7231.83523226319,1020,1
1050226,48355638,3,183,05:22:00,-79.302045,43.688598,3867,32,1e-12,0,7231.83523226319,1020,1
1050226,48355638,3,184,,-79.301831,43.688145,,,,53.2887933016099,7285.1240255648,,1
