shape_id,trip_id,route_type,id,timestamp,shape_pt_lon,shape_pt_lat,stop_id,stop_sequence,speed,dist,cumdist,cumtime,trip_number
1050333,48359005,3,1,,-79.314083,43.704685,,,1e-12,0,0,0,1
1050333,48359005,3,2,06:12:01,-79.314415,43.7049,3336,1,,35.8697301645876,35.8697301645876,,1
1050333,48359005,3,3,06:12:01,-79.314415,43.7049,3336,1,1e-12,0,35.8697301645876,0,1
1050333,48359005,3,4,06:12:03,-79.314622,43.705051,,,34.3936996351947,23.6651890650893,59.5349192296769,2.47704322413581,1
1050333,48359005,3,5,06:12:04,-79.314705,43.705055,,,34.3936996351947,6.69413062118372,66.2290498508606,3.1777201065844,1
1050333,48359005,3,6,06:12:05,-79.3148,43.705078,,,34.3936996351947,8.06233150482121,74.2913813556818,4.02160703137617,1
1050333,48359005,3,7,06:12:06,-79.314953,43.70511,,,34.3936996351947,12.8173998399219,87.1087811956037,5.36320854308158,1
1050333,48359005,3,8,06:12:08,-79.315137,43.705128,,,34.3936996351947,14.942079389893,102.050860585497,6.92720097117648,1
1050333,48359005,3,9,06:12:09,-79.315287,43.705142,,,34.3936996351947,12.1712066043662,114.222067189863,8.20116522161965,1
1050333,48359005,3,10,06:12:10,-79.315362,43.705142,,,34.3936996351947,6.03550740342111,120.257574593284,8.83290379242702,1
1050333,48359005,3,11,06:12:11,-79.315496,43.705124,,,34.3936996351947,10.9680275476407,131.225602140925,9.98093089013133,1
1050333,48359005,3,12,06:12:12,-79.315652,43.705102,,,34.3936996351947,12.7905113244726,144.016113465397,11.319717971966,1
1050333,48359005,3,13,06:12:14,-79.315806,43.705075,,,34.3936996351947,12.7521859016464,156.768299367044,12.6544935190244,1
1050333,48359005,3,14,06:12:19,-79.316409,43.704932,24571,2,34.3936996351947,51.0699289735174,207.838228340561,18,1
1050333,48359005,3,15,06:12:19,-79.316409,43.704932,24571,2,1e-12,0,207.838228340561,18,1
1050333,48359005,3,16,06:12:24,-79.3174305039192,43.7047020045483,,,56.3558359227822,86.0991937698216,293.937422110383,23.49999999993,1
1050333,48359005,3,17,06:12:30,-79.318452,43.704472,742,3,56.3558359227822,86.0991937720129,380.036615882396,29,1
1050333,48359005,3,18,06:12:30,-79.318452,43.704472,742,3,1e-12,0,380.036615882396,29,1
1050333,48359005,3,19,06:12:37,-79.319346,43.704275,,,38.9442651666017,75.2122724726276,455.248888355023,35.9526072643339,1
1050333,48359005,3,20,06:12:39,-79.319579,43.704334,,,38.9442651666017,19.867576332773,475.116464687796,37.789162004602,1
1050333,48359005,3,21,06:12:41,-79.319859,43.704361,,,38.9442651666017,22.7324339059387,497.848898593735,39.8905435998455,1
1050333,48359005,3,22,06:12:43,-79.320193,43.704407,,,38.9442651666017,27.3618982723048,525.21079686604,42.4198719453389,1
1050333,48359005,3,23,06:12:46,-79.320537,43.704439,4769,4,38.9442651666017,27.9114419790303,553.12223884507,45,1
1050333,48359005,3,24,06:12:46,-79.320537,43.704439,4769,4,1e-12,0,553.12223884507,45,1
1050333,48359005,3,25,06:12:47,-79.320745,43.704453,,,44.8867110544048,16.8110633520015,569.933302197072,46.3482794048745,1
1050333,48359005,3,26,06:12:52,-79.3214019992383,43.7045225018815,,,44.8867110544048,53.4346494189986,623.36795161607,50.63384039586,1
1050333,48359005,3,27,06:12:56,-79.322059,43.704592,,,44.8867110544048,53.434649415803,676.802601031873,54.9194013865892,1
1050333,48359005,3,28,06:12:57,-79.32221,43.704613,,,44.8867110544048,12.3744175233727,689.177018555246,55.9118533180784,1
1050333,48359005,3,29,06:12:58,-79.322332,43.704623,,,44.8867110544048,9.8807527094549,699.057771264701,56.7043085663795,1
1050333,48359005,3,30,06:12:58,-79.322422,43.70464,,,44.8867110544048,7.48582482121383,706.543596085915,57.3046860216068,1
1050333,48359005,3,31,06:12:59,-79.322549,43.704646,,,44.8867110544048,10.2420127305237,716.785608816438,58.1261150139248,1
1050333,48359005,3,32,06:13:00,-79.322685,43.70465,,,44.8867110544048,10.9535313107331,727.739140127171,59.0046091560071,1
1050333,48359005,3,33,06:13:01,-79.322806,43.704651,,,44.8867110544048,9.73800140584052,737.477141533012,59.7856154769767,1
1050333,48359005,3,34,06:13:02,-79.322932,43.704646,,,44.8867110544048,10.1550009890268,747.632142522039,60.600065961357,1
1050333,48359005,3,35,06:13:02,-79.323047,43.70464,,,44.8867110544048,9.27859285396867,756.910735376007,61.3442268385886,1
1050333,48359005,3,36,06:13:03,-79.323148,43.704632,5702,5,44.8867110544048,8.17652789264119,765.087263268649,62,1
1050333,48359005,3,37,06:13:03,-79.323148,43.704632,5702,5,1e-12,0,765.087263268649,62,1
1050333,48359005,3,38,06:13:04,-79.323226,43.704623,,,42.21788877861,6.35643390704132,771.44369717569,62.5420252581873,1
1050333,48359005,3,39,06:13:04,-79.323302,43.704603,,,42.21788877861,6.5086629469189,777.952360122609,63.097031377318,1
1050333,48359005,3,40,06:13:05,-79.323387,43.704593,,,42.21788877861,6.93029284780654,784.882652970415,63.6879906832875,1
1050333,48359005,3,41,06:13:05,-79.323428,43.70458,,,42.21788877861,3.60285521811295,788.485508188528,63.9952130281381,1
1050333,48359005,3,42,06:13:06,-79.323576,43.704548,,,42.21788877861,12.4314879062654,800.916996094794,65.0552697424196,1
1050333,48359005,3,43,06:13:07,-79.323676,43.704519,,,42.21788877861,8.67079833635888,809.587794431153,65.7946452752555,1
1050333,48359005,3,44,06:13:08,-79.323806,43.704474,,,42.21788877861,11.5991449664435,821.186939397596,66.7837265175263,1
1050333,48359005,3,45,06:13:09,-79.323927,43.704426,,,42.21788877861,11.1071215194875,832.294060917084,67.7308519808539,1
1050333,48359005,3,46,06:13:10,-79.324047,43.704378,,,42.21788877861,11.0366458782975,843.330706795381,68.6719678516693,1
1050333,48359005,3,47,06:13:11,-79.324148,43.704328,,,42.21788877861,9.85105145604007,853.181758251421,69.5119858219595,1
1050333,48359005,3,48,06:13:11,-79.324228,43.704293,,,42.21788877861,7.52513217517978,860.706890426601,70.1536682133436,1
1050333,48359005,3,49,06:13:12,-79.324313,43.704248,,,42.21788877861,8.47845068621012,869.185341112811,70.8766418947235,1
1050333,48359005,3,50,06:13:12,-79.324367,43.704219,,,42.21788877861,5.41352074349927,874.59886185631,71.3382631467665,1
1050333,48359005,3,51,06:13:13,-79.324385,43.7042,,,42.21788877861,2.5635528247349,877.162414681045,71.5568621917695,1
1050333,48359005,3,52,06:13:13,-79.324449,43.704169,,,42.21788877861,6.19961077464614,883.362025455691,72.085514841971,1
1050333,48359005,3,53,06:13:13,-79.324458,43.704162,,,42.21788877861,1.06385165716972,884.425877112861,72.1762315044241,1
1050333,48359005,3,54,06:13:14,-79.32452,43.704123,,,42.21788877861,6.6138300156946,891.039707128556,72.7402054203477,1
1050333,48359005,3,55,06:13:14,-79.324576,43.704083,,,42.21788877861,6.33534549795421,897.37505262651,73.2804324296195,1
1050333,48359005,3,56,06:13:15,-79.32464,43.704028,,,42.21788877861,8.00077720130001,905.37582982781,73.9626739807241,1
1050333,48359005,3,57,06:13:16,-79.324697,43.703979,,,42.21788877861,7.12702588745646,912.502855715266,74.5704090886872,1
1050333,48359005,3,58,06:13:16,-79.324763,43.703928,,,42.21788877861,7.7744533955179,920.277309110784,75.2333515766603,1
1050333,48359005,3,59,06:13:17,-79.324819,43.70389,,,42.21788877861,6.1809042620885,926.458213372873,75.7604090868121,1
1050333,48359005,3,60,06:13:17,-79.324891,43.703847,,,42.21788877861,7.51569913248146,933.973912505354,76.401287104631,1
1050333,48359005,3,61,06:13:18,-79.324956,43.703813,,,42.21788877861,6.4565757384277,940.430488243782,76.9518516480223,1
1050333,48359005,3,62,06:13:18,-79.325021,43.703782,,,42.21788877861,6.26665415309103,946.697142396873,77.4862212151371,1
1050333,48359005,3,63,06:13:19,-79.32509,43.703751,,,42.21788877861,6.53775676451839,953.234899161391,78.0437082196552,1
1050333,48359005,3,64,06:13:20,-79.325156,43.703735,,,42.21788877861,5.60205459348078,958.836953754872,78.5214061131308,1
1050333,48359005,3,65,06:13:20,-79.325223,43.703721,9875,6,42.21788877861,5.61256207943496,964.449515834307,79,1
1050333,48359005,3,66,06:13:20,-79.325223,43.703721,9875,6,1e-12,0,964.449515834307,79,1
1050333,48359005,3,67,06:13:21,-79.325299,43.70371,,,42.6135786993408,6.2375024914483,970.687018325755,79.5269449235335,1
1050333,48359005,3,68,06:13:21,-79.325359,43.703704,,,42.6135786993408,4.87449822776894,975.561516553524,79.9387430910561,1
1050333,48359005,3,69,06:13:21,-79.325422,43.703701,,,42.6135786993408,5.0809350108092,980.642451564333,80.3679810616093,1
1050333,48359005,3,70,06:13:22,-79.325508,43.703683,,,42.6135786993408,7.20511157011742,987.847563134451,80.9766697107235,1
1050333,48359005,3,71,06:13:23,-79.325679,43.703675,,,42.6135786993408,13.7900785749621,1001.63764170941,82.1416571251842,1
1050333,48359005,3,72,06:13:31,-79.326794,43.703725,,,42.6135786993408,89.9024987104677,1091.54014041988,89.7366304936774,1
1050333,48359005,3,73,06:13:31,-79.326805,43.703731,,,42.6135786993408,1.10893768013271,1092.64907810001,89.8303136756661,1
1050333,48359005,3,74,06:13:32,-79.326914,43.703725,,,42.6135786993408,8.7972030313671,1101.44628113138,90.5735023934306,1
1050333,48359005,3,75,06:13:32,-79.327021,43.703726,,,42.6135786993408,8.61158022179604,1110.05786135318,91.3010096750227,1
1050333,48359005,3,76,06:13:33,-79.327134,43.703714,,,42.6135786993408,9.19130447470378,1119.24916582788,92.077492127773,1
1050333,48359005,3,77,06:13:34,-79.327241,43.703698,,,42.6135786993408,8.79314105126384,1128.04230687914,92.8203376889941,1
1050333,48359005,3,78,06:13:35,-79.327353,43.703663,,,42.6135786993408,9.81930777773929,1137.86161465688,93.6498739325766,1
1050333,48359005,3,79,06:13:35,-79.327448,43.703626,,,42.6135786993408,8.68408121362958,1146.54569587051,94.3835061062469,1
1050333,48359005,3,80,06:13:36,-79.327551,43.703569,,,42.6135786993408,10.4388142472114,1156.98451011772,95.2653783271909,1
1050333,48359005,3,81,06:13:37,-79.327631,43.703533,,,42.6135786993408,7.58343580016214,1164.56794591789,95.9060278505084,1
1050333,48359005,3,82,06:13:37,-79.327699,43.703502,,,42.6135786993408,6.46956437702125,1171.03751029491,96.4525773886639,1
1050333,48359005,3,83,06:13:38,-79.327799,43.703465,,,42.6135786993408,9.04035418416501,1180.07786447907,97.2163075436132,1
1050333,48359005,3,84,06:13:39,-79.327903,43.703449,,,42.6135786993408,8.55689335930731,1188.63475783838,97.9391948728106,1
1050333,48359005,3,85,06:13:40,-79.327992,43.703449,,,42.6135786993408,7.16233772315936,1195.79709556154,98.5442699824439,1
1050333,48359005,3,86,06:13:40,-79.328076,43.703462,,,42.6135786993408,6.91312457380866,1202.71022013535,99.1282915367307,1
1050333,48359005,3,87,06:13:41,-79.328158,43.703473,,,42.6135786993408,6.71165497112759,1209.42187510648,99.6952929159515,1
1050333,48359005,3,88,06:13:41,-79.328225,43.70349,,,42.6135786993408,5.71432855909503,1215.13620366557,100.178040045872,1
1050333,48359005,3,89,06:13:42,-79.32829,43.703509,,,42.6135786993408,5.64234072834946,1220.77854439392,100.654705635621,1
1050333,48359005,3,90,06:13:42,-79.328338,43.703521,4479,7,42.6135786993408,4.08728571413582,1224.86583010806,101,1
1050333,48359005,3,91,06:13:42,-79.328338,43.703521,4479,7,1e-12,0,1224.86583010806,101,1
1050333,48359005,3,92,06:13:43,-79.328454,43.703562,,,28.9376895086779,10.3911669312506,1235.25699703931,102.292715541138,1
1050333,48359005,3,93,06:13:49,-79.328883,43.703778,,,28.9376895086779,42.0721479637979,1277.3291450031,107.52671090294,1
1050333,48359005,3,94,06:13:57,-79.328801,43.704415,,,28.9376895086779,71.2169023812736,1348.54604738438,116.386466222925,1
1050333,48359005,3,95,06:13:59,-79.328689,43.704404,,,28.9376895086779,9.0959347741683,1357.64198215855,117.518048106032,1
1050333,48359005,3,96,06:14:00,-79.328541,43.704402,8267,8,28.9376895086779,11.9122954928991,1369.55427765145,119,1
1050333,48359005,3,97,06:14:00,-79.328541,43.704402,8267,8,1e-12,0,1369.55427765145,119,1
1050333,48359005,3,98,,-79.328156,43.704438,,,,31.2407479009694,1400.79502555242,,1
