shape_id,trip_id,route_type,id,timestamp,shape_pt_lon,shape_pt_lat,stop_id,stop_sequence,speed,dist,cumdist,cumtime,trip_number
1050268,48357035,3,1,,-79.241974,43.835055,,,1e-12,0,0,0,1
1050268,48357035,3,2,19:05:00,-79.2423709833541,43.8358890020614,24493,1,,98.1607895694187,98.1607895694187,,1
1050268,48357035,3,3,19:05:00,-79.2423709833541,43.8358890020614,24493,1,1e-12,0,98.1607895694187,0,1
1050268,48357035,3,4,19:05:39,-79.2427679778051,43.8367230027485,,,8.95933404882825,98.1607895731587,196.321579142577,39.4425345162332,1
1050268,48357035,3,5,19:06:19,-79.2431649833535,43.8375570020614,,,8.95933404882825,98.1607895713255,294.482368713903,78.8850690317298,1
1050268,48357035,3,6,19:06:58,-79.243562,43.838391,,,8.95933404882825,98.1607895722622,392.643158286165,118.327603547603,1
1050268,48357035,3,7,19:07:27,-79.2444190028295,43.838194003202,,,8.95933404882825,72.2224255904969,464.865583876662,147.347699316863,1
1050268,48357035,3,8,19:07:56,-79.245276,43.837997,,,8.95933404882825,72.2224255890982,537.08800946576,176.367795085561,1
1050268,48357035,3,9,19:08:24,-79.2460797576274,43.8378082584494,,,8.95933404882825,67.8716607881428,604.959670253903,203.639685775837,1
1050268,48357035,3,10,19:08:51,-79.24688351017,43.8376195112658,,,8.95933404882825,67.8716607859478,672.831331039851,230.911576465231,1
1050268,48357035,3,11,19:09:18,-79.2476872576275,43.8374307584493,,,8.95933404882825,67.871660787725,740.702991827576,258.18346715534,1
1050268,48357035,3,12,19:09:45,-79.248491,43.837242,,,8.95933404882825,67.87166078771,808.574652615286,285.455357845442,1
1050268,48357035,3,13,19:10:19,-79.249468,43.837017,,,8.95933404882825,82.3506369048282,890.925289520114,318.545126710144,1
1050268,48357035,3,14,19:10:48,-79.2503295029164,43.8368150032357,,,8.95933404882825,72.7384356364105,963.663725156524,347.772563354872,1
1050268,48357035,3,15,19:11:17,-79.251191,43.836613,9736,2,8.95933404882825,72.7384356374082,1036.40216079393,377,1
1050268,48357035,3,16,19:11:17,-79.251191,43.836613,9736,2,1e-12,0,1036.40216079393,377,1
1050268,48357035,3,17,,-79.251161,43.83613,,,,53.8212496363998,1090.22341043033,,1
1050268,48357009,3,1,,-79.241974,43.835055,,,1e-12,0,0,0,2
1050268,48357009,3,2,19:17:00,-79.2423709833541,43.8358890020614,24493,1,,98.1607895694187,98.1607895694187,,2
1050268,48357009,3,3,19:17:00,-79.2423709833541,43.8358890020614,24493,1,1e-12,0,98.1607895694187,0,2
1050268,48357009,3,4,19:17:39,-79.2427679778051,43.8367230027485,,,8.95933404882825,98.1607895731587,196.321579142577,39.4425345162332,2
1050268,48357009,3,5,19:18:19,-79.2431649833535,43.8375570020614,,,8.95933404882825,98.1607895713255,294.482368713903,78.8850690317298,2
1050268,48357009,3,6,19:18:58,-79.243562,43.838391,,,8.95933404882825,98.1607895722622,392.643158286165,118.327603547603,2
1050268,48357009,3,7,19:19:27,-79.2444190028295,43.838194003202,,,8.95933404882825,72.2224255904969,464.865583876662,147.347699316863,2
1050268,48357009,3,8,19:19:56,-79.245276,43.837997,,,8.95933404882825,72.2224255890982,537.08800946576,176.367795085561,2
1050268,48357009,3,9,19:20:24,-79.2460797576274,43.8378082584494,,,8.95933404882825,67.8716607881428,604.959670253903,203.639685775837,2
1050268,48357009,3,10,19:20:51,-79.24688351017,43.8376195112658,,,8.95933404882825,67.8716607859478,672.831331039851,230.911576465231,2
1050268,48357009,3,11,19:21:18,-79.2476872576275,43.8374307584493,,,8.95933404882825,67.871660787725,740.702991827576,258.18346715534,2
1050268,48357009,3,12,19:21:45,-79.248491,43.837242,,,8.95933404882825,67.87166078771,808.574652615286,285.455357845442,2
1050268,48357009,3,13,19:22:19,-79.249468,43.837017,,,8.95933404882825,82.3506369048282,890.925289520114,318.545126710144,2
1050268,48357009,3,14,19:22:48,-79.2503295029164,43.8368150032357,,,8.95933404882825,72.7384356364105,963.663725156524,347.772563354872,2
1050268,48357009,3,15,19:23:17,-79.251191,43.836613,9736,2,8.95933404882825,72.7384356374082,1036.40216079393,377,2
1050268,48357009,3,16,19:23:17,-79.251191,43.836613,9736,2,1e-12,0,1036.40216079393,377,2
1050268,48357009,3,17,,-79.251161,43.83613,,,,53.8212496363998,1090.22341043033,,2
1050268,48357045,3,1,,-79.241974,43.835055,,,1e-12,0,0,0,3
1050268,48357045,3,2,19:29:00,-79.2423709833541,43.8358890020614,24493,1,,98.1607895694187,98.1607895694187,,3
1050268,48357045,3,3,19:29:00,-79.2423709833541,43.8358890020614,24493,1,1e-12,0,98.1607895694187,0,3
1050268,48357045,3,4,19:29:39,-79.2427679778051,43.8367230027485,,,8.95933404882825,98.1607895731587,196.321579142577,39.4425345162332,3
1050268,48357045,3,5,19:30:19,-79.2431649833535,43.8375570020614,,,8.95933404882825,98.1607895713255,294.482368713903,78.8850690317298,3
1050268,48357045,3,6,19:30:58,-79.243562,43.838391,,,8.95933404882825,98.1607895722622,392.643158286165,118.327603547603,3
1050268,48357045,3,7,19:31:27,-79.2444190028295,43.838194003202,,,8.95933404882825,72.2224255904969,464.865583876662,147.347699316863,3
1050268,48357045,3,8,19:31:56,-79.245276,43.837997,,,8.95933404882825,72.2224255890982,537.08800946576,176.367795085561,3
1050268,48357045,3,9,19:32:24,-79.2460797576274,43.8378082584494,,,8.95933404882825,67.8716607881428,604.959670253903,203.639685775837,3
1050268,48357045,3,10,19:32:51,-79.24688351017,43.8376195112658,,,8.95933404882825,67.8716607859478,672.831331039851,230.911576465231,3
1050268,48357045,3,11,19:33:18,-79.2476872576275,43.8374307584493,,,8.95933404882825,67.871660787725,740.702991827576,258.18346715534,3
1050268,48357045,3,12,19:33:45,-79.248491,43.837242,,,8.95933404882825,67.87166078771,808.574652615286,285.455357845442,3
1050268,48357045,3,13,19:34:19,-79.249468,43.837017,,,8.95933404882825,82.3506369048282,890.925289520114,318.545126710144,3
1050268,48357045,3,14,19:34:48,-79.2503295029164,43.8368150032357,,,8.95933404882825,72.7384356364105,963.663725156524,347.772563354872,3
1050268,48357045,3,15,19:35:17,-79.251191,43.836613,9736,2,8.95933404882825,72.7384356374082,1036.40216079393,377,3
1050268,48357045,3,16,19:35:17,-79.251191,43.836613,9736,2,1e-12,0,1036.40216079393,377,3
1050268,48357045,3,17,,-79.251161,43.83613,,,,53.8212496363998,1090.22341043033,,3
1050268,48357044,3,1,,-79.241974,43.835055,,,1e-12,0,0,0,4
1050268,48357044,3,2,19:41:00,-79.2423709833541,43.8358890020614,24493,1,,98.1607895694187,98.1607895694187,,4
1050268,48357044,3,3,19:41:00,-79.2423709833541,43.8358890020614,24493,1,1e-12,0,98.1607895694187,0,4
1050268,48357044,3,4,19:41:39,-79.2427679778051,43.8367230027485,,,8.95933404882825,98.1607895731587,196.321579142577,39.4425345162332,4
1050268,48357044,3,5,19:42:19,-79.2431649833535,43.8375570020614,,,8.95933404882825,98.1607895713255,294.482368713903,78.8850690317298,4
1050268,48357044,3,6,19:42:58,-79.243562,43.838391,,,8.95933404882825,98.1607895722622,392.643158286165,118.327603547603,4
1050268,48357044,3,7,19:43:27,-79.2444190028295,43.838194003202,,,8.95933404882825,72.2224255904969,464.865583876662,147.347699316863,4
1050268,48357044,3,8,19:43:56,-79.245276,43.837997,,,8.95933404882825,72.2224255890982,537.08800946576,176.367795085561,4
1050268,48357044,3,9,19:44:24,-79.2460797576274,43.8378082584494,,,8.95933404882825,67.8716607881428,604.959670253903,203.639685775837,4
1050268,48357044,3,10,19:44:51,-79.24688351017,43.8376195112658,,,8.95933404882825,67.8716607859478,672.831331039851,230.911576465231,4
1050268,48357044,3,11,19:45:18,-79.2476872576275,43.8374307584493,,,8.95933404882825,67.871660787725,740.702991827576,258.18346715534,4
1050268,48357044,3,12,19:45:45,-79.248491,43.837242,,,8.95933404882825,67.87166078771,808.574652615286,285.455357845442,4
1050268,48357044,3,13,19:46:19,-79.249468,43.837017,,,8.95933404882825,82.3506369048282,890.925289520114,318.545126710144,4
1050268,48357044,3,14,19:46:48,-79.2503295029164,43.8368150032357,,,8.95933404882825,72.7384356364105,963.663725156524,347.772563354872,4
1050268,48357044,3,15,19:47:17,-79.251191,43.836613,9736,2,8.95933404882825,72.7384356374082,1036.40216079393,377,4
1050268,48357044,3,16,19:47:17,-79.251191,43.836613,9736,2,1e-12,0,1036.40216079393,377,4
1050268,48357044,3,17,,-79.251161,43.83613,,,,53.8212496363998,1090.22341043033,,4
1050268,48357008,3,1,,-79.241974,43.835055,,,1e-12,0,0,0,5
1050268,48357008,3,2,19:55:00,-79.2423709833541,43.8358890020614,24493,1,,98.1607895694187,98.1607895694187,,5
1050268,48357008,3,3,19:55:00,-79.2423709833541,43.8358890020614,24493,1,1e-12,0,98.1607895694187,0,5
1050268,48357008,3,4,19:55:39,-79.2427679778051,43.8367230027485,,,8.95933404882825,98.1607895731587,196.321579142577,39.4425345162332,5
1050268,48357008,3,5,19:56:19,-79.2431649833535,43.8375570020614,,,8.95933404882825,98.1607895713255,294.482368713903,78.8850690317298,5
1050268,48357008,3,6,19:56:58,-79.243562,43.838391,,,8.95933404882825,98.1607895722622,392.643158286165,118.327603547603,5
1050268,48357008,3,7,19:57:27,-79.2444190028295,43.838194003202,,,8.95933404882825,72.2224255904969,464.865583876662,147.347699316863,5
1050268,48357008,3,8,19:57:56,-79.245276,43.837997,,,8.95933404882825,72.2224255890982,537.08800946576,176.367795085561,5
1050268,48357008,3,9,19:58:24,-79.2460797576274,43.8378082584494,,,8.95933404882825,67.8716607881428,604.959670253903,203.639685775837,5
1050268,48357008,3,10,19:58:51,-79.24688351017,43.8376195112658,,,8.95933404882825,67.8716607859478,672.831331039851,230.911576465231,5
1050268,48357008,3,11,19:59:18,-79.2476872576275,43.8374307584493,,,8.95933404882825,67.871660787725,740.702991827576,258.18346715534,5
1050268,48357008,3,12,19:59:45,-79.248491,43.837242,,,8.95933404882825,67.87166078771,808.574652615286,285.455357845442,5
1050268,48357008,3,13,20:00:19,-79.249468,43.837017,,,8.95933404882825,82.3506369048282,890.925289520114,318.545126710144,5
1050268,48357008,3,14,20:00:48,-79.2503295029164,43.8368150032357,,,8.95933404882825,72.7384356364105,963.663725156524,347.772563354872,5
1050268,48357008,3,15,20:01:17,-79.251191,43.836613,9736,2,8.95933404882825,72.7384356374082,1036.40216079393,377,5
1050268,48357008,3,16,20:01:17,-79.251191,43.836613,9736,2,1e-12,0,1036.40216079393,377,5
1050268,48357008,3,17,,-79.251161,43.83613,,,,53.8212496363998,1090.22341043033,,5
