shape_id,trip_id,route_type,id,timestamp,shape_pt_lon,shape_pt_lat,stop_id,stop_sequence,speed,dist,cumdist,cumtime,trip_number
1050462,48361877,3,1,,-79.417654,43.798176,,,1e-12,0,0,0,1
1050462,48361877,3,2,,-79.417728,43.798158,,,,6.27434272941398,6.27434272941398,,1
1050462,48361877,3,3,,-79.417788,43.798155,,,,4.83246090475875,11.1068036341727,,1
1050462,48361877,3,4,,-79.417837,43.798168,,,,4.1946163441337,15.3014199783064,,1
1050462,48361877,3,5,,-79.417885,43.798192,,,,4.69170897296054,19.993128951267,,1
1050462,48361877,3,6,,-79.417912,43.798227,,,,4.45943495296151,24.4525639042285,,1
1050462,48361877,3,7,18:55:00,-79.417952,43.798332,8444,1,,12.1223544526741,36.5749183569026,,1
1050462,48361877,3,8,18:55:00,-79.417952,43.798332,8444,1,1e-12,0,36.5749183569026,0,1
1050462,48361877,3,9,18:55:04,-79.418011,43.798466,,,12.5300416749509,15.6519644626311,52.2268828195337,4.49695807302197,1
1050462,48361877,3,10,18:55:12,-79.417682,43.798536,,,12.5300416749509,27.559086600928,79.7859694204617,12.4149454458557,1
1050462,48361877,3,11,18:55:27,-79.417076,43.798665,3170,2,12.5300416749509,50.7642614985724,130.550230919034,27,1
1050462,48361877,3,12,18:55:27,-79.417076,43.798665,3170,2,1e-12,0,130.550230919034,27,1
1050462,48361877,3,13,18:55:48,-79.4161540033408,43.7988815037059,,,13.4304335770149,77.9021512975064,208.45238221654,47.8815108658135,1
1050462,48361877,3,14,18:56:09,-79.415232,43.799098,,,13.4304335770149,77.9021512974578,286.354533513998,68.763021731614,1
1050462,48361877,3,15,18:56:26,-79.414458,43.799245,5698,3,13.4304335770149,64.3055810283355,350.660114542334,86,1
1050462,48361877,3,16,18:56:26,-79.414458,43.799245,5698,3,1e-12,0,350.660114542334,86,1
1050462,48361877,3,17,18:56:42,-79.414115,43.798405,,,22.3444380023902,97.4850035671251,448.145118109459,101.70619108004,1
1050462,48361877,3,18,18:56:57,-79.413772,43.797589,4632,4,22.3444380023902,94.9254347867901,543.070552896249,117,1
1050462,48361877,3,19,18:56:57,-79.413772,43.797589,4632,4,1e-12,0,543.070552896249,117,1
1050462,48361877,3,20,18:57:18,-79.413431,43.796773,,,16.3269807721722,94.8790123775794,637.949565273828,137.920245410067,1
1050462,48361877,3,21,18:57:39,-79.413091,43.79595,6889,5,16.3269807721722,95.60242996443,733.551995238258,159,1
1050462,48361877,3,22,18:57:39,-79.413091,43.79595,6889,5,1e-12,0,733.551995238258,159,1
1050462,48361877,3,23,18:57:57,-79.412742,43.795133,,,19.4691543256392,95.1732311033567,828.725226341615,176.598280143112,1
1050462,48361877,3,24,18:58:14,-79.412402,43.794324,4412,6,19.4691543256392,94.1102137292468,922.835440070862,194,1
1050462,48361877,3,25,18:58:14,-79.412402,43.794324,4412,6,1e-12,0,922.835440070862,194,1
1050462,48361877,3,26,18:58:34,-79.412152,43.793691,,,13.2960876226214,73.2727639689758,996.108204039838,213.839065278084,1
1050462,48361877,3,27,18:58:44,-79.412035,43.793357,,,13.2960876226214,38.3509239187731,1034.45912795861,224.222821013319,1
1050462,48361877,3,28,18:58:54,-79.411912,43.793045,1363,7,13.2960876226214,36.1106190302662,1070.56974698888,234,1
1050462,48361877,3,29,18:58:54,-79.411912,43.793045,1363,7,1e-12,0,1070.56974698888,234,1
1050462,48361877,3,30,18:59:00,-79.411826,43.792805,,,16.79028731316,27.5959577521839,1098.16570474106,239.916840257403,1
1050462,48361877,3,31,18:59:10,-79.41168,43.792383,,,16.79028731316,48.4196359893446,1146.58534073041,250.298478540925,1
1050462,48361877,3,32,18:59:23,-79.411486,43.791866,,,16.79028731316,59.6261302923618,1206.21147102277,263.082897595163,1
1050462,48361877,3,33,18:59:32,-79.411338,43.791508,2188,8,16.79028731316,41.5890864939099,1247.80055751668,272,1
1050462,48361877,3,34,18:59:32,-79.411338,43.791508,2188,8,1e-12,0,1247.80055751668,272,1
1050462,48361877,3,35,18:59:49,-79.4110624969784,43.7908525003309,,,16.1479891033284,76.2543929872346,1324.05495050391,288.999999999843,1
1050462,48361877,3,36,19:00:06,-79.410787,43.790197,7643,9,16.1479891033284,76.2543929886445,1400.30934349256,306,1
1050462,48361877,3,37,19:00:06,-79.410787,43.790197,7643,9,1e-12,0,1400.30934349256,306,1
1050462,48361877,3,38,19:00:11,-79.410703,43.790018,,,15.2852819541705,21.038486840685,1421.34783033324,310.954998727112,1
1050462,48361877,3,39,19:00:20,-79.410568,43.789695,,,15.2852819541705,37.5571431991808,1458.90497353242,319.800482632639,1
1050462,48361877,3,40,19:00:24,-79.410501,43.789554,,,15.2852819541705,16.5938129473651,1475.49878647979,323.708668741971,1
1050462,48361877,3,41,19:00:27,-79.410422,43.789457,,,15.2852819541705,12.5259484289083,1488.0247349087,326.658788633725,1
1050462,48361877,3,42,19:00:31,-79.410284,43.78932,,,15.2852819541705,18.8565044223203,1506.88123933102,331.099885377893,1
1050462,48361877,3,43,19:00:35,-79.410168,43.789206,,,15.2852819541705,15.7462034557519,1522.62744278677,334.808441923377,1
1050462,48361877,3,44,19:00:38,-79.410097,43.789096,,,15.2852819541705,13.5091608532603,1536.13660364003,337.990128673909,1
1050462,48361877,3,45,19:00:42,-79.410035,43.788954,,,15.2852819541705,16.5739808691268,1552.71058450915,341.893643918689,1
1050462,48361877,3,46,19:00:50,-79.409906,43.788656,,,15.2852819541705,34.7552526775453,1587.4658371867,350.079224663245,1
1050462,48361877,3,47,19:00:52,-79.409885,43.788573,,,15.2852819541705,9.39237127268574,1596.85820845939,352.2913223323,1
1050462,48361877,3,48,19:00:54,-79.409866,43.788491,,,15.2852819541705,9.25501619555535,1606.11322465494,354.471070040186,1
1050462,48361877,3,49,19:00:57,-79.409853,43.788395,5240,10,15.2852819541705,10.7376131883638,1616.8508378433,357,1
1050462,48361877,3,50,19:00:57,-79.409853,43.788395,5240,10,1e-12,0,1616.8508378433,357,1
1050462,48361877,3,51,19:00:59,-79.409859,43.78831,,,18.2088860148848,9.47443388520015,1626.32527172851,358.873149294187,1
1050462,48361877,3,52,19:01:02,-79.409905,43.788164,,,18.2088860148848,16.6677430305935,1642.9930147591,362.168456588719,1
1050462,48361877,3,53,19:01:07,-79.409948,43.787958,,,18.2088860148848,23.1907112847259,1666.18372604382,366.753391688909,1
1050462,48361877,3,54,19:01:08,-79.409964,43.787888,,,18.2088860148848,7.89773462992416,1674.08146067375,368.314818601269,1
1050462,48361877,3,55,19:01:10,-79.409975,43.787821,,,18.2088860148848,7.51060906355149,1681.5920697373,369.799708594357,1
1050462,48361877,3,56,19:01:11,-79.409966,43.787748,,,18.2088860148848,8.15844532201864,1689.75051505932,371.412679488636,1
1050462,48361877,3,57,19:01:13,-79.409954,43.787665,,,18.2088860148848,9.2897071567715,1699.04022221609,373.24930726131,1
1050462,48361877,3,58,19:01:16,-79.409929,43.787562,,,18.2088860148848,11.6405919785868,1710.68081419468,375.550718291543,1
1050462,48361877,3,59,19:01:33,-79.409607,43.786804,5409,11,18.2088860148848,88.2588837974762,1798.93969799215,393,1
1050462,48361877,3,60,19:01:33,-79.409607,43.786804,5409,11,1e-12,0,1798.93969799215,393,1
1050462,48361877,3,61,19:01:37,-79.409541,43.786669,,,15.4885346642727,15.9366643266362,1814.87636231879,396.704158774182,1
1050462,48361877,3,62,19:01:42,-79.409469,43.786486,,,15.4885346642727,21.1772728862037,1836.05363520499,401.626392157963,1
1050462,48361877,3,63,19:01:46,-79.409402,43.786319,,,15.4885346642727,19.3544083345307,1855.40804353952,406.124937147182,1
1050462,48361877,3,64,19:01:49,-79.409352,43.786213,,,15.4885346642727,12.4652697174924,1867.87331325702,409.022239697467,1
1050462,48361877,3,65,19:01:52,-79.409305,43.786115,,,15.4885346642727,11.5446870539421,1879.41800031096,411.705571225921,1
1050462,48361877,3,66,19:01:55,-79.409226,43.785993,,,15.4885346642727,14.9916776114522,1894.40967792241,415.190086744727,1
1050462,48361877,3,67,19:02:02,-79.409067,43.785754,,,15.4885346642727,29.5147957425907,1923.924473665,422.050210505719,1
1050462,48361877,3,68,19:02:07,-79.408951,43.785582,3785,12,15.4885346642727,21.2958294897272,1945.22030315473,427,1
1050462,48361877,3,69,19:02:07,-79.408951,43.785582,3785,12,1e-12,0,1945.22030315473,427,1
1050462,48361877,3,70,19:02:20,-79.408639,43.785112,,,16.4258694463073,58.0181812649319,2003.23848441966,439.715640608036,1
1050462,48361877,3,71,19:02:24,-79.408519,43.784938,,,16.4258694463073,21.6376184471869,2024.87610286685,444.457881295172,1
1050462,48361877,3,72,19:02:28,-79.408441,43.784805,,,16.4258694463073,16.0778608845416,2040.95396375139,447.981609483415,1
1050462,48361877,3,73,19:02:32,-79.408362,43.78466,,,16.4258694463073,17.3450750930175,2058.29903884441,451.783068550101,1
1050462,48361877,3,74,19:02:37,-79.408271,43.784457,,,16.4258694463073,23.7518116702969,2082.0508505147,456.988669525597,1
1050462,48361877,3,75,19:02:43,-79.408173,43.784202,,,16.4258694463073,29.4588290023943,2111.5096795171,463.445057405416,1
1050462,48361877,3,76,19:02:50,-79.408063,43.783933,,,16.4258694463073,31.2226286180692,2142.73230813517,470.288011039771,1
1050462,48361877,3,77,19:03:03,-79.40786,43.783433,9643,13,16.4258694463073,58.0015197398975,2200.73382787506,483,1
1050462,48361877,3,78,19:03:03,-79.40786,43.783433,9643,13,1e-12,0,2200.73382787506,483,1
1050462,48361877,3,79,19:03:15,-79.4076574984046,43.7829620001788,,,16.5301788283827,54.8992347227732,2255.63306259784,494.956146818124,1
1050462,48361877,3,80,19:03:27,-79.407455,43.782491,,,16.5301788283827,54.8992347244857,2310.53229732232,506.91229363662,1
1050462,48361877,3,81,19:03:38,-79.4072744986822,43.782054500142,,,16.5301788283827,50.710241123133,2361.24253844546,517.95614681804,1
1050462,48361877,3,82,19:03:49,-79.407094,43.781618,2732,14,16.5301788283827,50.7102411256096,2411.95277957107,529,1
1050462,48361877,3,83,19:03:49,-79.407094,43.781618,2732,14,1e-12,0,2411.95277957107,529,1
1050462,48361877,3,84,19:04:00,-79.4068809981296,43.7810930001978,,,19.5779625917279,60.8984144136295,2472.8511939847,540.198013626898,1
1050462,48361877,3,85,19:04:11,-79.406668,43.780568,,,19.5779625917279,60.898414412188,2533.74960839688,551.396027253531,1
1050462,48361877,3,86,19:04:22,-79.4064559981881,43.7800570001959,,,19.5779625917279,59.3813744927159,2593.1309828896,562.315087251332,1
1050462,48361877,3,87,19:04:33,-79.406244,43.779546,,,19.5779625917279,59.3813744924983,2652.5123573821,573.234147249093,1
1050462,48361877,3,88,19:04:44,-79.4060289981715,43.7790375002015,,,19.5779625917279,59.1848681839758,2711.69722556607,584.117073624299,1
1050462,48361877,3,89,19:04:55,-79.405814,43.778529,6927,15,19.5779625917279,59.1848681866708,2770.88209375274,595,1
1050462,48361877,3,90,19:04:55,-79.405814,43.778529,6927,15,1e-12,0,2770.88209375274,595,1
1050462,48361877,3,91,19:05:08,-79.4055279902784,43.7778515010697,,,22.7072145591845,78.8444949989591,2849.7265887517,607.500000000284,1
1050462,48361877,3,92,19:05:20,-79.4052419870381,43.7771740014263,,,22.7072145591845,78.8444949948818,2928.57108374659,619.999999999921,1
1050462,48361877,3,93,19:05:33,-79.4049559902787,43.7764965010697,,,22.7072145591845,78.8444949989636,3007.41557874555,632.500000000206,1
1050462,48361877,3,94,19:05:45,-79.40467,43.775819,3878,16,22.7072145591845,78.8444949958686,3086.26007374142,645,1
1050462,48361877,3,95,19:05:45,-79.40467,43.775819,3878,16,1e-12,0,3086.26007374142,645,1
1050462,48361877,3,96,19:06:02,-79.404315,43.774991,,,20.3718036130348,96.4883311712968,3182.74840491271,662.050919929074,1
1050462,48361877,3,97,19:06:11,-79.404121498531,43.7745370001632,,,20.3718036130348,52.8782473284345,3235.62665224115,671.395290903697,1
1050462,48361877,3,98,19:06:21,-79.403928,43.774083,,,20.3718036130348,52.8782473318637,3288.50489957301,680.739661878926,1
1050462,48361877,3,99,19:06:30,-79.4037359984927,43.7736135001607,,,20.3718036130348,54.4955313493592,3343.00043092237,690.369830939272,1
1050462,48361877,3,100,19:06:40,-79.403544,43.773144,9735,17,20.3718036130348,54.4955313515213,3397.49596227389,700,1
1050462,48361877,3,101,19:06:40,-79.403544,43.773144,9735,17,1e-12,0,3397.49596227389,700,1
1050462,48361877,3,102,19:06:53,-79.403179,43.772302,,,27.9846649440312,98.2156738865243,3495.71163616042,712.634649251604,1
1050462,48361877,3,103,19:07:05,-79.402826,43.771477,6524,18,27.9846649440312,96.1222771136922,3591.83391327411,725,1
1050462,48361877,3,104,19:07:05,-79.402826,43.771477,6524,18,1e-12,0,3591.83391327411,725,1
1050462,48361877,3,105,19:07:21,-79.402462,43.770637,,,22.6317620211131,97.9794323827248,3689.81334565683,740.585439447832,1
1050462,48361877,3,106,19:07:29,-79.4022824986645,43.7701920001405,,,22.6317620211131,51.5958927897785,3741.40923844661,748.792719723664,1
1050462,48361877,3,107,19:07:37,-79.402103,43.769747,10170,19,22.6317620211131,51.5958927929463,3793.00513123956,757,1
1050462,48361877,3,108,19:07:37,-79.402103,43.769747,10170,19,1e-12,0,3793.00513123956,757,1
1050462,48361877,3,109,19:07:46,-79.4019164986405,43.7693110001516,,,19.3417580883281,50.7980492711291,3843.80318051069,766.454827040073,1
1050462,48361877,3,110,19:07:56,-79.40173,43.768875,,,19.3417580883281,50.7980492685049,3894.60122977919,775.909654079656,1
1050462,48361877,3,111,19:08:05,-79.4015454986397,43.7684340001484,,,19.3417580883281,51.2834517506213,3945.88468152981,785.454827039588,1
1050462,48361877,3,112,19:08:15,-79.401361,43.767993,10212,20,19.3417580883281,51.2834517532083,3997.16813328302,795,1
1050462,48361877,3,113,19:08:15,-79.401361,43.767993,10212,20,1e-12,0,3997.16813328302,795,1
1050462,48361877,3,114,19:08:27,-79.401007,43.767176,,,28.1529072118027,95.2963554079522,4092.46448869097,807.185842012252,1
1050462,48361877,3,115,19:08:39,-79.400677,43.766381,24605,21,28.1529072118027,92.3896926707323,4184.85418136171,819,1
1050462,48361877,3,116,19:08:39,-79.400677,43.766381,24605,21,1e-12,0,4184.85418136171,819,1
1050462,48361877,3,117,19:08:53,-79.400358,43.765584,,,23.8467510915985,92.3536254740621,4277.20780683577,832.942069107425,1
1050462,48361877,3,118,19:09:07,-79.400002,43.764778,,,23.8467510915985,94.1775079506596,4371.38531478643,847.15947873778,1
1050462,48361877,3,119,19:09:21,-79.399675,43.763989,2486,22,23.8467510915985,91.6809626439268,4463.06627743036,861,1
1050462,48361877,3,120,19:09:21,-79.399675,43.763989,2486,22,1e-12,0,4463.06627743036,861,1
1050462,48361877,3,121,19:09:32,-79.4004880023851,43.7638135028814,,,22.5501720763781,68.2181496030445,4531.2844270334,871.890619270627,1
1050462,48361877,3,122,19:09:43,-79.401301,43.763638,,,22.5501720763781,68.2181496016865,4599.50257663509,882.781238541037,1
1050462,48361877,3,123,19:09:56,-79.402293,43.763423,,,22.5501720763781,83.2657114701775,4682.76828810526,896.074110997946,1
1050462,48361877,3,124,19:10:04,-79.402859,43.763289,,,22.5501720763781,47.8863093170343,4730.6545974223,903.718873661283,1
1050462,48361877,3,125,19:10:18,-79.403918,43.76306,,,22.5501720763781,88.8733311412308,4819.52792856353,917.906969034781,1
1050462,48361877,3,126,19:10:29,-79.404746,43.762881,25014,23,22.5501720763781,69.4860436428577,4889.01397220639,929,1
1050462,48361877,3,127,19:10:29,-79.404746,43.762881,25014,23,1e-12,0,4889.01397220639,929,1
1050462,48361877,3,128,19:10:37,-79.4053492541972,43.7627422547591,,,22.1390112159809,50.8991431988084,4939.9131154052,937.276653086631,1
1050462,48361877,3,129,19:10:46,-79.4059525055963,43.7626035063455,,,22.1390112159809,50.8991431973931,4990.81225860259,945.553306173032,1
1050462,48361877,3,130,19:10:54,-79.4065557541973,43.7624647547591,,,22.1390112159809,50.899143197054,5041.71140179964,953.829959259378,1
1050462,48361877,3,131,19:11:02,-79.407159,43.762326,,,22.1390112159809,50.8991431967013,5092.61054499634,962.106612345667,1
1050462,48361877,3,132,19:11:17,-79.408252,43.762094,7759,24,22.1390112159809,91.590243423122,5184.20078841947,977,1
1050462,48361877,3,133,19:11:17,-79.408252,43.762094,7759,24,1e-12,0,5184.20078841947,977,1
1050462,48361877,3,134,19:11:51,-79.4089255016717,43.7619455019774,,,5.90887118999439,56.6146699610471,5240.81545838051,1011.49268147948,1
1050462,48361877,3,135,19:12:26,-79.409599,43.761797,,,5.90887118999439,56.6146699626869,5297.4301283432,1045.98536295996,1
1050462,48361877,3,136,19:13:00,-79.4102625016414,43.7616490019191,14289,26,5.90887118999439,55.8300302344389,5353.26015857764,1080,1
1050462,48361877,3,137,19:13:00,-79.4102625016414,43.7616490019191,14289,26,1e-12,0,5353.26015857764,1080,1
1050462,48361877,3,138,,-79.410926,43.761501,,,,55.8300302360669,5409.09018881371,,1
