shape_id,trip_id,route_type,id,timestamp,shape_pt_lon,shape_pt_lat,stop_id,stop_sequence,speed,dist,cumdist,cumtime,trip_number
1050098,48353209,3,1,,-79.502785,43.626758,,,1e-12,0,0,0,1
1050098,48353209,3,2,,-79.502621,43.62633,,,,49.4434620328473,49.4434620328473,,1
1050098,48353209,3,3,06:55:13,-79.501523,43.626595,496,1,,93.2640495919951,142.707511624842,,1
1050098,48353209,3,4,06:55:13,-79.501523,43.626595,496,1,1e-12,0,142.707511624842,0,1
1050098,48353209,3,5,06:55:23,-79.500531,43.626803,24836,2,29.9592212265449,83.2200589626248,225.927570587467,10,1
1050098,48353209,3,6,06:55:23,-79.500531,43.626803,24836,2,1e-12,0,225.927570587467,10,1
1050098,48353209,3,7,06:55:25,-79.500309,43.626843,,,30.1317101052322,18.4342894553442,244.361860042811,12.2024452580843,1
1050098,48353209,3,8,06:55:33,-79.499539,43.627019,,,30.1317101052322,65.0651860092804,309.427046052092,19.9761384475968,1
1050098,48353209,3,9,06:55:43,-79.498558,43.62723,,,30.1317101052322,82.4630261080634,391.890072160155,29.8284466289861,1
1050098,48353209,3,10,06:55:45,-79.498305,43.627284,,,30.1317101052322,21.2540066501628,413.144078810318,32.3677789029714,1
1050098,48353209,3,11,06:55:55,-79.49735,43.6275,10270,3,30.1317101052322,80.6209149347686,493.764993745087,42,1
1050098,48353209,3,12,06:55:55,-79.49735,43.6275,10270,3,1e-12,0,493.764993745087,42,1
1050098,48353209,3,13,06:55:57,-79.497117,43.627538,,,36.4557081040644,19.2452238786837,513.01021762377,43.9004652375834,1
1050098,48353209,3,14,06:56:04,-79.496257,43.627728,,,36.4557081040644,72.4525163815289,585.462734005299,51.0551488945009,1
1050098,48353209,3,15,06:56:07,-79.495904,43.627805,,,36.4557081040644,29.7072373851007,615.1699713904,53.9887376285636,1
1050098,48353209,3,16,06:56:13,-79.495166,43.627965,,,36.4557081040644,62.0759750073258,677.245946397726,60.1187381593024,1
1050098,48353209,3,17,06:56:18,-79.494579,43.628094,2584,4,36.4557081040644,49.4305157899944,726.67646218772,65,1
1050098,48353209,3,18,06:56:18,-79.494579,43.628094,2584,4,1e-12,0,726.67646218772,65,1
1050098,48353209,3,19,06:56:30,-79.494221,43.627293,,,29.1120748762684,93.7169640786055,820.393426266326,76.5890424202641,1
1050098,48353209,3,20,06:56:40,-79.493928,43.626595,,,29.1120748762684,81.208696001734,901.60212226806,86.6313120574779,1
1050098,48353209,3,21,06:56:48,-79.493689,43.625988,,,29.1120748762684,70.2617808501836,971.863903118243,95.3198858584079,1
1050098,48353209,3,22,06:56:50,-79.493641,43.625871,3091,5,29.1120748762684,13.5865579696404,985.450461087883,97,1
1050098,48353209,3,23,06:56:50,-79.493641,43.625871,3091,5,1e-12,0,985.450461087883,97,1
1050098,48353209,3,24,,-79.493288,43.625047,,,,96.0364515345267,1081.48691262241,,1
