shape_id,trip_id,route_type,id,timestamp,shape_pt_lon,shape_pt_lat,stop_id,stop_sequence,speed,dist,cumdist,cumtime,trip_number
1050030,48351964,3,1,,-79.298663,43.727104,,,1e-12,0,0,0,1
1050030,48351964,3,2,,-79.298603,43.727113,,,,4.92952044914312,4.92952044914312,,1
1050030,48351964,3,3,,-79.298542,43.72713,,,,5.25934614786173,10.1888665970049,,1
1050030,48351964,3,4,,-79.298482,43.727139,,,,4.92951839682665,15.1183849938315,,1
1050030,48351964,3,5,01:59:00,-79.298423,43.727148,7929,1,,4.85078029966503,19.9691652934965,,1
1050030,48351964,3,6,01:59:00,-79.298423,43.727148,7929,1,1e-12,0,19.9691652934965,0,1
1050030,48351964,3,7,01:59:02,-79.298364,43.727166,,,9.6023671444636,5.15182709411091,25.1209923876074,1.93145890588995,1
1050030,48351964,3,8,01:59:04,-79.298304,43.727175,,,9.6023671444636,4.92951555682611,30.0505079444336,3.77957153661829,1
1050030,48351964,3,9,01:59:06,-79.298243,43.727184,,,9.6023671444636,5.00830642492989,35.0588143693634,5.65722345915939,1
1050030,48351964,3,10,01:59:08,-79.298184,43.727202,,,9.6023671444636,5.15182446622592,40.2106388355894,7.5886813798354,1
1050030,48351964,3,11,01:59:11,-79.298087,43.72722,,,9.6023671444636,8.05621403971057,48.2668528752999,10.6090168977998,1
1050030,48351964,3,12,01:59:21,-79.297969,43.726976,,,9.6023671444636,28.7728559043356,77.0397087796355,21.3961779901905,1
1050030,48351964,3,13,01:59:34,-79.297829,43.726679,,,9.6023671444636,34.9274351837375,111.967143963373,34.4907373597468,1
1050030,48351964,3,14,01:59:48,-79.297716,43.726373,,,9.6023671444636,35.2558184510138,147.222962414387,47.7084100975391,1
1050030,48351964,3,15,02:00:03,-79.297566,43.726023,2756,2,9.6023671444636,40.7876279072227,188.010590321609,63,1
1050030,48351964,3,16,02:00:03,-79.297566,43.726023,2756,2,1e-12,0,188.010590321609,63,1
1050030,48351964,3,17,02:00:07,-79.297519,43.725909,,,11.3179515822596,13.241687770937,201.252278092546,67.2118996206075,1
1050030,48351964,3,18,02:00:12,-79.297492,43.725766,,,11.3179515822596,16.0661857992482,217.318463891795,72.3222120704285,1
1050030,48351964,3,19,02:00:17,-79.297502,43.725644,,,11.3179515822596,13.6047827225159,230.923246614311,76.6496044828353,1
1050030,48351964,3,20,02:00:33,-79.298103,43.7255,,,11.3179515822596,50.9361828393196,281.85942945363,92.8513223368836,1
1050030,48351964,3,21,02:00:50,-79.2987520016414,43.725348501836,,,11.3179515822596,54.8659497411688,336.725379194799,110.303015572416,1
1050030,48351964,3,22,02:01:08,-79.299401,43.725197,,,11.3179515822596,54.8659497440514,391.59132893885,127.754708808866,1
1050030,48351964,3,23,02:01:11,-79.299517,43.725172,,,11.3179515822596,9.73793836665589,401.329267305506,130.852140165165,1
1050030,48351964,3,24,02:01:31,-79.300278,43.725009,,,11.3179515822596,63.852328308154,465.18159561366,151.162209548185,1
1050030,48351964,3,25,02:01:33,-79.300342,43.724997,,,11.3179515822596,5.31906586823439,470.500661481895,152.854091421549,1
1050030,48351964,3,26,02:01:38,-79.300526,43.724961,,,11.3179515822596,15.3351071557185,485.835768637613,157.731863283299,1
1050030,48351964,3,27,02:01:41,-79.300513,43.724862,,,11.3179515822596,11.070139746922,496.905908384535,161.253039602111,1
1050030,48351964,3,28,02:01:44,-79.300514,43.724796,,,11.3179515822596,7.34752680256467,504.2534351871,163.590131813275,1
1050030,48351964,3,29,02:01:47,-79.300543,43.724694,,,11.3179515822596,11.5917816291016,515.845216816201,167.277231334904,1
1050030,48351964,3,30,02:01:49,-79.300572,43.724647,,,11.3179515822596,5.72858944974711,521.573806265949,169.099373961085,1
1050030,48351964,3,31,02:01:55,-79.300666,43.724495,,,11.3179515822596,18.5334844402827,540.107290706231,174.994481702101,1
1050030,48351964,3,32,02:02:02,-79.300787,43.724318,,,11.3179515822596,21.9768892353503,562.084179941581,181.98486336898,1
1050030,48351964,3,33,02:02:07,-79.300881,43.724185,,,11.3179515822596,16.624915585109,578.709095526691,187.272895896015,1
1050030,48351964,3,34,02:02:11,-79.300942,43.724105,,,11.3179515822596,10.1681268830123,588.877222409703,190.507161081972,1
1050030,48351964,3,35,02:02:19,-79.301156,43.72394,,,11.3179515822596,25.1745872188448,614.051809628548,198.514662556876,1
1050030,48351964,3,36,02:02:37,-79.301703,43.723599,9966,3,11.3179515822596,58.1155983786131,672.167408007161,217,1
1050030,48351964,3,37,02:02:37,-79.301703,43.723599,9966,3,1e-12,0,672.167408007161,217,1
1050030,48351964,3,38,02:02:48,-79.302087,43.723374,,,13.1995958996603,39.7703800391546,711.937788046315,227.846799343656,1
1050030,48351964,3,39,02:02:53,-79.30228,43.723253,,,13.1995958996603,20.5550231768533,732.492811223169,233.452886378379,1
1050030,48351964,3,40,02:03:01,-79.302549,43.723109,,,13.1995958996603,26.9311526432578,759.423963866426,240.797971050117,1
1050030,48351964,3,41,02:03:08,-79.302801,43.722957,8072,4,13.1995958996603,26.4066310544756,785.830594920902,248,1
1050030,48351964,3,42,02:03:08,-79.302801,43.722957,8072,4,1e-12,0,785.830594920902,248,1
1050030,48351964,3,43,02:03:10,-79.302963,43.722849,,,27.1998827539352,17.7311972883583,803.56179220926,250.346786227557,1
1050030,48351964,3,44,02:03:12,-79.303062,43.722773,,,27.1998827539352,11.6193785104912,815.181170719752,251.884651777059,1
1050030,48351964,3,45,02:03:13,-79.303135,43.722701,,,27.1998827539352,9.93632130017365,825.117492019925,253.199758794402,1
1050030,48351964,3,46,02:03:15,-79.303239,43.722611,,,27.1998827539352,13.0529166327616,838.170408652687,254.927358148526,1
1050030,48351964,3,47,02:03:17,-79.303338,43.722521,,,27.1998827539352,12.7988105392959,850.969219191983,256.621325668838,1
1050030,48351964,3,48,02:03:19,-79.303442,43.722409,,,27.1998827539352,15.0149677303886,865.984186922371,258.608609375845,1
1050030,48351964,3,49,02:03:21,-79.303547,43.722296,,,27.1998827539352,15.1522416349717,881.136428557343,260.614061766187,1
1050030,48351964,3,50,02:03:23,-79.303648,43.72218,,,27.1998827539352,15.2568301094329,896.393258666776,262.633356808406,1
1050030,48351964,3,51,02:03:23,-79.303661,43.722166,,,27.1998827539352,1.87687380640783,898.270132473184,262.881767647681,1
1050030,48351964,3,52,02:03:25,-79.303742,43.722049,,,27.1998827539352,14.5636292066661,912.83376167985,264.809315116113,1
1050030,48351964,3,53,02:03:26,-79.303764,43.721991,,,27.1998827539352,6.69472864650467,919.528490326354,265.695385962279,1
1050030,48351964,3,54,02:03:27,-79.303828,43.721905,,,27.1998827539352,10.870241941149,930.398732267503,267.134100656095,1
1050030,48351964,3,55,02:03:29,-79.303883,43.721798,,,27.1998827539352,12.7065037715582,943.105236039062,268.815851051544,1
1050030,48351964,3,56,02:03:31,-79.30393,43.721681,,,27.1998827539352,13.5621527958147,956.667388834876,270.610849600127,1
1050030,48351964,3,57,02:03:32,-79.303968,43.721568,,,27.1998827539352,12.9452686895104,969.612657524387,272.324201370935,1
1050030,48351964,3,58,02:03:34,-79.304017,43.721429,,,27.1998827539352,15.9676773249151,985.580334849302,274.437579538397,1
1050030,48351964,3,59,02:03:37,-79.304065,43.721253,,,27.1998827539352,19.9691779809831,1005.54951283028,277.080570369714,1
1050030,48351964,3,60,02:03:39,-79.304097,43.721109,,,27.1998827539352,16.2354230500479,1021.78493588033,279.229385624137,1
1050030,48351964,3,61,02:03:42,-79.304129,43.720929,,,27.1998827539352,20.2022182936768,1041.98715417401,281.903220159204,1
1050030,48351964,3,62,02:03:48,-79.30419,43.720529,,,27.1998827539352,44.7974241199972,1086.78457829401,287.832316556086,1
1050030,48351964,3,63,02:03:57,-79.3042880009601,43.7199420000419,,,27.1998827539352,65.8184896678934,1152.6030679619,296.543624797668,1
1050030,48351964,3,64,02:04:05,-79.304386,43.719355,,,27.1998827539352,65.8184896684098,1218.42155763031,305.254933039318,1
1050030,48351964,3,65,02:04:12,-79.304456,43.7189,4505,5,27.1998827539352,50.9625084716614,1269.38406610197,312,1
1050030,48351964,3,66,02:04:12,-79.304456,43.7189,4505,5,1e-12,0,1269.38406610197,312,1
1050030,48351964,3,67,02:04:17,-79.304518,43.718554,,,26.1182926788359,38.83820933169,1308.22227543366,317.353242469305,1
1050030,48351964,3,68,02:04:25,-79.3045980006489,43.7180680000279,,,26.1182926788359,54.4828049949282,1362.70508042859,324.862848874041,1
1050030,48351964,3,69,02:04:32,-79.304678,43.717582,,,26.1182926788359,54.4828049976083,1417.1878854262,332.372455279145,1
1050030,48351964,3,70,02:04:44,-79.304799,43.716844,,,26.1182926788359,82.7285971758181,1499.91648260202,343.775304366378,1
1050030,48351964,3,71,02:04:46,-79.304826,43.716704,,,26.1182926788359,15.7354034310168,1515.65188603303,345.944184738776,1
1050030,48351964,3,72,02:04:48,-79.304855,43.716578,,,26.1182926788359,14.219003365206,1529.87088939824,347.904052971519,1
1050030,48351964,3,73,02:04:50,-79.304874,43.716416,,,26.1182926788359,18.0984350188883,1547.96932441713,350.398640457354,1
1050030,48351964,3,74,02:04:53,-79.304896,43.716259,,,26.1182926788359,17.566568348373,1565.5358927655,352.819918403496,1
1050030,48351964,3,75,02:04:55,-79.304907,43.716128,,,26.1182926788359,14.6096856164942,1580.14557838199,354.833636101896,1
1050030,48351964,3,76,02:04:57,-79.304926,43.71598,,,26.1182926788359,16.5460562909704,1596.69163467296,357.114252349671,1
1050030,48351964,3,77,02:04:58,-79.304948,43.715908,,,26.1182926788359,8.20813741674751,1604.89977208971,358.245616296911,1
1050030,48351964,3,78,02:04:59,-79.304975,43.715832,,,26.1182926788359,8.73473836794178,1613.63451045765,359.44956398642,1
1050030,48351964,3,79,02:05:01,-79.305003,43.715733,14577,6,26.1182926788359,11.2485393284728,1624.88304978613,361,1
1050030,48351964,3,80,02:05:01,-79.305003,43.715733,14577,6,1e-12,0,1624.88304978613,361,1
1050030,48351964,3,81,02:05:03,-79.305043,43.715625,,,25.0071953430292,12.4458242419562,1637.32887402808,362.791683019885,1
1050030,48351964,3,82,02:05:07,-79.305137,43.7154,,,25.0071953430292,26.1638752885589,1663.49274931664,366.558197007031,1
1050030,48351964,3,83,02:05:08,-79.305188,43.715301,,,25.0071953430292,11.7597851102542,1675.2525344269,368.251118816781,1
1050030,48351964,3,84,02:05:10,-79.305255,43.715193,,,25.0071953430292,13.1757910418683,1688.42832546876,370.147886810956,1
1050030,48351964,3,85,02:05:12,-79.305318,43.715104,,,25.0071953430292,11.1288731969311,1699.5571986657,371.74998344592,1
1050030,48351964,3,86,02:05:12,-79.305326,43.715094,,,25.0071953430292,1.28589560432504,1700.84309427002,371.935099134108,1
1050030,48351964,3,87,02:05:15,-79.305451,43.714923,,,25.0071953430292,21.5292613359927,1722.37235560601,375.034420739206,1
1050030,48351964,3,88,02:05:21,-79.305702,43.714613,,,25.0071953430292,39.9841937484389,1762.35654935445,380.790487963854,1
1050030,48351964,3,89,02:05:27,-79.305954,43.714271,9881,7,25.0071953430292,43.1340223535527,1805.490571708,387,1
1050030,48351964,3,90,02:05:27,-79.305954,43.714271,9881,7,1e-12,0,1805.490571708,387,1
1050030,48351964,3,91,02:05:37,-79.306508,43.713579,,,31.2775058615923,89.0005278998427,1894.49109960785,397.243844309622,1
1050030,48351964,3,92,02:05:46,-79.3069610042783,43.7130130008945,,,31.2775058615923,72.7903830330878,1967.28148264094,405.621922155046,1
1050030,48351964,3,93,02:05:54,-79.307414,43.712447,3582,8,31.2775058615923,72.7903830290114,2040.07186566995,414,1
1050030,48351964,3,94,02:05:54,-79.307414,43.712447,3582,8,1e-12,0,2040.07186566995,414,1
1050030,48351964,3,95,02:06:08,-79.308019,43.711674,,,26.2000823808453,98.865654688946,2138.93752035889,427.584551060054,1
1050030,48351964,3,96,02:06:18,-79.3084805044507,43.7110960009284,,,26.2000823808453,74.2897838993106,2213.2273042582,437.792275530151,1
1050030,48351964,3,97,02:06:28,-79.308942,43.710518,3034,9,26.2000823808453,74.289783897504,2287.51708815571,448,1
1050030,48351964,3,98,02:06:28,-79.308942,43.710518,3034,9,1e-12,0,2287.51708815571,448,1
1050030,48351964,3,99,02:06:35,-79.3092535020425,43.710125000423,,,27.4551662217231,50.4203359554691,2337.93742411118,454.611258805495,1
1050030,48351964,3,100,02:06:41,-79.309565,43.709732,,,27.4551662217231,50.4203359609609,2388.35776007214,461.22251761171,1
1050030,48351964,3,101,02:06:53,-79.3101050062795,43.7090350012711,,,27.4551662217231,88.9286666702504,2477.28642674239,472.883098991093,1
1050030,48351964,3,102,02:07:05,-79.310645,43.708338,,,27.4551662217231,88.9286666687737,2566.21509341116,484.543680370283,1
1050030,48351964,3,103,02:07:12,-79.311004,43.707898,5553,10,27.4551662217231,56.8651374544949,2623.08023086566,492,1
1050030,48351964,3,104,02:07:12,-79.311004,43.707898,5553,10,1e-12,0,2623.08023086566,492,1
1050030,48351964,3,105,02:07:18,-79.311241,43.707538,,,24.7958976146893,44.3815799708228,2667.46181083648,498.443553299733,1
1050030,48351964,3,106,02:07:30,-79.311724,43.706914,4313,11,24.7958976146893,79.5979081026237,2747.0597189391,510,1
1050030,48351964,3,107,02:07:30,-79.311724,43.706914,4313,11,1e-12,0,2747.0597189391,510,1
1050030,48351964,3,108,02:07:43,-79.312239,43.706208,,,24.7038321998911,88.8489846217692,2835.90870356087,522.947640756715,1
1050030,48351964,3,109,02:07:49,-79.312476,43.705875,,,24.7038321998911,41.687860724236,2877.59656428511,529.022661724835,1
1050030,48351964,3,110,02:07:54,-79.312667,43.705601,2488,12,24.7038321998911,34.1553693199352,2911.75193360504,534,1
1050030,48351964,3,111,02:07:54,-79.312667,43.705601,2488,12,1e-12,0,2911.75193360504,534,1
1050030,48351964,3,112,02:07:58,-79.312823,43.70539,,,23.6329454078375,26.6327420764067,2938.38467568145,538.05695819207,1
1050030,48351964,3,113,02:08:04,-79.313072,43.705069,,,23.6329454078375,40.9683134648955,2979.35298914635,544.297649986023,1
1050030,48351964,3,114,02:08:14,-79.313507,43.704591,7620,13,23.6329454078375,63.6930856133506,3043.0460747597,554,1
1050030,48351964,3,115,02:08:14,-79.313507,43.704591,7620,13,1e-12,0,3043.0460747597,554,1
1050030,48351964,3,116,02:08:17,-79.31366,43.704451,,,25.8207725433707,19.8615952966459,3062.90767005634,556.769155839463,1
1050030,48351964,3,117,02:08:25,-79.3141070029267,43.7040585008709,,,25.8207725433707,56.5957068871563,3119.5033769435,564.659878103932,1
1050030,48351964,3,118,02:08:33,-79.314554,43.703666,,,25.8207725433707,56.5957068864134,3176.09908382991,572.550600368298,1
1050030,48351964,3,119,02:08:35,-79.314721,43.703524,,,25.8207725433707,20.7482677161132,3196.84735154603,575.44337840786,1
1050030,48351964,3,120,02:08:43,-79.315168502844,43.7031430008729,,,25.8207725433707,55.6397334392888,3252.48708498531,583.200816340633,1
1050030,48351964,3,121,02:08:51,-79.315616,43.702762,,,25.8207725433707,55.6397334354985,3308.12681842081,590.958254272877,1
1050030,48351964,3,122,02:08:53,-79.315756,43.702664,,,25.8207725433707,15.6828699214545,3323.80968834227,593.144801233175,1
1050030,48351964,3,123,02:09:03,-79.316342,43.702191,2581,14,25.8207725433707,70.685790479974,3394.49547882224,603,1
1050030,48351964,3,124,02:09:03,-79.316342,43.702191,2581,14,1e-12,0,3394.49547882224,603,1
1050030,48351964,3,125,02:09:10,-79.3167745023301,43.7018680008154,,,24.3779933440345,50.0434969740532,3444.53897579629,610.390132016369,1
1050030,48351964,3,126,02:09:18,-79.317207,43.701545,,,24.3779933440345,50.043496975179,3494.58247277147,617.780264032905,1
1050030,48351964,3,127,02:09:19,-79.317304,43.70147,,,24.3779933440345,11.4300036880312,3506.0124764595,619.468180371884,1
1050030,48351964,3,128,02:09:33,-79.318095,43.700862,,,24.3779933440345,92.9156495837223,3598.92812604323,633.18942205822,1
1050030,48351964,3,129,02:09:45,-79.318797,43.700321,,,24.3779933440345,82.5759134945231,3681.50403953775,645.383751771295,1
1050030,48351964,3,130,02:09:47,-79.31889,43.700223,,,24.3779933440345,13.2299977341134,3694.73403727186,647.337480741955,1
1050030,48351964,3,131,02:09:49,-79.319019,43.70015,,,24.3779933440345,13.1841424063855,3707.91817967825,649.284438065028,1
1050030,48351964,3,132,02:09:50,-79.31903,43.700139,,,24.3779933440345,1.51101255011609,3709.42919222836,649.507575593357,1
1050030,48351964,3,133,02:09:50,-79.319048,43.700121,,,24.3779933440345,2.47256619788771,3711.90175842625,649.872709761161,1
1050030,48351964,3,134,02:09:50,-79.319068,43.700103,,,24.3779933440345,2.57018314748118,3714.47194157373,650.252259431241,1
1050030,48351964,3,135,02:09:51,-79.319088,43.700086,,,24.3779933440345,2.48437556053766,3716.95631713427,650.619137536904,1
1050030,48351964,3,136,02:09:51,-79.319109,43.700069,,,24.3779933440345,2.53725898513939,3719.49357611941,650.993825158547,1
1050030,48351964,3,137,02:09:51,-79.31913,43.700052,,,24.3779933440345,2.53725930238236,3722.03083542179,651.368512827038,1
1050030,48351964,3,138,02:09:52,-79.319152,43.700035,,,24.3779933440345,2.59156335176025,3724.62239877355,651.751219801098,1
1050030,48351964,3,139,02:09:52,-79.319175,43.70002,,,24.3779933440345,2.49290612714381,3727.1153049007,652.119357651128,1
1050030,48351964,3,140,02:09:52,-79.319198,43.700004,,,24.3779933440345,2.56880042421292,3729.68410532491,652.498703128693,1
1050030,48351964,3,141,02:09:53,-79.319222,43.699989,,,24.3779933440345,2.55323471013443,3732.23734003504,652.875749952308,1
1050030,48351964,3,142,02:09:53,-79.319246,43.699974,,,24.3779933440345,2.55323507832711,3734.79057511337,653.252796830296,1
1050030,48351964,3,143,02:09:54,-79.31927,43.69996,,,24.3779933440345,2.48186267139006,3737.27243778476,653.619303847133,1
1050030,48351964,3,144,02:09:54,-79.319296,43.699947,,,24.3779933440345,2.5441636427265,3739.81660142749,653.995011108373,1
1050030,48351964,3,145,02:09:54,-79.319321,43.699933,,,24.3779933440345,2.54499969578244,3742.36160112327,654.370841833057,1
1050030,48351964,3,146,02:09:55,-79.319347,43.69992,,,24.3779933440345,2.54416441773737,3744.90576554101,654.746549208746,1
1050030,48351964,3,147,02:09:55,-79.319374,43.699908,,,24.3779933440345,2.55073717603098,3747.45650271704,655.123227211079,1
1050030,48351964,3,148,02:09:55,-79.319401,43.699896,,,24.3779933440345,2.55073754652863,3750.00724026357,655.499905268124,1
1050030,48351964,3,149,02:09:56,-79.319428,43.699885,,,24.3779933440345,2.49424280521168,3752.50148306878,655.868240510982,1
1050030,48351964,3,150,02:09:56,-79.319456,43.699874,,,24.3779933440345,2.56466176575112,3755.06614483453,656.246974815582,1
1050030,48351964,3,151,02:09:57,-79.319484,43.699864,,,24.3779933440345,2.51341583123628,3757.57956066577,656.618141419197,1
1050030,48351964,3,152,02:09:57,-79.319513,43.699854,7219,15,24.3779933440345,2.58581831699257,3760.16537898276,657,1
1050030,48351964,3,153,02:09:57,-79.319513,43.699854,7219,15,1e-12,0,3760.16537898276,657,1
1050030,48351964,3,154,02:09:57,-79.319541,43.699845,,,22.4404617222018,2.46613338911359,3762.63151237187,657.395628232196,1
1050030,48351964,3,155,02:09:58,-79.31957,43.699837,,,22.4404617222018,2.49806857449264,3765.12958094637,657.796379650749,1
1050030,48351964,3,156,02:09:58,-79.3196,43.699829,,,22.4404617222018,2.5734214875783,3767.70300243394,658.209219523207,1
1050030,48351964,3,157,02:09:58,-79.319615,43.699825,,,22.4404617222018,1.28671085687745,3768.98971329082,658.415639477578,1
1050030,48351964,3,158,02:09:59,-79.319638,43.699819,,,22.4404617222018,1.96786964872578,3770.95758293955,658.731333995058,1
1050030,48351964,3,159,02:09:59,-79.319659,43.699814,,,22.4404617222018,1.77938538880673,3772.73696832835,659.016791018135,1
1050030,48351964,3,160,02:10:11,-79.3205180024141,43.6996455032163,,,22.4404617222018,71.6324751972757,3844.36944352563,670.508395509279,1
1050030,48351964,3,161,02:10:22,-79.321377,43.699477,5789,16,22.4404617222018,71.6324751946428,3916.00191872027,682,1
1050030,48351964,3,162,02:10:22,-79.321377,43.699477,5789,16,1e-12,0,3916.00191872027,682,1
1050030,48351964,3,163,02:10:28,-79.321998,43.699347,,,29.4366347788782,52.0317550061375,3968.03367372641,688.363306112576,1
1050030,48351964,3,164,02:10:33,-79.322412,43.699262,,,29.4366347788782,34.6367506642266,4002.67042439064,692.599262543325,1
1050030,48351964,3,165,02:10:43,-79.323428,43.699052,2018,17,29.4366347788782,85.045197206425,4087.71562159706,703,1
1050030,48351964,3,166,02:10:43,-79.323428,43.699052,2018,17,1e-12,0,4087.71562159706,703,1
1050030,48351964,3,167,02:10:45,-79.323617,43.699023,,,22.5532487606164,15.5498247956454,4103.26544639271,705.482097805886,1
1050030,48351964,3,168,02:10:57,-79.324473,43.698811,,,22.5532487606164,72.8224663709765,4176.08791276368,717.106182731217,1
1050030,48351964,3,169,02:11:11,-79.32551,43.698589,2819,18,22.5532487606164,87.0418658603946,4263.12977862408,731,1
1050030,48351964,3,170,02:11:11,-79.32551,43.698589,2819,18,1e-12,0,4263.12977862408,731,1
1050030,48351964,3,171,02:11:22,-79.32647,43.698383,,,26.3031490659302,80.5943574443004,4343.72413606838,742.030606490205,1
1050030,48351964,3,172,02:11:29,-79.327057,43.698264,,,26.3031490659302,49.0653724652726,4392.78950853365,748.745975073345,1
1050030,48351964,3,173,02:11:33,-79.327427,43.698184,756,19,26.3031490659302,31.081736604445,4423.8712451381,753,1
1050030,48351964,3,174,02:11:33,-79.327427,43.698184,756,19,1e-12,0,4423.8712451381,753,1
1050030,48351964,3,175,02:11:46,-79.32838,43.697978,,,21.6094159907727,80.0549243201499,4503.92616945825,766.336673590605,1
1050030,48351964,3,176,02:11:53,-79.328878,43.697879,,,21.6094159907727,41.5681136912871,4545.49428314953,773.261673755003,1
1050030,48351964,3,177,02:12:02,-79.329477,43.697761,,,21.6094159907727,49.9669882491293,4595.46127139866,781.585876397669,1
1050030,48351964,3,178,02:12:09,-79.329328,43.697376,3273,20,21.6094159907727,44.5041336471604,4639.96540504582,789,1
1050030,48351964,3,179,02:12:09,-79.329328,43.697376,3273,20,1e-12,0,4639.96540504582,789,1
1050030,48351964,3,180,02:12:21,-79.3290484966416,43.6966555003405,,,23.9905920426847,83.3006668135072,4723.26607185933,801.499999999794,1
1050030,48351964,3,181,02:12:34,-79.328769,43.695935,419,21,23.9905920426847,83.3006668162482,4806.56673867558,814,1
1050030,48351964,3,182,02:12:34,-79.328769,43.695935,419,21,1e-12,0,4806.56673867558,814,1
1050030,48351964,3,183,02:12:43,-79.3285779956882,43.695483750477,,,20.4451269360325,52.5326178230495,4859.09935649863,823.250000000229,1
1050030,48351964,3,184,02:12:53,-79.3283869942509,43.695032500636,,,20.4451269360325,52.5326178209822,4911.63197431961,832.500000000094,1
1050030,48351964,3,185,02:13:02,-79.3281959956882,43.694581250477,,,20.4451269360325,52.5326178215267,4964.16459214114,841.750000000054,1
1050030,48351964,3,186,02:13:11,-79.328005,43.69413,9221,22,20.4451269360325,52.5326178214416,5016.69720996258,851,1
1050030,48351964,3,187,02:13:11,-79.328005,43.69413,9221,22,1e-12,0,5016.69720996258,851,1
1050030,48351964,3,188,02:13:21,-79.3278224959191,43.6936830004355,,,18.1078600062506,51.8827041231939,5068.57991408577,861.31473265085,1
1050030,48351964,3,189,02:13:32,-79.3276399945589,43.6932360005807,,,18.1078600062506,51.8827041222409,5120.46261820801,871.629465301511,1
1050030,48351964,3,190,02:13:42,-79.3274574959192,43.6927890004355,,,18.1078600062506,51.8827041246393,5172.34532233265,881.944197952649,1
1050030,48351964,3,191,02:13:52,-79.327275,43.692342,,,18.1078600062506,51.8827041222475,5224.2280264549,892.258930603311,1
1050030,48351964,3,192,02:14:02,-79.327102,43.69192,6480,23,18.1078600062506,48.9972002628953,5273.22522671779,902,1
1050030,48351964,3,193,02:14:02,-79.327102,43.69192,6480,23,1e-12,0,5273.22522671779,902,1
1050030,48351964,3,194,02:14:13,-79.3268314969782,43.6912500003189,,,26.6390292763607,77.6971687258118,5350.92239544361,912.500000000418,1
1050030,48351964,3,195,02:14:23,-79.326561,43.69058,418,24,26.6390292763607,77.6971687196253,5428.61956416323,923,1
1050030,48351964,3,196,02:14:23,-79.326561,43.69058,418,24,1e-12,0,5428.61956416323,923,1
1050030,48351964,3,197,02:14:33,-79.3263729985675,43.6901230001541,,,19.8143639346811,53.076024320457,5481.69558848369,932.64319057546,1
1050030,48351964,3,198,02:14:42,-79.326185,43.689666,,,19.8143639346811,53.0760243232567,5534.77161280695,942.286381151428,1
1050030,48351964,3,199,02:14:52,-79.3260149987359,43.689220000126,,,19.8143639346811,51.4997853324146,5586.27139813936,951.643190575534,1
1050030,48351964,3,200,02:15:01,-79.325845,43.688774,9056,25,19.8143639346811,51.4997853343949,5637.77118347375,961,1
1050030,48351964,3,201,02:15:01,-79.325845,43.688774,9056,25,1e-12,0,5637.77118347375,961,1
1050030,48351964,3,202,02:15:16,-79.325582,43.688043,,,19.9420779514623,84.0833139569134,5721.85449743067,976.178956324494,1
1050030,48351964,3,203,02:15:31,-79.325278,43.687339,9057,26,19.9420779514623,82.1006689719389,5803.95516640261,991,1
1050030,48351964,3,204,02:15:31,-79.325278,43.687339,9057,26,1e-12,0,5803.95516640261,991,1
1050030,48351964,3,205,02:15:39,-79.32511,43.686965,,,20.2896027117598,43.7748217998133,5847.72998820242,998.767000700708,1
1050030,48351964,3,206,02:15:46,-79.324952,43.686592,,,20.2896027117598,43.4264418086726,5891.15643001109,1006.47218806845,1
1050030,48351964,3,207,02:16:03,-79.324646,43.685785,4623,27,20.2896027117598,93.1507604960459,5984.30719050714,1023,1
1050030,48351964,3,208,02:16:03,-79.324646,43.685785,4623,27,1e-12,0,5984.30719050714,1023,1
1050030,48351964,3,209,02:16:22,-79.324289,43.684972,,,17.655103235156,94.9560295988563,6079.26322010599,1042.36220377773,1
1050030,48351964,3,210,02:16:42,-79.323961,43.684161,,,17.655103235156,94.0621448181264,6173.32536492412,1061.54213814769,1
1050030,48351964,3,211,02:16:51,-79.323795,43.683762,6052,28,17.655103235156,46.3832020517647,6219.70856697589,1071,1
1050030,48351964,3,212,02:16:51,-79.323795,43.683762,6052,28,1e-12,0,6219.70856697589,1071,1
1050030,48351964,3,213,,-79.323626,43.683359,,,,46.8793183434228,6266.58788531931,,1
