shape_id,trip_id,route_type,id,timestamp,shape_pt_lon,shape_pt_lat,stop_id,stop_sequence,speed,dist,cumdist,cumtime,trip_number
1050464,48361880,3,1,,-79.433102,43.788815,,,1e-12,0,0,0,1
1050464,48361880,3,2,,-79.4332034992239,43.7892720000449,,,,51.5227394988268,51.5227394988268,,1
1050464,48361880,3,3,05:32:18,-79.433305,43.789729,8913,1,,51.5227394972728,103.0454789961,,1
1050464,48361880,3,4,05:32:18,-79.433305,43.789729,8913,1,1e-12,0,103.0454789961,0,1
1050464,48361880,3,5,05:32:29,-79.4333989992923,43.7901790000385,,,16.8845311779828,50.6600949420063,153.705573938106,10.8013861841209,1
1050464,48361880,3,6,05:32:40,-79.433493,43.790629,,,16.8845311779828,50.6600949441702,204.365668882276,21.6027723687033,1
1050464,48361880,3,7,05:32:49,-79.433592,43.791034,,,16.8845311779828,45.7809141922983,250.146583074574,31.3638542344044,1
1050464,48361880,3,8,05:32:53,-79.433641,43.791187,,,16.8845311779828,17.4811103461284,267.627693420703,35.0910526139558,1
1050464,48361880,3,9,05:33:08,-79.433903,43.791786,1467,2,16.8845311779828,69.9251630473799,337.552856468083,50,1
1050464,48361880,3,10,05:33:08,-79.433903,43.791786,1467,2,1e-12,0,337.552856468083,50,1
1050464,48361880,3,11,05:33:16,-79.43405,43.792115,,,16.4779124626145,38.4819385589947,376.034795027077,58.4073136768199,1
1050464,48361880,3,12,05:33:20,-79.43412,43.792232,,,16.4779124626145,14.187128250689,390.221923277766,61.5068362539885,1
1050464,48361880,3,13,05:33:24,-79.434253,43.792385,,,16.4779124626145,20.1073452806428,410.329268558409,65.8997739622416,1
1050464,48361880,3,14,05:33:27,-79.434335,43.792475,,,16.4779124626145,11.9913743725565,422.320642930966,68.5195807999795,1
1050464,48361880,3,15,05:33:29,-79.434419,43.792556,,,16.4779124626145,11.2634522980356,433.584095229001,70.9803553892926,1
1050464,48361880,3,16,05:33:32,-79.434506,43.792641,,,16.4779124626145,11.7646087235389,445.34870395254,73.5506197659745,1
1050464,48361880,3,17,05:33:34,-79.434576,43.792709,,,16.4779124626145,9.43081830521798,454.779522257758,75.6110109700068,1
1050464,48361880,3,18,05:33:36,-79.434676,43.79279,,,16.4779124626145,12.0778531507137,466.857375408472,78.2497111962167,1
1050464,48361880,3,19,05:33:38,-79.434748,43.792844,,,16.4779124626145,8.34316451906036,475.200539927532,80.0724780264668,1
1050464,48361880,3,20,05:33:40,-79.434849,43.792903,,,16.4779124626145,10.4405306269132,485.641070554445,82.3534653992401,1
1050464,48361880,3,21,05:33:42,-79.434924,43.792957,,,16.4779124626145,8.51209765928518,494.153168213731,84.2131397750417,1
1050464,48361880,3,22,05:33:44,-79.434987,43.792993,,,16.4779124626145,6.45661533745801,500.609783551189,85.6237441381602,1
1050464,48361880,3,23,05:33:45,-79.435039,43.793024,,,16.4779124626145,5.41926507998404,506.029048631173,86.8077141545203,1
1050464,48361880,3,24,05:33:46,-79.435104,43.793056,,,16.4779124626145,6.32219748294364,512.351246114116,88.1889516741537,1
1050464,48361880,3,25,05:33:48,-79.435196,43.793092,,,16.4779124626145,8.40903631637144,520.760282430488,90.026109797649,1
1050464,48361880,3,26,05:33:50,-79.435323,43.793119,,,16.4779124626145,10.638524426472,531.39880685696,92.3503537224903,1
1050464,48361880,3,27,05:33:52,-79.435437,43.793141,,,16.4779124626145,9.48221545934319,540.881022316303,94.4219738825734,1
1050464,48361880,3,28,05:33:55,-79.435579,43.793155,,,16.4779124626145,11.5163763935973,552.3973987099,96.93800588062,1
1050464,48361880,3,29,05:33:58,-79.435746,43.79316,,,16.4779124626145,13.4308535221441,565.828252232044,99.8723018837951,1
1050464,48361880,3,30,05:34:00,-79.435867,43.793155,5625,3,16.4779124626145,9.73889536269272,575.567147594737,102,1
1050464,48361880,3,31,05:34:00,-79.435867,43.793155,5625,3,1e-12,0,575.567147594737,102,1
1050464,48361880,3,32,,-79.435949,43.793155,,,,6.58912519949445,582.156272794232,,1
1050464,48361880,3,33,,-79.436014,43.793133,,,,5.76874253228115,587.925015326513,,1
1050464,48361842,3,1,,-79.433102,43.788815,,,1e-12,0,0,0,2
1050464,48361842,3,2,,-79.4332034992239,43.7892720000449,,,,51.5227394988268,51.5227394988268,,2
1050464,48361842,3,3,06:11:18,-79.433305,43.789729,8913,1,,51.5227394972728,103.0454789961,,2
1050464,48361842,3,4,06:11:18,-79.433305,43.789729,8913,1,1e-12,0,103.0454789961,0,2
1050464,48361842,3,5,06:11:29,-79.4333989992923,43.7901790000385,,,16.8845311779828,50.6600949420063,153.705573938106,10.8013861841209,2
1050464,48361842,3,6,06:11:40,-79.433493,43.790629,,,16.8845311779828,50.6600949441702,204.365668882276,21.6027723687033,2
1050464,48361842,3,7,06:11:49,-79.433592,43.791034,,,16.8845311779828,45.7809141922983,250.146583074574,31.3638542344044,2
1050464,48361842,3,8,06:11:53,-79.433641,43.791187,,,16.8845311779828,17.4811103461284,267.627693420703,35.0910526139558,2
1050464,48361842,3,9,06:12:08,-79.433903,43.791786,1467,2,16.8845311779828,69.9251630473799,337.552856468083,50,2
1050464,48361842,3,10,06:12:08,-79.433903,43.791786,1467,2,1e-12,0,337.552856468083,50,2
1050464,48361842,3,11,06:12:16,-79.43405,43.792115,,,16.4779124626145,38.4819385589947,376.034795027077,58.4073136768199,2
1050464,48361842,3,12,06:12:20,-79.43412,43.792232,,,16.4779124626145,14.187128250689,390.221923277766,61.5068362539885,2
1050464,48361842,3,13,06:12:24,-79.434253,43.792385,,,16.4779124626145,20.1073452806428,410.329268558409,65.8997739622416,2
1050464,48361842,3,14,06:12:27,-79.434335,43.792475,,,16.4779124626145,11.9913743725565,422.320642930966,68.5195807999795,2
1050464,48361842,3,15,06:12:29,-79.434419,43.792556,,,16.4779124626145,11.2634522980356,433.584095229001,70.9803553892926,2
1050464,48361842,3,16,06:12:32,-79.434506,43.792641,,,16.4779124626145,11.7646087235389,445.34870395254,73.5506197659745,2
1050464,48361842,3,17,06:12:34,-79.434576,43.792709,,,16.4779124626145,9.43081830521798,454.779522257758,75.6110109700068,2
1050464,48361842,3,18,06:12:36,-79.434676,43.79279,,,16.4779124626145,12.0778531507137,466.857375408472,78.2497111962167,2
1050464,48361842,3,19,06:12:38,-79.434748,43.792844,,,16.4779124626145,8.34316451906036,475.200539927532,80.0724780264668,2
1050464,48361842,3,20,06:12:40,-79.434849,43.792903,,,16.4779124626145,10.4405306269132,485.641070554445,82.3534653992401,2
1050464,48361842,3,21,06:12:42,-79.434924,43.792957,,,16.4779124626145,8.51209765928518,494.153168213731,84.2131397750417,2
1050464,48361842,3,22,06:12:44,-79.434987,43.792993,,,16.4779124626145,6.45661533745801,500.609783551189,85.6237441381602,2
1050464,48361842,3,23,06:12:45,-79.435039,43.793024,,,16.4779124626145,5.41926507998404,506.029048631173,86.8077141545203,2
1050464,48361842,3,24,06:12:46,-79.435104,43.793056,,,16.4779124626145,6.32219748294364,512.351246114116,88.1889516741537,2
1050464,48361842,3,25,06:12:48,-79.435196,43.793092,,,16.4779124626145,8.40903631637144,520.760282430488,90.026109797649,2
1050464,48361842,3,26,06:12:50,-79.435323,43.793119,,,16.4779124626145,10.638524426472,531.39880685696,92.3503537224903,2
1050464,48361842,3,27,06:12:52,-79.435437,43.793141,,,16.4779124626145,9.48221545934319,540.881022316303,94.4219738825734,2
1050464,48361842,3,28,06:12:55,-79.435579,43.793155,,,16.4779124626145,11.5163763935973,552.3973987099,96.93800588062,2
1050464,48361842,3,29,06:12:58,-79.435746,43.79316,,,16.4779124626145,13.4308535221441,565.828252232044,99.8723018837951,2
1050464,48361842,3,30,06:13:00,-79.435867,43.793155,5625,3,16.4779124626145,9.73889536269272,575.567147594737,102,2
1050464,48361842,3,31,06:13:00,-79.435867,43.793155,5625,3,1e-12,0,575.567147594737,102,2
1050464,48361842,3,32,,-79.435949,43.793155,,,,6.58912519949445,582.156272794232,,2
1050464,48361842,3,33,,-79.436014,43.793133,,,,5.76874253228115,587.925015326513,,2
