shape_id,trip_id,route_type,id,timestamp,shape_pt_lon,shape_pt_lat,stop_id,stop_sequence,speed,dist,cumdist,cumtime,trip_number
1050301,48358180,3,1,,-79.337304,43.716547,,,1e-12,0,0,0,1
1050301,48358180,3,2,,-79.3376459958592,43.7172725005098,,,,85.3211389447102,85.3211389447102,,1
1050301,48358180,3,3,,-79.337988,43.717998,,,,85.3211389447742,170.642277889484,,1
1050301,48358180,3,4,,-79.3382719969855,43.7186340003516,,,,74.3950075382228,245.037285427707,,1
1050301,48358180,3,5,,-79.338556,43.71927,,,,74.3950075357939,319.432292963501,,1
1050301,48358180,3,6,,-79.338622,43.719474,,,,23.3217200522685,342.75401301577,,1
1050301,48358180,3,7,,-79.33867,43.719647,,,,19.6416522026054,362.395665218375,,1
1050301,48358180,3,8,,-79.338747,43.719906,,,,29.4897778320197,391.885443050395,,1
1050301,48358180,3,9,05:57:54,-79.338779,43.720109,5682,1,,22.7440372712909,414.629480321686,,1
1050301,48358180,3,10,05:57:54,-79.338779,43.720109,5682,1,1e-12,0,414.629480321686,0,1
1050301,48358180,3,11,05:57:56,-79.338832,43.720333,,,44.02416438367,25.2975157846579,439.926996106343,2.06866065715831,1
1050301,48358180,3,12,05:57:58,-79.338862,43.720494,,,44.02416438367,18.0842249077225,458.011221014066,3.54746691229646,1
1050301,48358180,3,13,05:58:01,-79.338779,43.720109,,,44.02416438367,43.375095577731,501.386316591797,7.0943904318205,1
1050301,48358180,3,14,05:58:03,-79.338747,43.719906,,,44.02416438367,22.7440372712909,524.130353863088,8.95424479414472,1
1050301,48358180,3,15,05:58:05,-79.33867,43.719647,,,44.02416438367,29.4897778320197,553.620131695108,11.365720438976,1
1050301,48358180,3,16,05:58:07,-79.338622,43.719474,,,44.02416438367,19.6416522026054,573.261783897713,12.9718826210255,1
1050301,48358180,3,17,05:58:09,-79.338556,43.71927,,,44.02416438367,23.3217200522685,596.583503949981,14.8789759949388,1
1050301,48358180,3,18,05:58:15,-79.3382719969855,43.7186340003516,,,44.02416438367,74.3950075357939,670.978511485775,20.9624992344668,1
1050301,48358180,3,19,05:58:21,-79.337988,43.717998,,,44.02416438367,74.3950075382228,745.373519023998,27.0460224741935,1
1050301,48358180,3,20,05:58:28,-79.3376459958592,43.7172725005098,,,44.02416438367,85.3211389447742,830.694657968772,34.0230112370993,1
1050301,48358180,3,21,05:58:35,-79.337304,43.716547,6261,2,44.02416438367,85.3211389447102,916.015796913482,41,1
1050301,48358180,3,22,05:58:35,-79.337304,43.716547,6261,2,1e-12,0,916.015796913482,41,1
1050301,48358180,3,23,05:58:42,-79.3370624935014,43.7160095007627,,,30.3616389936396,62.9102359996016,978.926032913084,48.4593090855869,1
1050301,48358180,3,24,05:58:50,-79.3368209913353,43.7154720010169,,,30.3616389936396,62.9102359997389,1041.83626891282,55.9186181711901,1
1050301,48358180,3,25,05:58:57,-79.3365794935016,43.7149345007626,,,30.3616389936396,62.9102360042142,1104.74650491704,63.3779272573239,1
1050301,48358180,3,26,05:59:05,-79.336338,43.714397,,,30.3616389936396,62.9102359997503,1167.65674091679,70.8372363429285,1
1050301,48358180,3,27,05:59:12,-79.3361107441498,43.7138827506753,,,30.3616389936396,60.0953749192874,1227.75211583607,77.9627854529339,1
1050301,48358180,3,28,05:59:19,-79.3358834921999,43.7133685009004,,,30.3616389936396,60.0953749162387,1287.84749075231,85.0883345625779,1
1050301,48358180,3,29,05:59:26,-79.33565624415,43.7128542506753,,,30.3616389936396,60.0953749187584,1347.94286567107,92.2138836725206,1
1050301,48358180,3,30,05:59:33,-79.335429,43.71234,,,30.3616389936396,60.0953749208271,1408.0382405919,99.3394327827086,1
1050301,48358180,3,31,05:59:35,-79.335364,43.712194,,,30.3616389936396,17.0734581536358,1425.11169874553,101.363844223934,1
1050301,48358180,3,32,05:59:43,-79.3351184932289,43.7116430007881,,,30.3616389936396,64.4396108591298,1489.55130960466,109.004492317453,1
1050301,48358180,3,33,05:59:51,-79.334872990972,43.7110920010509,,,30.3616389936396,64.439610854824,1553.99092045949,116.645140410462,1
1050301,48358180,3,34,05:59:58,-79.334627493229,43.7105410007881,,,30.3616389936396,64.4396108583609,1618.43053131785,124.28578850389,1
1050301,48358180,3,35,06:00:06,-79.334382,43.70999,,,30.3616389936396,64.4396108579219,1682.87014217577,131.926436597266,1
1050301,48358180,3,36,06:00:07,-79.334465,43.709981,,,30.3616389936396,6.75348242554471,1689.62362460132,132.727201560483,1
1050301,48358180,3,37,06:00:08,-79.33458,43.709963,,,30.3616389936396,9.46815518136691,1699.09177978268,133.849847102118,1
1050301,48358180,3,38,06:00:09,-79.334711,43.709937,,,30.3616389936396,10.9313019155142,1710.0230816982,135.145978938218,1
1050301,48358180,3,39,06:00:10,-79.334805,43.709909,,,30.3616389936396,8.18094878473225,1718.20403048293,136.115999549793,1
1050301,48358180,3,40,06:00:11,-79.334908,43.709878,,,30.3616389936396,8.97783096765701,1727.18186145059,137.180507018917,1
1050301,48358180,3,41,06:00:13,-79.335081,43.70982,3115,3,30.3616389936396,15.3452191786401,1742.52708062923,139,1
1050301,48358180,3,42,06:00:13,-79.335081,43.70982,3115,3,1e-12,0,1742.52708062923,139,1
1050301,48358180,3,43,06:00:26,-79.335968,43.709383,,,23.4195515625657,86.3760981207734,1828.90317875,152.277536608849,1
1050301,48358180,3,44,06:00:28,-79.336119,43.70934,,,23.4195515625657,13.0595076891662,1841.96268643917,154.285014316327,1
1050301,48358180,3,45,06:00:31,-79.336303,43.709286,,,23.4195515625657,15.9798371938306,1857.942523633,156.74139840823,1
1050301,48358180,3,46,06:00:35,-79.336611,43.709206,,,23.4195515625657,26.3355576389944,1884.27808127199,160.789640205137,1
1050301,48358180,3,47,06:00:44,-79.337313,43.709022,,,23.4195515625657,60.0874957118448,1944.36557698384,170.026152867847,1
1050301,48358180,3,48,06:00:49,-79.337721,43.708916,,,23.4195515625657,34.8871840116652,1979.2527609955,175.388931147631,1
1050301,48358180,3,49,06:00:52,-79.337898,43.708874,,,23.4195515625657,14.9906604779145,1994.24342147342,177.693261253027,1
1050301,48358180,3,50,06:01:01,-79.33859,43.708694,,,23.4195515625657,59.179687275912,2053.42310874933,186.790227675468,1
1050301,48358180,3,51,06:01:11,-79.3393305023844,43.7085010023902,,,23.4195515625657,63.3421623419183,2116.76527109125,196.527040262238,1
1050301,48358180,3,52,06:01:20,-79.340071,43.708308,,,23.4195515625657,63.3421623449572,2180.1074334362,206.263852849475,1
1050301,48358180,3,53,06:01:33,-79.341017,43.708095,,,23.4195515625657,79.7312641340712,2259.83869757027,218.519960747863,1
1050301,48358180,3,54,06:01:37,-79.341374,43.708011,,,23.4195515625657,30.2111620757165,2290.04985964599,223.163951610883,1
1050301,48358180,3,55,06:01:52,-79.3424935050895,43.7077385054629,,,23.4195515625657,95.0562565213609,2385.10611616735,237.775782352505,1
1050301,48358180,3,56,06:02:06,-79.343613,43.707466,,,23.4195515625657,95.0562565183079,2480.16237268566,252.387613093658,1
1050301,48358180,3,57,06:02:18,-79.3445090090808,43.7072635104982,8512,4,23.4195515625657,75.5435816437635,2555.70595432942,264,1
1050301,48358180,3,58,06:02:18,-79.3445090090808,43.7072635104982,8512,4,1e-12,0,2555.70595432942,264,1
1050301,48358180,3,59,06:02:31,-79.3454050121078,43.7070610139975,,,21.6040429112916,75.5435816437956,2631.24953597322,276.588240776708,1
1050301,48358180,3,60,06:02:43,-79.3463010090809,43.7068585104981,,,21.6040429112916,75.5435816442167,2706.79311761743,289.176481553486,1
1050301,48358180,3,61,06:02:56,-79.347197,43.706656,,,21.6040429112916,75.5435816418307,2782.33669925927,301.764722329866,1
1050301,48358180,3,62,06:02:57,-79.347276,43.706629,,,21.6040429112916,7.03194958673819,2789.368648846,302.936494604907,1
1050301,48358180,3,63,06:02:59,-79.347421,43.706597,,,21.6040429112916,12.2000038251643,2801.56865267117,304.969448064171,1
1050301,48358180,3,64,06:03:01,-79.347591,43.706548,,,21.6040429112916,14.7275237827631,2816.29617645393,307.423576017705,1
1050301,48358180,3,65,06:03:04,-79.347762,43.70649,,,21.6040429112916,15.2000664538062,2831.49624290774,309.956446344726,1
1050301,48358180,3,66,06:03:07,-79.347945,43.706427,,,21.6040429112916,16.3109872825417,2847.80723019028,312.674435494177,1
1050301,48358180,3,67,06:03:10,-79.348138,43.706346,,,21.6040429112916,17.9587754250166,2865.7660056153,315.667004607075,1
1050301,48358180,3,68,06:03:12,-79.348276,43.706279,,,21.6040429112916,13.3772731484873,2879.14327876378,317.896132901825,1
1050301,48358180,3,69,06:03:14,-79.34841,43.706221,,,21.6040429112916,12.5684152936667,2891.71169405745,319.990476781949,1
1050301,48358180,3,70,06:03:17,-79.348562,43.706135,,,21.6040429112916,15.5327769997147,2907.24447105716,322.578788489557,1
1050301,48358180,3,71,06:03:19,-79.348676,43.706064,,,21.6040429112916,12.1089751124619,2919.35344616963,324.596573335841,1
1050301,48358180,3,72,06:03:21,-79.348783,43.705983,,,21.6040429112916,12.467772043559,2931.82121821319,326.674146479956,1
1050301,48358180,3,73,06:03:24,-79.348946,43.705861,,,21.6040429112916,18.8811709379177,2950.7023891511,329.820419409315,1
1050301,48358180,3,74,06:03:26,-79.349034,43.70579,,,21.6040429112916,10.6121162651747,2961.31450541628,331.588774467278,1
1050301,48358180,3,75,06:03:27,-79.349121,43.705713,,,21.6040429112916,11.067429012241,2972.38193442852,333.433000782124,1
1050301,48358180,3,76,06:03:29,-79.349197,43.705641,,,21.6040429112916,10.0819061849378,2982.46384061346,335.11300403035,1
1050301,48358180,3,77,06:03:31,-79.349296,43.705547,,,21.6040429112916,13.1516548478133,2995.61549546127,337.304536311901,1
1050301,48358180,3,78,06:03:44,-79.349865,43.705,1009,5,21.6040429112916,76.187039526785,3071.80253498806,350,1
1050301,48358180,3,79,06:03:44,-79.349865,43.705,1009,5,1e-12,0,3071.80253498806,350,1
1050301,48358180,3,80,06:04:01,-79.350592,43.704299,,,21.0577005040797,97.5307713774648,3169.33330636552,366.673747301651,1
1050301,48358180,3,81,06:04:03,-79.350673,43.70422,,,21.0577005040797,10.9466325728528,3180.27993893837,368.545170881573,1
1050301,48358180,3,82,06:04:04,-79.350729,43.704166,,,21.0577005040797,7.51295226892229,3187.7928912073,369.82957646816,1
1050301,48358180,3,83,06:04:14,-79.3511920034446,43.7037200009344,,,21.0577005040797,62.074846911175,3249.86773811847,380.44182013821,1
1050301,48358180,3,84,06:04:25,-79.351655,43.703274,,,21.0577005040797,62.0748469114247,3311.94258502989,391.054063808303,1
1050301,48358180,3,85,06:04:32,-79.351952,43.702968,,,21.0577005040797,41.6127104606556,3353.55529549055,398.168124416646,1
1050301,48358180,3,86,06:04:37,-79.352141,43.702741,,,21.0577005040797,29.4939783495628,3383.04927384011,403.210380670497,1
1050301,48358180,3,87,06:04:42,-79.352356,43.702518,,,21.0577005040797,30.2592162576613,3413.30849009777,408.383461107579,1
1050301,48358180,3,88,06:04:47,-79.352523,43.702324,,,21.0577005040797,25.436415203412,3438.74490530119,412.732041082612,1
1050301,48358180,3,89,06:04:50,-79.352644,43.702164,,,21.0577005040797,20.2992569990074,3459.04416230019,416.202378462625,1
1050301,48358180,3,90,06:04:53,-79.352756,43.702016,,,21.0577005040797,18.7797200175906,3477.82388231778,419.412937566656,1
1050301,48358180,3,91,06:04:56,-79.35283,43.701911,,,21.0577005040797,13.1182434108875,3490.94212572867,421.655617211095,1
1050301,48358180,3,92,06:04:57,-79.352766,43.70188,,,21.0577005040797,6.199774145633,3497.1418998743,422.715523392207,1
1050301,48358180,3,93,06:04:58,-79.3527,43.701853,,,21.0577005040797,6.10296743254031,3503.24486730685,423.75887961018,1
1050301,48358180,3,94,06:05:00,-79.352596,43.701797,,,21.0577005040797,10.4361526121122,3513.68101991896,425.543032129413,1
1050301,48358180,3,95,06:05:02,-79.352474,43.701742,,,21.0577005040797,11.5708737485287,3525.25189366749,427.52117525509,1
1050301,48358180,3,96,06:05:03,-79.352357,43.70169,,,21.0577005040797,11.052953334788,3536.30484700227,429.410775308881,1
1050301,48358180,3,97,06:05:05,-79.352243,43.701618,,,21.0577005040797,12.1824390405154,3548.48728604279,431.493470925972,1
1050301,48358180,3,98,06:05:07,-79.352167,43.701577,,,21.0577005040797,7.63155592146072,3556.11884196425,432.798152855128,1
1050301,48358180,3,99,06:05:09,-79.352051,43.7015,,,21.0577005040797,12.6737331806758,3568.79257514493,434.964839547324,1
1050301,48358180,3,100,06:05:11,-79.351937,43.701418,,,21.0577005040797,12.942028174395,3581.73460331932,437.177393639771,1
1050301,48358180,3,101,06:05:14,-79.351819,43.701322,,,21.0577005040797,14.2964239902744,3596.0310273096,439.621493666505,1
1050301,48358180,3,102,06:05:16,-79.351732,43.701245,,,21.0577005040797,11.0677591112382,3607.09878642083,441.513624898628,1
1050301,48358180,3,103,06:05:17,-79.351661,43.701177,,,21.0577005040797,9.48421872766889,3616.5830051485,443.135035907536,1
1050301,48358180,3,104,06:05:19,-79.351584,43.701099,,,21.0577005040797,10.667440144945,3627.25044529345,444.958729074526,1
1050301,48358180,3,105,06:05:21,-79.35152,43.701025,,,21.0577005040797,9.71534600969639,3636.96579130314,446.619653334899,1
1050301,48358180,3,106,06:05:22,-79.351471,43.700963,,,21.0577005040797,7.94895736458315,3644.91474866773,447.978597845814,1
1050301,48358180,3,107,06:05:24,-79.351417,43.700879,,,21.0577005040797,10.3113895367403,3655.22613820447,449.74142101471,1
1050301,48358180,3,108,06:05:33,-79.3511604980898,43.7004325002868,,,21.0577005040797,53.8204290630982,3709.04656726757,458.942499004665,1
1050301,48358180,3,109,06:05:42,-79.350904,43.699986,,,21.0577005040797,53.8204290658629,3762.86699633343,468.143576995093,1
1050301,48358180,3,110,06:05:54,-79.350551,43.699401,,,21.0577005040797,71.049091287797,3833.91608762123,480.290047051807,1
1050301,48358180,3,111,06:06:04,-79.3502574976063,43.6989120003755,,,21.0577005040797,59.3394070605525,3893.25549468178,490.434643104762,1
1050301,48358180,3,112,06:06:15,-79.349964,43.698423,,,21.0577005040797,59.3394070625607,3952.59490174434,500.57923915806,1
1050301,48358180,3,113,06:06:22,-79.349737,43.698045,,,21.0577005040797,45.8737398665038,3998.46864161084,508.421760400463,1
1050301,48358180,3,114,06:06:27,-79.349619,43.697834,,,21.0577005040797,25.3357187331506,4023.80436034399,512.753125423993,1
1050301,48358180,3,115,06:06:40,-79.349254,43.697197,,,21.0577005040797,76.7546890108413,4100.55904935483,525.875017835061,1
1050301,48358180,3,116,06:06:43,-79.349264,43.697045,,,21.0577005040797,16.9396932992554,4117.49874265409,528.771008110235,1
1050301,48358180,3,117,06:06:44,-79.349285,43.69697,,,21.0577005040797,8.51832392615339,4126.01706658024,530.227290866664,1
1050301,48358180,3,118,06:06:46,-79.349316,43.696901,,,21.0577005040797,8.0761107225209,4134.09317730276,531.607973367844,1
1050301,48358180,3,119,06:06:47,-79.349373,43.696832,,,21.0577005040797,8.94677017037603,4143.03994747314,533.137502796146,1
1050301,48358180,3,120,06:06:49,-79.349441,43.696764,,,21.0577005040797,9.34098381886487,4152.380931292,534.734426531546,1
1050301,48358180,3,121,06:06:50,-79.349521,43.696692,,,21.0577005040797,10.2809601716753,4162.66189146368,536.492047531563,1
1050301,48358180,3,122,06:07:07,-79.350311,43.69604,,,21.0577005040797,96.4921727216671,4259.15406418535,552.988237214321,1
1050301,48358180,3,123,06:07:20,-79.350925,43.695525,,,21.0577005040797,75.68919524577,4334.84325943112,565.927974049878,1
1050301,48358180,3,124,06:07:22,-79.350996,43.695445,,,21.0577005040797,10.5813460812265,4345.42460551234,567.736948675813,1
1050301,48358180,3,125,06:07:23,-79.351037,43.695373,,,21.0577005040797,8.66775198600578,4354.09235749835,569.218777479654,1
1050301,48358180,3,126,06:07:25,-79.351043,43.695269,,,21.0577005040797,11.5872946476103,4365.67965214596,571.19972790315,1
1050301,48358180,3,127,06:07:27,-79.351028,43.695165,,,21.0577005040797,11.6400069714975,4377.31965911746,573.189689964262,1
1050301,48358180,3,128,06:07:28,-79.351021,43.695112,,,21.0577005040797,5.92677299350377,4383.24643211096,574.202924185752,1
1050301,48358180,3,129,06:07:28,-79.351015,43.695098,,,21.0577005040797,1.63157923242302,4384.87801134338,574.481857074725,1
1050301,48358180,3,130,06:07:43,-79.3507294964722,43.6943570003553,,,21.0577005040797,85.6287090809457,4470.50672042433,589.120841641519,1
1050301,48358180,3,131,06:07:58,-79.350444,43.693616,,,21.0577005040797,85.6287090837955,4556.13542950812,603.759826208801,1
1050301,48358180,3,132,06:08:03,-79.350351,43.693374,,,21.0577005040797,27.9599578796232,4584.09538738775,608.539828106308,1
1050301,48358180,3,133,06:08:05,-79.350278,43.693235,,,21.0577005040797,16.5514495909631,4600.64683697871,611.369444688419,1
1050301,48358180,3,134,06:08:19,-79.35124,43.69305,,,21.0577005040797,80.1228250854504,4680.76966206416,625.067149727568,1
1050301,48358180,3,135,06:08:25,-79.351685,43.692962,,,21.0577005040797,37.1333774098317,4717.90303947399,631.415428764469,1
1050301,48358180,3,136,06:08:33,-79.352229,43.692859,,,21.0577005040797,45.2628184801202,4763.16585795411,639.153507596812,1
1050301,48358180,3,137,06:08:47,-79.353213,43.692674,,,21.0577005040797,81.8358486234104,4845.00170657752,653.144069148735,1
1050301,48358180,3,138,06:09:00,-79.3540935025546,43.6925000033793,,,21.0577005040797,73.4710341138554,4918.47274069138,665.704591735645,1
1050301,48358180,3,139,06:09:12,-79.354974,43.692326,,,21.0577005040797,73.4710341145566,4991.94377480594,678.265114322675,1
1050301,48358180,3,140,06:09:22,-79.355643,43.692189,,,21.0577005040797,55.9662843779693,5047.91005918391,687.833045242846,1
1050301,48358180,3,141,06:09:23,-79.35574,43.692158,,,21.0577005040797,8.53624835157455,5056.44630753548,689.29239233821,1
1050301,48358180,3,142,06:09:24,-79.355762,43.692139,,,21.0577005040797,2.75848732171826,5059.2047948572,689.763980124172,1
1050301,48358180,3,143,06:09:25,-79.355807,43.692118,,,21.0577005040797,4.31096558925289,5063.51576044645,690.5009777901,1
1050301,48358180,3,144,06:09:25,-79.355824,43.692099,,,21.0577005040797,2.51910551079011,5066.03486595724,690.931641139932,1
1050301,48358180,3,145,06:09:25,-79.355845,43.692079,,,21.0577005040797,2.79534604661458,5068.83021200386,691.409530250657,1
1050301,48358180,3,146,06:09:26,-79.355855,43.692055,,,21.0577005040797,2.79028466898897,5071.62049667284,691.886554074147,1
1050301,48358180,3,147,06:09:26,-79.355868,43.692027,,,21.0577005040797,3.28789729331755,5074.90839396616,692.44864917345,1
1050301,48358180,3,148,06:09:27,-79.355869,43.692006,,,21.0577005040797,2.33909461224438,5077.24748857841,692.848538069318,1
1050301,48358180,3,149,06:09:28,-79.355866,43.691944,,,21.0577005040797,6.90603134098948,5084.1535199194,694.029185159571,1
1050301,48358180,3,150,06:09:44,-79.355518,43.691152,,,21.0577005040797,92.507813994846,5176.66133391424,709.844213505943,1
1050301,48358180,3,151,06:09:56,-79.355265,43.690518,,,21.0577005040797,73.4558973063378,5250.11723122058,722.402148321836,1
1050301,48358180,3,152,06:10:01,-79.355163,43.690274,,,21.0577005040797,28.375711665739,5278.49294288632,727.253227003331,1
1050301,48358180,3,153,06:10:14,-79.354904,43.689632,,,21.0577005040797,74.4458403804891,5352.93878326681,739.980401336438,1
1050301,48358180,3,154,06:10:16,-79.354884,43.689547,,,21.0577005040797,9.59813227042001,5362.53691553723,741.621286872198,1
1050301,48358180,3,155,06:10:17,-79.354901,43.689465,,,21.0577005040797,9.23019695061694,5371.76711248784,743.199270613384,1
1050301,48358180,3,156,06:10:18,-79.354918,43.689408,,,21.0577005040797,6.49108921237246,5378.25820170022,744.308979679672,1
1050301,48358180,3,157,06:10:20,-79.354977,43.689316,,,21.0577005040797,11.2889709322092,5389.54717263243,746.238929027564,1
1050301,48358180,3,158,06:10:35,-79.355266,43.688547,,,21.0577005040797,88.7092721121985,5478.25644474463,761.404563069231,1
1050301,48358180,3,159,06:10:49,-79.355532,43.687859,5583,6,21.0577005040797,79.5246219750645,5557.78106671969,775,1
1050301,48358180,3,160,06:10:49,-79.355532,43.687859,5583,6,1e-12,0,5557.78106671969,775,1
1050301,48358180,3,161,06:11:08,-79.355848,43.687084,,,17.4835076832723,89.9444742579378,5647.72554097763,793.520317158003,1
1050301,48358180,3,162,06:11:21,-79.3560725020678,43.6865315002197,,,17.4835076832723,64.1041155864271,5711.82965656406,806.719889022631,1
1050301,48358180,3,163,06:11:34,-79.356297,43.685979,,,17.4835076832723,64.1041155904034,5775.93377215446,819.919460888078,1
1050301,48358180,3,164,06:11:46,-79.356478,43.68548,,,17.4835076832723,57.427557707155,5833.36132986161,831.744273819843,1
1050301,48358180,3,165,06:11:52,-79.356576,43.685209,,,17.4835076832723,31.1820353786721,5864.54336524029,838.164914883227,1
1050301,48358180,3,166,06:12:07,-79.3567625019866,43.6845700001516,,,17.4835076832723,72.700269589942,5937.24363483023,853.134506527254,1
1050301,48358180,3,167,06:12:22,-79.356949,43.683931,,,17.4835076832723,72.7002695933301,6009.94390442356,868.104098171978,1
1050301,48358180,3,168,06:12:24,-79.356975,43.683834,,,17.4835076832723,10.9989755890036,6020.94288001256,870.368878949253,1
1050301,48358180,3,169,06:12:35,-79.3570975009281,43.6833795000654,,,17.4835076832723,51.5468249674617,6072.48970498002,880.982799979551,1
1050301,48358180,3,170,06:12:46,-79.35722,43.682925,,,17.4835076832723,51.5468249653052,6124.03652994533,891.596721009405,1
1050301,48358180,3,171,06:12:57,-79.357388,43.682422,,,17.4835076832723,57.6039039626232,6181.64043390795,903.45784510545,1
1050301,48358180,3,172,06:13:09,-79.357517,43.68194,,,17.4835076832723,54.6517609451389,6236.29219485309,914.711098340826,1
1050301,48358180,3,173,06:13:14,-79.357576,43.681702,,,17.4835076832723,26.9164353895905,6263.20863024268,920.253416802197,1
1050301,48358180,3,174,06:13:24,-79.357689,43.68128,,,17.4835076832723,47.8495459426313,6311.05817618531,930.106037255373,1
1050301,48358180,3,175,06:13:30,-79.357731,43.681008,,,17.4835076832723,30.4671074760114,6341.52528366132,936.379468702919,1
1050301,48358180,3,176,06:13:46,-79.3579040056054,43.6803600003914,,,17.4835076832723,73.4673151464929,6414.99259880782,951.507001422249,1
1050301,48358180,3,177,06:14:01,-79.3580770074737,43.6797120005218,,,17.4835076832723,73.4673151495213,6488.45991395734,966.634534142204,1
1050301,48358180,3,178,06:14:16,-79.3582500056052,43.6790640003914,,,17.4835076832723,73.4673151497764,6561.92722910711,981.762066862211,1
1050301,48358180,3,179,06:14:31,-79.358423,43.678416,,,17.4835076832723,73.4673151498138,6635.39454425693,996.889599582225,1
1050301,48358180,3,180,06:14:41,-79.3585375008549,43.6779680000572,,,17.4835076832723,50.7159579601371,6686.11050221707,1007.3324381684,1
1050301,48358180,3,181,06:14:52,-79.358652,43.67752,,,17.4835076832723,50.7159579603273,6736.82646017739,1017.77527675461,1
1050301,48358180,3,182,06:14:55,-79.35846,43.67748,,,17.4835076832723,16.086568463914,6752.91302864131,1021.08763532242,1
1050301,48358180,3,183,06:15:00,-79.358167,43.677448,14158,7,17.4835076832723,23.8570459954255,6776.77007463673,1026,1
1050301,48358180,3,184,06:15:00,-79.358167,43.677448,14158,7,1e-12,0,6776.77007463673,1026,1
1050301,48358180,3,185,,-79.357959,43.677433,,,,16.829249902091,6793.59932453882,,1
1050301,48358180,3,186,,-79.357824,43.677307,,,,17.7445715961205,6811.34389613494,,1
1050301,48358180,3,187,,-79.357819,43.677148,,,,17.7043761729216,6829.04827230786,,1
1050301,48358180,3,188,,-79.357823,43.677141,,,,0.843161772609242,6829.89143408047,,1
1050301,48358180,3,189,,-79.357871,43.677065,,,,9.30112679383002,6839.1925608743,,1
1050301,48358180,3,190,,-79.358032,43.67699,,,,15.418375995108,6854.61093686941,,1
1050301,48358180,3,191,,-79.358165,43.676895,,,,15.0498945579466,6869.66083142736,,1
1050301,48358180,3,192,,-79.358284,43.67681,,,,13.4657053565034,6883.12653678386,,1
1050301,48358181,3,1,,-79.337304,43.716547,,,1e-12,0,0,0,2
1050301,48358181,3,2,,-79.3376459958592,43.7172725005098,,,,85.3211389447102,85.3211389447102,,2
1050301,48358181,3,3,,-79.337988,43.717998,,,,85.3211389447742,170.642277889484,,2
1050301,48358181,3,4,,-79.3382719969855,43.7186340003516,,,,74.3950075382228,245.037285427707,,2
1050301,48358181,3,5,,-79.338556,43.71927,,,,74.3950075357939,319.432292963501,,2
1050301,48358181,3,6,,-79.338622,43.719474,,,,23.3217200522685,342.75401301577,,2
1050301,48358181,3,7,,-79.33867,43.719647,,,,19.6416522026054,362.395665218375,,2
1050301,48358181,3,8,,-79.338747,43.719906,,,,29.4897778320197,391.885443050395,,2
1050301,48358181,3,9,06:13:54,-79.338779,43.720109,5682,1,,22.7440372712909,414.629480321686,,2
1050301,48358181,3,10,06:13:54,-79.338779,43.720109,5682,1,1e-12,0,414.629480321686,0,2
1050301,48358181,3,11,06:13:56,-79.338832,43.720333,,,44.02416438367,25.2975157846579,439.926996106343,2.06866065715831,2
1050301,48358181,3,12,06:13:58,-79.338862,43.720494,,,44.02416438367,18.0842249077225,458.011221014066,3.54746691229646,2
1050301,48358181,3,13,06:14:01,-79.338779,43.720109,,,44.02416438367,43.375095577731,501.386316591797,7.0943904318205,2
1050301,48358181,3,14,06:14:03,-79.338747,43.719906,,,44.02416438367,22.7440372712909,524.130353863088,8.95424479414472,2
1050301,48358181,3,15,06:14:05,-79.33867,43.719647,,,44.02416438367,29.4897778320197,553.620131695108,11.365720438976,2
1050301,48358181,3,16,06:14:07,-79.338622,43.719474,,,44.02416438367,19.6416522026054,573.261783897713,12.9718826210255,2
1050301,48358181,3,17,06:14:09,-79.338556,43.71927,,,44.02416438367,23.3217200522685,596.583503949981,14.8789759949388,2
1050301,48358181,3,18,06:14:15,-79.3382719969855,43.7186340003516,,,44.02416438367,74.3950075357939,670.978511485775,20.9624992344668,2
1050301,48358181,3,19,06:14:21,-79.337988,43.717998,,,44.02416438367,74.3950075382228,745.373519023998,27.0460224741935,2
1050301,48358181,3,20,06:14:28,-79.3376459958592,43.7172725005098,,,44.02416438367,85.3211389447742,830.694657968772,34.0230112370993,2
1050301,48358181,3,21,06:14:35,-79.337304,43.716547,6261,2,44.02416438367,85.3211389447102,916.015796913482,41,2
1050301,48358181,3,22,06:14:35,-79.337304,43.716547,6261,2,1e-12,0,916.015796913482,41,2
1050301,48358181,3,23,06:14:42,-79.3370624935014,43.7160095007627,,,30.3616389936396,62.9102359996016,978.926032913084,48.4593090855869,2
1050301,48358181,3,24,06:14:50,-79.3368209913353,43.7154720010169,,,30.3616389936396,62.9102359997389,1041.83626891282,55.9186181711901,2
1050301,48358181,3,25,06:14:57,-79.3365794935016,43.7149345007626,,,30.3616389936396,62.9102360042142,1104.74650491704,63.3779272573239,2
1050301,48358181,3,26,06:15:05,-79.336338,43.714397,,,30.3616389936396,62.9102359997503,1167.65674091679,70.8372363429285,2
1050301,48358181,3,27,06:15:12,-79.3361107441498,43.7138827506753,,,30.3616389936396,60.0953749192874,1227.75211583607,77.9627854529339,2
1050301,48358181,3,28,06:15:19,-79.3358834921999,43.7133685009004,,,30.3616389936396,60.0953749162387,1287.84749075231,85.0883345625779,2
1050301,48358181,3,29,06:15:26,-79.33565624415,43.7128542506753,,,30.3616389936396,60.0953749187584,1347.94286567107,92.2138836725206,2
1050301,48358181,3,30,06:15:33,-79.335429,43.71234,,,30.3616389936396,60.0953749208271,1408.0382405919,99.3394327827086,2
1050301,48358181,3,31,06:15:35,-79.335364,43.712194,,,30.3616389936396,17.0734581536358,1425.11169874553,101.363844223934,2
1050301,48358181,3,32,06:15:43,-79.3351184932289,43.7116430007881,,,30.3616389936396,64.4396108591298,1489.55130960466,109.004492317453,2
1050301,48358181,3,33,06:15:51,-79.334872990972,43.7110920010509,,,30.3616389936396,64.439610854824,1553.99092045949,116.645140410462,2
1050301,48358181,3,34,06:15:58,-79.334627493229,43.7105410007881,,,30.3616389936396,64.4396108583609,1618.43053131785,124.28578850389,2
1050301,48358181,3,35,06:16:06,-79.334382,43.70999,,,30.3616389936396,64.4396108579219,1682.87014217577,131.926436597266,2
1050301,48358181,3,36,06:16:07,-79.334465,43.709981,,,30.3616389936396,6.75348242554471,1689.62362460132,132.727201560483,2
1050301,48358181,3,37,06:16:08,-79.33458,43.709963,,,30.3616389936396,9.46815518136691,1699.09177978268,133.849847102118,2
1050301,48358181,3,38,06:16:09,-79.334711,43.709937,,,30.3616389936396,10.9313019155142,1710.0230816982,135.145978938218,2
1050301,48358181,3,39,06:16:10,-79.334805,43.709909,,,30.3616389936396,8.18094878473225,1718.20403048293,136.115999549793,2
1050301,48358181,3,40,06:16:11,-79.334908,43.709878,,,30.3616389936396,8.97783096765701,1727.18186145059,137.180507018917,2
1050301,48358181,3,41,06:16:13,-79.335081,43.70982,3115,3,30.3616389936396,15.3452191786401,1742.52708062923,139,2
1050301,48358181,3,42,06:16:13,-79.335081,43.70982,3115,3,1e-12,0,1742.52708062923,139,2
1050301,48358181,3,43,06:16:26,-79.335968,43.709383,,,23.4195515625657,86.3760981207734,1828.90317875,152.277536608849,2
1050301,48358181,3,44,06:16:28,-79.336119,43.70934,,,23.4195515625657,13.0595076891662,1841.96268643917,154.285014316327,2
1050301,48358181,3,45,06:16:31,-79.336303,43.709286,,,23.4195515625657,15.9798371938306,1857.942523633,156.74139840823,2
1050301,48358181,3,46,06:16:35,-79.336611,43.709206,,,23.4195515625657,26.3355576389944,1884.27808127199,160.789640205137,2
1050301,48358181,3,47,06:16:44,-79.337313,43.709022,,,23.4195515625657,60.0874957118448,1944.36557698384,170.026152867847,2
1050301,48358181,3,48,06:16:49,-79.337721,43.708916,,,23.4195515625657,34.8871840116652,1979.2527609955,175.388931147631,2
1050301,48358181,3,49,06:16:52,-79.337898,43.708874,,,23.4195515625657,14.9906604779145,1994.24342147342,177.693261253027,2
1050301,48358181,3,50,06:17:01,-79.33859,43.708694,,,23.4195515625657,59.179687275912,2053.42310874933,186.790227675468,2
1050301,48358181,3,51,06:17:11,-79.3393305023844,43.7085010023902,,,23.4195515625657,63.3421623419183,2116.76527109125,196.527040262238,2
1050301,48358181,3,52,06:17:20,-79.340071,43.708308,,,23.4195515625657,63.3421623449572,2180.1074334362,206.263852849475,2
1050301,48358181,3,53,06:17:33,-79.341017,43.708095,,,23.4195515625657,79.7312641340712,2259.83869757027,218.519960747863,2
1050301,48358181,3,54,06:17:37,-79.341374,43.708011,,,23.4195515625657,30.2111620757165,2290.04985964599,223.163951610883,2
1050301,48358181,3,55,06:17:52,-79.3424935050895,43.7077385054629,,,23.4195515625657,95.0562565213609,2385.10611616735,237.775782352505,2
1050301,48358181,3,56,06:18:06,-79.343613,43.707466,,,23.4195515625657,95.0562565183079,2480.16237268566,252.387613093658,2
1050301,48358181,3,57,06:18:18,-79.3445090090808,43.7072635104982,8512,4,23.4195515625657,75.5435816437635,2555.70595432942,264,2
1050301,48358181,3,58,06:18:18,-79.3445090090808,43.7072635104982,8512,4,1e-12,0,2555.70595432942,264,2
1050301,48358181,3,59,06:18:31,-79.3454050121078,43.7070610139975,,,21.6040429112916,75.5435816437956,2631.24953597322,276.588240776708,2
1050301,48358181,3,60,06:18:43,-79.3463010090809,43.7068585104981,,,21.6040429112916,75.5435816442167,2706.79311761743,289.176481553486,2
1050301,48358181,3,61,06:18:56,-79.347197,43.706656,,,21.6040429112916,75.5435816418307,2782.33669925927,301.764722329866,2
1050301,48358181,3,62,06:18:57,-79.347276,43.706629,,,21.6040429112916,7.03194958673819,2789.368648846,302.936494604907,2
1050301,48358181,3,63,06:18:59,-79.347421,43.706597,,,21.6040429112916,12.2000038251643,2801.56865267117,304.969448064171,2
1050301,48358181,3,64,06:19:01,-79.347591,43.706548,,,21.6040429112916,14.7275237827631,2816.29617645393,307.423576017705,2
1050301,48358181,3,65,06:19:04,-79.347762,43.70649,,,21.6040429112916,15.2000664538062,2831.49624290774,309.956446344726,2
1050301,48358181,3,66,06:19:07,-79.347945,43.706427,,,21.6040429112916,16.3109872825417,2847.80723019028,312.674435494177,2
1050301,48358181,3,67,06:19:10,-79.348138,43.706346,,,21.6040429112916,17.9587754250166,2865.7660056153,315.667004607075,2
1050301,48358181,3,68,06:19:12,-79.348276,43.706279,,,21.6040429112916,13.3772731484873,2879.14327876378,317.896132901825,2
1050301,48358181,3,69,06:19:14,-79.34841,43.706221,,,21.6040429112916,12.5684152936667,2891.71169405745,319.990476781949,2
1050301,48358181,3,70,06:19:17,-79.348562,43.706135,,,21.6040429112916,15.5327769997147,2907.24447105716,322.578788489557,2
1050301,48358181,3,71,06:19:19,-79.348676,43.706064,,,21.6040429112916,12.1089751124619,2919.35344616963,324.596573335841,2
1050301,48358181,3,72,06:19:21,-79.348783,43.705983,,,21.6040429112916,12.467772043559,2931.82121821319,326.674146479956,2
1050301,48358181,3,73,06:19:24,-79.348946,43.705861,,,21.6040429112916,18.8811709379177,2950.7023891511,329.820419409315,2
1050301,48358181,3,74,06:19:26,-79.349034,43.70579,,,21.6040429112916,10.6121162651747,2961.31450541628,331.588774467278,2
1050301,48358181,3,75,06:19:27,-79.349121,43.705713,,,21.6040429112916,11.067429012241,2972.38193442852,333.433000782124,2
1050301,48358181,3,76,06:19:29,-79.349197,43.705641,,,21.6040429112916,10.0819061849378,2982.46384061346,335.11300403035,2
1050301,48358181,3,77,06:19:31,-79.349296,43.705547,,,21.6040429112916,13.1516548478133,2995.61549546127,337.304536311901,2
1050301,48358181,3,78,06:19:44,-79.349865,43.705,1009,5,21.6040429112916,76.187039526785,3071.80253498806,350,2
1050301,48358181,3,79,06:19:44,-79.349865,43.705,1009,5,1e-12,0,3071.80253498806,350,2
1050301,48358181,3,80,06:20:01,-79.350592,43.704299,,,21.0577005040797,97.5307713774648,3169.33330636552,366.673747301651,2
1050301,48358181,3,81,06:20:03,-79.350673,43.70422,,,21.0577005040797,10.9466325728528,3180.27993893837,368.545170881573,2
1050301,48358181,3,82,06:20:04,-79.350729,43.704166,,,21.0577005040797,7.51295226892229,3187.7928912073,369.82957646816,2
1050301,48358181,3,83,06:20:14,-79.3511920034446,43.7037200009344,,,21.0577005040797,62.074846911175,3249.86773811847,380.44182013821,2
1050301,48358181,3,84,06:20:25,-79.351655,43.703274,,,21.0577005040797,62.0748469114247,3311.94258502989,391.054063808303,2
1050301,48358181,3,85,06:20:32,-79.351952,43.702968,,,21.0577005040797,41.6127104606556,3353.55529549055,398.168124416646,2
1050301,48358181,3,86,06:20:37,-79.352141,43.702741,,,21.0577005040797,29.4939783495628,3383.04927384011,403.210380670497,2
1050301,48358181,3,87,06:20:42,-79.352356,43.702518,,,21.0577005040797,30.2592162576613,3413.30849009777,408.383461107579,2
1050301,48358181,3,88,06:20:47,-79.352523,43.702324,,,21.0577005040797,25.436415203412,3438.74490530119,412.732041082612,2
1050301,48358181,3,89,06:20:50,-79.352644,43.702164,,,21.0577005040797,20.2992569990074,3459.04416230019,416.202378462625,2
1050301,48358181,3,90,06:20:53,-79.352756,43.702016,,,21.0577005040797,18.7797200175906,3477.82388231778,419.412937566656,2
1050301,48358181,3,91,06:20:56,-79.35283,43.701911,,,21.0577005040797,13.1182434108875,3490.94212572867,421.655617211095,2
1050301,48358181,3,92,06:20:57,-79.352766,43.70188,,,21.0577005040797,6.199774145633,3497.1418998743,422.715523392207,2
1050301,48358181,3,93,06:20:58,-79.3527,43.701853,,,21.0577005040797,6.10296743254031,3503.24486730685,423.75887961018,2
1050301,48358181,3,94,06:21:00,-79.352596,43.701797,,,21.0577005040797,10.4361526121122,3513.68101991896,425.543032129413,2
1050301,48358181,3,95,06:21:02,-79.352474,43.701742,,,21.0577005040797,11.5708737485287,3525.25189366749,427.52117525509,2
1050301,48358181,3,96,06:21:03,-79.352357,43.70169,,,21.0577005040797,11.052953334788,3536.30484700227,429.410775308881,2
1050301,48358181,3,97,06:21:05,-79.352243,43.701618,,,21.0577005040797,12.1824390405154,3548.48728604279,431.493470925972,2
1050301,48358181,3,98,06:21:07,-79.352167,43.701577,,,21.0577005040797,7.63155592146072,3556.11884196425,432.798152855128,2
1050301,48358181,3,99,06:21:09,-79.352051,43.7015,,,21.0577005040797,12.6737331806758,3568.79257514493,434.964839547324,2
1050301,48358181,3,100,06:21:11,-79.351937,43.701418,,,21.0577005040797,12.942028174395,3581.73460331932,437.177393639771,2
1050301,48358181,3,101,06:21:14,-79.351819,43.701322,,,21.0577005040797,14.2964239902744,3596.0310273096,439.621493666505,2
1050301,48358181,3,102,06:21:16,-79.351732,43.701245,,,21.0577005040797,11.0677591112382,3607.09878642083,441.513624898628,2
1050301,48358181,3,103,06:21:17,-79.351661,43.701177,,,21.0577005040797,9.48421872766889,3616.5830051485,443.135035907536,2
1050301,48358181,3,104,06:21:19,-79.351584,43.701099,,,21.0577005040797,10.667440144945,3627.25044529345,444.958729074526,2
1050301,48358181,3,105,06:21:21,-79.35152,43.701025,,,21.0577005040797,9.71534600969639,3636.96579130314,446.619653334899,2
1050301,48358181,3,106,06:21:22,-79.351471,43.700963,,,21.0577005040797,7.94895736458315,3644.91474866773,447.978597845814,2
1050301,48358181,3,107,06:21:24,-79.351417,43.700879,,,21.0577005040797,10.3113895367403,3655.22613820447,449.74142101471,2
1050301,48358181,3,108,06:21:33,-79.3511604980898,43.7004325002868,,,21.0577005040797,53.8204290630982,3709.04656726757,458.942499004665,2
1050301,48358181,3,109,06:21:42,-79.350904,43.699986,,,21.0577005040797,53.8204290658629,3762.86699633343,468.143576995093,2
1050301,48358181,3,110,06:21:54,-79.350551,43.699401,,,21.0577005040797,71.049091287797,3833.91608762123,480.290047051807,2
1050301,48358181,3,111,06:22:04,-79.3502574976063,43.6989120003755,,,21.0577005040797,59.3394070605525,3893.25549468178,490.434643104762,2
1050301,48358181,3,112,06:22:15,-79.349964,43.698423,,,21.0577005040797,59.3394070625607,3952.59490174434,500.57923915806,2
1050301,48358181,3,113,06:22:22,-79.349737,43.698045,,,21.0577005040797,45.8737398665038,3998.46864161084,508.421760400463,2
1050301,48358181,3,114,06:22:27,-79.349619,43.697834,,,21.0577005040797,25.3357187331506,4023.80436034399,512.753125423993,2
1050301,48358181,3,115,06:22:40,-79.349254,43.697197,,,21.0577005040797,76.7546890108413,4100.55904935483,525.875017835061,2
1050301,48358181,3,116,06:22:43,-79.349264,43.697045,,,21.0577005040797,16.9396932992554,4117.49874265409,528.771008110235,2
1050301,48358181,3,117,06:22:44,-79.349285,43.69697,,,21.0577005040797,8.51832392615339,4126.01706658024,530.227290866664,2
1050301,48358181,3,118,06:22:46,-79.349316,43.696901,,,21.0577005040797,8.0761107225209,4134.09317730276,531.607973367844,2
1050301,48358181,3,119,06:22:47,-79.349373,43.696832,,,21.0577005040797,8.94677017037603,4143.03994747314,533.137502796146,2
1050301,48358181,3,120,06:22:49,-79.349441,43.696764,,,21.0577005040797,9.34098381886487,4152.380931292,534.734426531546,2
1050301,48358181,3,121,06:22:50,-79.349521,43.696692,,,21.0577005040797,10.2809601716753,4162.66189146368,536.492047531563,2
1050301,48358181,3,122,06:23:07,-79.350311,43.69604,,,21.0577005040797,96.4921727216671,4259.15406418535,552.988237214321,2
1050301,48358181,3,123,06:23:20,-79.350925,43.695525,,,21.0577005040797,75.68919524577,4334.84325943112,565.927974049878,2
1050301,48358181,3,124,06:23:22,-79.350996,43.695445,,,21.0577005040797,10.5813460812265,4345.42460551234,567.736948675813,2
1050301,48358181,3,125,06:23:23,-79.351037,43.695373,,,21.0577005040797,8.66775198600578,4354.09235749835,569.218777479654,2
1050301,48358181,3,126,06:23:25,-79.351043,43.695269,,,21.0577005040797,11.5872946476103,4365.67965214596,571.19972790315,2
1050301,48358181,3,127,06:23:27,-79.351028,43.695165,,,21.0577005040797,11.6400069714975,4377.31965911746,573.189689964262,2
1050301,48358181,3,128,06:23:28,-79.351021,43.695112,,,21.0577005040797,5.92677299350377,4383.24643211096,574.202924185752,2
1050301,48358181,3,129,06:23:28,-79.351015,43.695098,,,21.0577005040797,1.63157923242302,4384.87801134338,574.481857074725,2
1050301,48358181,3,130,06:23:43,-79.3507294964722,43.6943570003553,,,21.0577005040797,85.6287090809457,4470.50672042433,589.120841641519,2
1050301,48358181,3,131,06:23:58,-79.350444,43.693616,,,21.0577005040797,85.6287090837955,4556.13542950812,603.759826208801,2
1050301,48358181,3,132,06:24:03,-79.350351,43.693374,,,21.0577005040797,27.9599578796232,4584.09538738775,608.539828106308,2
1050301,48358181,3,133,06:24:05,-79.350278,43.693235,,,21.0577005040797,16.5514495909631,4600.64683697871,611.369444688419,2
1050301,48358181,3,134,06:24:19,-79.35124,43.69305,,,21.0577005040797,80.1228250854504,4680.76966206416,625.067149727568,2
1050301,48358181,3,135,06:24:25,-79.351685,43.692962,,,21.0577005040797,37.1333774098317,4717.90303947399,631.415428764469,2
1050301,48358181,3,136,06:24:33,-79.352229,43.692859,,,21.0577005040797,45.2628184801202,4763.16585795411,639.153507596812,2
1050301,48358181,3,137,06:24:47,-79.353213,43.692674,,,21.0577005040797,81.8358486234104,4845.00170657752,653.144069148735,2
1050301,48358181,3,138,06:25:00,-79.3540935025546,43.6925000033793,,,21.0577005040797,73.4710341138554,4918.47274069138,665.704591735645,2
1050301,48358181,3,139,06:25:12,-79.354974,43.692326,,,21.0577005040797,73.4710341145566,4991.94377480594,678.265114322675,2
1050301,48358181,3,140,06:25:22,-79.355643,43.692189,,,21.0577005040797,55.9662843779693,5047.91005918391,687.833045242846,2
1050301,48358181,3,141,06:25:23,-79.35574,43.692158,,,21.0577005040797,8.53624835157455,5056.44630753548,689.29239233821,2
1050301,48358181,3,142,06:25:24,-79.355762,43.692139,,,21.0577005040797,2.75848732171826,5059.2047948572,689.763980124172,2
1050301,48358181,3,143,06:25:25,-79.355807,43.692118,,,21.0577005040797,4.31096558925289,5063.51576044645,690.5009777901,2
1050301,48358181,3,144,06:25:25,-79.355824,43.692099,,,21.0577005040797,2.51910551079011,5066.03486595724,690.931641139932,2
1050301,48358181,3,145,06:25:25,-79.355845,43.692079,,,21.0577005040797,2.79534604661458,5068.83021200386,691.409530250657,2
1050301,48358181,3,146,06:25:26,-79.355855,43.692055,,,21.0577005040797,2.79028466898897,5071.62049667284,691.886554074147,2
1050301,48358181,3,147,06:25:26,-79.355868,43.692027,,,21.0577005040797,3.28789729331755,5074.90839396616,692.44864917345,2
1050301,48358181,3,148,06:25:27,-79.355869,43.692006,,,21.0577005040797,2.33909461224438,5077.24748857841,692.848538069318,2
1050301,48358181,3,149,06:25:28,-79.355866,43.691944,,,21.0577005040797,6.90603134098948,5084.1535199194,694.029185159571,2
1050301,48358181,3,150,06:25:44,-79.355518,43.691152,,,21.0577005040797,92.507813994846,5176.66133391424,709.844213505943,2
1050301,48358181,3,151,06:25:56,-79.355265,43.690518,,,21.0577005040797,73.4558973063378,5250.11723122058,722.402148321836,2
1050301,48358181,3,152,06:26:01,-79.355163,43.690274,,,21.0577005040797,28.375711665739,5278.49294288632,727.253227003331,2
1050301,48358181,3,153,06:26:14,-79.354904,43.689632,,,21.0577005040797,74.4458403804891,5352.93878326681,739.980401336438,2
1050301,48358181,3,154,06:26:16,-79.354884,43.689547,,,21.0577005040797,9.59813227042001,5362.53691553723,741.621286872198,2
1050301,48358181,3,155,06:26:17,-79.354901,43.689465,,,21.0577005040797,9.23019695061694,5371.76711248784,743.199270613384,2
1050301,48358181,3,156,06:26:18,-79.354918,43.689408,,,21.0577005040797,6.49108921237246,5378.25820170022,744.308979679672,2
1050301,48358181,3,157,06:26:20,-79.354977,43.689316,,,21.0577005040797,11.2889709322092,5389.54717263243,746.238929027564,2
1050301,48358181,3,158,06:26:35,-79.355266,43.688547,,,21.0577005040797,88.7092721121985,5478.25644474463,761.404563069231,2
1050301,48358181,3,159,06:26:49,-79.355532,43.687859,5583,6,21.0577005040797,79.5246219750645,5557.78106671969,775,2
1050301,48358181,3,160,06:26:49,-79.355532,43.687859,5583,6,1e-12,0,5557.78106671969,775,2
1050301,48358181,3,161,06:27:08,-79.355848,43.687084,,,17.4835076832723,89.9444742579378,5647.72554097763,793.520317158003,2
1050301,48358181,3,162,06:27:21,-79.3560725020678,43.6865315002197,,,17.4835076832723,64.1041155864271,5711.82965656406,806.719889022631,2
1050301,48358181,3,163,06:27:34,-79.356297,43.685979,,,17.4835076832723,64.1041155904034,5775.93377215446,819.919460888078,2
1050301,48358181,3,164,06:27:46,-79.356478,43.68548,,,17.4835076832723,57.427557707155,5833.36132986161,831.744273819843,2
1050301,48358181,3,165,06:27:52,-79.356576,43.685209,,,17.4835076832723,31.1820353786721,5864.54336524029,838.164914883227,2
1050301,48358181,3,166,06:28:07,-79.3567625019866,43.6845700001516,,,17.4835076832723,72.700269589942,5937.24363483023,853.134506527254,2
1050301,48358181,3,167,06:28:22,-79.356949,43.683931,,,17.4835076832723,72.7002695933301,6009.94390442356,868.104098171978,2
1050301,48358181,3,168,06:28:24,-79.356975,43.683834,,,17.4835076832723,10.9989755890036,6020.94288001256,870.368878949253,2
1050301,48358181,3,169,06:28:35,-79.3570975009281,43.6833795000654,,,17.4835076832723,51.5468249674617,6072.48970498002,880.982799979551,2
1050301,48358181,3,170,06:28:46,-79.35722,43.682925,,,17.4835076832723,51.5468249653052,6124.03652994533,891.596721009405,2
1050301,48358181,3,171,06:28:57,-79.357388,43.682422,,,17.4835076832723,57.6039039626232,6181.64043390795,903.45784510545,2
1050301,48358181,3,172,06:29:09,-79.357517,43.68194,,,17.4835076832723,54.6517609451389,6236.29219485309,914.711098340826,2
1050301,48358181,3,173,06:29:14,-79.357576,43.681702,,,17.4835076832723,26.9164353895905,6263.20863024268,920.253416802197,2
1050301,48358181,3,174,06:29:24,-79.357689,43.68128,,,17.4835076832723,47.8495459426313,6311.05817618531,930.106037255373,2
1050301,48358181,3,175,06:29:30,-79.357731,43.681008,,,17.4835076832723,30.4671074760114,6341.52528366132,936.379468702919,2
1050301,48358181,3,176,06:29:46,-79.3579040056054,43.6803600003914,,,17.4835076832723,73.4673151464929,6414.99259880782,951.507001422249,2
1050301,48358181,3,177,06:30:01,-79.3580770074737,43.6797120005218,,,17.4835076832723,73.4673151495213,6488.45991395734,966.634534142204,2
1050301,48358181,3,178,06:30:16,-79.3582500056052,43.6790640003914,,,17.4835076832723,73.4673151497764,6561.92722910711,981.762066862211,2
1050301,48358181,3,179,06:30:31,-79.358423,43.678416,,,17.4835076832723,73.4673151498138,6635.39454425693,996.889599582225,2
1050301,48358181,3,180,06:30:41,-79.3585375008549,43.6779680000572,,,17.4835076832723,50.7159579601371,6686.11050221707,1007.3324381684,2
1050301,48358181,3,181,06:30:52,-79.358652,43.67752,,,17.4835076832723,50.7159579603273,6736.82646017739,1017.77527675461,2
1050301,48358181,3,182,06:30:55,-79.35846,43.67748,,,17.4835076832723,16.086568463914,6752.91302864131,1021.08763532242,2
1050301,48358181,3,183,06:31:00,-79.358167,43.677448,14158,7,17.4835076832723,23.8570459954255,6776.77007463673,1026,2
1050301,48358181,3,184,06:31:00,-79.358167,43.677448,14158,7,1e-12,0,6776.77007463673,1026,2
1050301,48358181,3,185,,-79.357959,43.677433,,,,16.829249902091,6793.59932453882,,2
1050301,48358181,3,186,,-79.357824,43.677307,,,,17.7445715961205,6811.34389613494,,2
1050301,48358181,3,187,,-79.357819,43.677148,,,,17.7043761729216,6829.04827230786,,2
1050301,48358181,3,188,,-79.357823,43.677141,,,,0.843161772609242,6829.89143408047,,2
1050301,48358181,3,189,,-79.357871,43.677065,,,,9.30112679383002,6839.1925608743,,2
1050301,48358181,3,190,,-79.358032,43.67699,,,,15.418375995108,6854.61093686941,,2
1050301,48358181,3,191,,-79.358165,43.676895,,,,15.0498945579466,6869.66083142736,,2
1050301,48358181,3,192,,-79.358284,43.67681,,,,13.4657053565034,6883.12653678386,,2
