shape_id,trip_id,route_type,id,timestamp,shape_pt_lon,shape_pt_lat,stop_id,stop_sequence,speed,dist,cumdist,cumtime,trip_number
1050029,48351859,3,1,,-79.411155,43.666501,,,1e-12,0,0,0,1
1050029,48351859,3,2,20:16:00,-79.410924,43.665845,14141,1,,75.357480559846,75.357480559846,,1
1050029,48351859,3,3,20:16:00,-79.410924,43.665845,14141,1,1e-12,0,75.357480559846,0,1
1050029,48351859,3,4,20:16:08,-79.411313,43.665734,,,14.2625642652072,33.6737213811491,109.031201940995,8.49955132316981,1
1050029,48351859,3,5,20:16:12,-79.411403,43.665635,,,14.2625642652072,13.1900990100203,122.221300951015,11.8288514092636,1
1050029,48351859,3,6,20:16:26,-79.4115899984767,43.6661240001524,,,14.2625642652072,56.4796199357796,178.700920886795,26.0848174465078,1
1050029,48351859,3,7,20:16:40,-79.411777,43.666613,,,14.2625642652072,56.4796199343592,235.180540821154,40.3407834833934,1
1050029,48351859,3,8,20:16:45,-79.411841,43.666782,,,14.2625642652072,19.5061105582196,254.686651379374,45.2643019127472,1
1050029,48351859,3,9,20:17:05,-79.4121064970719,43.6674440003072,,,14.2625642652072,76.7319976826915,331.418649062065,64.6321509559624,1
1050029,48351859,3,10,20:17:24,-79.412372,43.668106,3195,2,14.2625642652072,76.7319976859497,408.150646748015,84,1
1050029,48351859,3,11,20:17:24,-79.412372,43.668106,3195,2,1e-12,0,408.150646748015,84,1
1050029,48351859,3,12,20:17:42,-79.4126684963396,43.6688470003832,,,16.8958017326845,85.8733628468774,494.024009594892,102.297095996973,1
1050029,48351859,3,13,20:18:01,-79.412965,43.669588,,,16.8958017326845,85.8733628466036,579.897372441496,120.594191993889,1
1050029,48351859,3,14,20:18:13,-79.413168,43.67009,5400,3,16.8958017326845,58.2239090013913,638.121281442887,133,1
1050029,48351859,3,15,20:18:13,-79.413168,43.67009,5400,3,1e-12,0,638.121281442887,133,1
1050029,48351859,3,16,20:18:18,-79.413257,43.670311,,,16.9714109037554,25.6241111294856,663.745392572373,138.435423170724,1
1050029,48351859,3,17,20:18:30,-79.4134369958815,43.6707687504237,,,16.9714109037554,52.9775756614515,716.722968233824,149.673102433974,1
1050029,48351859,3,18,20:18:41,-79.4136169945086,43.6712265005649,,,16.9714109037554,52.9775756587947,769.700543892619,160.91078169666,1
1050029,48351859,3,19,20:18:52,-79.4137969958814,43.6716842504237,,,16.9714109037554,52.9775756597568,822.678119552376,172.148460959551,1
1050029,48351859,3,20,20:19:03,-79.413977,43.672142,,,16.9714109037554,52.9775756620531,875.655695214429,183.386140222928,1
1050029,48351859,3,21,20:19:16,-79.4141779983237,43.6726425001761,,,16.9714109037554,58.0183233610553,933.674018575484,195.693070111331,1
1050029,48351859,3,22,20:19:28,-79.414379,43.673143,5475,4,16.9714109037554,58.0183233623071,991.692341937791,208,1
1050029,48351859,3,23,20:19:28,-79.414379,43.673143,5475,4,1e-12,0,991.692341937791,208,1
1050029,48351859,3,24,20:19:46,-79.414681,43.673903,,,17.4047633868539,88.0278006160875,1079.72014255388,226.207663912126,1
1050029,48351859,3,25,20:19:56,-79.414837,43.674331,,,17.4047633868539,49.2725466756318,1128.99268922951,236.399193902488,1
1050029,48351859,3,26,20:20:16,-79.415158,43.67515,1857,5,17.4047633868539,94.7631645329999,1223.75585376251,256,1
1050029,48351859,3,27,20:20:16,-79.415158,43.67515,1857,5,1e-12,0,1223.75585376251,256,1
1050029,48351859,3,28,20:20:27,-79.4153369986383,43.6756065001397,,,17.7096292564188,52.8214343974652,1276.57728815998,266.737501111829,1
1050029,48351859,3,29,20:20:37,-79.415516,43.676063,,,17.7096292564188,52.8214343987494,1329.39872255872,277.475002223919,1
1050029,48351859,3,30,20:20:53,-79.415775,43.676723,4858,6,17.7096292564188,76.3727652280898,1405.77148778681,293,1
1050029,48351859,3,31,20:20:53,-79.415775,43.676723,4858,6,1e-12,0,1405.77148778681,293,1
1050029,48351859,3,32,20:21:24,-79.4161004956548,43.6775240004618,,,10.9124514037135,92.9381590305582,1498.70964681737,323.660147764429,1
1050029,48351859,3,33,20:21:54,-79.416426,43.678325,,,10.9124514037135,92.9381590327971,1591.64780585017,354.320295529597,1
1050029,48351859,3,34,20:22:11,-79.416566,43.678771,,,10.9124514037135,50.9118310150187,1642.55963686519,371.116025918068,1
1050029,48351859,3,35,20:22:29,-79.416746,43.679241,,,10.9124514037135,54.2899963298892,1696.84963319508,389.026207558932,1
1050029,48351859,3,36,20:22:51,-79.41697,43.679817,6550,7,10.9124514037135,66.6077617134574,1763.45739490854,411,1
1050029,48351859,3,37,20:22:51,-79.41697,43.679817,6550,7,1e-12,0,1763.45739490854,411,1
1050029,48351859,3,38,20:23:02,-79.417078,43.680097,,,10.6451231351929,32.3594544942075,1795.81684940274,421.943418380387,1
1050029,48351859,3,39,20:23:21,-79.4172729984611,43.6805705001657,,,10.6451231351929,54.9979230480218,1850.81477245076,440.542782658129,1
1050029,48351859,3,40,20:23:39,-79.417468,43.681044,,,10.6451231351929,54.997923043795,1905.81269549456,459.142146934442,1
1050029,48351859,3,41,20:23:59,-79.417655,43.681562,,,10.6451231351929,59.5962852320814,1965.40898072664,479.296599270104,1
1050029,48351859,3,42,20:24:02,-79.417686,43.681624,,,10.6451231351929,7.3391593088105,1972.74814003545,481.778578405166,1
1050029,48351859,3,43,20:24:13,-79.4178,43.681918,,,10.6451231351929,33.9903632136974,2006.73850324915,493.273542438487,1
1050029,48351859,3,44,20:24:44,-79.418109,43.682703,14801,8,10.6451231351929,90.857478958496,2097.59598220764,524,1
1050029,48351859,3,45,20:24:44,-79.418109,43.682703,14801,8,1e-12,0,2097.59598220764,524,1
1050029,48351859,3,46,20:24:53,-79.418262,43.683089,,,17.3735681614595,44.6997911237543,2142.2957733314,533.262302743457,1
1050029,48351859,3,47,20:24:55,-79.418289,43.68316,,,17.3735681614595,8.19711355651858,2150.49288688792,534.96083746754,1
1050029,48351859,3,48,20:25:03,-79.418419,43.683489,,,17.3735681614595,38.0900147641915,2188.58290165211,542.853519723524,1
1050029,48351859,3,49,20:25:06,-79.418475,43.683622,,,17.3735681614595,15.4766236462318,2204.05952529834,546.060451345667,1
1050029,48351859,3,50,20:25:09,-79.418529,43.683751,,,17.3735681614595,15.0037732027475,2219.06329850109,549.169403003031,1
1050029,48351859,3,51,20:25:29,-79.4188764952152,43.6845770005263,,,17.3735681614595,96.1110544206259,2315.17435292171,569.084701501229,1
1050029,48351859,3,52,20:25:49,-79.419224,43.685403,6335,9,17.3735681614595,96.111054423393,2411.28540734511,589,1
1050029,48351859,3,53,20:25:49,-79.419224,43.685403,6335,9,1e-12,0,2411.28540734511,589,1
1050029,48351859,3,54,20:25:58,-79.419402,43.685879,,,20.8571729991673,54.8912980227567,2466.17670536786,598.474374733806,1
1050029,48351859,3,55,20:26:08,-79.419606,43.686364,,,20.8571729991673,56.4321730104204,2522.60887837828,608.214708327703,1
1050029,48351859,3,56,20:26:25,-79.419952,43.687201,9464,10,20.8571729991673,97.2482589584958,2619.85713733678,625,1
1050029,48351859,3,57,20:26:25,-79.419952,43.687201,9464,10,1e-12,0,2619.85713733678,625,1
1050029,48351859,3,58,20:26:39,-79.4201209987589,43.6876415001245,,,12.7418074552972,50.8883156856815,2670.74545302246,639.377704035411,1
1050029,48351859,3,59,20:26:54,-79.42029,43.688082,,,12.7418074552972,50.8883156856816,2721.63376870814,653.755408070821,1
1050029,48351859,3,60,20:27:11,-79.4205039981233,43.6886080001996,7806,11,12.7418074552972,61.035352779657,2782.6691214878,671,1
1050029,48351859,3,61,20:27:11,-79.4205039981233,43.6886080001996,7806,11,1e-12,0,2782.6691214878,671,1
1050029,48351859,3,62,20:27:22,-79.420718,43.689134,,,20.4088195200569,61.0353527785196,2843.70447426632,681.766290024111,1
1050029,48351859,3,63,20:27:35,-79.4209854970408,43.6897975003119,,,20.4088195200569,76.9350661835675,2920.63954044989,695.337199306182,1
1050029,48351859,3,64,20:27:49,-79.421253,43.690461,,,20.4088195200569,76.9350661831996,2997.57460663309,708.908108588187,1
1050029,48351859,3,65,20:27:55,-79.421379,43.690775,,,20.4088195200569,36.3959731828929,3033.97057981598,715.32815181164,1
1050029,48351859,3,66,20:28:06,-79.421588,43.691286,,,20.4088195200569,59.3197199602219,3093.2902997762,725.791813938052,1
1050029,48351859,3,67,20:28:10,-79.421675,43.691501,,,20.4088195200569,24.9371342902309,3118.22743406643,730.190582977908,1
1050029,48351859,3,68,20:28:19,-79.421861,43.691929,5668,12,20.4088195200569,49.9416116891099,3168.16904575554,739,1
1050029,48351859,3,69,20:28:19,-79.421861,43.691929,5668,12,1e-12,0,3168.16904575554,739,1
1050029,48351859,3,70,20:28:33,-79.4220874978813,43.6924900002236,,,17.2296437758344,65.0569289297799,3233.22597468532,752.593139080199,1
1050029,48351859,3,71,20:28:46,-79.422314,43.693051,,,17.2296437758344,65.0569289308536,3298.28290361618,766.186278160623,1
1050029,48351859,3,72,20:29:02,-79.422571,43.693705,5634,13,17.2296437758344,75.6846650173882,3373.96756863356,782,1
1050029,48351859,3,73,20:29:02,-79.422571,43.693705,5634,13,1e-12,0,3373.96756863356,782,1
1050029,48351859,3,74,20:29:11,-79.422735,43.694097,,,18.3875542414086,45.5900410899509,3419.55760972351,790.925828077462,1
1050029,48351859,3,75,20:29:24,-79.4229814975542,43.6946920002649,,,18.3875542414086,69.1427506632713,3488.70036038679,804.462914038967,1
1050029,48351859,3,76,20:29:38,-79.423228,43.695287,4889,14,18.3875542414086,69.1427506608642,3557.84311104765,818,1
1050029,48351859,3,77,20:29:38,-79.423228,43.695287,4889,14,1e-12,0,3557.84311104765,818,1
1050029,48351859,3,78,20:29:43,-79.423322,43.695496,,,17.6145824253033,24.4650063111141,3582.30811735876,823.000063049664,1
1050029,48351859,3,79,20:29:57,-79.423565,43.696101,,,17.6145824253033,70.130673540907,3652.43879089967,837.33309795514,1
1050029,48351859,3,80,20:30:11,-79.4237989977308,43.6966825002387,,,17.6145824253033,67.4163707586742,3719.85516165835,851.111394191251,1
1050029,48351859,3,81,20:30:25,-79.424033,43.697264,,,17.6145824253033,67.4163707581438,3787.27153241649,864.889690427254,1
1050029,48351859,3,82,20:30:41,-79.424329,43.697939,6297,15,17.6145824253033,78.8267710739682,3866.09830349046,881,1
1050029,48351859,3,83,20:30:41,-79.424329,43.697939,6297,15,1e-12,0,3866.09830349046,881,1
1050029,48351859,3,84,20:30:53,-79.424540998096,43.6984775001959,,,18.6979420884864,62.3264736292812,3928.42477711974,893.000000000191,1
1050029,48351859,3,85,20:31:05,-79.424753,43.699016,5037,16,18.6979420884864,62.3264736272952,3990.75125074703,905,1
1050029,48351859,3,86,20:31:05,-79.424753,43.699016,5037,16,1e-12,0,3990.75125074703,905,1
1050029,48351859,3,87,20:31:22,-79.4249904976352,43.6996130002458,,,14.8104771665738,69.1518865906601,4059.90313733769,921.808829919959,1
1050029,48351859,3,88,20:31:39,-79.425228,43.70021,,,14.8104771665738,69.1518865939214,4129.05502393162,938.617659840711,1
1050029,48351859,3,89,20:31:50,-79.425394,43.70061,,,14.8104771665738,46.4887592315204,4175.54378316314,949.917736897728,1
1050029,48351859,3,90,20:32:01,-79.425549,43.700986,,,14.8104771665738,43.6754313219154,4219.21921448505,960.533975050659,1
1050029,48351859,3,91,20:32:04,-79.4256,43.701107,,,14.8104771665738,14.0811222873775,4233.30033677243,963.956689907475,1
1050029,48351859,3,92,20:32:08,-79.425612,43.701238,,,14.8104771665738,14.6147963907658,4247.9151331632,967.509125552526,1
1050029,48351859,3,93,20:32:10,-79.425624,43.701341,,,14.8104771665738,11.5065066765561,4259.42163983975,970.306025582802,1
1050029,48351859,3,94,20:32:12,-79.425636,43.701403,6993,17,14.8104771665738,6.96904706296189,4266.39068690271,972,1
1050029,48351859,3,95,20:32:12,-79.425636,43.701403,6993,17,1e-12,0,4266.39068690271,972,1
1050029,48351859,3,96,20:32:14,-79.425649,43.701467,,,14.4924753230781,7.20085590104171,4273.59154280375,973.78872695422,1
1050029,48351859,3,97,20:32:17,-79.425663,43.701593,,,14.4924753230781,14.0714354760361,4287.66297827979,977.284138647836,1
1050029,48351859,3,98,20:32:20,-79.42567,43.701706,,,14.4924753230781,12.5917106931746,4300.25468897296,980.411979647036,1
1050029,48351859,3,99,20:32:25,-79.425672,43.701886,,,14.4924753230781,20.0381547782006,4320.29284375117,985.389552876825,1
1050029,48351859,3,100,20:32:31,-79.425682,43.702088,,,14.4924753230781,22.5009337020372,4342.7937774532,990.978892138858,1
1050029,48351859,3,101,20:32:36,-79.425697,43.702269,,,14.4924753230781,20.1849572862741,4362.97873473948,995.992931811907,1
1050029,48351859,3,102,20:32:39,-79.425707,43.702381,,,14.4924753230781,12.4937292344723,4375.47246397395,999.09643374939,1
1050029,48351859,3,103,20:32:42,-79.42571,43.702471,,,14.4924753230781,10.0216627399265,4385.49412671388,1001.58586257776,1
1050029,48351859,3,104,20:32:46,-79.425745,43.702638,,,14.4924753230781,18.8025277385813,4404.29665445246,1006.25650015691,1
1050029,48351859,3,105,20:32:56,-79.425822,43.702975,,,14.4924753230781,38.0230111998785,4442.31966565234,1015.70159751041,1
1050029,48351859,3,106,20:33:02,-79.425871,43.7032,9198,18,14.4924753230781,25.3554007375733,4467.67506638991,1022,1
1050029,48351859,3,107,20:33:02,-79.425871,43.7032,9198,18,1e-12,0,4467.67506638991,1022,1
1050029,48351859,3,108,20:33:06,-79.425899,43.703331,,,14.1014224704344,14.7559171451425,4482.43098353505,1025.76708816674,1
1050029,48351859,3,109,20:33:19,-79.4260184990671,43.7037990000623,,,14.1014224704344,52.9776785476411,4535.40866208269,1039.29193951924,1
1050029,48351859,3,110,20:33:33,-79.426138,43.704267,,,14.1014224704344,52.9776785480017,4588.38634063069,1052.81679087184,1
1050029,48351859,3,111,20:33:47,-79.42625,43.704749,,,14.1014224704344,54.4077391171878,4642.79407974788,1066.7067272405,1
1050029,48351859,3,112,20:33:50,-79.426277,43.704866,,,14.1014224704344,13.2043751256766,4655.99845487356,1070.07771697945,1
1050029,48351859,3,113,20:33:58,-79.426348,43.70514,3099,19,14.1014224704344,31.0320721675516,4687.03052704111,1078,1
1050029,48351859,3,114,20:33:58,-79.426348,43.70514,3099,19,1e-12,0,4687.03052704111,1078,1
1050029,48351859,3,115,20:33:59,-79.42636,43.705185,,,14.323570375235,5.10160742032741,4692.13213446144,1079.28220731508,1
1050029,48351859,3,116,20:34:06,-79.426421,43.70542,,,14.323570375235,26.6166633881096,4718.74879784955,1085.97187935124,1
1050029,48351859,3,117,20:34:28,-79.426625,43.706207,,,14.323570375235,89.1332524117527,4807.8820502613,1108.37409474002,1
1050029,48351859,3,118,20:34:41,-79.4267344991862,43.7066525000523,,,14.323570375235,50.3695713899073,4858.25162165121,1121.0336797634,1
1050029,48351859,3,119,20:34:54,-79.426844,43.707098,,,14.323570375235,50.369571392605,4908.62119304381,1133.69326478746,1
1050029,48351859,3,120,20:35:17,-79.427047,43.707918,5979,20,14.323570375235,92.7321283427334,5001.35332138655,1157,1
1050029,48351859,3,121,20:35:17,-79.427047,43.707918,5979,20,1e-12,0,5001.35332138655,1157,1
1050029,48351859,3,122,20:35:28,-79.427141,43.708279,,,13.5438583728285,40.8920245143951,5042.24534590094,1167.86922826564,1
1050029,48351859,3,123,20:35:42,-79.427269,43.708764,,,13.5438583728285,54.9636735315301,5097.20901943247,1182.47874493856,1
1050029,48351859,3,124,20:36:07,-79.427451,43.709597,,,13.5438583728285,93.8785058343688,5191.08752526684,1207.43194599106,1
1050029,48351859,3,125,20:36:11,-79.427476,43.709732,,,13.5438583728285,15.1621766709905,5206.24970193783,1211.46210006629,1
1050029,48351859,3,126,20:36:34,-79.427682,43.710479,4324,21,13.5438583728285,84.7917013119928,5291.04140324982,1234,1
1050029,48351859,3,127,20:36:34,-79.427682,43.710479,4324,21,1e-12,0,5291.04140324982,1234,1
1050029,48351859,3,128,20:36:38,-79.427712,43.710621,,,13.6577919205445,15.9906284258047,5307.03203167563,1238.21490257487,1
1050029,48351859,3,129,20:37:02,-79.427921,43.711415,,,13.6577919205445,89.9733445880385,5397.00537626367,1261.93059852347,1
1050029,48351859,3,130,20:37:05,-79.427934,43.711528,,,13.6577919205445,12.6225206231258,5409.62789688679,1265.25771571105,1
1050029,48351859,3,131,20:37:29,-79.428135,43.712324,386,22,13.6577919205445,90.0742162602385,5499.70211314703,1289,1
1050029,48351859,3,132,20:37:29,-79.428135,43.712324,386,22,1e-12,0,5499.70211314703,1289,1
1050029,48351859,3,133,20:37:37,-79.428199,43.712592,,,13.8534353559608,30.2748113786385,5529.97692452567,1296.8673136419,1
1050029,48351859,3,134,20:37:56,-79.428352,43.713229,,,13.8534353559608,71.9712302855513,5601.94815481122,1315.56999802094,1
1050029,48351859,3,135,20:38:10,-79.428469499051,43.7137130000602,,,13.8534353559608,54.7018325802089,5656.64998739143,1329.78499901014,1
1050029,48351859,3,136,20:38:24,-79.428587,43.714197,4934,23,13.8534353559608,54.7018325827799,5711.35181997421,1344,1
1050029,48351859,3,137,20:38:24,-79.428587,43.714197,4934,23,1e-12,0,5711.35181997421,1344,1
1050029,48351859,3,138,20:38:49,-79.428778,43.715057,,,13.920329559951,96.9604036627706,5808.31222363698,1369.07537279794,1
1050029,48351859,3,139,20:39:02,-79.4288854992044,43.7155005000504,,,13.920329559951,50.1221325522907,5858.43435618927,1382.03768639915,1
1050029,48351859,3,140,20:39:15,-79.428993,43.715944,7973,24,13.920329559951,50.122132550912,5908.55648874018,1395,1
1050029,48351859,3,141,20:39:15,-79.428993,43.715944,7973,24,1e-12,0,5908.55648874018,1395,1
1050029,48351859,3,142,20:39:40,-79.429213,43.716803,,,13.9345602874625,97.2479429902186,6005.8044317304,1420.1240503857,1
1050029,48351859,3,143,20:40:04,-79.429401,43.717622,8831,25,13.9345602874625,92.4169053669092,6098.22133709731,1444,1
1050029,48351859,3,144,20:40:04,-79.429401,43.717622,8831,25,1e-12,0,6098.22133709731,1444,1
1050029,48351859,3,145,20:40:26,-79.42958,43.718415,,,14.7475782977544,89.4434042938382,6187.66474139115,1465.83383935699,1
1050029,48351859,3,146,20:40:49,-79.429804,43.719252,1320,26,14.7475782977544,94.9013244280921,6282.56606581924,1489,1
1050029,48351859,3,147,20:40:49,-79.429804,43.719252,1320,26,1e-12,0,6282.56606581924,1489,1
1050029,48351859,3,148,20:41:16,-79.429967,43.720026,,,11.7384514365218,87.1535661211231,6369.71963194036,1515.72863961083,1
1050029,48351859,3,149,20:41:42,-79.430125,43.720787,5538,27,11.7384514365218,85.6625244721157,6455.38215641248,1542,1
1050029,48351859,3,150,20:41:42,-79.430125,43.720787,5538,27,1e-12,0,6455.38215641248,1542,1
1050029,48351859,3,151,20:41:46,-79.430161,43.720935,,,14.0444683634611,16.7279246561199,6472.1100810686,1546.28784680228,1
1050029,48351859,3,152,20:42:06,-79.430299,43.721615,,,14.0444683634611,76.5070994693826,6548.61718053798,1565.89881041884,1
1050029,48351859,3,153,20:42:19,-79.430410499129,43.7220830000542,,,14.0444683634611,52.8641388461363,6601.48131938412,1579.44940520969,1
1050029,48351859,3,154,20:42:33,-79.430522,43.722551,7605,28,14.0444683634611,52.8641388440596,6654.34545822818,1593,1
1050029,48351859,3,155,20:42:33,-79.430522,43.722551,7605,28,1e-12,0,6654.34545822818,1593,1
1050029,48351859,3,156,20:42:48,-79.43065,43.723069,,,13.8693525320325,58.5757509149896,6712.92120914317,1608.20422116367,1
1050029,48351859,3,157,20:42:59,-79.430721,43.723422,,,13.8693525320325,39.7087396789464,6752.62994882211,1618.51122450172,1
1050029,48351859,3,158,20:43:22,-79.430897,43.724212,,,13.8693525320325,89.0749126801084,6841.70486150222,1641.63196390954,1
1050029,48351859,3,159,20:43:40,-79.43105,43.724838,2493,29,13.8693525320325,70.7646577387832,6912.46951924101,1660,1
1050029,48351859,3,160,20:43:40,-79.43105,43.724838,2493,29,1e-12,0,6912.46951924101,1660,1
1050029,48351859,3,161,20:43:45,-79.431082,43.725005,,,13.6281568991912,18.7677467394125,6931.23726598042,1664.95766880009,1
1050029,48351859,3,162,20:44:08,-79.431246,43.725788,,,13.6281568991912,88.1559796611724,7019.39324564159,1688.24486230159,1
1050029,48351859,3,163,20:44:33,-79.431417,43.726616,,,13.6281568991912,93.1933887131837,7112.58663435477,1712.86273263058,1
1050029,48351859,3,164,20:44:42,-79.431509,43.726931,,,13.6281568991912,35.8381383144715,7148.42477266924,1722.32969862506,1
1050029,48351859,3,165,20:44:56,-79.431611,43.72739,2005,30,13.6281568991912,51.7502811102416,7200.17505377949,1736,1
1050029,48351859,3,166,20:44:56,-79.431611,43.72739,2005,30,1e-12,0,7200.17505377949,1736,1
1050029,48351859,3,167,20:45:09,-79.431726,43.727827,,,13.581503268187,49.5184201925424,7249.69347397203,1749.12566872555,1
1050029,48351859,3,168,20:45:20,-79.431819,43.728205,,,13.581503268187,42.738631485087,7292.43210545712,1760.45424335445,1
1050029,48351859,3,169,20:45:36,-79.431943,43.728732,,,13.581503268187,59.5073348093058,7351.93944026642,1776.22763758654,1
1050029,48351859,3,170,20:45:46,-79.432015,43.729065,,,13.581503268187,37.5191223471573,7389.45856261358,1786.17269578684,1
1050029,48351859,3,171,20:46:03,-79.432149,43.729627,9721,31,13.581503268187,63.483357546054,7452.94192015963,1803,1
1050029,48351859,3,172,20:46:03,-79.432149,43.729627,9721,31,1e-12,0,7452.94192015963,1803,1
1050029,48351859,3,173,20:46:26,-79.432337,43.730375,,,13.2767017191977,84.6291129802265,7537.57103313986,1825.94732631436,1
1050029,48351859,3,174,20:46:53,-79.432524,43.731261,4496,32,13.2767017191977,99.7695220086311,7637.34055514849,1853,1
1050029,48351859,3,175,20:46:53,-79.432524,43.731261,4496,32,1e-12,0,7637.34055514849,1853,1
1050029,48351859,3,176,20:47:00,-79.432593,43.731495,,,13.6777362966929,26.6334950912573,7663.97405023975,1860.00997447595,1
1050029,48351859,3,177,20:47:20,-79.43275,43.732152,,,13.6777362966929,74.21920976159,7738.19326000134,1879.54457796193,1
1050029,48351859,3,178,20:47:33,-79.432852999233,43.7325980000462,,,13.6777362966929,50.3350127505617,7788.5282727519,1892.79282620794,1
1050029,48351859,3,179,20:47:46,-79.432956,43.733044,,,13.6777362966929,50.3350127509118,7838.86328550281,1906.04107445404,1
1050029,48351859,3,180,20:47:50,-79.433003,43.733174,,,13.6777362966929,14.9571844586544,7853.82046996147,1909.97782706303,1
1050029,48351859,3,181,20:48:11,-79.433164,43.733882,3942,33,13.6777362966929,79.8710382820371,7933.6915082435,1931,1
1050029,48351859,3,182,20:48:11,-79.433164,43.733882,3942,33,1e-12,0,7933.6915082435,1931,1
1050029,48351859,3,183,20:48:17,-79.433189,43.734078,,,13.2412708579154,21.9110879633677,7955.60259620687,1936.95712583139,1
1050029,48351859,3,184,20:48:36,-79.43334,43.734696,,,13.2412708579154,69.8593435418825,8025.46193974875,1955.95029041879,1
1050029,48351859,3,185,20:48:41,-79.433383,43.734868,,,13.2412708579154,19.4568245027477,8044.9187642515,1961.2401579067,1
1050029,48351859,3,186,20:48:46,-79.433417,43.735009,,,13.2412708579154,15.9325048751351,8060.85126912664,1965.57184314794,1
1050029,48351859,3,187,20:49:09,-79.433601,43.735761,,,13.2412708579154,85.0104187520183,8145.86168787865,1988.68424004634,1
1050029,48351859,3,188,20:49:15,-79.433653,43.73597,,,13.2412708579154,23.6387246114836,8169.50041249014,1995.11107093851,1
1050029,48351859,3,189,20:49:20,-79.433694,43.736139,,,13.2412708579154,19.0998330924888,8188.60024558263,2000.30388059181,1
1050029,48351859,3,190,20:49:27,-79.433746,43.73635,,,13.2412708579154,23.857878869899,8212.45812445253,2006.79029453601,1
1050029,48351859,3,191,20:49:30,-79.43378,43.736456,,,13.2412708579154,12.1126072734576,8224.57073172598,2010.08343661069,1
1050029,48351859,3,192,20:49:51,-79.433943,43.737137,7994,34,13.2412708579154,76.9338559040601,8301.50458763004,2031,1
1050029,48351859,3,193,20:49:51,-79.433943,43.737137,7994,34,1e-12,0,8301.50458763004,2031,1
1050029,48351859,3,194,,-79.433994,43.737347,,,,23.734246276354,8325.2388339064,,1
1050029,48351820,3,1,,-79.411155,43.666501,,,1e-12,0,0,0,2
1050029,48351820,3,2,22:51:00,-79.410924,43.665845,14141,1,,75.357480559846,75.357480559846,,2
1050029,48351820,3,3,22:51:00,-79.410924,43.665845,14141,1,1e-12,0,75.357480559846,0,2
1050029,48351820,3,4,22:51:07,-79.411313,43.665734,,,17.8814238548867,33.6737213811491,109.031201940995,6.77940403157592,2
1050029,48351820,3,5,22:51:09,-79.411403,43.665635,,,17.8814238548867,13.1900990100203,122.221300951015,9.43491719548408,2
1050029,48351820,3,6,22:51:21,-79.4115899984767,43.6661240001524,,,17.8814238548867,56.4796199357796,178.700920886795,20.8057472490002,2
1050029,48351820,3,7,22:51:32,-79.411777,43.666613,,,17.8814238548867,56.4796199343592,235.180540821154,32.1765773022305,2
1050029,48351820,3,8,22:51:36,-79.411841,43.666782,,,17.8814238548867,19.5061105582196,254.686651379374,36.1036693827865,2
1050029,48351820,3,9,22:51:52,-79.4121064970719,43.6674440003072,,,17.8814238548867,76.7319976826915,331.418649062065,51.5518346910652,2
1050029,48351820,3,10,22:52:07,-79.412372,43.668106,3195,2,17.8814238548867,76.7319976859497,408.150646748015,67,2
1050029,48351820,3,11,22:52:07,-79.412372,43.668106,3195,2,1e-12,0,408.150646748015,67,2
1050029,48351820,3,12,22:52:22,-79.4126684963396,43.6688470003832,,,21.228058587219,85.8733628468774,494.024009594892,81.5629947731013,2
1050029,48351820,3,13,22:52:36,-79.412965,43.669588,,,21.228058587219,85.8733628466036,579.897372441496,96.1259895461562,2
1050029,48351820,3,14,22:52:46,-79.413168,43.67009,5400,3,21.228058587219,58.2239090013913,638.121281442887,106,2
1050029,48351820,3,15,22:52:46,-79.413168,43.67009,5400,3,1e-12,0,638.121281442887,106,2
1050029,48351820,3,16,22:52:50,-79.413257,43.670311,,,21.2142636296942,25.6241111294856,663.745392572373,110.348338536579,2
1050029,48351820,3,17,22:52:59,-79.4134369958815,43.6707687504237,,,21.2142636296942,52.9775756614515,716.722968233824,119.338481947179,2
1050029,48351820,3,18,22:53:08,-79.4136169945086,43.6712265005649,,,21.2142636296942,52.9775756587947,769.700543892619,128.328625357328,2
1050029,48351820,3,19,22:53:17,-79.4137969958814,43.6716842504237,,,21.2142636296942,52.9775756597568,822.678119552376,137.31876876764,2
1050029,48351820,3,20,22:53:26,-79.413977,43.672142,,,21.2142636296942,52.9775756620531,875.655695214429,146.308912178342,2
1050029,48351820,3,21,22:53:36,-79.4141779983237,43.6726425001761,,,21.2142636296942,58.0183233610553,933.674018575484,156.154456089065,2
1050029,48351820,3,22,22:53:46,-79.414379,43.673143,5475,4,21.2142636296942,58.0183233623071,991.692341937791,166,2
1050029,48351820,3,23,22:53:46,-79.414379,43.673143,5475,4,1e-12,0,991.692341937791,166,2
1050029,48351820,3,24,22:54:00,-79.414681,43.673903,,,21.9849642781313,88.0278006160875,1079.72014255388,180.4144005971,2
1050029,48351820,3,25,22:54:08,-79.414837,43.674331,,,21.9849642781313,49.2725466756318,1128.99268922951,188.482695172803,2
1050029,48351820,3,26,22:54:24,-79.415158,43.67515,1857,5,21.9849642781313,94.7631645329999,1223.75585376251,204,2
1050029,48351820,3,27,22:54:24,-79.415158,43.67515,1857,5,1e-12,0,1223.75585376251,204,2
1050029,48351820,3,28,22:54:33,-79.4153369986383,43.6756065001397,,,21.8418760829165,52.8214343974652,1276.57728815998,212.706081982564,2
1050029,48351820,3,29,22:54:41,-79.415516,43.676063,,,21.8418760829165,52.8214343987494,1329.39872255872,221.41216396534,2
1050029,48351820,3,30,22:54:54,-79.415775,43.676723,4858,6,21.8418760829165,76.3727652280898,1405.77148778681,234,2
1050029,48351820,3,31,22:54:54,-79.415775,43.676723,4858,6,1e-12,0,1405.77148778681,234,2
1050029,48351820,3,32,22:55:17,-79.4161004956548,43.6775240004618,,,14.4681939959348,92.9381590305582,1498.70964681737,257.12502670368,2
1050029,48351820,3,33,22:55:40,-79.416426,43.678325,,,14.4681939959348,92.9381590327971,1591.64780585017,280.250053407916,2
1050029,48351820,3,34,22:55:53,-79.416566,43.678771,,,14.4681939959348,50.9118310150187,1642.55963686519,292.918019548374,2
1050029,48351820,3,35,22:56:06,-79.416746,43.679241,,,14.4681939959348,54.2899963298892,1696.84963319508,306.426546379194,2
1050029,48351820,3,36,22:56:23,-79.41697,43.679817,6550,7,14.4681939959348,66.6077617134574,1763.45739490854,323,2
1050029,48351820,3,37,22:56:23,-79.41697,43.679817,6550,7,1e-12,0,1763.45739490854,323,2
1050029,48351820,3,38,22:56:31,-79.417078,43.680097,,,14.3202251699618,32.3594544942075,1795.81684940274,331.134930477455,2
1050029,48351820,3,39,22:56:45,-79.4172729984611,43.6805705001657,,,14.3202251699618,54.9979230480218,1850.81477245076,344.961006577724,2
1050029,48351820,3,40,22:56:59,-79.417468,43.681044,,,14.3202251699618,54.997923043795,1905.81269549456,358.787082676931,2
1050029,48351820,3,41,22:57:14,-79.417655,43.681562,,,14.3202251699618,59.5962852320814,1965.40898072664,373.769153439723,2
1050029,48351820,3,42,22:57:16,-79.417686,43.681624,,,14.3202251699618,7.3391593088105,1972.74814003545,375.614164478177,2
1050029,48351820,3,43,22:57:24,-79.4178,43.681918,,,14.3202251699618,33.9903632136974,2006.73850324915,384.159093494097,2
1050029,48351820,3,44,22:57:47,-79.418109,43.682703,14801,8,14.3202251699618,90.857478958496,2097.59598220764,407,2
1050029,48351820,3,45,22:57:47,-79.418109,43.682703,14801,8,1e-12,0,2097.59598220764,407,2
1050029,48351820,3,46,22:57:54,-79.418262,43.683089,,,23.5267068853097,44.6997911237543,2142.2957733314,413.839854333629,2
1050029,48351820,3,47,22:57:55,-79.418289,43.68316,,,23.5267068853097,8.19711355651858,2150.49288688792,415.094156899106,2
1050029,48351820,3,48,22:58:01,-79.418419,43.683489,,,23.5267068853097,38.0900147641915,2188.58290165211,420.922599180449,2
1050029,48351820,3,49,22:58:03,-79.418475,43.683622,,,23.5267068853097,15.4766236462318,2204.05952529834,423.290794839877,2
1050029,48351820,3,50,22:58:06,-79.418529,43.683751,,,23.5267068853097,15.0037732027475,2219.06329850109,425.586636063777,2
1050029,48351820,3,51,22:58:20,-79.4188764952152,43.6845770005263,,,23.5267068853097,96.1110544206259,2315.17435292171,440.293318031677,2
1050029,48351820,3,52,22:58:35,-79.419224,43.685403,6335,9,23.5267068853097,96.111054423393,2411.28540734511,455,2
1050029,48351820,3,53,22:58:35,-79.419224,43.685403,6335,9,1e-12,0,2411.28540734511,455,2
1050029,48351820,3,54,22:58:42,-79.419402,43.685879,,,28.8791626142316,54.8912980227567,2466.17670536786,461.842603974415,2
1050029,48351820,3,55,22:58:49,-79.419606,43.686364,,,28.8791626142316,56.4321730104204,2522.60887837828,468.877289347785,2
1050029,48351820,3,56,22:59:01,-79.419952,43.687201,9464,10,28.8791626142316,97.2482589584958,2619.85713733678,481,2
1050029,48351820,3,57,22:59:01,-79.419952,43.687201,9464,10,1e-12,0,2619.85713733678,481,2
1050029,48351820,3,58,22:59:11,-79.4201209987589,43.6876415001245,,,17.7613073619294,50.8883156856815,2670.74545302246,491.31443985149,2
1050029,48351820,3,59,22:59:22,-79.42029,43.688082,,,17.7613073619294,50.8883156856816,2721.63376870814,501.628879702981,2
1050029,48351820,3,60,22:59:34,-79.4205039981233,43.6886080001996,7806,11,17.7613073619294,61.035352779657,2782.6691214878,514,2
1050029,48351820,3,61,22:59:34,-79.4205039981233,43.6886080001996,7806,11,1e-12,0,2782.6691214878,514,2
1050029,48351820,3,62,22:59:42,-79.420718,43.689134,,,28.3224434155892,61.0353527785196,2843.70447426632,521.758061929139,2
1050029,48351820,3,63,22:59:52,-79.4209854970408,43.6897975003119,,,28.3224434155892,76.9350661835675,2920.63954044989,531.537099500043,2
1050029,48351820,3,64,23:00:01,-79.421253,43.690461,,,28.3224434155892,76.9350661831996,2997.57460663309,541.3161370709,2
1050029,48351820,3,65,23:00:06,-79.421379,43.690775,,,28.3224434155892,36.3959731828929,3033.97057981598,545.942344687799,2
1050029,48351820,3,66,23:00:13,-79.421588,43.691286,,,28.3224434155892,59.3197199602219,3093.2902997762,553.482336514185,2
1050029,48351820,3,67,23:00:17,-79.421675,43.691501,,,28.3224434155892,24.9371342902309,3118.22743406643,556.652037734081,2
1050029,48351820,3,68,23:00:23,-79.421861,43.691929,5668,12,28.3224434155892,49.9416116891099,3168.16904575554,563,2
1050029,48351820,3,69,23:00:23,-79.421861,43.691929,5668,12,1e-12,0,3168.16904575554,563,2
1050029,48351820,3,70,23:00:32,-79.4220874978813,43.6924900002236,,,24.6958227453626,65.0569289297799,3233.22597468532,572.48358540479,2
1050029,48351820,3,71,23:00:42,-79.422314,43.693051,,,24.6958227453626,65.0569289308536,3298.28290361618,581.967170809737,2
1050029,48351820,3,72,23:00:53,-79.422571,43.693705,5634,13,24.6958227453626,75.6846650173882,3373.96756863356,593,2
1050029,48351820,3,73,23:00:53,-79.422571,43.693705,5634,13,1e-12,0,3373.96756863356,593,2
1050029,48351820,3,74,23:00:59,-79.422735,43.694097,,,25.4596904881043,45.5900410899509,3419.55760972351,599.446431389278,2
1050029,48351820,3,75,23:01:09,-79.4229814975542,43.6946920002649,,,25.4596904881043,69.1427506632713,3488.70036038679,609.223215694809,2
1050029,48351820,3,76,23:01:19,-79.423228,43.695287,4889,14,25.4596904881043,69.1427506608642,3557.84311104765,619,2
1050029,48351820,3,77,23:01:19,-79.423228,43.695287,4889,14,1e-12,0,3557.84311104765,619,2
1050029,48351820,3,78,23:01:23,-79.423322,43.695496,,,24.6604153954246,24.4650063111141,3582.30811735876,622.571473606903,2
1050029,48351820,3,79,23:01:33,-79.423565,43.696101,,,24.6604153954246,70.130673540907,3652.43879089967,632.809355682243,2
1050029,48351820,3,80,23:01:43,-79.4237989977308,43.6966825002387,,,24.6604153954246,67.4163707586742,3719.85516165835,642.650995850894,2
1050029,48351820,3,81,23:01:52,-79.424033,43.697264,,,24.6604153954246,67.4163707581438,3787.27153241649,652.492636019467,2
1050029,48351820,3,82,23:02:04,-79.424329,43.697939,6297,15,24.6604153954246,78.8267710739682,3866.09830349046,664,2
1050029,48351820,3,83,23:02:04,-79.424329,43.697939,6297,15,1e-12,0,3866.09830349046,664,2
1050029,48351820,3,84,23:02:13,-79.424540998096,43.6984775001959,,,26.3970947131573,62.3264736292812,3928.42477711974,672.500000000135,2
1050029,48351820,3,85,23:02:21,-79.424753,43.699016,5037,16,26.3970947131573,62.3264736272952,3990.75125074703,681,2
1050029,48351820,3,86,23:02:21,-79.424753,43.699016,5037,16,1e-12,0,3990.75125074703,681,2
1050029,48351820,3,87,23:02:33,-79.4249904976352,43.6996130002458,,,20.2510606155192,69.1518865906601,4059.90313733769,693.293024866836,2
1050029,48351820,3,88,23:02:46,-79.425228,43.70021,,,20.2510606155192,69.1518865939214,4129.05502393162,705.586049734251,2
1050029,48351820,3,89,23:02:54,-79.425394,43.70061,,,20.2510606155192,46.4887592315204,4175.54378316314,713.850285193861,2
1050029,48351820,3,90,23:03:02,-79.425549,43.700986,,,20.2510606155192,43.6754313219154,4219.21921448505,721.614399663915,2
1050029,48351820,3,91,23:03:04,-79.4256,43.701107,,,20.2510606155192,14.0811222873775,4233.30033677243,724.117579186064,2
1050029,48351820,3,92,23:03:07,-79.425612,43.701238,,,20.2510606155192,14.6147963907658,4247.9151331632,726.71562913543,2
1050029,48351820,3,93,23:03:09,-79.425624,43.701341,,,20.2510606155192,11.5065066765561,4259.42163983975,728.761123187423,2
1050029,48351820,3,94,23:03:10,-79.425636,43.701403,6993,17,20.2510606155192,6.96904706296189,4266.39068690271,730,2
1050029,48351820,3,95,23:03:10,-79.425636,43.701403,6993,17,1e-12,0,4266.39068690271,730,2
1050029,48351820,3,96,23:03:11,-79.425649,43.701467,,,18.5800965680489,7.20085590104171,4273.59154280375,731.395207024291,2
1050029,48351820,3,97,23:03:14,-79.425663,43.701593,,,18.5800965680489,14.0714354760361,4287.66297827979,734.121628145312,2
1050029,48351820,3,98,23:03:17,-79.42567,43.701706,,,18.5800965680489,12.5917106931746,4300.25468897296,736.561344124688,2
1050029,48351820,3,99,23:03:20,-79.425672,43.701886,,,18.5800965680489,20.0381547782006,4320.29284375117,740.443851243923,2
1050029,48351820,3,100,23:03:25,-79.425682,43.702088,,,18.5800965680489,22.5009337020372,4342.7937774532,744.80353586831,2
1050029,48351820,3,101,23:03:29,-79.425697,43.702269,,,18.5800965680489,20.1849572862741,4362.97873473948,748.714486813287,2
1050029,48351820,3,102,23:03:31,-79.425707,43.702381,,,18.5800965680489,12.4937292344723,4375.47246397395,751.135218324524,2
1050029,48351820,3,103,23:03:33,-79.42571,43.702471,,,18.5800965680489,10.0216627399265,4385.49412671388,753.076972810654,2
1050029,48351820,3,104,23:03:37,-79.425745,43.702638,,,18.5800965680489,18.8025277385813,4404.29665445246,756.720070122392,2
1050029,48351820,3,105,23:03:44,-79.425822,43.702975,,,18.5800965680489,38.0230111998785,4442.31966565234,764.087246058116,2
1050029,48351820,3,106,23:03:49,-79.425871,43.7032,9198,18,18.5800965680489,25.3554007375733,4467.67506638991,769,2
1050029,48351820,3,107,23:03:49,-79.425871,43.7032,9198,18,1e-12,0,4467.67506638991,769,2
1050029,48351820,3,108,23:03:52,-79.425899,43.703331,,,18.3646432173099,14.7559171451425,4482.43098353505,771.892585556601,2
1050029,48351820,3,109,23:04:02,-79.4260184990671,43.7037990000623,,,18.3646432173099,52.9776785476411,4535.40866208269,782.277739273703,2
1050029,48351820,3,110,23:04:13,-79.426138,43.704267,,,18.3646432173099,52.9776785480017,4588.38634063069,792.662892990876,2
1050029,48351820,3,111,23:04:23,-79.42625,43.704749,,,18.3646432173099,54.4077391171878,4642.79407974788,803.32837984538,2
1050029,48351820,3,112,23:04:26,-79.426277,43.704866,,,18.3646432173099,13.2043751256766,4655.99845487356,805.916818394932,2
1050029,48351820,3,113,23:04:32,-79.426348,43.70514,3099,19,18.3646432173099,31.0320721675516,4687.03052704111,812,2
1050029,48351820,3,114,23:04:32,-79.426348,43.70514,3099,19,1e-12,0,4687.03052704111,812,2
1050029,48351820,3,115,23:04:33,-79.42636,43.705185,,,18.251000961993,5.10160742032741,4692.13213446144,813.006289285252,2
1050029,48351820,3,116,23:04:38,-79.426421,43.70542,,,18.251000961993,26.6166633881096,4718.74879784955,818.256411642745,2
1050029,48351820,3,117,23:04:56,-79.426625,43.706207,,,18.251000961993,89.1332524117527,4807.8820502613,835.837897137735,2
1050029,48351820,3,118,23:05:06,-79.4267344991862,43.7066525000523,,,18.251000961993,50.3695713899073,4858.25162165121,845.773267662413,2
1050029,48351820,3,119,23:05:16,-79.426844,43.707098,,,18.251000961993,50.369571392605,4908.62119304381,855.708638187624,2
1050029,48351820,3,120,23:05:34,-79.427047,43.707918,5979,20,18.251000961993,92.7321283427334,5001.35332138655,874,2
1050029,48351820,3,121,23:05:34,-79.427047,43.707918,5979,20,1e-12,0,5001.35332138655,874,2
1050029,48351820,3,122,23:05:42,-79.427141,43.708279,,,17.3812849117966,40.8920245143951,5042.24534590094,882.469528518683,2
1050029,48351820,3,123,23:05:54,-79.427269,43.708764,,,17.3812849117966,54.9636735315301,5097.20901943247,893.853567484595,2
1050029,48351820,3,124,23:06:13,-79.427451,43.709597,,,17.3812849117966,93.8785058343688,5191.08752526684,913.297620252774,2
1050029,48351820,3,125,23:06:16,-79.427476,43.709732,,,17.3812849117966,15.1621766709905,5206.24970193783,916.438000051653,2
1050029,48351820,3,126,23:06:34,-79.427682,43.710479,4324,21,17.3812849117966,84.7917013119928,5291.04140324982,934,2
1050029,48351820,3,127,23:06:34,-79.427682,43.710479,4324,21,1e-12,0,5291.04140324982,934,2
1050029,48351820,3,128,23:06:37,-79.427712,43.710621,,,17.885203705475,15.9906284258047,5307.03203167563,937.218652875353,2
1050029,48351820,3,129,23:06:55,-79.427921,43.711415,,,17.885203705475,89.9733445880385,5397.00537626367,955.328820690651,2
1050029,48351820,3,130,23:06:58,-79.427934,43.711528,,,17.885203705475,12.6225206231258,5409.62789688679,957.869528361167,2
1050029,48351820,3,131,23:07:16,-79.428135,43.712324,386,22,17.885203705475,90.0742162602385,5499.70211314703,976,2
1050029,48351820,3,132,23:07:16,-79.428135,43.712324,386,22,1e-12,0,5499.70211314703,976,2
1050029,48351820,3,133,23:07:22,-79.428199,43.712592,,,18.1414034423296,30.2748113786385,5529.97692452567,982.007766781086,2
1050029,48351820,3,134,23:07:36,-79.428352,43.713229,,,18.1414034423296,71.9712302855513,5601.94815481122,996.289816670535,2
1050029,48351820,3,135,23:07:47,-79.428469499051,43.7137130000602,,,18.1414034423296,54.7018325802089,5656.64998739143,1007.14490833501,2
1050029,48351820,3,136,23:07:58,-79.428587,43.714197,4934,23,18.1414034423296,54.7018325827799,5711.35181997421,1018,2
1050029,48351820,3,137,23:07:58,-79.428587,43.714197,4934,23,1e-12,0,5711.35181997421,1018,2
1050029,48351820,3,138,23:08:17,-79.428778,43.715057,,,18.2035078860898,96.9604036627706,5808.31222363698,1037.17528508078,2
1050029,48351820,3,139,23:08:27,-79.4288854992044,43.7155005000504,,,18.2035078860898,50.1221325522907,5858.43435618927,1047.08764254053,2
1050029,48351820,3,140,23:08:37,-79.428993,43.715944,7973,24,18.2035078860898,50.122132550912,5908.55648874018,1057,2
1050029,48351820,3,141,23:08:37,-79.428993,43.715944,7973,24,1e-12,0,5908.55648874018,1057,2
1050029,48351820,3,142,23:08:56,-79.429213,43.716803,,,17.9682487917279,97.2479429902186,6005.8044317304,1076.48395744197,2
1050029,48351820,3,143,23:09:15,-79.429401,43.717622,8831,25,17.9682487917279,92.4169053669092,6098.22133709731,1095,2
1050029,48351820,3,144,23:09:15,-79.429401,43.717622,8831,25,1e-12,0,6098.22133709731,1095,2
1050029,48351820,3,145,23:09:32,-79.42958,43.718415,,,18.9611720971129,89.4434042938382,6187.66474139115,1111.98187505544,2
1050029,48351820,3,146,23:09:50,-79.429804,43.719252,1320,26,18.9611720971129,94.9013244280921,6282.56606581924,1130,2
1050029,48351820,3,147,23:09:50,-79.429804,43.719252,1320,26,1e-12,0,6282.56606581924,1130,2
1050029,48351820,3,148,23:10:09,-79.429967,43.720026,,,16.3720506877805,87.1535661211231,6369.71963194036,1149.16393028701,2
1050029,48351820,3,149,23:10:28,-79.430125,43.720787,5538,27,16.3720506877805,85.6625244721157,6455.38215641248,1168,2
1050029,48351820,3,150,23:10:28,-79.430125,43.720787,5538,27,1e-12,0,6455.38215641248,1168,2
1050029,48351820,3,151,23:10:31,-79.430161,43.720935,,,21.0667025451917,16.7279246561199,6472.1100810686,1170.85856453486,2
1050029,48351820,3,152,23:10:44,-79.430299,43.721615,,,21.0667025451917,76.5070994693826,6548.61718053798,1183.93254027923,2
1050029,48351820,3,153,23:10:53,-79.430410499129,43.7220830000542,,,21.0667025451917,52.8641388461363,6601.48131938412,1192.96627013979,2
1050029,48351820,3,154,23:11:02,-79.430522,43.722551,7605,28,21.0667025451917,52.8641388440596,6654.34545822818,1202,2
1050029,48351820,3,155,23:11:02,-79.430522,43.722551,7605,28,1e-12,0,6654.34545822818,1202,2
1050029,48351820,3,156,23:11:12,-79.43065,43.723069,,,21.1192413555949,58.5757509149896,6712.92120914317,1211.98486165973,2
1050029,48351820,3,157,23:11:19,-79.430721,43.723422,,,21.1192413555949,39.7087396789464,6752.62994882211,1218.75363997128,2
1050029,48351820,3,158,23:11:34,-79.430897,43.724212,,,21.1192413555949,89.0749126801084,6841.70486150222,1233.93740913463,2
1050029,48351820,3,159,23:11:46,-79.43105,43.724838,2493,29,21.1192413555949,70.7646577387832,6912.46951924101,1246,2
1050029,48351820,3,160,23:11:46,-79.43105,43.724838,2493,29,1e-12,0,6912.46951924101,1246,2
1050029,48351820,3,161,23:11:49,-79.431082,43.725005,,,20.7147984867707,18.7677467394125,6931.23726598042,1249.26162421059,2
1050029,48351820,3,162,23:12:05,-79.431246,43.725788,,,20.7147984867707,88.1559796611724,7019.39324564159,1264.58214625105,2
1050029,48351820,3,163,23:12:21,-79.431417,43.726616,,,20.7147984867707,93.1933887131837,7112.58663435477,1280.77811357275,2
1050029,48351820,3,164,23:12:27,-79.431509,43.726931,,,20.7147984867707,35.8381383144715,7148.42477266924,1287.00638067438,2
1050029,48351820,3,165,23:12:36,-79.431611,43.72739,2005,30,20.7147984867707,51.7502811102416,7200.17505377949,1296,2
1050029,48351820,3,166,23:12:36,-79.431611,43.72739,2005,30,1e-12,0,7200.17505377949,1296,2
1050029,48351820,3,167,23:12:45,-79.431726,43.727827,,,20.2213493104118,49.5184201925424,7249.69347397203,1304.81574765149,2
1050029,48351820,3,168,23:12:52,-79.431819,43.728205,,,20.2213493104118,42.738631485087,7292.43210545712,1312.42449180523,2
1050029,48351820,3,169,23:13:03,-79.431943,43.728732,,,20.2213493104118,59.5073348093058,7351.93944026642,1323.01856255812,2
1050029,48351820,3,170,23:13:10,-79.432015,43.729065,,,20.2213493104118,37.5191223471573,7389.45856261358,1329.69807925982,2
1050029,48351820,3,171,23:13:21,-79.432149,43.729627,9721,31,20.2213493104118,63.483357546054,7452.94192015963,1341,2
1050029,48351820,3,172,23:13:21,-79.432149,43.729627,9721,31,1e-12,0,7452.94192015963,1341,2
1050029,48351820,3,173,23:13:36,-79.432337,43.730375,,,20.1162147260572,84.6291129802265,7537.57103313986,1356.14523536748,2
1050029,48351820,3,174,23:13:54,-79.432524,43.731261,4496,32,20.1162147260572,99.7695220086311,7637.34055514849,1374,2
1050029,48351820,3,175,23:13:54,-79.432524,43.731261,4496,32,1e-12,0,7637.34055514849,1374,2
1050029,48351820,3,176,23:13:59,-79.432593,43.731495,,,20.5166044450393,26.6334950912573,7663.97405023975,1378.6733163173,2
1050029,48351820,3,177,23:14:12,-79.43275,43.732152,,,20.5166044450393,74.21920976159,7738.19326000134,1391.69638530795,2
1050029,48351820,3,178,23:14:21,-79.432852999233,43.7325980000462,,,20.5166044450393,50.3350127505617,7788.5282727519,1400.52855080529,2
1050029,48351820,3,179,23:14:29,-79.432956,43.733044,,,20.5166044450393,50.3350127509118,7838.86328550281,1409.36071630269,2
1050029,48351820,3,180,23:14:32,-79.433003,43.733174,,,20.5166044450393,14.9571844586544,7853.82046996147,1411.98521804202,2
1050029,48351820,3,181,23:14:46,-79.433164,43.733882,3942,33,20.5166044450393,79.8710382820371,7933.6915082435,1426,2
1050029,48351820,3,182,23:14:46,-79.433164,43.733882,3942,33,1e-12,0,7933.6915082435,1426,2
1050029,48351820,3,183,23:14:50,-79.433189,43.734078,,,20.0625316029022,21.9110879633677,7955.60259620687,1429.93170304872,2
1050029,48351820,3,184,23:15:02,-79.43334,43.734696,,,20.0625316029022,69.8593435418825,8025.46193974875,1442.4671916764,2
1050029,48351820,3,185,23:15:06,-79.433383,43.734868,,,20.0625316029022,19.4568245027477,8044.9187642515,1445.95850421842,2
1050029,48351820,3,186,23:15:09,-79.433417,43.735009,,,20.0625316029022,15.9325048751351,8060.85126912664,1448.81741647764,2
1050029,48351820,3,187,23:15:24,-79.433601,43.735761,,,20.0625316029022,85.0104187520183,8145.86168787865,1464.07159843058,2
1050029,48351820,3,188,23:15:28,-79.433653,43.73597,,,20.0625316029022,23.6387246114836,8169.50041249014,1468.31330681942,2
1050029,48351820,3,189,23:15:32,-79.433694,43.736139,,,20.0625316029022,19.0998330924888,8188.60024558263,1471.7405611906,2
1050029,48351820,3,190,23:15:36,-79.433746,43.73635,,,20.0625316029022,23.857878869899,8212.45812445253,1476.02159439377,2
1050029,48351820,3,191,23:15:38,-79.43378,43.736456,,,20.0625316029022,12.1126072734576,8224.57073172598,1478.19506816306,2
1050029,48351820,3,192,23:15:52,-79.433943,43.737137,7994,34,20.0625316029022,76.9338559040601,8301.50458763004,1492,2
1050029,48351820,3,193,23:15:52,-79.433943,43.737137,7994,34,1e-12,0,8301.50458763004,1492,2
1050029,48351820,3,194,,-79.433994,43.737347,,,,23.734246276354,8325.2388339064,,2
