shape_id,trip_id,route_type,id,timestamp,shape_pt_lon,shape_pt_lat,stop_id,stop_sequence,speed,dist,cumdist,cumtime,trip_number
1050235,48355827,3,1,,-79.35283,43.701911,,,1e-12,0,0,0,1
1050235,48355827,3,2,,-79.352756,43.702016,,,,13.1182434108875,13.1182434108875,,1
1050235,48355827,3,3,,-79.352644,43.702164,,,,18.7797200175906,31.8979634284781,,1
1050235,48355827,3,4,,-79.352523,43.702324,,,,20.2992569990074,52.1972204274855,,1
1050235,48355827,3,5,06:12:17,-79.352356,43.702518,609,1,,25.436415203412,77.6336356308975,,1
1050235,48355827,3,6,06:12:17,-79.352356,43.702518,609,1,1e-12,0,77.6336356308975,0,1
1050235,48355827,3,7,06:12:24,-79.352141,43.702741,,,15.4838607138288,30.2592162576613,107.892851888559,7.035272438888,1
1050235,48355827,3,8,06:12:31,-79.351952,43.702968,,,15.4838607138288,29.4939783495628,137.386830238122,13.8926269463202,1
1050235,48355827,3,9,06:12:41,-79.351655,43.703274,,,15.4838607138288,41.6127104606556,178.999540698777,23.5675885354907,1
1050235,48355827,3,10,06:12:55,-79.3511920034446,43.7037200009344,2900,2,15.4838607138288,62.0748469114247,241.074387610202,38,1
1050235,48355827,3,11,06:12:55,-79.3511920034446,43.7037200009344,2900,2,1e-12,0,241.074387610202,38,1
1050235,48355827,3,12,06:13:07,-79.350729,43.704166,,,19.4252948869543,62.074846911175,303.149234521377,49.5040440920312,1
1050235,48355827,3,13,06:13:08,-79.350673,43.70422,,,19.4252948869543,7.51295226892229,310.662186790299,50.8963847656486,1
1050235,48355827,3,14,06:13:10,-79.350592,43.704299,,,19.4252948869543,10.9466325728528,321.608819363152,52.9250735187206,1
1050235,48355827,3,15,06:13:28,-79.349865,43.705,5132,3,19.4252948869543,97.5307713774648,419.139590740617,71,1
1050235,48355827,3,16,06:13:28,-79.349865,43.705,5132,3,1e-12,0,419.139590740617,71,1
1050235,48355827,3,17,06:13:44,-79.34921,43.704638,,,15.0353491235432,66.3497205825257,485.489311323142,86.886494695562,1
1050235,48355827,3,18,06:13:58,-79.3486279968787,43.7043165014765,9191,4,15.0353491235432,58.9448554470012,544.434166770144,101,1
1050235,48355827,3,19,06:13:58,-79.3486279968787,43.7043165014765,9191,4,1e-12,0,544.434166770144,101,1
1050235,48355827,3,20,06:14:09,-79.348046,43.703995,,,18.8104759522651,58.9448554487191,603.379022218863,112.281026602085,1
1050235,48355827,3,21,06:14:23,-79.3473309952889,43.7036000022283,,,18.8104759522651,72.4176503515772,675.79667257044,126.140513301266,1
1050235,48355827,3,22,06:14:37,-79.346616,43.703205,10174,5,18.8104759522651,72.4176503492423,748.214322919682,140,1
1050235,48355827,3,23,06:14:37,-79.346616,43.703205,10174,5,1e-12,0,748.214322919682,140,1
1050235,48355827,3,24,06:15:00,-79.345655,43.702686,,,15.1875786377634,96.5353039867957,844.749626906478,162.882323946514,1
1050235,48355827,3,25,06:15:16,-79.3449594956438,43.7023105021085,,,15.1875786377634,69.8579596341348,914.607586540613,179.441161973372,1
1050235,48355827,3,26,06:15:33,-79.344264,43.701935,8020,6,15.1875786377634,69.8579596331666,984.465546173779,196,1
1050235,48355827,3,27,06:15:33,-79.344264,43.701935,8020,6,1e-12,0,984.465546173779,196,1
1050235,48355827,3,28,06:15:35,-79.344183,43.70189,,,13.2714954121006,8.22114939653204,992.686695570311,198.23005297508,1
1050235,48355827,3,29,06:15:38,-79.344098,43.701846,,,13.2714954121006,8.4133813569187,1001.10007692723,200.512250417374,1
1050235,48355827,3,30,06:15:40,-79.344007,43.701802,,,13.2714954121006,8.81047327514284,1009.91055020237,202.902162240091,1
1050235,48355827,3,31,06:15:43,-79.343896,43.701768,,,13.2714954121006,9.70178276049876,1019.61233296287,205.533848938031,1
1050235,48355827,3,32,06:15:44,-79.343811,43.701757,,,13.2714954121006,6.94936096971595,1026.56169393259,207.418919061188,1
1050235,48355827,3,33,06:15:47,-79.343697,43.701755,,,13.2714954121006,9.17719043523031,1035.73888436782,209.90830586659,1
1050235,48355827,3,34,06:15:49,-79.343587,43.701761,,,13.2714954121006,8.87773825112797,1044.61662261895,212.316463855698,1
1050235,48355827,3,35,06:15:52,-79.343488,43.701776,,,13.2714954121006,8.14041548508435,1052.75703810403,214.524617107183,1
1050235,48355827,3,36,06:15:54,-79.343377,43.701804,,,13.2714954121006,9.46122299838511,1062.21826110242,217.091050032529,1
1050235,48355827,3,37,06:15:56,-79.343283,43.701842,,,13.2714954121006,8.66730211823667,1070.88556322065,219.442125526041,1
1050235,48355827,3,38,06:16:00,-79.343163,43.70192,,,13.2714954121006,12.9868112101553,1083.87237443081,222.964902643828,1
1050235,48355827,3,39,06:16:03,-79.34305,43.701995,,,13.2714954121006,12.3452683851691,1096.21764281598,226.313656104277,1
1050235,48355827,3,40,06:16:07,-79.342961,43.702086,,,13.2714954121006,12.4064452791135,1108.62408809509,229.679004289839,1
1050235,48355827,3,41,06:16:11,-79.342865,43.702194,,,13.2714954121006,14.2908772869605,1122.91496538205,233.555519832025,1
1050235,48355827,3,42,06:16:13,-79.342793,43.702256,5489,7,13.2714954121006,9.01164092617975,1131.92660630823,236,1
1050235,48355827,3,43,06:16:13,-79.342793,43.702256,5489,7,1e-12,0,1131.92660630823,236,1
1050235,48355827,3,44,06:16:29,-79.3422940041243,43.7027515010854,,,15.75047879371,68.2286339308247,1200.15524023906,251.594642256149,1
1050235,48355827,3,45,06:16:44,-79.341795,43.703247,,,15.75047879371,68.2286339332745,1268.38387417233,267.189284512858,1
1050235,48355827,3,46,06:16:58,-79.341357,43.703682,,,15.75047879371,59.8943055573827,1328.27817972971,280.878995335661,1
1050235,48355827,3,47,06:16:58,-79.341344,43.703698,,,15.75047879371,2.06563596051635,1330.34381569023,281.35112634547,1
1050235,48355827,3,48,06:17:01,-79.341267,43.703783,,,15.75047879371,11.3106255562994,1341.65444124653,283.936333597642,1
1050235,48355827,3,49,06:17:03,-79.341228,43.703865,,,15.75047879371,9.65268830971054,1351.30712955624,286.142595284673,1
1050235,48355827,3,50,06:17:05,-79.341209,43.70394,,,15.75047879371,8.48781987391948,1359.79494943016,288.082609423057,1
1050235,48355827,3,51,06:17:08,-79.341218,43.704035,,,15.75047879371,10.6001243364916,1370.39507376665,290.505421333169,1
1050235,48355827,3,52,06:17:10,-79.341241,43.704137,,,15.75047879371,11.504459154333,1381.89953292098,293.134932060941,1
1050235,48355827,3,53,06:17:12,-79.341278,43.704206,,,15.75047879371,8.23798182875751,1390.13751474974,295.017842096372,1
1050235,48355827,3,54,06:17:14,-79.341342,43.704286,,,15.75047879371,10.2876316580375,1400.42514640778,297.369229279835,1
1050235,48355827,3,55,06:17:17,-79.341413,43.704357,,,15.75047879371,9.75266595368957,1410.17781236147,299.598342305104,1
1050235,48355827,3,56,06:17:19,-79.341503,43.704438,,,15.75047879371,11.5654999353973,1421.74331229686,302.241804787277,1
1050235,48355827,3,57,06:17:21,-79.341588,43.704499,,,15.75047879371,9.63850082550271,1431.38181312237,304.444823719353,1
1050235,48355827,3,58,06:17:22,-79.341602,43.704509,,,15.75047879371,1.58383101293522,1432.9656441353,304.806831231712,1
1050235,48355827,3,59,06:17:24,-79.341691,43.704576,,,15.75047879371,10.3404559137678,1443.30610004907,307.170292163733,1
1050235,48355827,3,60,06:17:26,-79.341757,43.704629,,,15.75047879371,7.93845430979102,1451.24455435886,308.984740847456,1
1050235,48355827,3,61,06:17:28,-79.341847,43.704699,,,15.75047879371,10.6384755564255,1461.88302991529,311.416318484221,1
1050235,48355827,3,62,06:17:31,-79.341951,43.704772,,,15.75047879371,11.6654275269306,1473.54845744222,314.082620864421,1
1050235,48355827,3,63,06:17:34,-79.342051,43.704861,9202,8,15.75047879371,12.7639217244878,1486.31237916671,317,1
1050235,48355827,3,64,06:17:34,-79.342051,43.704861,9202,8,1e-12,0,1486.31237916671,317,1
1050235,48355827,3,65,06:17:38,-79.34215,43.704948,,,10.3234927055746,12.5406054300465,1498.85298459675,321.373149750354,1
1050235,48355827,3,66,06:17:42,-79.342239,43.705027,,,10.3234927055746,11.3417415662762,1510.19472616303,325.32823266687,1
1050235,48355827,3,67,06:17:46,-79.342337,43.705107,,,10.3234927055746,11.8955617168429,1522.09028787987,329.476443296932,1
1050235,48355827,3,68,06:17:50,-79.342428,43.705185,,,10.3234927055746,11.35872492866,1533.44901280853,333.437448637799,1
1050235,48355827,3,69,06:17:54,-79.34251,43.705252,,,10.3234927055746,9.9585215445985,1543.40753435313,336.910176190674,1
1050235,48355827,3,70,06:17:58,-79.342598,43.705345,,,10.3234927055746,12.543059198573,1555.9505935517,341.284181617198,1
1050235,48355827,3,71,06:18:03,-79.342676,43.70544,,,10.3234927055746,12.2978678633504,1568.24846141505,345.572684120246,1
1050235,48355827,3,72,06:18:07,-79.342768,43.705543,,,10.3234927055746,13.6484077610357,1581.89686917609,350.332145800613,1
1050235,48355827,3,73,06:18:10,-79.34282,43.705614,,,10.3234927055746,8.94309761466606,1590.83996679075,353.450775544538,1
1050235,48355827,3,74,06:18:14,-79.342865,43.705701,,,10.3234927055746,10.339675428027,1601.17964221878,357.056418770381,1
1050235,48355827,3,75,06:18:18,-79.34291,43.7058,,,10.3234927055746,11.6003386175461,1612.77998083633,361.101679440795,1
1050235,48355827,3,76,06:18:22,-79.342952,43.705897,,,10.3234927055746,11.3145900735745,1624.0945709099,365.047294110806,1
1050235,48355827,3,77,06:18:24,-79.342971,43.70594,,,10.3234927055746,5.02500024289399,1629.1195711528,366.799608118318,1
1050235,48355827,3,78,06:18:28,-79.343014,43.706035,,,10.3234927055746,11.1270750262683,1640.24664617906,370.679832693178,1
1050235,48355827,3,79,06:18:31,-79.343044,43.706114,,,10.3234927055746,9.11958594216836,1649.36623212123,373.860007303471,1
1050235,48355827,3,80,06:18:34,-79.343076,43.706199,,,10.3234927055746,9.80630316558996,1659.17253528682,377.279653386725,1
1050235,48355827,3,81,06:19:00,-79.3433444971624,43.7068325003143,9404,9,10.3234927055746,73.7566140686098,1732.92914935543,403,1
1050235,48355827,3,82,06:19:00,-79.3433444971624,43.7068325003143,9404,9,1e-12,0,1732.92914935543,403,1
1050235,48355827,3,83,,-79.343613,43.707466,,,,73.756614068403,1806.68576342384,,1
1050235,48355875,3,1,,-79.35283,43.701911,,,1e-12,0,0,0,2
1050235,48355875,3,2,,-79.352756,43.702016,,,,13.1182434108875,13.1182434108875,,2
1050235,48355875,3,3,,-79.352644,43.702164,,,,18.7797200175906,31.8979634284781,,2
1050235,48355875,3,4,,-79.352523,43.702324,,,,20.2992569990074,52.1972204274855,,2
1050235,48355875,3,5,06:25:17,-79.352356,43.702518,609,1,,25.436415203412,77.6336356308975,,2
1050235,48355875,3,6,06:25:17,-79.352356,43.702518,609,1,1e-12,0,77.6336356308975,0,2
1050235,48355875,3,7,06:25:24,-79.352141,43.702741,,,15.4838607138288,30.2592162576613,107.892851888559,7.035272438888,2
1050235,48355875,3,8,06:25:31,-79.351952,43.702968,,,15.4838607138288,29.4939783495628,137.386830238122,13.8926269463202,2
1050235,48355875,3,9,06:25:41,-79.351655,43.703274,,,15.4838607138288,41.6127104606556,178.999540698777,23.5675885354907,2
1050235,48355875,3,10,06:25:55,-79.3511920034446,43.7037200009344,2900,2,15.4838607138288,62.0748469114247,241.074387610202,38,2
1050235,48355875,3,11,06:25:55,-79.3511920034446,43.7037200009344,2900,2,1e-12,0,241.074387610202,38,2
1050235,48355875,3,12,06:26:07,-79.350729,43.704166,,,19.4252948869543,62.074846911175,303.149234521377,49.5040440920312,2
1050235,48355875,3,13,06:26:08,-79.350673,43.70422,,,19.4252948869543,7.51295226892229,310.662186790299,50.8963847656486,2
1050235,48355875,3,14,06:26:10,-79.350592,43.704299,,,19.4252948869543,10.9466325728528,321.608819363152,52.9250735187206,2
1050235,48355875,3,15,06:26:28,-79.349865,43.705,5132,3,19.4252948869543,97.5307713774648,419.139590740617,71,2
1050235,48355875,3,16,06:26:28,-79.349865,43.705,5132,3,1e-12,0,419.139590740617,71,2
1050235,48355875,3,17,06:26:44,-79.34921,43.704638,,,15.0353491235432,66.3497205825257,485.489311323142,86.886494695562,2
1050235,48355875,3,18,06:26:58,-79.3486279968787,43.7043165014765,9191,4,15.0353491235432,58.9448554470012,544.434166770144,101,2
1050235,48355875,3,19,06:26:58,-79.3486279968787,43.7043165014765,9191,4,1e-12,0,544.434166770144,101,2
1050235,48355875,3,20,06:27:09,-79.348046,43.703995,,,18.8104759522651,58.9448554487191,603.379022218863,112.281026602085,2
1050235,48355875,3,21,06:27:23,-79.3473309952889,43.7036000022283,,,18.8104759522651,72.4176503515772,675.79667257044,126.140513301266,2
1050235,48355875,3,22,06:27:37,-79.346616,43.703205,10174,5,18.8104759522651,72.4176503492423,748.214322919682,140,2
1050235,48355875,3,23,06:27:37,-79.346616,43.703205,10174,5,1e-12,0,748.214322919682,140,2
1050235,48355875,3,24,06:28:00,-79.345655,43.702686,,,15.1875786377634,96.5353039867957,844.749626906478,162.882323946514,2
1050235,48355875,3,25,06:28:16,-79.3449594956438,43.7023105021085,,,15.1875786377634,69.8579596341348,914.607586540613,179.441161973372,2
1050235,48355875,3,26,06:28:33,-79.344264,43.701935,8020,6,15.1875786377634,69.8579596331666,984.465546173779,196,2
1050235,48355875,3,27,06:28:33,-79.344264,43.701935,8020,6,1e-12,0,984.465546173779,196,2
1050235,48355875,3,28,06:28:35,-79.344183,43.70189,,,13.2714954121006,8.22114939653204,992.686695570311,198.23005297508,2
1050235,48355875,3,29,06:28:38,-79.344098,43.701846,,,13.2714954121006,8.4133813569187,1001.10007692723,200.512250417374,2
1050235,48355875,3,30,06:28:40,-79.344007,43.701802,,,13.2714954121006,8.81047327514284,1009.91055020237,202.902162240091,2
1050235,48355875,3,31,06:28:43,-79.343896,43.701768,,,13.2714954121006,9.70178276049876,1019.61233296287,205.533848938031,2
1050235,48355875,3,32,06:28:44,-79.343811,43.701757,,,13.2714954121006,6.94936096971595,1026.56169393259,207.418919061188,2
1050235,48355875,3,33,06:28:47,-79.343697,43.701755,,,13.2714954121006,9.17719043523031,1035.73888436782,209.90830586659,2
1050235,48355875,3,34,06:28:49,-79.343587,43.701761,,,13.2714954121006,8.87773825112797,1044.61662261895,212.316463855698,2
1050235,48355875,3,35,06:28:52,-79.343488,43.701776,,,13.2714954121006,8.14041548508435,1052.75703810403,214.524617107183,2
1050235,48355875,3,36,06:28:54,-79.343377,43.701804,,,13.2714954121006,9.46122299838511,1062.21826110242,217.091050032529,2
1050235,48355875,3,37,06:28:56,-79.343283,43.701842,,,13.2714954121006,8.66730211823667,1070.88556322065,219.442125526041,2
1050235,48355875,3,38,06:29:00,-79.343163,43.70192,,,13.2714954121006,12.9868112101553,1083.87237443081,222.964902643828,2
1050235,48355875,3,39,06:29:03,-79.34305,43.701995,,,13.2714954121006,12.3452683851691,1096.21764281598,226.313656104277,2
1050235,48355875,3,40,06:29:07,-79.342961,43.702086,,,13.2714954121006,12.4064452791135,1108.62408809509,229.679004289839,2
1050235,48355875,3,41,06:29:11,-79.342865,43.702194,,,13.2714954121006,14.2908772869605,1122.91496538205,233.555519832025,2
1050235,48355875,3,42,06:29:13,-79.342793,43.702256,5489,7,13.2714954121006,9.01164092617975,1131.92660630823,236,2
1050235,48355875,3,43,06:29:13,-79.342793,43.702256,5489,7,1e-12,0,1131.92660630823,236,2
1050235,48355875,3,44,06:29:29,-79.3422940041243,43.7027515010854,,,15.75047879371,68.2286339308247,1200.15524023906,251.594642256149,2
1050235,48355875,3,45,06:29:44,-79.341795,43.703247,,,15.75047879371,68.2286339332745,1268.38387417233,267.189284512858,2
1050235,48355875,3,46,06:29:58,-79.341357,43.703682,,,15.75047879371,59.8943055573827,1328.27817972971,280.878995335661,2
1050235,48355875,3,47,06:29:58,-79.341344,43.703698,,,15.75047879371,2.06563596051635,1330.34381569023,281.35112634547,2
1050235,48355875,3,48,06:30:01,-79.341267,43.703783,,,15.75047879371,11.3106255562994,1341.65444124653,283.936333597642,2
1050235,48355875,3,49,06:30:03,-79.341228,43.703865,,,15.75047879371,9.65268830971054,1351.30712955624,286.142595284673,2
1050235,48355875,3,50,06:30:05,-79.341209,43.70394,,,15.75047879371,8.48781987391948,1359.79494943016,288.082609423057,2
1050235,48355875,3,51,06:30:08,-79.341218,43.704035,,,15.75047879371,10.6001243364916,1370.39507376665,290.505421333169,2
1050235,48355875,3,52,06:30:10,-79.341241,43.704137,,,15.75047879371,11.504459154333,1381.89953292098,293.134932060941,2
1050235,48355875,3,53,06:30:12,-79.341278,43.704206,,,15.75047879371,8.23798182875751,1390.13751474974,295.017842096372,2
1050235,48355875,3,54,06:30:14,-79.341342,43.704286,,,15.75047879371,10.2876316580375,1400.42514640778,297.369229279835,2
1050235,48355875,3,55,06:30:17,-79.341413,43.704357,,,15.75047879371,9.75266595368957,1410.17781236147,299.598342305104,2
1050235,48355875,3,56,06:30:19,-79.341503,43.704438,,,15.75047879371,11.5654999353973,1421.74331229686,302.241804787277,2
1050235,48355875,3,57,06:30:21,-79.341588,43.704499,,,15.75047879371,9.63850082550271,1431.38181312237,304.444823719353,2
1050235,48355875,3,58,06:30:22,-79.341602,43.704509,,,15.75047879371,1.58383101293522,1432.9656441353,304.806831231712,2
1050235,48355875,3,59,06:30:24,-79.341691,43.704576,,,15.75047879371,10.3404559137678,1443.30610004907,307.170292163733,2
1050235,48355875,3,60,06:30:26,-79.341757,43.704629,,,15.75047879371,7.93845430979102,1451.24455435886,308.984740847456,2
1050235,48355875,3,61,06:30:28,-79.341847,43.704699,,,15.75047879371,10.6384755564255,1461.88302991529,311.416318484221,2
1050235,48355875,3,62,06:30:31,-79.341951,43.704772,,,15.75047879371,11.6654275269306,1473.54845744222,314.082620864421,2
1050235,48355875,3,63,06:30:34,-79.342051,43.704861,9202,8,15.75047879371,12.7639217244878,1486.31237916671,317,2
1050235,48355875,3,64,06:30:34,-79.342051,43.704861,9202,8,1e-12,0,1486.31237916671,317,2
1050235,48355875,3,65,06:30:38,-79.34215,43.704948,,,10.3234927055746,12.5406054300465,1498.85298459675,321.373149750354,2
1050235,48355875,3,66,06:30:42,-79.342239,43.705027,,,10.3234927055746,11.3417415662762,1510.19472616303,325.32823266687,2
1050235,48355875,3,67,06:30:46,-79.342337,43.705107,,,10.3234927055746,11.8955617168429,1522.09028787987,329.476443296932,2
1050235,48355875,3,68,06:30:50,-79.342428,43.705185,,,10.3234927055746,11.35872492866,1533.44901280853,333.437448637799,2
1050235,48355875,3,69,06:30:54,-79.34251,43.705252,,,10.3234927055746,9.9585215445985,1543.40753435313,336.910176190674,2
1050235,48355875,3,70,06:30:58,-79.342598,43.705345,,,10.3234927055746,12.543059198573,1555.9505935517,341.284181617198,2
1050235,48355875,3,71,06:31:03,-79.342676,43.70544,,,10.3234927055746,12.2978678633504,1568.24846141505,345.572684120246,2
1050235,48355875,3,72,06:31:07,-79.342768,43.705543,,,10.3234927055746,13.6484077610357,1581.89686917609,350.332145800613,2
1050235,48355875,3,73,06:31:10,-79.34282,43.705614,,,10.3234927055746,8.94309761466606,1590.83996679075,353.450775544538,2
1050235,48355875,3,74,06:31:14,-79.342865,43.705701,,,10.3234927055746,10.339675428027,1601.17964221878,357.056418770381,2
1050235,48355875,3,75,06:31:18,-79.34291,43.7058,,,10.3234927055746,11.6003386175461,1612.77998083633,361.101679440795,2
1050235,48355875,3,76,06:31:22,-79.342952,43.705897,,,10.3234927055746,11.3145900735745,1624.0945709099,365.047294110806,2
1050235,48355875,3,77,06:31:24,-79.342971,43.70594,,,10.3234927055746,5.02500024289399,1629.1195711528,366.799608118318,2
1050235,48355875,3,78,06:31:28,-79.343014,43.706035,,,10.3234927055746,11.1270750262683,1640.24664617906,370.679832693178,2
1050235,48355875,3,79,06:31:31,-79.343044,43.706114,,,10.3234927055746,9.11958594216836,1649.36623212123,373.860007303471,2
1050235,48355875,3,80,06:31:34,-79.343076,43.706199,,,10.3234927055746,9.80630316558996,1659.17253528682,377.279653386725,2
1050235,48355875,3,81,06:32:00,-79.3433444971624,43.7068325003143,9404,9,10.3234927055746,73.7566140686098,1732.92914935543,403,2
1050235,48355875,3,82,06:32:00,-79.3433444971624,43.7068325003143,9404,9,1e-12,0,1732.92914935543,403,2
1050235,48355875,3,83,,-79.343613,43.707466,,,,73.756614068403,1806.68576342384,,2
1050235,48355876,3,1,,-79.35283,43.701911,,,1e-12,0,0,0,3
1050235,48355876,3,2,,-79.352756,43.702016,,,,13.1182434108875,13.1182434108875,,3
1050235,48355876,3,3,,-79.352644,43.702164,,,,18.7797200175906,31.8979634284781,,3
1050235,48355876,3,4,,-79.352523,43.702324,,,,20.2992569990074,52.1972204274855,,3
1050235,48355876,3,5,06:37:17,-79.352356,43.702518,609,1,,25.436415203412,77.6336356308975,,3
1050235,48355876,3,6,06:37:17,-79.352356,43.702518,609,1,1e-12,0,77.6336356308975,0,3
1050235,48355876,3,7,06:37:24,-79.352141,43.702741,,,15.4838607138288,30.2592162576613,107.892851888559,7.035272438888,3
1050235,48355876,3,8,06:37:31,-79.351952,43.702968,,,15.4838607138288,29.4939783495628,137.386830238122,13.8926269463202,3
1050235,48355876,3,9,06:37:41,-79.351655,43.703274,,,15.4838607138288,41.6127104606556,178.999540698777,23.5675885354907,3
1050235,48355876,3,10,06:37:55,-79.3511920034446,43.7037200009344,2900,2,15.4838607138288,62.0748469114247,241.074387610202,38,3
1050235,48355876,3,11,06:37:55,-79.3511920034446,43.7037200009344,2900,2,1e-12,0,241.074387610202,38,3
1050235,48355876,3,12,06:38:07,-79.350729,43.704166,,,19.4252948869543,62.074846911175,303.149234521377,49.5040440920312,3
1050235,48355876,3,13,06:38:08,-79.350673,43.70422,,,19.4252948869543,7.51295226892229,310.662186790299,50.8963847656486,3
1050235,48355876,3,14,06:38:10,-79.350592,43.704299,,,19.4252948869543,10.9466325728528,321.608819363152,52.9250735187206,3
1050235,48355876,3,15,06:38:28,-79.349865,43.705,5132,3,19.4252948869543,97.5307713774648,419.139590740617,71,3
1050235,48355876,3,16,06:38:28,-79.349865,43.705,5132,3,1e-12,0,419.139590740617,71,3
1050235,48355876,3,17,06:38:44,-79.34921,43.704638,,,15.0353491235432,66.3497205825257,485.489311323142,86.886494695562,3
1050235,48355876,3,18,06:38:58,-79.3486279968787,43.7043165014765,9191,4,15.0353491235432,58.9448554470012,544.434166770144,101,3
1050235,48355876,3,19,06:38:58,-79.3486279968787,43.7043165014765,9191,4,1e-12,0,544.434166770144,101,3
1050235,48355876,3,20,06:39:09,-79.348046,43.703995,,,18.8104759522651,58.9448554487191,603.379022218863,112.281026602085,3
1050235,48355876,3,21,06:39:23,-79.3473309952889,43.7036000022283,,,18.8104759522651,72.4176503515772,675.79667257044,126.140513301266,3
1050235,48355876,3,22,06:39:37,-79.346616,43.703205,10174,5,18.8104759522651,72.4176503492423,748.214322919682,140,3
1050235,48355876,3,23,06:39:37,-79.346616,43.703205,10174,5,1e-12,0,748.214322919682,140,3
1050235,48355876,3,24,06:40:00,-79.345655,43.702686,,,15.1875786377634,96.5353039867957,844.749626906478,162.882323946514,3
1050235,48355876,3,25,06:40:16,-79.3449594956438,43.7023105021085,,,15.1875786377634,69.8579596341348,914.607586540613,179.441161973372,3
1050235,48355876,3,26,06:40:33,-79.344264,43.701935,8020,6,15.1875786377634,69.8579596331666,984.465546173779,196,3
1050235,48355876,3,27,06:40:33,-79.344264,43.701935,8020,6,1e-12,0,984.465546173779,196,3
1050235,48355876,3,28,06:40:35,-79.344183,43.70189,,,13.2714954121006,8.22114939653204,992.686695570311,198.23005297508,3
1050235,48355876,3,29,06:40:38,-79.344098,43.701846,,,13.2714954121006,8.4133813569187,1001.10007692723,200.512250417374,3
1050235,48355876,3,30,06:40:40,-79.344007,43.701802,,,13.2714954121006,8.81047327514284,1009.91055020237,202.902162240091,3
1050235,48355876,3,31,06:40:43,-79.343896,43.701768,,,13.2714954121006,9.70178276049876,1019.61233296287,205.533848938031,3
1050235,48355876,3,32,06:40:44,-79.343811,43.701757,,,13.2714954121006,6.94936096971595,1026.56169393259,207.418919061188,3
1050235,48355876,3,33,06:40:47,-79.343697,43.701755,,,13.2714954121006,9.17719043523031,1035.73888436782,209.90830586659,3
1050235,48355876,3,34,06:40:49,-79.343587,43.701761,,,13.2714954121006,8.87773825112797,1044.61662261895,212.316463855698,3
1050235,48355876,3,35,06:40:52,-79.343488,43.701776,,,13.2714954121006,8.14041548508435,1052.75703810403,214.524617107183,3
1050235,48355876,3,36,06:40:54,-79.343377,43.701804,,,13.2714954121006,9.46122299838511,1062.21826110242,217.091050032529,3
1050235,48355876,3,37,06:40:56,-79.343283,43.701842,,,13.2714954121006,8.66730211823667,1070.88556322065,219.442125526041,3
1050235,48355876,3,38,06:41:00,-79.343163,43.70192,,,13.2714954121006,12.9868112101553,1083.87237443081,222.964902643828,3
1050235,48355876,3,39,06:41:03,-79.34305,43.701995,,,13.2714954121006,12.3452683851691,1096.21764281598,226.313656104277,3
1050235,48355876,3,40,06:41:07,-79.342961,43.702086,,,13.2714954121006,12.4064452791135,1108.62408809509,229.679004289839,3
1050235,48355876,3,41,06:41:11,-79.342865,43.702194,,,13.2714954121006,14.2908772869605,1122.91496538205,233.555519832025,3
1050235,48355876,3,42,06:41:13,-79.342793,43.702256,5489,7,13.2714954121006,9.01164092617975,1131.92660630823,236,3
1050235,48355876,3,43,06:41:13,-79.342793,43.702256,5489,7,1e-12,0,1131.92660630823,236,3
1050235,48355876,3,44,06:41:29,-79.3422940041243,43.7027515010854,,,15.75047879371,68.2286339308247,1200.15524023906,251.594642256149,3
1050235,48355876,3,45,06:41:44,-79.341795,43.703247,,,15.75047879371,68.2286339332745,1268.38387417233,267.189284512858,3
1050235,48355876,3,46,06:41:58,-79.341357,43.703682,,,15.75047879371,59.8943055573827,1328.27817972971,280.878995335661,3
1050235,48355876,3,47,06:41:58,-79.341344,43.703698,,,15.75047879371,2.06563596051635,1330.34381569023,281.35112634547,3
1050235,48355876,3,48,06:42:01,-79.341267,43.703783,,,15.75047879371,11.3106255562994,1341.65444124653,283.936333597642,3
1050235,48355876,3,49,06:42:03,-79.341228,43.703865,,,15.75047879371,9.65268830971054,1351.30712955624,286.142595284673,3
1050235,48355876,3,50,06:42:05,-79.341209,43.70394,,,15.75047879371,8.48781987391948,1359.79494943016,288.082609423057,3
1050235,48355876,3,51,06:42:08,-79.341218,43.704035,,,15.75047879371,10.6001243364916,1370.39507376665,290.505421333169,3
1050235,48355876,3,52,06:42:10,-79.341241,43.704137,,,15.75047879371,11.504459154333,1381.89953292098,293.134932060941,3
1050235,48355876,3,53,06:42:12,-79.341278,43.704206,,,15.75047879371,8.23798182875751,1390.13751474974,295.017842096372,3
1050235,48355876,3,54,06:42:14,-79.341342,43.704286,,,15.75047879371,10.2876316580375,1400.42514640778,297.369229279835,3
1050235,48355876,3,55,06:42:17,-79.341413,43.704357,,,15.75047879371,9.75266595368957,1410.17781236147,299.598342305104,3
1050235,48355876,3,56,06:42:19,-79.341503,43.704438,,,15.75047879371,11.5654999353973,1421.74331229686,302.241804787277,3
1050235,48355876,3,57,06:42:21,-79.341588,43.704499,,,15.75047879371,9.63850082550271,1431.38181312237,304.444823719353,3
1050235,48355876,3,58,06:42:22,-79.341602,43.704509,,,15.75047879371,1.58383101293522,1432.9656441353,304.806831231712,3
1050235,48355876,3,59,06:42:24,-79.341691,43.704576,,,15.75047879371,10.3404559137678,1443.30610004907,307.170292163733,3
1050235,48355876,3,60,06:42:26,-79.341757,43.704629,,,15.75047879371,7.93845430979102,1451.24455435886,308.984740847456,3
1050235,48355876,3,61,06:42:28,-79.341847,43.704699,,,15.75047879371,10.6384755564255,1461.88302991529,311.416318484221,3
1050235,48355876,3,62,06:42:31,-79.341951,43.704772,,,15.75047879371,11.6654275269306,1473.54845744222,314.082620864421,3
1050235,48355876,3,63,06:42:34,-79.342051,43.704861,9202,8,15.75047879371,12.7639217244878,1486.31237916671,317,3
1050235,48355876,3,64,06:42:34,-79.342051,43.704861,9202,8,1e-12,0,1486.31237916671,317,3
1050235,48355876,3,65,06:42:38,-79.34215,43.704948,,,10.3234927055746,12.5406054300465,1498.85298459675,321.373149750354,3
1050235,48355876,3,66,06:42:42,-79.342239,43.705027,,,10.3234927055746,11.3417415662762,1510.19472616303,325.32823266687,3
1050235,48355876,3,67,06:42:46,-79.342337,43.705107,,,10.3234927055746,11.8955617168429,1522.09028787987,329.476443296932,3
1050235,48355876,3,68,06:42:50,-79.342428,43.705185,,,10.3234927055746,11.35872492866,1533.44901280853,333.437448637799,3
1050235,48355876,3,69,06:42:54,-79.34251,43.705252,,,10.3234927055746,9.9585215445985,1543.40753435313,336.910176190674,3
1050235,48355876,3,70,06:42:58,-79.342598,43.705345,,,10.3234927055746,12.543059198573,1555.9505935517,341.284181617198,3
1050235,48355876,3,71,06:43:03,-79.342676,43.70544,,,10.3234927055746,12.2978678633504,1568.24846141505,345.572684120246,3
1050235,48355876,3,72,06:43:07,-79.342768,43.705543,,,10.3234927055746,13.6484077610357,1581.89686917609,350.332145800613,3
1050235,48355876,3,73,06:43:10,-79.34282,43.705614,,,10.3234927055746,8.94309761466606,1590.83996679075,353.450775544538,3
1050235,48355876,3,74,06:43:14,-79.342865,43.705701,,,10.3234927055746,10.339675428027,1601.17964221878,357.056418770381,3
1050235,48355876,3,75,06:43:18,-79.34291,43.7058,,,10.3234927055746,11.6003386175461,1612.77998083633,361.101679440795,3
1050235,48355876,3,76,06:43:22,-79.342952,43.705897,,,10.3234927055746,11.3145900735745,1624.0945709099,365.047294110806,3
1050235,48355876,3,77,06:43:24,-79.342971,43.70594,,,10.3234927055746,5.02500024289399,1629.1195711528,366.799608118318,3
1050235,48355876,3,78,06:43:28,-79.343014,43.706035,,,10.3234927055746,11.1270750262683,1640.24664617906,370.679832693178,3
1050235,48355876,3,79,06:43:31,-79.343044,43.706114,,,10.3234927055746,9.11958594216836,1649.36623212123,373.860007303471,3
1050235,48355876,3,80,06:43:34,-79.343076,43.706199,,,10.3234927055746,9.80630316558996,1659.17253528682,377.279653386725,3
1050235,48355876,3,81,06:44:00,-79.3433444971624,43.7068325003143,9404,9,10.3234927055746,73.7566140686098,1732.92914935543,403,3
1050235,48355876,3,82,06:44:00,-79.3433444971624,43.7068325003143,9404,9,1e-12,0,1732.92914935543,403,3
1050235,48355876,3,83,,-79.343613,43.707466,,,,73.756614068403,1806.68576342384,,3
