shape_id,trip_id,route_type,id,timestamp,shape_pt_lon,shape_pt_lat,stop_id,stop_sequence,speed,dist,cumdist,cumtime,trip_number
1050163,48354627,3,1,,-79.54285,43.769693,,,1e-12,0,0,0,1
1050163,48354627,3,2,09:33:00,-79.5431439970039,43.7703025003768,5998,1,,71.8474649550341,71.8474649550341,,1
1050163,48354627,3,3,09:33:00,-79.5431439970039,43.7703025003768,5998,1,1e-12,0,71.8474649550341,0,1
1050163,48354627,3,4,09:33:22,-79.543438,43.770912,,,11.7109806561976,71.8474649548783,143.694929909912,22.0861840208643,1
1050163,48354627,3,5,09:33:44,-79.542595,43.77109,,,11.7109806561976,70.6021263187415,214.297056228654,43.789546207955,1
1050163,48354627,3,6,09:34:03,-79.5418520018945,43.7712425024066,,,11.7109806561976,62.0915620038398,276.388618232494,62.8767285521192,1
1050163,48354627,3,7,09:34:22,-79.541109,43.771395,,,11.7109806561976,62.0915620030408,338.480180235535,81.9639108960378,1
1050163,48354627,3,8,09:34:34,-79.54065,43.771485,,,11.7109806561976,38.2324721211565,376.712652356691,93.7167182549437,1
1050163,48354627,3,9,09:34:56,-79.5403887418328,43.7708617508926,5825,2,11.7109806561976,72.4886337424877,449.201286099179,116,1
1050163,48354627,3,10,09:34:56,-79.5403887418328,43.7708617508926,5825,2,1e-12,0,449.201286099179,116,1
1050163,48354627,3,11,09:35:16,-79.5401274891105,43.7702385011901,,,13.2691058380889,72.4886337436116,521.68991984279,135.666666666259,1
1050163,48354627,3,12,09:35:35,-79.539866241833,43.7696152508926,,,13.2691058380889,72.4886337471063,594.178553589897,155.333333333466,1
1050163,48354627,3,13,09:35:55,-79.539605,43.768992,8608,3,13.2691058380889,72.4886337446278,666.667187334524,175,1
1050163,48354627,3,14,09:35:55,-79.539605,43.768992,8608,3,1e-12,0,666.667187334524,175,1
1050163,48354627,3,15,09:36:21,-79.5385255125754,43.7692242652399,,,12.5373201046068,90.5473118676641,757.214499202189,201.000000000304,1
1050163,48354627,3,16,09:36:47,-79.537446016767,43.7694565203199,4501,4,12.5373201046068,90.5473118655456,847.761811067734,227,1
1050163,48354627,3,17,09:36:47,-79.537446016767,43.7694565203199,4501,4,1e-12,0,847.761811067734,227,1
1050163,48354627,3,18,09:37:23,-79.5363665125751,43.76968876524,1784,5,9.05473118669976,90.5473118669975,938.309122934732,263,1
1050163,48354627,3,19,09:37:23,-79.5363665125751,43.76968876524,1784,5,1e-12,0,938.309122934732,263,1
1050163,48354627,3,20,09:37:44,-79.535287,43.769921,,,15.6595814760876,90.5473118655958,1028.85643480033,283.816030314342,1
1050163,48354627,3,21,09:37:45,-79.535219,43.769936,,,15.6595814760876,5.71562575009043,1034.57206055042,285.130002385163,1
1050163,48354627,3,22,09:37:46,-79.535155,43.769936,,,15.6595814760876,5.1447295249995,1039.71679007542,286.312730436885,1
1050163,48354627,3,23,09:37:47,-79.535115,43.769926,,,15.6595814760876,3.40269916675302,1043.11948924217,287.094981036559,1
1050163,48354627,3,24,09:37:48,-79.53508,43.76991,,,15.6595814760876,3.32990709477262,1046.44939633694,287.860497379348,1
1050163,48354627,3,25,09:37:49,-79.535042,43.76989,,,15.6595814760876,3.77993545201215,1050.22933178896,288.729471281877,1
1050163,48354627,3,26,09:37:49,-79.535018,43.769868,,,15.6595814760876,3.11766670094327,1053.3469984899,289.446195425529,1
1050163,48354627,3,27,09:37:50,-79.535009,43.769832,,,15.6595814760876,4.07228325682224,1057.41928174672,290.382377516151,1
1050163,48354627,3,28,09:38:08,-79.5348547448861,43.7691710003112,,,15.6595814760876,74.6196701362789,1132.038951883,307.536783136813,1
1050163,48354627,3,29,09:38:25,-79.5347004931815,43.7685100004149,,,15.6595814760876,74.6196701414469,1206.65862202445,324.691188758662,1
1050163,48354627,3,30,09:38:42,-79.5345462448862,43.7678490003112,,,15.6595814760876,74.619670134014,1281.27829215846,341.845594378803,1
1050163,48354627,3,31,09:38:59,-79.534392,43.767188,1576,6,15.6595814760876,74.6196701386079,1355.89796229707,359,1
1050163,48354627,3,32,09:38:59,-79.534392,43.767188,1576,6,1e-12,0,1355.89796229707,359,1
1050163,48354627,3,33,09:39:14,-79.5342846128014,43.7667349382539,,,12.0133838071872,51.1681162184101,1407.06607851548,374.333333334116,1
1050163,48354627,3,34,09:39:30,-79.5341772272295,43.7662818764073,,,12.0133838071872,51.1681162164951,1458.23419473197,389.666666667659,1
1050163,48354627,3,35,09:39:45,-79.5340698432842,43.7658288144602,6462,7,12.0133838071872,51.1681162124867,1509.40231094446,405,1
1050163,48354627,3,36,09:39:45,-79.5340698432842,43.7658288144602,6462,7,1e-12,0,1509.40231094446,405,1
1050163,48354627,3,37,09:39:58,-79.5339624609656,43.7653757524126,,,14.0346833050536,51.16811621756,1560.57042716202,418.125000000313,1
1050163,48354627,3,38,09:40:11,-79.5338550802735,43.7649226902644,,,14.0346833050536,51.1681162149564,1611.73854337698,431.249999999957,1
1050163,48354627,3,39,09:40:24,-79.533747701208,43.7644696280156,,,14.0346833050536,51.1681162170742,1662.90665959405,444.375000000146,1
1050163,48354627,3,40,09:40:37,-79.5336403237689,43.7640165656664,,,14.0346833050536,51.1681162141343,1714.07477580819,457.49999999958,1
1050163,48354627,3,41,09:40:51,-79.5335329479562,43.7635635032166,,,14.0346833050536,51.1681162187,1765.24289202689,470.625000000185,1
1050163,48354627,3,42,09:41:04,-79.53342557377,43.7631104406663,,,14.0346833050536,51.1681162157691,1816.41100824265,483.750000000038,1
1050163,48354627,3,43,09:41:17,-79.53331820121,43.7626573780155,,,14.0346833050536,51.1681162138895,1867.57912445654,496.874999999409,1
1050163,48354627,3,44,09:41:30,-79.5332108302763,43.7622043152642,6063,8,14.0346833050536,51.1681162186451,1918.74724067519,510,1
1050163,48354627,3,45,09:41:30,-79.5332108302763,43.7622043152642,6063,8,1e-12,0,1918.74724067519,510,1
1050163,48354627,3,46,09:41:47,-79.5331034609688,43.7617512524124,,,10.9973264701236,51.1681162146807,1969.91535688987,526.749999999844,1
1050163,48354627,3,47,09:42:03,-79.5329960932875,43.76129818946,,,10.9973264701236,51.1681162138616,2021.08347310373,543.499999999419,1
1050163,48354627,3,48,09:42:20,-79.5328887272323,43.7608451264072,,,10.9973264701236,51.168116216188,2072.25158931992,560.249999999756,1
1050163,48354627,3,49,09:42:37,-79.5327813628031,43.7603920632539,3498,9,10.9973264701236,51.1681162159034,2123.41970553582,577,1
1050163,48354627,3,50,09:42:37,-79.5327813628031,43.7603920632539,3498,9,1e-12,0,2123.41970553582,577,1
1050163,48354627,3,51,09:42:51,-79.532674,43.759939,,,13.3910422665779,51.1681162163175,2174.58782175214,590.755853705166,1
1050163,48354627,3,52,09:42:52,-79.532668,43.759891,,,13.3910422665779,5.36506699230395,2179.95288874444,592.19817916332,1
1050163,48354627,3,53,09:42:53,-79.53268,43.759859,,,13.3910422665779,3.69056566128744,2183.64345440573,593.190337661228,1
1050163,48354627,3,54,09:42:54,-79.532709,43.759832,,,13.3910422665779,3.80396401382368,2187.44741841955,594.212981767426,1
1050163,48354627,3,55,09:42:59,-79.53292,43.759772,,,13.3910422665779,18.231903358253,2205.67932177781,599.114381582549,1
1050163,48354627,3,56,09:43:16,-79.5336720142522,43.7596100172563,,,13.3910422665779,63.0936543507901,2268.7729761286,616.076254388354,1
1050163,48354627,3,57,09:43:33,-79.5344240244326,43.7594480295822,,,13.3910422665779,63.0936543519939,2331.86663048059,633.038127194482,1
1050163,48354627,3,58,09:43:50,-79.5351760305409,43.7592860369776,1325,10,13.3910422665779,63.0936543497273,2394.96028483032,650,1
1050163,48354627,3,59,09:43:50,-79.5351760305409,43.7592860369776,1325,10,1e-12,0,2394.96028483032,650,1
1050163,48354627,3,60,09:44:06,-79.5359280325772,43.7591240394426,,,14.1960722289934,63.0936543511491,2458.05393918147,666.000000000017,1
1050163,48354627,3,61,09:44:22,-79.5366800305413,43.7589620369773,,,14.1960722289934,63.0936543511239,2521.14759353259,682.000000000028,1
1050163,48354627,3,62,09:44:38,-79.5374320244332,43.7588000295817,8134,11,14.1960722289934,63.0936543509726,2584.24124788356,698,1
1050163,48354627,3,63,09:44:38,-79.5374320244332,43.7588000295817,8134,11,1e-12,0,2584.24124788356,698,1
1050163,48354627,3,64,09:44:53,-79.5381840142528,43.758638017256,,,14.7819886146948,63.0936543511315,2647.3349022347,713.36580507431,1
1050163,48354627,3,65,09:45:09,-79.538936,43.758476,,,14.7819886146948,63.0936543510249,2710.42855658572,728.731610148595,1
1050163,48354627,3,66,09:45:29,-79.5385912381211,43.7577887515543,,,14.7819886146948,81.3711414098589,2791.79969799558,748.548707611671,1
1050163,48354627,3,67,09:45:48,-79.5382464841617,43.7571015020724,,,14.7819886146948,81.3711414069214,2873.1708394025,768.365805074032,1
1050163,48354627,3,68,09:46:08,-79.5379017381215,43.7564142515543,,,14.7819886146948,81.3711414089722,2954.54198081147,788.182902536892,1
1050163,48354627,3,69,09:46:28,-79.537557,43.755727,13999,12,14.7819886146948,81.3711414099885,3035.91312222146,808,1
1050163,48354627,3,70,09:46:28,-79.537557,43.755727,13999,12,1e-12,0,3035.91312222146,808,1
1050163,48354627,3,71,09:46:53,-79.5372694973288,43.7551710003603,,,9.45733574559126,66.0697241986055,3101.98284642007,833.149895648556,1
1050163,48354627,3,72,09:47:18,-79.536982,43.754615,,,9.45733574559126,66.0697241989357,3168.052570619,858.299791297238,1
1050163,48354627,3,73,09:47:21,-79.536946,43.754545,,,9.45733574559126,8.31263854694049,3176.36520916594,861.464054423133,1
1050163,48354627,3,74,09:47:35,-79.536775,43.754244,,,9.45733574559126,36.2185446165369,3212.58375378248,875.250892928927,1
1050163,48354627,3,75,09:47:56,-79.536522,43.753799,,,9.45733574559126,53.5516208651665,3266.13537464765,895.635686310559,1
1050163,48354627,3,76,09:47:57,-79.536505,43.753768,,,9.45733574559126,3.71177299908068,3269.84714764673,897.048598271828,1
1050163,48354627,3,77,09:48:19,-79.536253,43.753283,2701,13,9.45733574559126,57.6671600637981,3327.51430771053,919,1
1050163,48354627,3,78,09:48:19,-79.536253,43.753283,2701,13,1e-12,0,3327.51430771053,919,1
1050163,48354627,3,79,,-79.535901,43.752672,,,,73.6703672719691,3401.1846749825,,1
1050163,48354576,3,1,,-79.54285,43.769693,,,1e-12,0,0,0,2
1050163,48354576,3,2,09:51:00,-79.5431439970039,43.7703025003768,5998,1,,71.8474649550341,71.8474649550341,,2
1050163,48354576,3,3,09:51:00,-79.5431439970039,43.7703025003768,5998,1,1e-12,0,71.8474649550341,0,2
1050163,48354576,3,4,09:51:22,-79.543438,43.770912,,,11.7109806561976,71.8474649548783,143.694929909912,22.0861840208643,2
1050163,48354576,3,5,09:51:44,-79.542595,43.77109,,,11.7109806561976,70.6021263187415,214.297056228654,43.789546207955,2
1050163,48354576,3,6,09:52:03,-79.5418520018945,43.7712425024066,,,11.7109806561976,62.0915620038398,276.388618232494,62.8767285521192,2
1050163,48354576,3,7,09:52:22,-79.541109,43.771395,,,11.7109806561976,62.0915620030408,338.480180235535,81.9639108960378,2
1050163,48354576,3,8,09:52:34,-79.54065,43.771485,,,11.7109806561976,38.2324721211565,376.712652356691,93.7167182549437,2
1050163,48354576,3,9,09:52:56,-79.5403887418328,43.7708617508926,5825,2,11.7109806561976,72.4886337424877,449.201286099179,116,2
1050163,48354576,3,10,09:52:56,-79.5403887418328,43.7708617508926,5825,2,1e-12,0,449.201286099179,116,2
1050163,48354576,3,11,09:53:16,-79.5401274891105,43.7702385011901,,,13.2691058380889,72.4886337436116,521.68991984279,135.666666666259,2
1050163,48354576,3,12,09:53:35,-79.539866241833,43.7696152508926,,,13.2691058380889,72.4886337471063,594.178553589897,155.333333333466,2
1050163,48354576,3,13,09:53:55,-79.539605,43.768992,8608,3,13.2691058380889,72.4886337446278,666.667187334524,175,2
1050163,48354576,3,14,09:53:55,-79.539605,43.768992,8608,3,1e-12,0,666.667187334524,175,2
1050163,48354576,3,15,09:54:21,-79.5385255125754,43.7692242652399,,,12.5373201046068,90.5473118676641,757.214499202189,201.000000000304,2
1050163,48354576,3,16,09:54:47,-79.537446016767,43.7694565203199,4501,4,12.5373201046068,90.5473118655456,847.761811067734,227,2
1050163,48354576,3,17,09:54:47,-79.537446016767,43.7694565203199,4501,4,1e-12,0,847.761811067734,227,2
1050163,48354576,3,18,09:55:23,-79.5363665125751,43.76968876524,1784,5,9.05473118669976,90.5473118669975,938.309122934732,263,2
1050163,48354576,3,19,09:55:23,-79.5363665125751,43.76968876524,1784,5,1e-12,0,938.309122934732,263,2
1050163,48354576,3,20,09:55:44,-79.535287,43.769921,,,15.6595814760876,90.5473118655958,1028.85643480033,283.816030314342,2
1050163,48354576,3,21,09:55:45,-79.535219,43.769936,,,15.6595814760876,5.71562575009043,1034.57206055042,285.130002385163,2
1050163,48354576,3,22,09:55:46,-79.535155,43.769936,,,15.6595814760876,5.1447295249995,1039.71679007542,286.312730436885,2
1050163,48354576,3,23,09:55:47,-79.535115,43.769926,,,15.6595814760876,3.40269916675302,1043.11948924217,287.094981036559,2
1050163,48354576,3,24,09:55:48,-79.53508,43.76991,,,15.6595814760876,3.32990709477262,1046.44939633694,287.860497379348,2
1050163,48354576,3,25,09:55:49,-79.535042,43.76989,,,15.6595814760876,3.77993545201215,1050.22933178896,288.729471281877,2
1050163,48354576,3,26,09:55:49,-79.535018,43.769868,,,15.6595814760876,3.11766670094327,1053.3469984899,289.446195425529,2
1050163,48354576,3,27,09:55:50,-79.535009,43.769832,,,15.6595814760876,4.07228325682224,1057.41928174672,290.382377516151,2
1050163,48354576,3,28,09:56:08,-79.5348547448861,43.7691710003112,,,15.6595814760876,74.6196701362789,1132.038951883,307.536783136813,2
1050163,48354576,3,29,09:56:25,-79.5347004931815,43.7685100004149,,,15.6595814760876,74.6196701414469,1206.65862202445,324.691188758662,2
1050163,48354576,3,30,09:56:42,-79.5345462448862,43.7678490003112,,,15.6595814760876,74.619670134014,1281.27829215846,341.845594378803,2
1050163,48354576,3,31,09:56:59,-79.534392,43.767188,1576,6,15.6595814760876,74.6196701386079,1355.89796229707,359,2
1050163,48354576,3,32,09:56:59,-79.534392,43.767188,1576,6,1e-12,0,1355.89796229707,359,2
1050163,48354576,3,33,09:57:14,-79.5342846128014,43.7667349382539,,,12.0133838071872,51.1681162184101,1407.06607851548,374.333333334116,2
1050163,48354576,3,34,09:57:30,-79.5341772272295,43.7662818764073,,,12.0133838071872,51.1681162164951,1458.23419473197,389.666666667659,2
1050163,48354576,3,35,09:57:45,-79.5340698432842,43.7658288144602,6462,7,12.0133838071872,51.1681162124867,1509.40231094446,405,2
1050163,48354576,3,36,09:57:45,-79.5340698432842,43.7658288144602,6462,7,1e-12,0,1509.40231094446,405,2
1050163,48354576,3,37,09:57:58,-79.5339624609656,43.7653757524126,,,14.0346833050536,51.16811621756,1560.57042716202,418.125000000313,2
1050163,48354576,3,38,09:58:11,-79.5338550802735,43.7649226902644,,,14.0346833050536,51.1681162149564,1611.73854337698,431.249999999957,2
1050163,48354576,3,39,09:58:24,-79.533747701208,43.7644696280156,,,14.0346833050536,51.1681162170742,1662.90665959405,444.375000000146,2
1050163,48354576,3,40,09:58:37,-79.5336403237689,43.7640165656664,,,14.0346833050536,51.1681162141343,1714.07477580819,457.49999999958,2
1050163,48354576,3,41,09:58:51,-79.5335329479562,43.7635635032166,,,14.0346833050536,51.1681162187,1765.24289202689,470.625000000185,2
1050163,48354576,3,42,09:59:04,-79.53342557377,43.7631104406663,,,14.0346833050536,51.1681162157691,1816.41100824265,483.750000000038,2
1050163,48354576,3,43,09:59:17,-79.53331820121,43.7626573780155,,,14.0346833050536,51.1681162138895,1867.57912445654,496.874999999409,2
1050163,48354576,3,44,09:59:30,-79.5332108302763,43.7622043152642,6063,8,14.0346833050536,51.1681162186451,1918.74724067519,510,2
1050163,48354576,3,45,09:59:30,-79.5332108302763,43.7622043152642,6063,8,1e-12,0,1918.74724067519,510,2
1050163,48354576,3,46,09:59:47,-79.5331034609688,43.7617512524124,,,10.9973264701236,51.1681162146807,1969.91535688987,526.749999999844,2
1050163,48354576,3,47,10:00:03,-79.5329960932875,43.76129818946,,,10.9973264701236,51.1681162138616,2021.08347310373,543.499999999419,2
1050163,48354576,3,48,10:00:20,-79.5328887272323,43.7608451264072,,,10.9973264701236,51.168116216188,2072.25158931992,560.249999999756,2
1050163,48354576,3,49,10:00:37,-79.5327813628031,43.7603920632539,3498,9,10.9973264701236,51.1681162159034,2123.41970553582,577,2
1050163,48354576,3,50,10:00:37,-79.5327813628031,43.7603920632539,3498,9,1e-12,0,2123.41970553582,577,2
1050163,48354576,3,51,10:00:51,-79.532674,43.759939,,,13.3910422665779,51.1681162163175,2174.58782175214,590.755853705166,2
1050163,48354576,3,52,10:00:52,-79.532668,43.759891,,,13.3910422665779,5.36506699230395,2179.95288874444,592.19817916332,2
1050163,48354576,3,53,10:00:53,-79.53268,43.759859,,,13.3910422665779,3.69056566128744,2183.64345440573,593.190337661228,2
1050163,48354576,3,54,10:00:54,-79.532709,43.759832,,,13.3910422665779,3.80396401382368,2187.44741841955,594.212981767426,2
1050163,48354576,3,55,10:00:59,-79.53292,43.759772,,,13.3910422665779,18.231903358253,2205.67932177781,599.114381582549,2
1050163,48354576,3,56,10:01:16,-79.5336720142522,43.7596100172563,,,13.3910422665779,63.0936543507901,2268.7729761286,616.076254388354,2
1050163,48354576,3,57,10:01:33,-79.5344240244326,43.7594480295822,,,13.3910422665779,63.0936543519939,2331.86663048059,633.038127194482,2
1050163,48354576,3,58,10:01:50,-79.5351760305409,43.7592860369776,1325,10,13.3910422665779,63.0936543497273,2394.96028483032,650,2
1050163,48354576,3,59,10:01:50,-79.5351760305409,43.7592860369776,1325,10,1e-12,0,2394.96028483032,650,2
1050163,48354576,3,60,10:02:06,-79.5359280325772,43.7591240394426,,,14.1960722289934,63.0936543511491,2458.05393918147,666.000000000017,2
1050163,48354576,3,61,10:02:22,-79.5366800305413,43.7589620369773,,,14.1960722289934,63.0936543511239,2521.14759353259,682.000000000028,2
1050163,48354576,3,62,10:02:38,-79.5374320244332,43.7588000295817,8134,11,14.1960722289934,63.0936543509726,2584.24124788356,698,2
1050163,48354576,3,63,10:02:38,-79.5374320244332,43.7588000295817,8134,11,1e-12,0,2584.24124788356,698,2
1050163,48354576,3,64,10:02:53,-79.5381840142528,43.758638017256,,,14.7819886146948,63.0936543511315,2647.3349022347,713.36580507431,2
1050163,48354576,3,65,10:03:09,-79.538936,43.758476,,,14.7819886146948,63.0936543510249,2710.42855658572,728.731610148595,2
1050163,48354576,3,66,10:03:29,-79.5385912381211,43.7577887515543,,,14.7819886146948,81.3711414098589,2791.79969799558,748.548707611671,2
1050163,48354576,3,67,10:03:48,-79.5382464841617,43.7571015020724,,,14.7819886146948,81.3711414069214,2873.1708394025,768.365805074032,2
1050163,48354576,3,68,10:04:08,-79.5379017381215,43.7564142515543,,,14.7819886146948,81.3711414089722,2954.54198081147,788.182902536892,2
1050163,48354576,3,69,10:04:28,-79.537557,43.755727,13999,12,14.7819886146948,81.3711414099885,3035.91312222146,808,2
1050163,48354576,3,70,10:04:28,-79.537557,43.755727,13999,12,1e-12,0,3035.91312222146,808,2
1050163,48354576,3,71,10:04:53,-79.5372694973288,43.7551710003603,,,9.45733574559126,66.0697241986055,3101.98284642007,833.149895648556,2
1050163,48354576,3,72,10:05:18,-79.536982,43.754615,,,9.45733574559126,66.0697241989357,3168.052570619,858.299791297238,2
1050163,48354576,3,73,10:05:21,-79.536946,43.754545,,,9.45733574559126,8.31263854694049,3176.36520916594,861.464054423133,2
1050163,48354576,3,74,10:05:35,-79.536775,43.754244,,,9.45733574559126,36.2185446165369,3212.58375378248,875.250892928927,2
1050163,48354576,3,75,10:05:56,-79.536522,43.753799,,,9.45733574559126,53.5516208651665,3266.13537464765,895.635686310559,2
1050163,48354576,3,76,10:05:57,-79.536505,43.753768,,,9.45733574559126,3.71177299908068,3269.84714764673,897.048598271828,2
1050163,48354576,3,77,10:06:19,-79.536253,43.753283,2701,13,9.45733574559126,57.6671600637981,3327.51430771053,919,2
1050163,48354576,3,78,10:06:19,-79.536253,43.753283,2701,13,1e-12,0,3327.51430771053,919,2
1050163,48354576,3,79,,-79.535901,43.752672,,,,73.6703672719691,3401.1846749825,,2
1050163,48354665,3,1,,-79.54285,43.769693,,,1e-12,0,0,0,3
1050163,48354665,3,2,18:57:00,-79.5431439970039,43.7703025003768,5998,1,,71.8474649550341,71.8474649550341,,3
1050163,48354665,3,3,18:57:00,-79.5431439970039,43.7703025003768,5998,1,1e-12,0,71.8474649550341,0,3
1050163,48354665,3,4,18:57:30,-79.543438,43.770912,,,8.76434681367046,71.8474649548783,143.694929909912,29.5117114071893,3
1050163,48354665,3,5,18:57:59,-79.542595,43.77109,,,8.76434681367046,70.6021263187415,214.297056228654,58.5118936399398,3
1050163,48354665,3,6,18:58:24,-79.5418520018945,43.7712425024066,,,8.76434681367046,62.0915620038398,276.388618232494,84.0163183239524,3
1050163,48354665,3,7,18:58:50,-79.541109,43.771395,,,8.76434681367046,62.0915620030408,338.480180235535,109.520743007637,3
1050163,48354665,3,8,18:59:05,-79.54065,43.771485,,,8.76434681367046,38.2324721211565,376.712652356691,125.224925254451,3
1050163,48354665,3,9,18:59:35,-79.5403887418328,43.7708617508926,5825,2,8.76434681367046,72.4886337424877,449.201286099179,155,3
1050163,48354665,3,10,18:59:35,-79.5403887418328,43.7708617508926,5825,2,1e-12,0,449.201286099179,155,3
1050163,48354665,3,11,19:00:01,-79.5401274891105,43.7702385011901,,,9.9098385373069,72.4886337436116,521.68991984279,181.333333332787,3
1050163,48354665,3,12,19:00:28,-79.539866241833,43.7696152508926,,,9.9098385373069,72.4886337471063,594.178553589897,207.666666666844,3
1050163,48354665,3,13,19:00:54,-79.539605,43.768992,8608,3,9.9098385373069,72.4886337446278,666.667187334524,234,3
1050163,48354665,3,14,19:00:54,-79.539605,43.768992,8608,3,1e-12,0,666.667187334524,234,3
1050163,48354665,3,15,19:01:29,-79.5385255125754,43.7692242652399,,,9.31343779199364,90.5473118676641,757.214499202189,269.000000000409,3
1050163,48354665,3,16,19:02:04,-79.537446016767,43.7694565203199,4501,4,9.31343779199364,90.5473118655456,847.761811067734,304,3
1050163,48354665,3,17,19:02:04,-79.537446016767,43.7694565203199,4501,4,1e-12,0,847.761811067734,304,3
1050163,48354665,3,18,19:02:52,-79.5363665125751,43.76968876524,1784,5,6.79104839002482,90.5473118669975,938.309122934732,352,3
1050163,48354665,3,19,19:02:52,-79.5363665125751,43.76968876524,1784,5,1e-12,0,938.309122934732,352,3
1050163,48354665,3,20,19:03:20,-79.535287,43.769921,,,11.7446861070657,90.5473118655958,1028.85643480033,379.754707085789,3
1050163,48354665,3,21,19:03:22,-79.535219,43.769936,,,11.7446861070657,5.71562575009043,1034.57206055042,381.506669846884,3
1050163,48354665,3,22,19:03:23,-79.535155,43.769936,,,11.7446861070657,5.1447295249995,1039.71679007542,383.083640582513,3
1050163,48354665,3,23,19:03:24,-79.535115,43.769926,,,11.7446861070657,3.40269916675302,1043.11948924217,384.126641382078,3
1050163,48354665,3,24,19:03:25,-79.53508,43.76991,,,11.7446861070657,3.32990709477262,1046.44939633694,385.147329839131,3
1050163,48354665,3,25,19:03:26,-79.535042,43.76989,,,11.7446861070657,3.77993545201215,1050.22933178896,386.305961709169,3
1050163,48354665,3,26,19:03:27,-79.535018,43.769868,,,11.7446861070657,3.11766670094327,1053.3469984899,387.261593900705,3
1050163,48354665,3,27,19:03:29,-79.535009,43.769832,,,11.7446861070657,4.07228325682224,1057.41928174672,388.509836688202,3
1050163,48354665,3,28,19:03:51,-79.5348547448861,43.7691710003112,,,11.7446861070657,74.6196701362789,1132.038951883,411.38237751575,3
1050163,48354665,3,29,19:04:14,-79.5347004931815,43.7685100004149,,,11.7446861070657,74.6196701414469,1206.65862202445,434.254918344883,3
1050163,48354665,3,30,19:04:37,-79.5345462448862,43.7678490003112,,,11.7446861070657,74.619670134014,1281.27829215846,457.127459171737,3
1050163,48354665,3,31,19:05:00,-79.534392,43.767188,1576,6,11.7446861070657,74.6196701386079,1355.89796229707,480,3
1050163,48354665,3,32,19:05:00,-79.534392,43.767188,1576,6,1e-12,0,1355.89796229707,480,3
1050163,48354665,3,33,19:05:20,-79.5342846128014,43.7667349382539,,,9.05927303492805,51.1681162184101,1407.06607851548,500.333333334372,3
1050163,48354665,3,34,19:05:41,-79.5341772272295,43.7662818764073,,,9.05927303492805,51.1681162164951,1458.23419473197,520.666666667982,3
1050163,48354665,3,35,19:06:01,-79.5340698432842,43.7658288144602,6462,7,9.05927303492805,51.1681162124867,1509.40231094446,541,3
1050163,48354665,3,36,19:06:01,-79.5340698432842,43.7658288144602,6462,7,1e-12,0,1509.40231094446,541,3
1050163,48354665,3,37,19:06:19,-79.5339624609656,43.7653757524126,,,10.5260124787902,51.16811621756,1560.57042716202,558.500000000417,3
1050163,48354665,3,38,19:06:36,-79.5338550802735,43.7649226902644,,,10.5260124787902,51.1681162149564,1611.73854337698,575.999999999943,3
1050163,48354665,3,39,19:06:54,-79.533747701208,43.7644696280156,,,10.5260124787902,51.1681162170742,1662.90665959405,593.500000000194,3
1050163,48354665,3,40,19:07:11,-79.5336403237689,43.7640165656664,,,10.5260124787902,51.1681162141343,1714.07477580819,610.999999999439,3
1050163,48354665,3,41,19:07:29,-79.5335329479562,43.7635635032166,,,10.5260124787902,51.1681162187,1765.24289202689,628.500000000246,3
1050163,48354665,3,42,19:07:46,-79.53342557377,43.7631104406663,,,10.5260124787902,51.1681162157691,1816.41100824265,646.000000000051,3
1050163,48354665,3,43,19:08:03,-79.53331820121,43.7626573780155,,,10.5260124787902,51.1681162138895,1867.57912445654,663.499999999212,3
1050163,48354665,3,44,19:08:21,-79.5332108302763,43.7622043152642,6063,8,10.5260124787902,51.1681162186451,1918.74724067519,681,3
1050163,48354665,3,45,19:08:21,-79.5332108302763,43.7622043152642,6063,8,1e-12,0,1918.74724067519,681,3
1050163,48354665,3,46,19:08:43,-79.5331034609688,43.7617512524124,,,8.18689859442534,51.1681162146807,1969.91535688987,703.49999999979,3
1050163,48354665,3,47,19:09:06,-79.5329960932875,43.76129818946,,,8.18689859442534,51.1681162138616,2021.08347310373,725.99999999922,3
1050163,48354665,3,48,19:09:28,-79.5328887272323,43.7608451264072,,,8.18689859442534,51.168116216188,2072.25158931992,748.499999999672,3
1050163,48354665,3,49,19:09:51,-79.5327813628031,43.7603920632539,3498,9,8.18689859442534,51.1681162159034,2123.41970553582,771,3
1050163,48354665,3,50,19:09:51,-79.5327813628031,43.7603920632539,3498,9,1e-12,0,2123.41970553582,771,3
1050163,48354665,3,51,19:10:09,-79.532674,43.759939,,,10.0777946954659,51.1681162163175,2174.58782175214,789.27832615618,3
1050163,48354665,3,52,19:10:11,-79.532668,43.759891,,,10.0777946954659,5.36506699230395,2179.95288874444,791.194840806055,3
1050163,48354665,3,53,19:10:13,-79.53268,43.759859,,,10.0777946954659,3.69056566128744,2183.64345440573,792.513188399166,3
1050163,48354665,3,54,19:10:14,-79.532709,43.759832,,,10.0777946954659,3.80396401382368,2187.44741841955,793.872044266306,3
1050163,48354665,3,55,19:10:20,-79.53292,43.759772,,,10.0777946954659,18.231903358253,2205.67932177781,800.38486319873,3
1050163,48354665,3,56,19:10:43,-79.5336720142522,43.7596100172563,,,10.0777946954659,63.0936543507901,2268.7729761286,822.92324213247,3
1050163,48354665,3,57,19:11:05,-79.5344240244326,43.7594480295822,,,10.0777946954659,63.0936543519939,2331.86663048059,845.46162106664,3
1050163,48354665,3,58,19:11:28,-79.5351760305409,43.7592860369776,1325,10,10.0777946954659,63.0936543497273,2394.96028483032,868,3
1050163,48354665,3,59,19:11:28,-79.5351760305409,43.7592860369776,1325,10,1e-12,0,2394.96028483032,868,3
1050163,48354665,3,60,19:11:49,-79.5359280325772,43.7591240394426,,,10.6470541717451,63.0936543511491,2458.05393918147,889.333333333356,3
1050163,48354665,3,61,19:12:11,-79.5366800305413,43.7589620369773,,,10.6470541717451,63.0936543511239,2521.14759353259,910.666666666704,3
1050163,48354665,3,62,19:12:32,-79.5374320244332,43.7588000295817,8134,11,10.6470541717451,63.0936543509726,2584.24124788356,932,3
1050163,48354665,3,63,19:12:32,-79.5374320244332,43.7588000295817,8134,11,1e-12,0,2584.24124788356,932,3
1050163,48354665,3,64,19:12:52,-79.5381840142528,43.758638017256,,,11.1371147097016,63.0936543511315,2647.3349022347,952.394614007721,3
1050163,48354665,3,65,19:13:13,-79.538936,43.758476,,,11.1371147097016,63.0936543510249,2710.42855658572,972.789228015407,3
1050163,48354665,3,66,19:13:39,-79.5385912381211,43.7577887515543,,,11.1371147097016,81.3711414098589,2791.79969799558,999.091921011854,3
1050163,48354665,3,67,19:14:05,-79.5382464841617,43.7571015020724,,,11.1371147097016,81.3711414069214,2873.1708394025,1025.39461400735,3
1050163,48354665,3,68,19:14:32,-79.5379017381215,43.7564142515543,,,11.1371147097016,81.3711414089722,2954.54198081147,1051.69730700351,3
1050163,48354665,3,69,19:14:58,-79.537557,43.755727,13999,12,11.1371147097016,81.3711414099885,3035.91312222146,1078,3
1050163,48354665,3,70,19:14:58,-79.537557,43.755727,13999,12,1e-12,0,3035.91312222146,1078,3
1050163,48354665,3,71,19:15:32,-79.5372694973288,43.7551710003603,,,7.09300180919345,66.0697241986055,3101.98284642007,1111.53319419807,3
1050163,48354665,3,72,19:16:05,-79.536982,43.754615,,,7.09300180919345,66.0697241989357,3168.052570619,1145.06638839632,3
1050163,48354665,3,73,19:16:09,-79.536946,43.754545,,,7.09300180919345,8.31263854694049,3176.36520916594,1149.28540589751,3
1050163,48354665,3,74,19:16:28,-79.536775,43.754244,,,7.09300180919345,36.2185446165369,3212.58375378248,1167.66785723857,3
1050163,48354665,3,75,19:16:55,-79.536522,43.753799,,,7.09300180919345,53.5516208651665,3266.13537464765,1194.84758174741,3
1050163,48354665,3,76,19:16:57,-79.536505,43.753768,,,7.09300180919345,3.71177299908068,3269.84714764673,1196.73146436244,3
1050163,48354665,3,77,19:17:26,-79.536253,43.753283,2701,13,7.09300180919345,57.6671600637981,3327.51430771053,1226,3
1050163,48354665,3,78,19:17:26,-79.536253,43.753283,2701,13,1e-12,0,3327.51430771053,1226,3
1050163,48354665,3,79,,-79.535901,43.752672,,,,73.6703672719691,3401.1846749825,,3
