shape_id,trip_id,route_type,id,timestamp,shape_pt_lon,shape_pt_lat,stop_id,stop_sequence,speed,dist,cumdist,cumtime,trip_number
1050419,48361083,3,1,,-79.613554,43.751142,,,1e-12,0,0,0,1
1050419,48361083,3,2,,-79.613609,43.751153,,,,4.58902877424368,4.58902877424368,,1
1050419,48361083,3,3,,-79.613649,43.751155,,,,3.22416168133163,7.81319045557531,,1
1050419,48361083,3,4,,-79.613679,43.751148,,,,2.53508151245982,10.3482719680351,,1
1050419,48361083,3,5,,-79.613723,43.751131,,,,4.0124231416354,14.3606951096705,,1
1050419,48361083,3,6,,-79.613764,43.751094,,,,5.27580342572234,19.6364985353929,,1
1050419,48361083,3,7,,-79.613807,43.751029,,,,8.01947952080581,27.6559780561987,,1
1050419,48361083,3,8,01:00:00,-79.613927,43.750897,3409,1,,17.5792537321206,45.2352317883193,,1
1050419,48361083,3,9,01:00:00,-79.613927,43.750897,3409,1,1e-12,0,45.2352317883193,0,1
1050419,48361083,3,10,01:00:14,-79.6149205038926,43.7506625043027,,,22.2529640754126,84.04636754339,129.281599331709,13.5967020901504,1
1050419,48361083,3,11,01:00:27,-79.615914,43.750428,,,22.2529640754126,84.0463675442748,213.327966875984,27.1934041804439,1
1050419,48361083,3,12,01:00:29,-79.616021,43.750382,,,22.2529640754126,10.012641068834,223.340607944818,28.8132112194364,1
1050419,48361083,3,13,01:00:30,-79.616127,43.750331,,,22.2529640754126,10.2413833929647,233.581991337783,30.4700233227467,1
1050419,48361083,3,14,01:00:33,-79.616216,43.750236,,,22.2529640754126,12.7693769403841,246.351368278167,32.5358046195482,1
1050419,48361083,3,15,01:00:34,-79.616246,43.750162,,,22.2529640754126,8.58361025511671,254.934978533283,33.9244284816863,1
1050419,48361083,3,16,01:00:36,-79.616274,43.750055,,,22.2529640754126,12.1221238230436,267.057102356327,35.8854996277623,1
1050419,48361083,3,17,01:00:39,-79.616248,43.749902,,,22.2529640754126,17.1597265799124,284.216828936239,38.661535012457,1
1050419,48361083,3,18,01:00:48,-79.616028,43.749396,,,22.2529640754126,59.0404709179549,343.257299854194,48.2128781317082,1
1050419,48361083,3,19,01:01:02,-79.6156989879996,43.7486682514156,5394,2,22.2529640754126,85.2234243440093,428.480724198204,62,1
1050419,48361083,3,20,01:01:02,-79.6156989879996,43.7486682514156,5394,2,1e-12,0,428.480724198204,62,1
1050419,48361083,3,21,01:01:18,-79.6153699839997,43.7479405018873,,,19.1752704780119,85.2234243492771,513.704148547481,78.0000000004802,1
1050419,48361083,3,22,01:01:34,-79.615040988,43.7472127514155,8359,3,19.1752704780119,85.2234243441621,598.927572891643,94,1
1050419,48361083,3,23,01:01:34,-79.615040988,43.7472127514155,8359,3,1e-12,0,598.927572891643,94,1
1050419,48361083,3,24,01:01:48,-79.614712,43.746485,,,21.8800534087256,85.2234243462797,684.150997237923,108.022101405121,1
1050419,48361083,3,25,01:01:51,-79.61462,43.746359,,,21.8800534087256,15.8579001662794,700.008897404202,110.631255941089,1
1050419,48361083,3,26,01:01:53,-79.614512,43.746239,,,21.8800534087256,15.9335258334285,715.94242323763,113.252853426654,1
1050419,48361083,3,27,01:01:56,-79.614413,43.746131,,,21.8800534087256,14.419595158028,730.362018395658,115.625358721737,1
1050419,48361083,3,28,01:01:58,-79.614345,43.745995,,,21.8800534087256,16.0968004587662,746.458818854424,118.27382033968,1
1050419,48361083,3,29,01:02:01,-79.614279,43.745854,2315,4,21.8800534087256,16.5691546026604,763.027973457085,121,1
1050419,48361083,3,30,01:02:01,-79.614279,43.745854,2315,4,1e-12,0,763.027973457085,121,1
1050419,48361083,3,31,01:02:04,-79.614256,43.745712,,,22.6767040363211,15.9152134051131,778.943186862198,123.526591526116,1
1050419,48361083,3,32,01:02:05,-79.614254,43.745605,,,22.6767040363211,11.9122713633862,790.855458225584,125.417703075638,1
1050419,48361083,3,33,01:02:08,-79.614269,43.745486,,,22.6767040363211,13.3018289234257,804.15728714901,127.529411375382,1
1050419,48361083,3,34,01:02:13,-79.614359,43.745192,,,22.6767040363211,33.5186881125449,837.675975261555,132.850611361583,1
1050419,48361083,3,35,01:02:24,-79.61455,43.744585,,,22.6767040363211,69.2947861214176,906.970761382972,143.851382445315,1
1050419,48361083,3,36,01:02:28,-79.614618,43.744372,,,22.6767040363211,24.3335070202665,931.304268403239,147.714405269648,1
1050419,48361083,3,37,01:02:31,-79.614659,43.74421,,,22.6767040363211,18.3327112354011,949.63697963864,150.624782383612,1
1050419,48361083,3,38,01:02:33,-79.614683,43.7441,,,22.6767040363211,12.3963243079952,962.033303946635,152.592738901337,1
1050419,48361083,3,39,01:02:34,-79.614698,43.744046,,,22.6767040363211,6.13109761562883,968.164401562264,153.566070448148,1
1050419,48361083,3,40,01:02:36,-79.614721,43.74389,,,22.6767040363211,17.4640708376314,985.628472399895,156.338548093699,1
1050419,48361083,3,41,01:02:39,-79.61471,43.743718,,,22.6767040363211,19.1673777119912,1004.79585011189,159.381431206371,1
1050419,48361083,3,42,01:02:42,-79.614675,43.743572,7735,5,22.6767040363211,16.4945859810781,1021.29043609296,162,1
1050419,48361083,3,43,01:02:42,-79.614675,43.743572,7735,5,1e-12,0,1021.29043609296,162,1
1050419,48361083,3,44,01:02:44,-79.614623,43.743445,,,25.95323557329,14.7431222009881,1036.03355829395,164.045033644213,1
1050419,48361083,3,45,01:02:46,-79.614571,43.743294,,,25.95323557329,17.3216440072357,1053.35520230119,166.447736700252,1
1050419,48361083,3,46,01:02:51,-79.614464,43.743021,,,25.95323557329,31.5850424640668,1084.94024476526,170.828930426543,1
1050419,48361083,3,47,01:03:04,-79.6141027354052,43.7422147517066,,,25.95323557329,94.336657480244,1179.2769022455,183.914465213519,1
1050419,48361083,3,48,01:03:17,-79.6137414805406,43.7414085022755,8453,6,25.95323557329,94.3366574766737,1273.61355972217,197,1
1050419,48361083,3,49,01:03:17,-79.6137414805406,43.7414085022755,8453,6,1e-12,0,1273.61355972217,197,1
1050419,48361083,3,50,01:03:31,-79.6133802354057,43.7406022517066,,,23.5798540490772,94.3366574780172,1367.95021720019,211.402632273042,1
1050419,48361083,3,51,01:03:46,-79.613019,43.739796,,,23.5798540490772,94.3366574755603,1462.28687467575,225.805264545709,1
1050419,48361083,3,52,01:04:00,-79.6126624952695,43.739001500554,8142,7,23.5798540490772,92.974941743733,1555.26181641948,240,1
1050419,48361083,3,53,01:04:00,-79.6126624952695,43.739001500554,8142,7,1e-12,0,1555.26181641948,240,1
1050419,48361083,3,54,01:04:18,-79.612306,43.738207,,,18.8597152315118,92.9749417464451,1648.23675816593,257.747340624102,1
1050419,48361083,3,55,01:04:19,-79.612276,43.738151,,,18.8597152315118,6.68456090807916,1654.92131907401,259.023310010367,1
1050419,48361083,3,56,01:04:21,-79.612216,43.738062,,,18.8597152315118,11.0202143590425,1665.94153343305,261.126882159021,1
1050419,48361083,3,57,01:04:23,-79.612125,43.737985,,,18.8597152315118,11.271248447745,1677.2127818808,263.278372460639,1
1050419,48361083,3,58,01:04:25,-79.612034,43.737918,,,18.8597152315118,10.4497200265481,1687.66250190734,265.273046910056,1
1050419,48361083,3,59,01:04:28,-79.611904,43.737846,,,18.8597152315118,13.1743947050899,1700.83689661243,267.787815577352,1
1050419,48361083,3,60,01:04:30,-79.611801,43.737795,,,18.8597152315118,10.0429258983655,1710.8798225108,269.704839922115,1
1050419,48361083,3,61,01:04:32,-79.611682,43.737767,,,18.8597152315118,10.0658701618735,1720.94569267267,271.626243937919,1
1050419,48361083,3,62,01:04:33,-79.611566,43.737743,,,18.8597152315118,9.7048279900779,1730.65052066275,273.478731122132,1
1050419,48361083,3,63,01:04:35,-79.611441,43.737741,,,18.8597152315118,10.0561718172288,1740.70669247998,275.398283888312,1
1050419,48361083,3,64,01:04:38,-79.611303,43.73774,,,18.8597152315118,11.0998509740099,1751.80654345399,277.517057317069,1
1050419,48361083,3,65,01:04:40,-79.611146,43.737753,,,18.8597152315118,12.7101090578811,1764.51665251187,279.943201723105,1
1050419,48361083,3,66,01:04:41,-79.611073,43.737764,,,18.8597152315118,5.99769471024475,1770.51434722211,281.08805999333,1
1050419,48361083,3,67,01:04:46,-79.610764,43.737834,,,18.8597152315118,26.0457218019234,1796.56006902404,286.059746857947,1
1050419,48361083,3,68,01:04:57,-79.6105452446298,43.7373440006258,2993,8,18.8597152315118,57.3139052277153,1853.87397425175,297,1
1050419,48361083,3,69,01:04:57,-79.6105452446298,43.7373440006258,2993,8,1e-12,0,1853.87397425175,297,1
1050419,48361083,3,70,01:05:05,-79.6103264928398,43.7368540008344,,,24.7057992438648,57.3139052269319,1911.18787947869,305.351482855516,1
1050419,48361083,3,71,01:05:14,-79.6101077446299,43.7363640006258,,,24.7057992438648,57.3139052282903,1968.50178470698,313.70296571123,1
1050419,48361083,3,72,01:05:22,-79.609889,43.735874,,,24.7057992438648,57.3139052300373,2025.81568993701,322.054448567198,1
1050419,48361083,3,73,01:05:25,-79.609816,43.735717,,,24.7057992438648,18.4370900585375,2044.25277999555,324.741005013139,1
1050419,48361083,3,74,01:05:27,-79.609773,43.735577,,,24.7057992438648,15.9638860031636,2060.21666599871,327.067179084422,1
1050419,48361083,3,75,01:05:29,-79.609753,43.735451,,,24.7057992438648,14.1182016207394,2074.33486761945,329.124409669556,1
1050419,48361083,3,76,01:05:31,-79.609752,43.735334,,,24.7057992438648,13.0246287740204,2087.35949639347,331.022290532411,1
1050419,48361083,3,77,01:05:33,-79.609752,43.735199,,,24.7057992438648,15.0281312485341,2102.38762764201,333.212111309335,1
1050419,48361083,3,78,01:05:35,-79.60975,43.735065,,,24.7057992438648,14.9176791424663,2117.30530678447,335.385837582377,1
1050419,48361083,3,79,01:05:36,-79.609757,43.735009,,,24.7057992438648,6.25926586573835,2123.56457265021,336.297905105238,1
1050419,48361083,3,80,01:05:38,-79.609768,43.734925,,,24.7057992438648,9.3926018623054,2132.95717451252,337.666545980626,1
1050419,48361083,3,81,01:05:40,-79.609801,43.734756,,,24.7057992438648,18.9993180844851,2151.956492597,340.435027357368,1
1050419,48361083,3,82,01:05:43,-79.609816,43.734601,,,24.7057992438648,17.296651560918,2169.25314415792,342.955405063212,1
1050419,48361083,3,83,01:05:51,-79.609903,43.734089,,,24.7057992438648,57.4235573405535,2226.67670149847,351.32286585189,1
1050419,48361083,3,84,01:05:59,-79.610008,43.73363,,,24.7057992438648,51.7889395675359,2278.46564106601,358.869279574548,1
1050419,48361083,3,85,01:06:02,-79.61001,43.733437,24272,9,24.7057992438648,21.4852639777461,2299.95090504376,362,1
1050419,48361083,3,86,01:06:02,-79.61001,43.733437,24272,9,1e-12,0,2299.95090504376,362,1
1050419,48361083,3,87,01:06:05,-79.610006,43.733315,,,16.8381118613445,13.5847884724181,2313.53569351617,364.904437201951,1
1050419,48361083,3,88,01:06:08,-79.60997,43.733207,,,16.8381118613445,12.3663096321699,2325.90200314835,367.548362782349,1
1050419,48361083,3,89,01:06:11,-79.609913,43.733077,,,16.8381118613445,15.1804503086058,2341.08245345695,370.793953592115,1
1050419,48361083,3,90,01:06:15,-79.609813,43.732936,,,16.8381118613445,17.6370478252284,2358.71950128218,374.564766655578,1
1050419,48361083,3,91,01:06:15,-79.609804,43.732924,,,16.8381118613445,1.51938135037643,2360.23888263256,374.889611442595,1
1050419,48361083,3,92,01:06:20,-79.609703,43.732735,,,16.8381118613445,22.5534043152517,2382.79228694781,379.711544935108,1
1050419,48361083,3,93,01:06:31,-79.60931,43.732344,,,16.8381118613445,53.7940433341787,2436.58633028199,391.212748727894,1
1050419,48361083,3,94,01:06:36,-79.609145,43.732182,648,10,16.8381118613445,22.3911867855798,2458.97751706757,396,1
1050419,48361083,3,95,01:06:36,-79.609145,43.732182,648,10,1e-12,0,2458.97751706757,396,1
1050419,48361083,3,96,01:06:50,-79.608438,43.731517,,,24.6003758049519,93.3498226100159,2552.32733967758,409.660740960242,1
1050419,48361083,3,97,01:06:50,-79.608405,43.731489,,,24.6003758049519,4.09407901929422,2556.42141869688,410.259865322663,1
1050419,48361083,3,98,01:06:50,-79.608394,43.731481,,,24.6003758049519,1.2553859627479,2557.67680465962,410.4435775351,1
1050419,48361083,3,99,01:06:52,-79.608321,43.731427,,,24.6003758049519,8.4032923428905,2566.08009700251,411.673308847916,1
1050419,48361083,3,100,01:06:53,-79.608207,43.731359,,,24.6003758049519,11.8907013399836,2577.9707983425,413.413384900548,1
1050419,48361083,3,101,01:06:55,-79.608077,43.731274,,,24.6003758049519,14.1025097625383,2592.07330810504,415.477135289878,1
1050419,48361083,3,102,01:06:58,-79.607932,43.731202,,,24.6003758049519,14.1519987320917,2606.22530683713,417.5481278568,1
1050419,48361083,3,103,01:07:00,-79.607755,43.731126,,,24.6003758049519,16.5615814559992,2622.78688829313,419.971736898967,1
1050419,48361083,3,104,01:07:09,-79.6070444908537,43.7308690066015,,,24.6003758049519,63.9127588692823,2686.69964716241,429.324680681358,1
1050419,48361083,3,105,01:07:19,-79.6063339878049,43.730612008802,,,24.6003758049519,63.9127588664781,2750.61240602889,438.677624463339,1
1050419,48361083,3,106,01:07:28,-79.6056234908537,43.7303550066014,,,24.6003758049519,63.9127588678959,2814.52516489678,448.030568245528,1
1050419,48361083,3,107,01:07:37,-79.604913,43.730098,,,24.6003758049519,63.9127588685354,2878.43792376532,457.38351202781,1
1050419,48361083,3,108,01:07:50,-79.605385,43.729383,,,24.6003758049519,88.1854534098527,2966.62337717517,470.288503186993,1
1050419,48361083,3,109,01:07:52,-79.605447,43.729311,,,24.6003758049519,9.44001144524097,2976.06338862041,471.66994717274,1
1050419,48361083,3,110,01:07:53,-79.605509,43.729213,,,24.6003758049519,11.9952763587042,2988.05866497912,473.425326652863,1
1050419,48361083,3,111,01:07:55,-79.605584,43.729123,,,24.6003758049519,11.6950239109292,2999.75368889005,475.13676742162,1
1050419,48361083,3,112,01:07:56,-79.605583,43.729078,,,24.6003758049519,5.01002290959824,3004.76371179964,475.869930305698,1
1050419,48361083,3,113,01:07:57,-79.605558,43.729006,,,24.6003758049519,8.26344566555323,3013.0271574652,477.079196563736,1
1050419,48361083,3,114,01:07:58,-79.605496,43.728944,,,24.6003758049519,8.51521028382598,3021.54236774902,478.325305861611,1
1050419,48361083,3,115,01:08:06,-79.604909,43.728739,15248,11,24.6003758049519,52.4445444423393,3073.98691219136,486,1
1050419,48361083,3,116,01:08:06,-79.604909,43.728739,15248,11,1e-12,0,3073.98691219136,486,1
1050419,48361083,3,117,01:08:13,-79.60436,43.728533,,,25.1483403929687,49.7614608107398,3123.7483730021,493.123382939765,1
1050419,48361083,3,118,01:08:14,-79.604285,43.728525,,,25.1483403929687,6.09852570277298,3129.84689870488,493.996390549289,1
1050419,48361083,3,119,01:08:15,-79.604236,43.728552,,,25.1483403929687,4.95686025006745,3134.80375895494,494.705968064998,1
1050419,48361083,3,120,01:08:16,-79.604161,43.728632,,,25.1483403929687,10.756757644541,3145.56051659948,496.245804368915,1
1050419,48361083,3,121,01:08:17,-79.604199,43.728695,,,25.1483403929687,7.65035488887303,3153.21087148836,497.340957256524,1
1050419,48361083,3,122,01:08:19,-79.604274,43.728767,,,25.1483403929687,10.0318970685535,3163.24276855691,498.777029334541,1
1050419,48361083,3,123,01:08:32,-79.605309,43.729141,,,25.1483403929687,93.0863068761878,3256.3290754331,512.102389955473,1
1050419,48361083,3,124,01:08:35,-79.605509,43.729213,,,25.1483403929687,17.974189391999,3274.3032648251,514.675405939832,1
1050419,48361083,3,125,01:08:36,-79.605447,43.729311,,,25.1483403929687,11.9952763587042,3286.2985411838,516.392536939992,1
1050419,48361083,3,126,01:08:38,-79.605385,43.729383,,,25.1483403929687,9.44001144524097,3295.73855262904,517.743880236282,1
1050419,48361083,3,127,01:08:50,-79.604913,43.730098,,,25.1483403929687,88.1854534098527,3383.92400603889,530.367680746165,1
1050419,48361083,3,128,01:08:52,-79.604772,43.730062,,,25.1483403929687,12.029204907157,3395.95321094605,532.089668638371,1
1050419,48361083,3,129,01:08:54,-79.604653,43.730026,,,25.1483403929687,10.3773857225001,3406.33059666855,533.57519762427,1
1050419,48361083,3,130,01:08:56,-79.604476,43.729981,,,25.1483403929687,15.0934202615263,3421.42401693008,535.735829781002,1
1050419,48361083,3,131,01:08:58,-79.604268,43.729959,,,25.1483403929687,16.9098244022467,3438.33384133232,538.156481279146,1
1050419,48361083,3,132,01:09:00,-79.604095,43.72995,,,25.1483403929687,13.9521577346338,3452.28599906696,540.153741021134,1
1050419,48361083,3,133,01:09:02,-79.6039,43.729955,,,25.1483403929687,15.6956950881409,3467.9816941551,542.400589180272,1
1050419,48361083,3,134,01:09:04,-79.603748,43.729964,,,25.1483403929687,12.2678748175562,3480.24956897266,544.156742813199,1
1050419,48361083,3,135,01:09:06,-79.603606,43.729974,,,25.1483403929687,11.4766093941112,3491.72617836677,545.799626326512,1
1050419,48361083,3,136,01:09:18,-79.6025945039603,43.7302085044599,,,25.1483403929687,85.4498484050705,3577.17602677184,558.031823340366,1
1050419,48361083,3,137,01:09:30,-79.601583,43.730443,,,25.1483403929687,85.4498484058485,3662.62587517769,570.264020354331,1
1050419,48361083,3,138,01:09:32,-79.601434,43.730461,,,25.1483403929687,12.1518184371851,3674.77769361487,572.00356044685,1
1050419,48361083,3,139,01:09:44,-79.6004375036604,43.7306810043286,,,25.1483403929687,83.8153652920861,3758.59305890696,584.001780223447,1
1050419,48361083,3,140,01:09:56,-79.599441,43.730901,24210,12,25.1483403929687,83.8153652917817,3842.40842419874,596,1
1050419,48361083,3,141,01:09:56,-79.599441,43.730901,24210,12,1e-12,0,3842.40842419874,596,1
1050419,48361083,3,142,01:10:08,-79.5985140032117,43.7311085037459,,,23.6558508876373,78.0623129352317,3920.47073713397,607.879696397381,1
1050419,48361083,3,143,01:10:20,-79.597587,43.731316,,,23.6558508876373,78.0623129343707,3998.53305006834,619.75939279463,1
1050419,48361083,3,144,01:10:24,-79.597228,43.731396,,,23.6558508876373,30.2193468271436,4028.75239689548,624.358240204282,1
1050419,48361083,3,145,01:10:28,-79.596979,43.731451,,,23.6558508876373,20.9439879759312,4049.69638487142,627.545542875045,1
1050419,48361083,3,146,01:10:30,-79.596763,43.731501,,,23.6558508876373,18.2443858497324,4067.94077072115,630.32201409018,1
1050419,48361083,3,147,01:10:33,-79.596567,43.731573,,,23.6558508876373,17.6862143847252,4085.62698510587,633.013541530365,1
1050419,48361083,3,148,01:10:35,-79.596432,43.731632,,,23.6558508876373,12.690826209233,4098.31781131511,634.944859687985,1
1050419,48361083,3,149,01:10:37,-79.596287,43.731712,,,23.6558508876373,14.6746653756306,4112.99247669074,637.178082902115,1
1050419,48361083,3,150,01:10:39,-79.596179,43.731786,3545,13,23.6558508876373,11.9719442214465,4124.96442091218,639,1
1050419,48361083,3,151,01:10:39,-79.596179,43.731786,3545,13,1e-12,0,4124.96442091218,639,1
1050419,48361083,3,152,01:10:41,-79.596033,43.731898,,,26.2127859787138,17.1278862474033,4142.09230715959,641.352302061319,1
1050419,48361083,3,153,01:10:50,-79.5954895039432,43.7323325012876,,,26.2127859787138,65.1974781867551,4207.28978534634,650.306364466701,1
1050419,48361083,3,154,01:10:59,-79.594946,43.732767,,,26.2127859787138,65.1974781875628,4272.4872635339,659.260426872194,1
1050419,48361083,3,155,01:11:10,-79.594312,43.733296,,,26.2127859787138,77.9001407648708,4350.38740429878,669.959041929032,1
1050419,48361083,3,156,01:11:12,-79.594148,43.733412,,,26.2127859787138,18.4597121038195,4368.8471164026,672.494253700406,1
1050419,48361083,3,157,01:11:14,-79.594056,43.733479,,,26.2127859787138,10.5066024541088,4379.3537188567,673.937204818441,1
1050419,48361083,3,158,01:11:16,-79.593945,43.73355,,,26.2127859787138,11.9240577495561,4391.27777660626,675.574825784532,1
1050419,48361083,3,159,01:11:17,-79.593844,43.733608,2811,14,26.2127859787138,10.3771629701251,4401.65493957639,677,1
1050419,48361083,3,160,01:11:17,-79.593844,43.733608,2811,14,1e-12,0,4401.65493957639,677,1
1050419,48361083,3,161,01:11:19,-79.593689,43.733684,,,27.0252025899016,15.0669722802656,4416.72191185665,679.007056192401,1
1050419,48361083,3,162,01:11:21,-79.59353,43.733764,,,27.0252025899016,15.5843492267687,4432.30626108342,681.083031646414,1
1050419,48361083,3,163,01:11:34,-79.5928869924842,43.7330640018022,,,27.0252025899016,93.5258496793285,4525.83211076275,693.54151582338,1
1050419,48361083,3,164,01:11:46,-79.592244,43.732364,1985,15,27.0252025899016,93.5258496767335,4619.35796043948,706,1
1050419,48361083,3,165,01:11:46,-79.592244,43.732364,1985,15,1e-12,0,4619.35796043948,706,1
1050419,48361083,3,166,01:11:48,-79.592141,43.732262,,,25.8321330064743,14.0558880141692,4633.41384845365,707.958847023524,1
1050419,48361083,3,167,01:11:50,-79.592078,43.732173,,,25.8321330064743,11.1282155252474,4644.5420639789,709.50968976194,1
1050419,48361083,3,168,01:11:52,-79.591956,43.732071,,,25.8321330064743,15.0076077550519,4659.54967173395,711.601169699143,1
1050419,48361083,3,169,01:11:53,-79.591839,43.731995,,,25.8321330064743,12.6548971399233,4672.20456887387,713.364772793487,1
1050419,48361083,3,170,01:11:55,-79.591691,43.731925,,,25.8321330064743,14.2282725283972,4686.43284140227,715.347643549432,1
1050419,48361083,3,171,01:11:57,-79.591561,43.731879,,,25.8321330064743,11.6433572193371,4698.07619862161,716.970277111249,1
1050419,48361083,3,172,01:11:59,-79.591411,43.731827,,,25.8321330064743,13.3823611592469,4711.45855978086,718.835260547236,1
1050419,48361083,3,173,01:12:00,-79.591287,43.731797,,,25.8321330064743,10.5184973946466,4721.9770571755,720.301132165783,1
1050419,48361083,3,174,01:12:01,-79.591196,43.73178,,,25.8321330064743,7.56049959192279,4729.53755676742,721.354773323643,1
1050419,48361083,3,175,01:12:03,-79.591053,43.731765,,,25.8321330064743,11.6231545537512,4741.16071132118,722.974591415436,1
1050419,48361083,3,176,01:12:05,-79.590876,43.731762,,,25.8321330064743,14.2413865496632,4755.40209787084,724.959289758617,1
1050419,48361083,3,177,01:12:07,-79.590681,43.731754,,,25.8321330064743,15.710611041754,4771.11270891259,727.148741157622,1
1050419,48361083,3,178,01:12:08,-79.590586,43.731753,,,25.8321330064743,7.64239220422907,4778.75510111682,728.213794977542,1
1050419,48361083,3,179,01:12:10,-79.590428,43.731778,,,25.8321330064743,13.0102886767135,4791.76538979353,730.026925903449,1
1050419,48361083,3,180,01:12:12,-79.590249,43.731807,,,25.8321330064743,14.7558075264418,4806.52119731998,732.083314629919,1
1050419,48361083,3,181,01:12:15,-79.590004,43.731858,,,25.8321330064743,20.5086763369474,4827.02987365692,734.941430713268,1
1050419,48361083,3,182,01:12:22,-79.589413,43.732015,10090,16,25.8321330064743,50.6494168473006,4877.67929050422,742,1
1050419,48361083,3,183,01:12:22,-79.589413,43.732015,10090,16,1e-12,0,4877.67929050422,742,1
1050419,48361083,3,184,01:12:35,-79.588292,43.732302,5790,17,26.491216407468,95.6627259158566,4973.34201642008,755,1
1050419,48361083,3,185,01:12:35,-79.588292,43.732302,5790,17,1e-12,0,4973.34201642008,755,1
1050419,48361083,3,186,01:12:45,-79.5875545012438,43.7324030023709,,,21.7361600255527,60.3782222927858,5033.72023871287,764.999999999931,1
1050419,48361083,3,187,01:12:55,-79.586817,43.732504,2179,18,21.7361600255527,60.378222293618,5094.09846100648,775,1
1050419,48361083,3,188,01:12:55,-79.586817,43.732504,2179,18,1e-12,0,5094.09846100648,775,1
1050419,48361083,3,189,01:12:57,-79.586637,43.732518,,,25.7350437896641,14.562237954745,5108.66069896123,777.037068872529,1
1050419,48361083,3,190,01:12:59,-79.586507,43.732514,,,25.7350437896641,10.4662440412977,5119.12694300253,778.501161137404,1
1050419,48361083,3,191,01:13:00,-79.586407,43.7325,,,25.7350437896641,8.19325600981284,5127.32019901234,779.647291755109,1
1050419,48361083,3,192,01:13:07,-79.58582,43.732347,,,25.7350437896641,50.1943577186664,5177.51455673101,786.668833636447,1
1050419,48361083,3,193,01:13:13,-79.5853,43.732252,,,25.7350437896641,43.1434187410227,5220.65797547203,792.7040402884,1
1050419,48361083,3,194,01:13:16,-79.585035,43.732212,,,25.7350437896641,21.7759368855262,5242.43391235756,795.750212404081,1
1050419,48361083,3,195,01:13:18,-79.584871,43.732209,,,25.7350437896641,13.1959085387155,5255.62982089627,797.596149451154,1
1050419,48361083,3,196,01:13:20,-79.5847,43.732217,,,25.7350437896641,13.7835405618681,5269.41336145814,799.524288623105,1
1050419,48361083,3,197,01:13:22,-79.584515,43.732216,,,25.7350437896641,14.8812756686357,5284.29463712677,801.605986748235,1
1050419,48361083,3,198,01:13:24,-79.584343,43.732234,,,25.7350437896641,13.9795240908936,5298.27416121767,803.561541482804,1
1050419,48361083,3,199,01:13:26,-79.584177,43.732274,,,25.7350437896641,14.0754304954532,5312.34959171312,805.530512283778,1
1050419,48361083,3,200,01:13:28,-79.583942,43.732343,,,25.7350437896641,20.4036741143689,5332.75326582749,808.384722574309,1
1050419,48361083,3,201,01:13:30,-79.58381,43.732406,,,25.7350437896641,12.7247317645756,5345.47799759207,810.164748080652,1
1050419,48361083,3,202,01:13:34,-79.58358,43.732546,,,25.7350437896641,24.1898807496762,5369.66787834174,813.548599742634,1
1050419,48361083,3,203,01:13:35,-79.583484,43.732613,,,25.7350437896641,10.7357232031184,5380.40360154486,815.050388659222,1
1050419,48361083,3,204,01:13:37,-79.583367,43.732722,,,25.7350437896641,15.3557117066584,5395.75931325152,817.198454253973,1
1050419,48361083,3,205,01:13:39,-79.583278,43.732835,,,25.7350437896641,14.4735173367466,5410.23283058827,819.22311225876,1
1050419,48361083,3,206,01:13:42,-79.583198,43.732992,,,25.7350437896641,18.6241496230258,5428.85698021129,821.828390073357,1
1050419,48361083,3,207,01:13:44,-79.58312,43.733138,,,25.7350437896641,17.4215844827556,5446.27856469405,824.265444568019,1
1050419,48361083,3,208,01:13:47,-79.583048,43.733278,,,25.7350437896641,16.6259970470205,5462.90456174107,826.591206663411,1
1050419,48361083,3,209,01:13:49,-79.582951,43.733437,,,25.7350437896641,19.3431630584532,5482.24772479952,829.297065164355,1
1050419,48361083,3,210,01:13:53,-79.582816,43.733639,,,25.7350437896641,24.9711262659866,5507.21885106551,832.790202976449,1
1050419,48361083,3,211,01:13:56,-79.582696,43.733826,24897,19,25.7350437896641,22.9456297102847,5530.16448077579,836,1
1050419,48361083,3,212,01:13:56,-79.582696,43.733826,24897,19,1e-12,0,5530.16448077579,836,1
1050419,48361083,3,213,01:13:58,-79.582601,43.733963,,,26.299042445705,17.0580064561104,5547.2224872319,838.335021260518,1
1050419,48361083,3,214,01:14:04,-79.582266,43.734236,,,26.299042445705,40.6156308512578,5587.83811808316,843.894777718055,1
1050419,48361083,3,215,01:14:06,-79.582132,43.734333,,,26.299042445705,15.2566743913964,5603.09479247456,845.983219832342,1
1050419,48361083,3,216,01:14:08,-79.581964,43.734432,,,26.299042445705,17.4371393941899,5620.53193186875,848.370139506268,1
1050419,48361083,3,217,01:14:11,-79.581785,43.734526,,,26.299042445705,17.7985822153015,5638.33051408405,850.806536044559,1
1050419,48361083,3,218,01:14:13,-79.581601,43.734602,,,26.299042445705,17.0473365916351,5655.37785067568,853.140096738131,1
1050419,48361083,3,219,01:14:16,-79.581397,43.734682,,,26.299042445705,18.6694357492895,5674.04728642497,855.6957019027,1
1050419,48361083,3,220,01:14:16,-79.581331,43.734704,,,26.299042445705,5.84630384914052,5679.89359027411,856.495985559428,1
1050419,48361083,3,221,01:14:28,-79.580365,43.734952,,,26.299042445705,82.4576696075003,5762.35125988161,867.783377912205,1
1050419,48361083,3,222,01:14:33,-79.579872,43.735069,,,26.299042445705,41.737809949874,5804.08906983149,873.496746227031,1
1050419,48361083,3,223,01:14:41,-79.579278,43.735234,,,26.299042445705,51.1863428467332,5855.27541267822,880.503496933969,1
1050419,48361083,3,224,01:14:44,-79.578962,43.735306,,,26.299042445705,26.6506104789335,5881.92602315715,884.151622067127,1
1050419,48361083,3,225,01:14:52,-79.5783,43.735497,6800,20,26.299042445705,57.3346734407157,5939.26069659787,892,1
1050419,48361083,3,226,01:14:52,-79.5783,43.735497,6800,20,1e-12,0,5939.26069659787,892,1
1050419,48361083,3,227,01:15:02,-79.578046,43.734935,,,24.3899121266656,65.8128610615169,6005.07355765939,901.714110431846,1
1050419,48361083,3,228,01:15:11,-79.5777754974998,43.734381500319,,,24.3899121266656,65.3439837316421,6070.41754139103,911.359013628391,1
1050419,48361083,3,229,01:15:21,-79.577505,43.733828,,,24.3899121266656,65.3439837306368,6135.76152512167,921.003916824787,1
1050419,48361083,3,230,01:15:24,-79.577427,43.733677,,,24.3899121266656,17.9419303666708,6153.70345548834,923.652181770744,1
1050419,48361083,3,231,01:15:32,-79.5771664934198,43.7331727508874,,,24.3899121266656,59.9162312930153,6213.61968678135,932.495937809497,1
1050419,48361083,3,232,01:15:41,-79.5769059912265,43.7326685011832,,,24.3899121266656,59.9162312928358,6273.53591807419,941.339693848223,1
1050419,48361083,3,233,01:15:50,-79.57664549342,43.7321642508874,,,24.3899121266656,59.9162312935904,6333.45214936778,950.183449887061,1
1050419,48361083,3,234,01:15:59,-79.576385,43.73166,,,24.3899121266656,59.9162312943101,6393.36838066209,959.027205926005,1
1050419,48361083,3,235,01:16:09,-79.57610849735,43.7310860003333,,,24.3899121266656,67.6575961666245,6461.02597682871,969.013602963228,1
1050419,48361083,3,236,01:16:19,-79.575832,43.730512,9282,21,24.3899121266656,67.6575961635757,6528.68357299229,979,1
1050419,48361083,3,237,01:16:19,-79.575832,43.730512,9282,21,1e-12,0,6528.68357299229,979,1
1050419,48361083,3,238,01:16:28,-79.5756004982355,43.7300555002336,,,22.5946872265497,54.1218652985789,6582.80543829087,987.623209213799,1
1050419,48361083,3,239,01:16:36,-79.575369,43.729599,,,22.5946872265497,54.1218652976915,6636.92730358856,996.246418427456,1
1050419,48361083,3,240,01:16:50,-79.5750094955975,43.7288655005634,,,22.5946872265497,86.6226372023743,6723.54994079093,1010.04795906406,1
1050419,48361083,3,241,01:17:04,-79.57465,43.728132,,,22.5946872265497,86.6226371984742,6810.17257798941,1023.84949970004,1
1050419,48361083,3,242,01:17:14,-79.5738735024891,43.7283240026283,,,22.5946872265497,66.018954353727,6876.19153234313,1034.36826604942,1
1050419,48361083,3,243,01:17:25,-79.573097,43.728516,,,22.5946872265497,66.018954355453,6942.21048669859,1044.88703239908,1
1050419,48361083,3,244,01:17:27,-79.572958,43.728548,,,22.5946872265497,11.7351639769668,6953.94565067555,1046.75679009448,1
1050419,48361083,3,245,01:17:28,-79.572845,43.728579,,,22.5946872265497,9.72295347189978,6963.66860414745,1048.30594331567,1
1050419,48361083,3,246,01:17:30,-79.572757,43.728624,,,22.5946872265497,8.67205530211147,6972.34065944956,1049.68765746708,1
1050419,48361083,3,247,01:17:31,-79.572687,43.728678,5272,22,22.5946872265497,8.23665807371692,6980.57731752328,1051,1
1050419,48361083,3,248,01:17:31,-79.572687,43.728678,5272,22,1e-12,0,6980.57731752328,1051,1
1050419,48361083,3,249,01:17:36,-79.572459,43.728894,,,23.1258634350426,30.2414274243398,7010.81874494762,1055.70767887363,1
1050419,48361083,3,250,01:17:48,-79.571578,43.728566,,,23.1258634350426,79.722181369659,7090.54092631728,1068.11801995071,1
1050419,48361083,3,251,01:18:03,-79.57049,43.728212,,,23.1258634350426,95.983687303993,7186.52461362127,1083.0597874339,1
1050419,48361083,3,252,01:18:10,-79.570012,43.728063,,,23.1258634350426,41.8764430843452,7228.40105670562,1089.578687605,1
1050419,48361083,3,253,01:18:19,-79.569324,43.727843,3130,23,23.1258634350426,60.5211066182313,7288.92216332385,1099,1
1050419,48361083,3,254,01:18:19,-79.569324,43.727843,3130,23,1e-12,0,7288.92216332385,1099,1
1050419,48361083,3,255,01:18:23,-79.569379,43.727636,,,22.0115446111986,23.4640384608741,7312.38620178472,1102.83755615297,1
1050419,48361083,3,256,01:18:26,-79.569437,43.727456,,,22.0115446111986,20.5735419905982,7332.95974377532,1106.20237004834,1
1050419,48361083,3,257,01:18:32,-79.569466,43.727128,,,22.0115446111986,36.5872425620817,7369.5469863374,1112.18623331418,1
1050419,48361083,3,258,01:18:39,-79.569447,43.726754,5484,24,22.0115446111986,41.6615359375486,7411.20852227495,1119,1
1050419,48361083,3,259,01:18:39,-79.569447,43.726754,5484,24,1e-12,0,7411.20852227495,1119,1
1050419,48361083,3,260,01:18:41,-79.569462,43.726641,,,21.9667316193962,12.6368455158674,7423.84536779082,1121.07097918094,1
1050419,48361083,3,261,01:18:44,-79.569252,43.726651,,,21.9667316193962,16.929994810479,7440.7753626013,1123.84553765299,1
1050419,48361083,3,262,01:18:47,-79.569052,43.726678,,,21.9667316193962,16.3672450304037,7457.1426076317,1126.52787033362,1
1050419,48361083,3,263,01:18:56,-79.568371,43.726827,,,21.9667316193962,57.2385696243927,7514.3811772561,1135.90836690535,1
1050419,48361083,3,264,01:19:01,-79.567984,43.726926,,,21.9667316193962,33.0250055734735,7547.40618282957,1141.32064316585,1
1050419,48361083,3,265,01:19:07,-79.567595,43.727034,,,21.9667316193962,33.5227889863368,7580.92897181591,1146.81449825735,1
1050419,48361083,3,266,01:19:10,-79.567404,43.727102,,,21.9667316193962,17.1282776911664,7598.05724950707,1149.62155215852,1
1050419,48361083,3,267,01:19:12,-79.567211,43.727165,,,21.9667316193962,17.0361527235673,7615.09340223064,1152.41350823408,1
1050419,48361083,3,268,01:19:21,-79.566658,43.727359,,,21.9667316193962,49.4503361448313,7664.54373837547,1160.517636477,1
1050419,48361083,3,269,01:19:26,-79.566293,43.727503,6802,25,21.9667316193962,33.4526689304877,7697.99640730596,1166,1
1050419,48361083,3,270,01:19:26,-79.566293,43.727503,6802,25,1e-12,0,7697.99640730596,1166,1
1050419,48361083,3,271,01:19:39,-79.565769,43.727013,,,18.7480096912515,68.935919123795,7766.93232642975,1179.23710158745,1
1050419,48361083,3,272,01:19:41,-79.565711,43.726954,,,18.7480096912515,8.05642301334269,7774.9887494431,1180.78409901948,1
1050419,48361083,3,273,01:19:42,-79.56568,43.7269,,,18.7480096912515,6.50799842693004,7781.49674787003,1182.0337673695,1
1050419,48361083,3,274,01:19:44,-79.565641,43.726792,,,18.7480096912515,12.4251136469459,7793.92186151697,1184.41964244988,1
1050419,48361083,3,275,01:19:54,-79.565436,43.726369,5237,26,18.7480096912515,49.8923989431641,7843.81426046014,1194,1
1050419,48361083,3,276,01:19:54,-79.565436,43.726369,5237,26,1e-12,0,7843.81426046014,1194,1
1050419,48361083,3,277,01:20:01,-79.565244,43.725973,,,22.9405058564527,46.7100760509978,7890.52433651113,1201.33010313006,1
1050419,48361083,3,278,01:20:16,-79.56486,43.725177,,,22.9405058564527,93.8405987645572,7984.36493527569,1216.05628910287,1
1050419,48361083,3,279,01:20:25,-79.564657,43.724678,,,22.9405058564527,57.8992213568761,8042.26415663257,1225.14227867036,1
1050419,48361083,3,280,01:20:26,-79.564632,43.724624,,,22.9405058564527,6.33877002034022,8048.60292665291,1226.13700704366,1
1050419,48361083,3,281,01:20:27,-79.564614,43.724592,,,22.9405058564527,3.84529457167541,8052.44822122458,1226.74044013902,1
1050419,48361083,3,282,01:20:29,-79.564543,43.724498,,,22.9405058564527,11.9214183855548,8064.36963961014,1228.61124048041,1
1050419,48361083,3,283,01:20:30,-79.564479,43.724408,,,22.9405058564527,11.2642767775165,8075.63391638765,1230.3789171242,1
1050419,48361083,3,284,01:20:31,-79.564435,43.724354,,,22.9405058564527,6.97600122895497,8082.60991761661,1231.47364470263,1
1050419,48361083,3,285,01:20:32,-79.564401,43.724327,,,22.9405058564527,4.06389210369229,8086.6738097203,1232.11138179809,1
1050419,48361083,3,286,01:20:33,-79.564349,43.724295,,,22.9405058564527,5.494476335342,8092.16828605564,1232.97361713549,1
1050419,48361083,3,287,01:20:40,-79.563933,43.724034,,,22.9405058564527,44.3187563474046,8136.48704240305,1239.92845605007,1
1050419,48361083,3,288,01:20:45,-79.563629,43.723841,,,22.9405058564527,32.5530172189749,8169.04005962202,1245.03692500545,1
1050419,48361083,3,289,01:20:52,-79.563217,43.723576,5990,27,22.9405058564527,44.3712396365189,8213.41129925854,1252,1
1050419,48361083,3,290,01:20:52,-79.563217,43.723576,5990,27,1e-12,0,8213.41129925854,1252,1
1050419,48361083,3,291,01:20:55,-79.563026,43.72349,,,21.1492588261454,18.1040455497156,8231.51534480826,1255.08164766031,1
1050419,48361083,3,292,01:20:58,-79.56285,43.723414,,,21.1492588261454,16.4940462708878,8248.00939107915,1257.8892432864,1
1050419,48361083,3,293,01:21:00,-79.562683,43.723387,,,21.1492588261454,13.7670688729314,8261.77645995208,1260.2326562802,1
1050419,48361083,3,294,01:21:12,-79.561881,43.72318,,,21.1492588261454,68.5115813433627,8330.28804129544,1271.89461071859,1
1050419,48361083,3,295,01:21:17,-79.561514,43.723073,,,21.1492588261454,31.8370119338631,8362.1250532293,1277.31386649034,1
1050419,48361083,3,296,01:21:25,-79.560996,43.722866,,,21.1492588261454,47.6194450873337,8409.74449831664,1285.41958800634,1
1050419,48361083,3,297,01:21:31,-79.560607,43.722808,,,21.1492588261454,31.9540138061008,8441.69851212274,1290.85875968831,1
1050419,48361083,3,298,01:21:34,-79.560408,43.722799,,,21.1492588261454,16.040812130896,8457.73932425363,1293.58920637422,1
1050419,48361083,3,299,01:21:36,-79.560236,43.722803,,,21.1492588261454,13.8445147493998,8471.58383900303,1295.94580210684,1
1050419,48361083,3,300,01:21:39,-79.560029,43.72283,,,21.1492588261454,16.922149243548,8488.50598824658,1298.82626887769,1
1050419,48361083,3,301,01:21:40,-79.559929,43.722844,,,21.1492588261454,8.19453097221622,8496.7005192188,1300.22113154132,1
1050419,48361083,3,302,01:21:55,-79.558912,43.723105,6521,28,21.1492588261454,86.8228094972895,8583.52332871609,1315,1
1050419,48361083,3,303,01:21:55,-79.558912,43.723105,6521,28,1e-12,0,8583.52332871609,1315,1
1050419,48361083,3,304,01:22:02,-79.558329,43.723245,,,24.1978275443338,49.4233906505545,8632.94671936664,1322.3529000079,1
1050419,48361083,3,305,01:22:09,-79.557794,43.723381,,,24.1978275443338,45.6252635022985,8678.57198286894,1329.14073863959,1
1050419,48361083,3,306,01:22:17,-79.55718,43.723525,,,24.1978275443338,51.9315472921372,8730.50353016108,1336.86678635644,1
1050419,48361083,3,307,01:22:22,-79.556781,43.72362,,,24.1978275443338,33.7962352466948,8764.29976540777,1341.89477685126,1
1050419,48361083,3,308,01:22:33,-79.5558640032069,43.7238295036654,,,24.1978275443338,77.3696883852866,8841.66945379306,1353.40535058672,1
1050419,48361083,3,309,01:22:45,-79.554947,43.724039,,,24.1978275443338,77.3696883861491,8919.03914217921,1364.91592432231,1
1050419,48361083,3,310,01:22:53,-79.5542685018122,43.7241990020067,,,24.1978275443338,57.4163218061548,8976.45546398536,1373.45796216118,1
1050419,48361083,3,311,01:23:02,-79.55359,43.724359,7439,29,24.1978275443338,57.4163218058246,9033.87178579119,1382,1
1050419,48361083,3,312,01:23:02,-79.55359,43.724359,7439,29,1e-12,0,9033.87178579119,1382,1
1050419,48361083,3,313,01:23:09,-79.5529350017494,43.7245190018701,,,27.2501347963106,55.6218858490325,9089.49367164022,1389.34817609356,1
1050419,48361083,3,314,01:23:17,-79.55228,43.724679,,,27.2501347963106,55.6218858477555,9145.11555748797,1396.69635218695,1
1050419,48361083,3,315,01:23:26,-79.5514175029588,43.7248845032427,,,27.2501347963106,73.0593062455175,9218.17486373349,1406.3481760935,1
1050419,48361083,3,316,01:23:36,-79.550555,43.72509,1995,30,27.2501347963106,73.0593062450724,9291.23416997857,1416,1
1050419,48361083,3,317,01:23:36,-79.550555,43.72509,1995,30,1e-12,0,9291.23416997857,1416,1
1050419,48361083,3,318,01:23:45,-79.5501404975091,43.7247300007489,,,20.2948270653068,52.1336589902607,9343.36782896882,1425.24773449712,1
1050419,48361083,3,319,01:23:54,-79.549726,43.72437,,,20.2948270653068,52.133658992979,9395.50148796181,1434.49546899472,1
1050419,48361083,3,320,01:24:04,-79.5492964974835,43.7240190008041,,,20.2948270653068,52.1592023159656,9447.66069027777,1443.74773449732,1
1050419,48361083,3,321,01:24:13,-79.548867,43.723668,10410,31,20.2948270653068,52.1592023164474,9499.81989259422,1453,1
1050419,48361083,3,322,01:24:13,-79.548867,43.723668,10410,31,1e-12,0,9499.81989259422,1453,1
1050419,48361083,3,323,01:24:25,-79.5481999937429,43.7231060019392,,,24.7264624498581,82.4215415022682,9582.24143409649,1465.0000000004,1
1050419,48361083,3,324,01:24:37,-79.547533,43.722544,4277,32,24.7264624498581,82.4215414967859,9664.66297559327,1477,1
1050419,48361083,3,325,01:24:37,-79.547533,43.722544,4277,32,1e-12,0,9664.66297559327,1477,1
1050419,48361083,3,326,01:24:43,-79.547074,43.722215,,,30.3866384280833,52.0087057746593,9716.67168136793,1483.16163387839,1
1050419,48361083,3,327,01:24:46,-79.546884,43.722026,,,30.3866384280833,26.005881503305,9742.67756287123,1486.24263191749,1
1050419,48361083,3,328,01:24:50,-79.546586,43.721793,,,30.3866384280833,35.3202699576774,9777.99783282891,1490.42713466032,1
1050419,48361083,3,329,01:24:56,-79.546177,43.721527,,,30.3866384280833,44.2664734670281,9822.26430629594,1495.67152208601,1
1050419,48361083,3,330,01:25:00,-79.54584,43.721307,5761,33,30.3866384280833,36.5355259211954,9858.79983221714,1500,1
1050419,48361083,3,331,01:25:00,-79.54584,43.721307,5761,33,1e-12,0,9858.79983221714,1500,1
1050419,48361083,3,332,01:25:02,-79.545748,43.721241,,,24.3153851467017,10.4289411991625,9869.2287734163,1501.54405073539,1
1050419,48361083,3,333,01:25:09,-79.545326,43.720942,,,24.3153851467017,47.5448557973264,9916.77362921363,1508.58327630544,1
1050419,48361083,3,334,01:25:09,-79.545301,43.720924,,,24.3153851467017,2.83907877480871,9919.61270798843,1509.00361443818,1
1050419,48361083,3,335,01:25:09,-79.545274,43.720907,,,24.3153851467017,2.88093672239798,9922.49364471083,1509.43014982464,1
1050419,48361083,3,336,01:25:10,-79.545248,43.720884,,,24.3153851467017,3.30618213964927,9925.79982685048,1509.91964467043,1
1050419,48361083,3,337,01:25:10,-79.545222,43.720866,,,24.3153851467017,2.89663207712777,9928.69645892761,1510.34850382338,1
1050419,48361083,3,338,01:25:11,-79.545197,43.720848,,,24.3153851467017,2.83908058156062,9931.53553950917,1510.76884222362,1
1050419,48361083,3,339,01:25:11,-79.545172,43.72083,,,24.3153851467017,2.83908100714823,9934.37462051632,1511.18918068686,1
1050419,48361083,3,340,01:25:12,-79.545149,43.720808,,,24.3153851467017,3.06948530886235,9937.44410582518,1511.64363152304,1
1050419,48361083,3,341,01:25:12,-79.545125,43.72079,,,24.3153851467017,2.78266588938769,9940.22677171457,1512.05561747931,1
1050419,48361083,3,342,01:25:13,-79.545103,43.720767,,,24.3153851467017,3.11257437314781,9943.33934608772,1512.51644784148,1
1050419,48361083,3,343,01:25:13,-79.545081,43.720745,,,24.3153851467017,3.02166845907175,9946.36101454679,1512.96381918217,1
1050419,48361083,3,344,01:25:13,-79.54506,43.720722,,,24.3153851467017,3.06754004626505,9949.42855459305,1513.41798201365,1
1050419,48361083,3,345,01:25:14,-79.54504,43.7207,,,24.3153851467017,2.93032179053304,9952.35887638358,1513.85182907723,1
1050419,48361083,3,346,01:25:14,-79.54502,43.720677,,,24.3153851467017,3.02397570126346,9955.38285208485,1514.29954201531,1
1050419,48361083,3,347,01:25:15,-79.545,43.720655,,,24.3153851467017,2.93032245414432,9958.31317453899,1514.73338917715,1
1050419,48361083,3,348,01:25:15,-79.544982,43.720632,,,24.3153851467017,2.94151551211999,9961.25469005111,1515.16889352058,1
1050419,48361083,3,349,01:25:16,-79.544965,43.72061,,,24.3153851467017,2.80505468310495,9964.05974473422,1515.5841942365,1
1050419,48361083,3,350,01:25:16,-79.544948,43.720587,,,24.3153851467017,2.90275291427686,9966.9624976485,1516.01395960638,1
1050419,48361083,3,351,01:25:16,-79.544932,43.720565,,,24.3153851467017,2.76671963022843,9969.72921727872,1516.42358464866,1
1050419,48361083,3,352,01:25:17,-79.544917,43.720538,,,24.3153851467017,3.23884763600928,9972.96806491473,1516.90311032425,1
1050419,48361083,3,353,01:25:17,-79.544898,43.720511,,,24.3153851467017,3.37200469998586,9976.34006961472,1517.40235049037,1
1050419,48361083,3,354,01:25:18,-79.544878,43.720484,,,24.3153851467017,3.4092303164379,9979.74929993116,1517.90710207317,1
1050419,48361083,3,355,01:25:18,-79.54486,43.720457,,,24.3153851467017,3.33630505453613,9983.08560498569,1518.40105674935,1
1050419,48361083,3,356,01:25:19,-79.544842,43.72043,,,24.3153851467017,3.33630534035712,9986.42191032605,1518.89501146785,1
1050419,48361083,3,357,01:25:19,-79.544825,43.720398,,,24.3153851467017,3.81576209574683,9990.2376724218,1519.45995187335,1
1050419,48361083,3,358,01:25:20,-79.544809,43.720371,,,24.3153851467017,3.26967815028606,9993.50735057208,1519.94404214254,1
1050419,48361083,3,359,01:25:20,-79.544793,43.72034,,,24.3153851467017,3.68317085572457,9997.19052142781,1520.48935183023,1
1050419,48361083,3,360,01:25:21,-79.544778,43.720313,,,24.3153851467017,3.23884932462509,10000.4293707524,1520.96887775583,1
1050419,48361083,3,361,01:25:22,-79.544764,43.720281,,,24.3153851467017,3.73605228633864,10004.1654230388,1521.52201677253,1
1050419,48361083,3,362,01:25:22,-79.544751,43.720254,,,24.3153851467017,3.18240103115785,10007.3478240699,1521.99318527935,1
1050419,48361083,3,363,01:25:23,-79.544739,43.720223,,,24.3153851467017,3.58340764347966,10010.9312317134,1522.52372458352,1
1050419,48361083,3,364,01:25:23,-79.544718,43.7202,,,24.3153851467017,3.06754815469187,10013.9987798681,1522.97788861548,1
1050419,48361083,3,365,01:25:23,-79.544698,43.720178,,,24.3153851467017,2.93032948838197,10016.9291093565,1523.41173681877,1
1050419,48361083,3,366,01:25:24,-79.544679,43.720151,,,24.3153851467017,3.37200886320476,10020.3011182197,1523.91097760128,1
1050419,48361083,3,367,01:25:24,-79.54466,43.720128,,,24.3153851467017,2.98195236557436,10023.2830705853,1524.35246879919,1
1050419,48361083,3,368,01:25:25,-79.544642,43.720101,,,24.3153851467017,3.33630878993528,10026.6193793752,1524.84642402841,1
1050419,48361083,3,369,01:25:25,-79.544625,43.720079,,,24.3153851467017,2.80506059337009,10029.4244399686,1525.26172561936,1
1050419,48361083,3,370,01:25:26,-79.544609,43.720052,,,24.3153851467017,3.26968084813049,10032.6941208167,1525.74581628798,1
1050419,48361083,3,371,01:25:26,-79.544593,43.720025,,,24.3153851467017,3.26968107911234,10035.9638018958,1526.22990699079,1
1050419,48361083,3,372,01:25:27,-79.544578,43.719998,,,24.3153851467017,3.23885168868476,10039.2026535845,1526.70943326639,1
1050419,48361083,3,373,01:25:27,-79.544564,43.719975,,,24.3153851467017,2.79714952585203,10041.9998031103,1527.12356358892,1
1050419,48361083,3,374,01:25:28,-79.544551,43.719948,,,24.3153851467017,3.18240278936732,10045.1822058997,1527.59473235604,1
1050419,48361083,3,375,01:25:28,-79.544538,43.719921,,,24.3153851467017,3.1824029415922,10048.3646088413,1528.0659011457,1
1050419,48361083,3,376,01:25:29,-79.544527,43.719894,,,24.3153851467017,3.1332085608897,10051.4978174022,1528.52978649036,1
1050419,48361083,3,377,01:25:29,-79.544516,43.719867,,,24.3153851467017,3.13320867722125,10054.6310260794,1528.99367185224,1
1050419,48361083,3,378,01:25:29,-79.5445,43.71984,,,24.3153851467017,3.26968264132113,10057.9007087207,1529.47776278634,1
1050419,48361083,3,379,01:25:30,-79.544484,43.719818,,,24.3153851467017,2.76672709716321,10060.6674358179,1529.88738893413,1
1050419,48361083,3,380,01:25:30,-79.544467,43.719791,,,24.3153851467017,3.30218562130548,10063.9696214392,1530.37629207776,1
1050419,48361083,3,381,01:25:31,-79.544449,43.719768,,,24.3153851467017,2.94152579380817,10066.911147233,1530.81179794344,1
1050419,48361083,3,382,01:25:31,-79.544431,43.719746,,,24.3153851467017,2.84515979632595,10069.7563070293,1531.23303639823,1
1050419,48361083,3,383,01:25:32,-79.544412,43.719723,,,24.3153851467017,2.98195766241912,10072.7382646918,1531.67452838036,1
1050419,48361083,3,384,01:25:32,-79.544392,43.719701,,,24.3153851467017,2.930336522095,10075.6686012139,1532.10837762502,1
1050419,48361083,3,385,01:25:33,-79.544372,43.719678,,,24.3153851467017,3.02398997767317,10078.6925911915,1532.55609267679,1
1050419,48361083,3,386,01:25:33,-79.54435,43.719656,,,24.3153851467017,3.02168730343071,10081.714278495,1533.00346680748,1
1050419,48361083,3,387,01:25:33,-79.544329,43.719633,,,24.3153851467017,3.06755695968015,10084.7818354546,1533.45763214305,1
1050419,48361083,3,388,01:25:34,-79.544306,43.719611,,,24.3153851467017,3.06950759521433,10087.8513430499,1533.91208627882,1
1050419,48361083,3,389,01:25:34,-79.544283,43.719588,,,24.3153851467017,3.15903794690172,10091.0103809968,1534.37979577798,1
1050419,48361083,3,390,01:25:35,-79.544259,43.71957,,,24.3153851467017,2.78269317000765,10093.7930741668,1534.79178577327,1
1050419,48361083,3,391,01:25:35,-79.544235,43.719548,,,24.3153851467017,3.11867093665859,10096.9117451034,1535.25351875855,1
1050419,48361083,3,392,01:25:36,-79.544209,43.71953,,,24.3153851467017,2.89666576034629,10099.8084108638,1535.68238289845,1
1050419,48361083,3,393,01:25:36,-79.544184,43.719507,,,24.3153851467017,3.25590620960988,10103.0643170734,1536.16443417109,1
1050419,48361083,3,394,01:25:37,-79.544158,43.719489,,,24.3153851467017,2.8966667915814,10105.960983865,1536.59329846366,1
1050419,48361083,3,395,01:25:37,-79.544131,43.719471,,,24.3153851467017,2.9552907700434,10108.916274635,1537.03084229478,1
1050419,48361083,3,396,01:25:37,-79.544104,43.719453,,,24.3153851467017,2.95529124972778,10111.8715658847,1537.46838619691,1
1050419,48361083,3,397,01:25:38,-79.544076,43.719435,,,24.3153851467017,3.01492251447175,10114.8864883992,1537.91475877077,1
1050419,48361083,3,398,01:25:38,-79.544047,43.719417,,,24.3153851467017,3.07550246068992,10117.9619908599,1538.37010047281,1
1050419,48361083,3,399,01:25:39,-79.543991,43.719395,,,24.3153851467017,5.12803366729045,10123.0900245272,1539.12932847149,1
1050419,48361083,3,400,01:25:40,-79.543936,43.719372,,,24.3153851467017,5.11232768471844,10128.2023522119,1539.8862311302,1
1050419,48361083,3,401,01:25:41,-79.54388,43.71935,,,24.3153851467017,5.12803663938018,10133.3303888513,1540.64545956892,1
1050419,48361083,3,402,01:25:41,-79.543825,43.719327,,,24.3153851467017,5.11233056217343,10138.4427194135,1541.40236265364,1
1050419,48361083,3,403,01:25:42,-79.54377,43.7193,,,24.3153851467017,5.34923788134499,10143.7919572948,1542.19434091172,1
1050419,48361083,3,404,01:25:43,-79.543716,43.719278,,,24.3153851467017,4.98726046022505,10148.779217755,1542.9327268163,1
1050419,48361083,3,405,01:25:44,-79.543662,43.719251,,,24.3153851467017,5.28288079243133,10154.0620985475,1543.71488061473,1
1050419,48361083,3,406,01:25:44,-79.543621,43.719233,,,24.3153851467017,3.85953459597102,10157.9216331434,1544.28630173192,1
1050419,48361083,3,407,01:25:44,-79.543609,43.719228,,,24.3153851467017,1.11440681140229,10159.0360399548,1544.4512945748,1
1050419,48361083,3,408,01:25:45,-79.543556,43.719201,,,24.3153851467017,5.21692027474609,10164.2529602296,1545.2236826277,1
1050419,48361083,3,409,01:25:46,-79.543504,43.719174,,,24.3153851467017,5.15137020418846,10169.4043304338,1545.98636570359,1
1050419,48361083,3,410,01:25:47,-79.543453,43.719147,,,24.3153851467017,5.08624788133149,10174.4905783151,1546.73940713239,1
1050419,48361083,3,411,01:25:47,-79.5434,43.719125,,,24.3153851467017,4.91734254215466,10179.4079208572,1547.46744138087,1
1050419,48361083,3,412,01:26:00,-79.542431,43.718806,,,24.3153851467017,85.6674217981298,10265.0753426554,1560.15088096501,1
1050419,48361083,3,413,01:26:13,-79.5414524943823,43.7184620041735,,,24.3153851467017,87.5452313991061,10352.6205740545,1573.11233854158,1
1050419,48361083,3,414,01:26:26,-79.540474,43.718118,,,24.3153851467017,87.5452314004531,10440.1658054549,1586.07379611834,1
1050419,48361083,3,415,01:26:35,-79.5397779972761,43.7178835021115,,,24.3153851467017,61.7832684322123,10501.9490738872,1595.22108146932,1
1050419,48361083,3,416,01:26:44,-79.539082,43.717649,,,24.3153851467017,61.7832684315328,10563.7323423187,1604.36836682021,1
1050419,48361083,3,417,01:26:53,-79.5384309975012,43.7174190018473,4758,34,24.3153851467017,58.3004125588105,10622.0327548775,1613,1
1050419,48361083,3,418,01:26:53,-79.5384309975012,43.7174190018473,4758,34,1e-12,0,10622.0327548775,1613,1
1050419,48361083,3,419,01:26:59,-79.53778,43.717189,,,35.9624309205905,58.3004125599993,10680.3331674375,1618.83613175871,1
1050419,48361083,3,420,01:27:03,-79.537281,43.717017,,,35.9624309205905,44.4801765440686,10724.8133439816,1623.28879614928,1
1050419,48361083,3,421,01:27:11,-79.5364129957702,43.7167250032841,1188,35,35.9624309205905,77.0315654988845,10801.8449094804,1631,1
1050419,48361083,3,422,01:27:11,-79.5364129957702,43.7167250032841,1188,35,1e-12,0,10801.8449094804,1631,1
1050419,48361083,3,423,01:27:21,-79.535545,43.716433,,,28.3294025829631,77.0315654966531,10878.8764749771,1640.78889812363,1
1050419,48361083,3,424,01:27:29,-79.534796,43.716154,,,28.3294025829631,67.7958975131633,10946.6723724903,1649.40416031748,1
1050419,48361083,3,425,01:27:31,-79.534609,43.716094,,,28.3294025829631,16.4616718223642,10963.1340443126,1651.49605118553,1
1050419,48361083,3,426,01:27:34,-79.534377,43.71602,,,28.3294025829631,20.4032987890609,10983.5373431017,1654.08883002813,1
1050419,48361083,3,427,01:27:38,-79.534007,43.715912,,,28.3294025829631,32.1057814693447,11015.643124571,1658.16871886275,1
1050419,48361083,3,428,01:27:43,-79.533587,43.715831,,,28.3294025829631,34.975088966651,11050.6182135377,1662.61322911711,1
1050419,48361083,3,429,01:27:45,-79.533327,43.715766,,,28.3294025829631,22.1354120876783,11072.7536256254,1665.42611877415,1
1050419,48361083,3,430,01:27:47,-79.533213,43.715762,,,28.3294025829631,9.18314733508281,11081.9367729604,1666.59308056621,1
1050419,48361083,3,431,01:27:48,-79.5331,43.715757,,,28.3294025829631,9.1089083154923,11091.0456812759,1667.75060832698,1
1050419,48361083,3,432,01:27:49,-79.53297,43.715748,,,28.3294025829631,10.507566737965,11101.5532480139,1669.08587263924,1
1050419,48361083,3,433,01:27:50,-79.532904,43.715737,,,28.3294025829631,5.44966037497106,11107.0029083889,1669.77839615054,1
1050419,48361083,3,434,01:27:51,-79.532764,43.715732,,,28.3294025829631,11.2780325998274,11118.2809409887,1671.2115685318,1
1050419,48361083,3,435,01:27:52,-79.532656,43.715723,,,28.3294025829631,8.74716122063919,11127.0281022093,1672.32312675482,1
1050419,48361083,3,436,01:27:54,-79.532492,43.715724,9357,36,28.3294025829631,13.1957825676113,11140.223884777,1674,1
1050419,48361083,3,437,01:27:54,-79.532492,43.715724,9357,36,1e-12,0,11140.223884777,1674,1
1050419,48361083,3,438,01:27:55,-79.532375,43.715718,,,30.8411978427814,9.43739486207826,11149.661279639,1675.10159863688,1
1050419,48361083,3,439,01:27:57,-79.532204,43.715725,,,30.8411978427814,13.7805770415307,11163.4418566806,1676.71016382953,1
1050419,48361083,3,440,01:27:58,-79.532035,43.715744,,,30.8411978427814,13.761120193826,11177.2029768744,1678.31645788304,1
1050419,48361083,3,441,01:28:00,-79.531878,43.715754,,,30.8411978427814,12.6810479815728,11189.884024856,1679.79667836495,1
1050419,48361083,3,442,01:28:03,-79.531571,43.715776,,,30.8411978427814,24.8220753162387,11214.7061001722,1682.69408434749,1
1050419,48361083,3,443,01:28:04,-79.531433,43.715813,,,30.8411978427814,11.842689338233,11226.5487895104,1684.07644575366,1
1050419,48361083,3,444,01:28:05,-79.531312,43.715841,,,30.8411978427814,10.2223419392612,11236.7711314497,1685.26966889528,1
1050419,48361083,3,445,01:28:15,-79.5302845041667,43.716084004602,,,30.8411978427814,86.984425023131,11323.7555564728,1695.42309846308,1
1050419,48361083,3,446,01:28:26,-79.529257,43.716327,,,30.8411978427814,86.9844250251771,11410.739981498,1705.57652803112,1
1050419,48361083,3,447,01:28:26,-79.529221,43.716336,,,30.8411978427814,3.06487886366365,11413.8048603617,1705.93428209649,1
1050419,48361083,3,448,01:28:34,-79.5284460022763,43.7165120026181,,,30.8411978427814,65.3606259005396,11479.1654862622,1713.56363081509,1
1050419,48361083,3,449,01:28:41,-79.527671,43.716688,,,30.8411978427814,65.3606258990698,11544.5261121613,1721.19297953352,1
1050419,48361083,3,450,01:28:47,-79.527069,43.71679,957,37,30.8411978427814,49.7487408566258,11594.2748530179,1727,1
1050419,48361083,3,451,01:28:47,-79.527069,43.71679,957,37,1e-12,0,11594.2748530179,1727,1
1050419,48361083,3,452,01:28:52,-79.526583,43.716921,,,28.0112437756045,41.7332099704617,11636.0080629884,1732.36354462148,1
1050419,48361083,3,453,01:29:04,-79.525517,43.717165,,,28.0112437756045,89.9658875976571,11725.973950586,1743.92594427592,1
1050419,48361083,3,454,01:29:11,-79.5248965041241,43.7172977550348,,,28.0112437756045,52.0647470777947,11778.0386976638,1750.61729618381,1
1050419,48361083,3,455,01:29:17,-79.5242760054988,43.7174305067131,,,28.0112437756045,52.0647470791225,11830.1034447429,1757.30864809186,1
1050419,48361083,3,456,01:29:24,-79.523655504124,43.7175632550349,1205,38,28.0112437756045,52.0647470797898,11882.1681918227,1764,1
1050419,48361083,3,457,01:29:24,-79.523655504124,43.7175632550349,1205,38,1e-12,0,11882.1681918227,1764,1
1050419,48361083,3,458,01:29:30,-79.523035,43.717696,,,30.8634911089094,52.064747078273,11934.232938901,1770.07297109781,1
1050419,48361083,3,459,01:29:40,-79.5220220038884,43.717926004473,,,30.8634911089094,85.4291923912529,12019.6621312923,1780.03766017084,1
1050419,48361083,3,460,01:29:50,-79.521009,43.718156,,,30.8634911089094,85.4291923935302,12105.0913236858,1790.00234924413,1
1050419,48361083,3,461,01:29:55,-79.520477,43.718278,,,30.8634911089094,44.9054480865296,12149.9967717723,1795.24024059418,1
1050419,48361083,3,462,01:29:56,-79.520361,43.71831,,,30.8634911089094,9.98958941065345,12159.986361183,1796.4054529725,1
1050419,48361083,3,463,01:30:01,-79.519928,43.718407,,,30.8634911089094,36.4723862610722,12196.458747444,1800.65968947726,1
1050419,48361083,3,464,01:30:08,-79.519138,43.718592,,,30.8634911089094,66.8129547055989,12263.2717021496,1808.45293088638,1
1050419,48361083,3,465,01:30:16,-79.518418,43.718754,,,30.8634911089094,60.6699710082873,12323.9416731579,1815.52963827697,1
1050419,48361083,3,466,01:30:23,-79.5176270022113,43.7189215027273,,,30.8634911089094,66.3151904853489,12390.2568636433,1823.26481913856,1
1050419,48361083,3,467,01:30:31,-79.516836,43.719089,24156,39,30.8634911089094,66.3151904841562,12456.5720541274,1831,1
1050419,48361083,3,468,01:30:31,-79.516836,43.719089,24156,39,1e-12,0,12456.5720541274,1831,1
1050419,48361083,3,469,01:30:39,-79.516004,43.719299,,,31.0252373765971,70.9028273228533,12527.4748814503,1839.22717890161,1
1050419,48361083,3,470,01:30:50,-79.5148970048407,43.7195610053417,,,31.0252373765971,93.7165706697345,12621.19145212,1850.10154064511,1
1050419,48361083,3,471,01:31:01,-79.51379,43.719823,,,31.0252373765971,93.71657066894,12714.908022789,1860.97590238852,1
1050419,48361083,3,472,01:31:10,-79.5128660094962,43.7200282611647,4871,40,31.0252373765971,77.7707695849418,12792.6787923739,1870,1
1050419,48361083,3,473,01:31:10,-79.5128660094962,43.7200282611647,4871,40,1e-12,0,12792.6787923739,1870,1
1050419,48361083,3,474,01:31:21,-79.5119420126615,43.7202335148863,,,25.4522518642144,77.7707695848785,12870.4495619588,1880.99999999997,1
1050419,48361083,3,475,01:31:32,-79.5110180094961,43.7204387611648,9910,41,25.4522518642144,77.7707695853199,12948.2203315441,1892,1
1050419,48361083,3,476,01:31:32,-79.5110180094961,43.7204387611648,9910,41,1e-12,0,12948.2203315441,1892,1
1050419,48361083,3,477,01:31:41,-79.510094,43.720644,,,32.6135863961908,77.770769583686,13025.9911011278,1900.58460541874,1
1050419,48361083,3,478,01:31:41,-79.509998,43.720663,,,32.6135863961908,8.00782148708254,13033.9989226149,1901.46853633646,1
1050419,48361083,3,479,01:31:42,-79.509895,43.720684,,,32.6135863961908,8.61004550489106,13042.6089681198,1902.41894281556,1
1050419,48361083,3,480,01:31:43,-79.50978,43.720708,,,32.6135863961908,9.63006285250882,13052.2390309723,1903.48194232282,1
1050419,48361083,3,481,01:31:45,-79.509668,43.720736,,,32.6135863961908,9.53455467804526,13061.7735856503,1904.53439930881,1
1050419,48361083,3,482,01:31:46,-79.509539,43.720767,,,32.6135863961908,10.9370602475132,13072.7106458978,1905.74166969033,1
1050419,48361083,3,483,01:31:47,-79.509412,43.72079,,,32.6135863961908,10.5333691063226,13083.2440150041,1906.90437925321,1
1050419,48361083,3,484,01:31:48,-79.509297,43.720815,,,32.6135863961908,9.66152242867326,13092.9055374328,1907.97085137684,1
1050419,48361083,3,485,01:31:49,-79.509186,43.720838,,,32.6135863961908,9.28999978326436,13102.1955372161,1908.99631355121,1
1050419,48361083,3,486,01:31:50,-79.509076,43.720844,,,32.6135863961908,8.87492797802039,13111.0704651941,1909.97595867005,1
1050419,48361083,3,487,01:31:51,-79.508943,43.720865,,,32.6135863961908,10.9525487234217,13122.0230139175,1911.18493872288,1
1050419,48361083,3,488,01:31:52,-79.508853,43.720878,5041,42,32.6135863961908,7.38390871652002,13129.406922634,1912,1
1050419,48361083,3,489,01:31:52,-79.508853,43.720878,5041,42,1e-12,0,13129.406922634,1912,1
1050419,48361083,3,490,,-79.508735,43.720892,,,,9.62044318761596,13139.0273658217,,1
1050419,48361083,3,491,,-79.508624,43.720908,,,,9.10609007158522,13148.1334558932,,1
