shape_id,trip_id,route_type,id,timestamp,shape_pt_lon,shape_pt_lat,stop_id,stop_sequence,speed,dist,cumdist,cumtime,trip_number
1050236,48355856,3,1,05:45:56,-79.363807,43.709967,3620,1,1e-12,0,0,0,1
1050236,48355856,3,2,05:45:56,-79.363807,43.709967,3620,1,1e-12,0,0,0,1
1050236,48355856,3,3,05:45:58,-79.363667,43.710124,,,37.7348629047514,20.7932545273535,20.7932545273535,1.98372832272957,1
1050236,48355856,3,4,05:46:00,-79.363574,43.71025,,,37.7348629047514,15.8977079402744,36.6909624676279,3.50040929569215,1
1050236,48355856,3,5,05:46:01,-79.363514,43.710353,,,37.7348629047514,12.4409214453658,49.1318839129936,4.68730421873365,1
1050236,48355856,3,6,05:46:02,-79.363417,43.710389,,,37.7348629047514,8.77393138139491,57.9058152943885,5.52435914729534,1
1050236,48355856,3,7,05:46:03,-79.36324,43.710443,,,37.7348629047514,15.4591469162151,73.3649622106037,6.99920030516177,1
1050236,48355856,3,8,05:46:09,-79.362525,43.7106,,,37.7348629047514,60.1293302573876,133.494292467991,12.7356883234961,1
1050236,48355856,3,9,05:46:15,-79.361722256831,43.7107700084267,,,37.7348629047514,67.3089037109644,200.803196178956,19.1571255490958,1
1050236,48355856,3,10,05:46:22,-79.3609195091079,43.7109400112357,,,37.7348629047514,67.3089037093684,268.112099888324,25.5785627745433,1
1050236,48355856,3,11,05:46:28,-79.3601167568309,43.7111100084268,1725,2,37.7348629047514,67.3089037094657,335.42100359779,32,1
1050236,48355856,3,12,05:46:28,-79.3601167568309,43.7111100084268,1725,2,1e-12,0,335.42100359779,32,1
1050236,48355856,3,13,05:46:34,-79.359314,43.71128,,,40.1161494039752,67.3089037106726,402.729907308462,38.0402620131435,1
1050236,48355856,3,14,05:46:40,-79.358511,43.711459,,,40.1161494039752,67.6162054569086,470.346112765371,44.1081011069113,1
1050236,48355856,3,15,05:46:45,-79.358705,43.711946,,,40.1161494039752,56.4152595651397,526.761372330511,49.170773807357,1
1050236,48355856,3,16,05:46:50,-79.3588949985306,43.7124095001574,409,3,40.1161494039752,53.8138776249051,580.575249955416,54,1
1050236,48355856,3,17,05:46:50,-79.3588949985306,43.7124095001574,409,3,1e-12,0,580.575249955416,54,1
1050236,48355856,3,18,05:46:54,-79.359085,43.712873,,,44.4193331436295,53.8138776267603,634.389127582176,58.3613882907677,1
1050236,48355856,3,19,05:47:01,-79.3581680032133,43.7130830036654,,,44.4193331436295,77.3990982359377,711.788225818114,64.6342594468566,1
1050236,48355856,3,20,05:47:07,-79.357251,43.713293,,,44.4193331436295,77.3990982367001,789.187324054814,70.9071306030073,1
1050236,48355856,3,21,05:47:08,-79.357033,43.71334,,,44.4193331436295,18.3044860273186,807.491810082133,72.3906321559296,1
1050236,48355856,3,22,05:47:14,-79.356208,43.713516,932,4,44.4193331436295,69.21232749748,876.704137579612,78,1
1050236,48355856,3,23,05:47:14,-79.356208,43.713516,932,4,1e-12,0,876.704137579612,78,1
1050236,48355856,3,24,05:47:20,-79.355369,43.713695,,,39.0158853592899,70.3870681225313,947.091205702144,84.4946224571777,1
1050236,48355856,3,25,05:47:25,-79.354758,43.713824,,,39.0158853592899,51.2165742481681,998.307779950312,89.2203813524453,1
1050236,48355856,3,26,05:47:27,-79.354486,43.71388,,,39.0158853592899,22.756110794499,1021.06389074481,91.3200901788833,1
1050236,48355856,3,27,05:47:32,-79.3538660013191,43.7140075016756,,,39.0158853592899,51.8659399474854,1072.9298306923,96.1057661180938,1
1050236,48355856,3,28,05:47:37,-79.353246,43.714135,,,39.0158853592899,51.8659399470611,1124.79577063936,100.891442057265,1
1050236,48355856,3,29,05:47:37,-79.353189,43.714157,,,39.0158853592899,5.1992171035351,1129.99498774289,101.371174386811,1
1050236,48355856,3,30,05:47:40,-79.352859,43.714224,,,39.0158853592899,27.5798550223867,1157.57484276528,103.915970619584,1
1050236,48355856,3,31,05:47:42,-79.352587,43.71426,,,39.0158853592899,22.2493373103973,1179.82418007568,105.968919401338,1
1050236,48355856,3,32,05:47:44,-79.352331,43.714259,,,39.0158853592899,20.5983657951528,1200.42254587083,107.869532861207,1
1050236,48355856,3,33,05:47:46,-79.352076,43.714228,,,39.0158853592899,20.8057931936414,1221.22833906447,109.789285669771,1
1050236,48355856,3,34,05:47:48,-79.351833,43.714178,,,39.0158853592899,20.3289009842294,1241.5572400487,111.665035582128,1
1050236,48355856,3,35,05:47:50,-79.351585,43.71411,,,39.0158853592899,21.3419628212596,1262.89920286996,113.634260820746,1
1050236,48355856,3,36,05:47:51,-79.35138,43.714029,,,39.0158853592899,18.7982929289631,1281.69749579892,115.368781360804,1
1050236,48355856,3,37,05:47:53,-79.351228,43.713948,,,39.0158853592899,15.1947631691475,1296.89225896807,116.770803816663,1
1050236,48355856,3,38,05:47:54,-79.3511,43.713848,,,39.0158853592899,15.16547527414,1312.05773424221,118.170123875253,1
1050236,48355856,3,39,05:47:55,-79.351038,43.713749,,,39.0158853592899,12.0971371806924,1324.1548714229,119.286328043106,1
1050236,48355856,3,40,05:47:57,-79.350978,43.713592,,,39.0158853592899,18.1316847894132,1342.28655621232,120.95934057738,1
1050236,48355856,3,41,05:48:05,-79.350637,43.712849,2654,5,39.0158853592899,87.1426239572372,1429.42918016955,129,1
1050236,48355856,3,42,05:48:05,-79.350637,43.712849,2654,5,1e-12,0,1429.42918016955,129,1
1050236,48355856,3,43,05:48:13,-79.349724,43.713036,,,34.0154193303734,76.3551080855265,1505.78428825508,137.080993694011,1
1050236,48355856,3,44,05:48:14,-79.349632,43.713045,,,34.0154193303734,7.47007012602916,1513.25435838111,137.871583755316,1
1050236,48355856,3,45,05:48:15,-79.349543,43.713045,,,34.0154193303734,7.16119115899344,1520.4155495401,138.629483810053,1
1050236,48355856,3,46,05:48:15,-79.349444,43.713036,,,34.0154193303734,8.02857660208903,1528.44412614219,139.479183044591,1
1050236,48355856,3,47,05:48:16,-79.349389,43.713027,,,34.0154193303734,4.53744608749082,1532.98157222968,139.959400729292,1
1050236,48355856,3,48,05:48:18,-79.349216,43.712972,,,34.0154193303734,15.2070536578176,1548.1886258875,141.568829460316,1
1050236,48355856,3,49,05:48:20,-79.348998,43.712908,,,34.0154193303734,18.9325601395894,1567.12118602709,143.572544770733,1
1050236,48355856,3,50,05:48:20,-79.348929,43.712896,,,34.0154193303734,5.7103921404555,1572.83157816754,144.17690044561,1
1050236,48355856,3,51,05:48:21,-79.348843,43.712901,,,34.0154193303734,6.94216854733951,1579.77374671488,144.911620383286,1
1050236,48355856,3,52,05:48:22,-79.348687,43.712923,,,34.0154193303734,12.7889081673199,1592.5626548822,146.265126243531,1
1050236,48355856,3,53,05:48:24,-79.348493,43.71296,,,34.0154193303734,16.1440699402644,1608.70672482247,147.9737234894,1
1050236,48355856,3,54,05:48:34,-79.347363,43.713199,4129,6,34.0154193303734,94.7355555084254,1703.44228033089,158,1
1050236,48355856,3,55,05:48:34,-79.347363,43.713199,4129,6,1e-12,0,1703.44228033089,158,1
1050236,48355856,3,56,05:48:39,-79.346547,43.71337,,,45.0919682754728,68.3611698546362,1771.80345018553,163.457739391043,1
1050236,48355856,3,57,05:48:46,-79.3462454888467,43.7126310011888,,,45.0919682754728,85.7676818189604,1857.57113200449,170.305159593727,1
1050236,48355856,3,58,05:48:53,-79.3459439851292,43.7118920015849,,,45.0919682754728,85.7676818259298,1943.33881383042,177.152579796967,1
1050236,48355856,3,59,05:49:00,-79.3456424888471,43.7111530011887,3422,7,45.0919682754728,85.7676818233326,2029.10649565375,184,1
1050236,48355856,3,60,05:49:00,-79.3456424888471,43.7111530011887,3422,7,1e-12,0,2029.10649565375,184,1
1050236,48355856,3,61,05:49:08,-79.345341,43.710414,,,36.9952817992154,85.7676818208672,2114.87417747462,192.346027913259,1
1050236,48355856,3,62,05:49:14,-79.345152,43.70994,,,36.9952817992154,54.9133944718427,2169.78757194646,197.689634191798,1
1050236,48355856,3,63,05:49:15,-79.345099,43.709849,,,36.9952817992154,10.9912017938166,2180.77877374028,198.759184808347,1
1050236,48355856,3,64,05:49:15,-79.345054,43.709798,,,36.9952817992154,6.73375564160681,2187.51252938189,199.414444590969,1
1050236,48355856,3,65,05:49:16,-79.345033,43.70977,,,36.9952817992154,3.54553418608272,2191.05806356797,199.759459480683,1
1050236,48355856,3,66,05:49:16,-79.345005,43.709744,,,36.9952817992154,3.66788670869173,2194.72595027666,200.116380458416,1
1050236,48355856,3,67,05:49:17,-79.344968,43.709714,,,36.9952817992154,4.47404478610453,2199.19999506276,200.551748441755,1
1050236,48355856,3,68,05:49:17,-79.344915,43.709677,,,36.9952817992154,5.92899089313052,2205.1289859559,201.1286968032,1
1050236,48355856,3,69,05:49:18,-79.344853,43.709637,,,36.9952817992154,6.68708739174568,2211.81607334764,201.779415312143,1
1050236,48355856,3,70,05:49:18,-79.344788,43.709599,,,36.9952817992154,6.72688568254909,2218.54295903019,202.434006581067,1
1050236,48355856,3,71,05:49:19,-79.344726,43.709559,,,36.9952817992154,6.68709223322943,2225.23005126342,203.084725561133,1
1050236,48355856,3,72,05:49:20,-79.344641,43.709501,24820,8,36.9952817992154,9.40578771930751,2234.63583898273,204,1
1050236,48355856,3,73,05:49:20,-79.344641,43.709501,24820,8,1e-12,0,2234.63583898273,204,1
1050236,48355856,3,74,05:49:21,-79.344586,43.709455,,,42.3127198413062,6.76819906362738,2241.40403804635,204.575843782211,1
1050236,48355856,3,75,05:49:21,-79.344547,43.709411,,,42.3127198413062,5.81717400217307,2247.22121204853,205.070773592594,1
1050236,48355856,3,76,05:49:22,-79.3445,43.709338,,,42.3127198413062,8.96328775989842,2256.18449980843,205.833377274339,1
1050236,48355856,3,77,05:49:22,-79.344494,43.709328,,,42.3127198413062,1.21338589946353,2257.39788570789,205.936613115817,1
1050236,48355856,3,78,05:49:22,-79.344478,43.709289,,,42.3127198413062,4.52834349611368,2261.926229204,206.321888197333,1
1050236,48355856,3,79,05:49:23,-79.344456,43.70926,,,42.3127198413062,3.68179783838488,2265.60802704239,206.635138498139,1
1050236,48355856,3,80,05:49:23,-79.344401,43.709191,,,42.3127198413062,8.86485196408908,2274.47287900648,207.389367183754,1
1050236,48355856,3,81,05:49:25,-79.344318,43.709034,,,42.3127198413062,18.7098421471168,2293.18272115359,208.981215497505,1
1050236,48355856,3,82,05:49:33,-79.343986,43.708252,,,42.3127198413062,91.0590327882826,2384.24175394188,216.728590737558,1
1050236,48355856,3,83,05:49:39,-79.343704,43.707622,990,9,42.3127198413062,73.7112175366332,2457.95297147851,223,1
1050236,48355856,3,84,05:49:39,-79.343704,43.707622,990,9,1e-12,0,2457.95297147851,223,1
1050236,48355856,3,85,05:49:43,-79.343613,43.707466,,,15.8748427169133,18.8466351135909,2476.7996065921,227.273924952758,1
1050236,48355856,3,86,05:50:00,-79.3433444971624,43.7068325003143,5708,10,15.8748427169133,73.756614068403,2550.5562206605,244,1
1050236,48355856,3,87,05:50:00,-79.3433444971624,43.7068325003143,5708,10,1e-12,0,2550.5562206605,244,1
1050236,48355856,3,88,,-79.343076,43.706199,,,,73.7566140686098,2624.31283472911,,1
1050236,48355832,3,1,06:05:56,-79.363807,43.709967,3620,1,1e-12,0,0,0,2
1050236,48355832,3,2,06:05:56,-79.363807,43.709967,3620,1,1e-12,0,0,0,2
1050236,48355832,3,3,06:05:58,-79.363667,43.710124,,,37.7348629047514,20.7932545273535,20.7932545273535,1.98372832272957,2
1050236,48355832,3,4,06:06:00,-79.363574,43.71025,,,37.7348629047514,15.8977079402744,36.6909624676279,3.50040929569215,2
1050236,48355832,3,5,06:06:01,-79.363514,43.710353,,,37.7348629047514,12.4409214453658,49.1318839129936,4.68730421873365,2
1050236,48355832,3,6,06:06:02,-79.363417,43.710389,,,37.7348629047514,8.77393138139491,57.9058152943885,5.52435914729534,2
1050236,48355832,3,7,06:06:03,-79.36324,43.710443,,,37.7348629047514,15.4591469162151,73.3649622106037,6.99920030516177,2
1050236,48355832,3,8,06:06:09,-79.362525,43.7106,,,37.7348629047514,60.1293302573876,133.494292467991,12.7356883234961,2
1050236,48355832,3,9,06:06:15,-79.361722256831,43.7107700084267,,,37.7348629047514,67.3089037109644,200.803196178956,19.1571255490958,2
1050236,48355832,3,10,06:06:22,-79.3609195091079,43.7109400112357,,,37.7348629047514,67.3089037093684,268.112099888324,25.5785627745433,2
1050236,48355832,3,11,06:06:28,-79.3601167568309,43.7111100084268,1725,2,37.7348629047514,67.3089037094657,335.42100359779,32,2
1050236,48355832,3,12,06:06:28,-79.3601167568309,43.7111100084268,1725,2,1e-12,0,335.42100359779,32,2
1050236,48355832,3,13,06:06:34,-79.359314,43.71128,,,40.1161494039752,67.3089037106726,402.729907308462,38.0402620131435,2
1050236,48355832,3,14,06:06:40,-79.358511,43.711459,,,40.1161494039752,67.6162054569086,470.346112765371,44.1081011069113,2
1050236,48355832,3,15,06:06:45,-79.358705,43.711946,,,40.1161494039752,56.4152595651397,526.761372330511,49.170773807357,2
1050236,48355832,3,16,06:06:50,-79.3588949985306,43.7124095001574,409,3,40.1161494039752,53.8138776249051,580.575249955416,54,2
1050236,48355832,3,17,06:06:50,-79.3588949985306,43.7124095001574,409,3,1e-12,0,580.575249955416,54,2
1050236,48355832,3,18,06:06:54,-79.359085,43.712873,,,44.4193331436295,53.8138776267603,634.389127582176,58.3613882907677,2
1050236,48355832,3,19,06:07:01,-79.3581680032133,43.7130830036654,,,44.4193331436295,77.3990982359377,711.788225818114,64.6342594468566,2
1050236,48355832,3,20,06:07:07,-79.357251,43.713293,,,44.4193331436295,77.3990982367001,789.187324054814,70.9071306030073,2
1050236,48355832,3,21,06:07:08,-79.357033,43.71334,,,44.4193331436295,18.3044860273186,807.491810082133,72.3906321559296,2
1050236,48355832,3,22,06:07:14,-79.356208,43.713516,932,4,44.4193331436295,69.21232749748,876.704137579612,78,2
1050236,48355832,3,23,06:07:14,-79.356208,43.713516,932,4,1e-12,0,876.704137579612,78,2
1050236,48355832,3,24,06:07:20,-79.355369,43.713695,,,39.0158853592899,70.3870681225313,947.091205702144,84.4946224571777,2
1050236,48355832,3,25,06:07:25,-79.354758,43.713824,,,39.0158853592899,51.2165742481681,998.307779950312,89.2203813524453,2
1050236,48355832,3,26,06:07:27,-79.354486,43.71388,,,39.0158853592899,22.756110794499,1021.06389074481,91.3200901788833,2
1050236,48355832,3,27,06:07:32,-79.3538660013191,43.7140075016756,,,39.0158853592899,51.8659399474854,1072.9298306923,96.1057661180938,2
1050236,48355832,3,28,06:07:37,-79.353246,43.714135,,,39.0158853592899,51.8659399470611,1124.79577063936,100.891442057265,2
1050236,48355832,3,29,06:07:37,-79.353189,43.714157,,,39.0158853592899,5.1992171035351,1129.99498774289,101.371174386811,2
1050236,48355832,3,30,06:07:40,-79.352859,43.714224,,,39.0158853592899,27.5798550223867,1157.57484276528,103.915970619584,2
1050236,48355832,3,31,06:07:42,-79.352587,43.71426,,,39.0158853592899,22.2493373103973,1179.82418007568,105.968919401338,2
1050236,48355832,3,32,06:07:44,-79.352331,43.714259,,,39.0158853592899,20.5983657951528,1200.42254587083,107.869532861207,2
1050236,48355832,3,33,06:07:46,-79.352076,43.714228,,,39.0158853592899,20.8057931936414,1221.22833906447,109.789285669771,2
1050236,48355832,3,34,06:07:48,-79.351833,43.714178,,,39.0158853592899,20.3289009842294,1241.5572400487,111.665035582128,2
1050236,48355832,3,35,06:07:50,-79.351585,43.71411,,,39.0158853592899,21.3419628212596,1262.89920286996,113.634260820746,2
1050236,48355832,3,36,06:07:51,-79.35138,43.714029,,,39.0158853592899,18.7982929289631,1281.69749579892,115.368781360804,2
1050236,48355832,3,37,06:07:53,-79.351228,43.713948,,,39.0158853592899,15.1947631691475,1296.89225896807,116.770803816663,2
1050236,48355832,3,38,06:07:54,-79.3511,43.713848,,,39.0158853592899,15.16547527414,1312.05773424221,118.170123875253,2
1050236,48355832,3,39,06:07:55,-79.351038,43.713749,,,39.0158853592899,12.0971371806924,1324.1548714229,119.286328043106,2
1050236,48355832,3,40,06:07:57,-79.350978,43.713592,,,39.0158853592899,18.1316847894132,1342.28655621232,120.95934057738,2
1050236,48355832,3,41,06:08:05,-79.350637,43.712849,2654,5,39.0158853592899,87.1426239572372,1429.42918016955,129,2
1050236,48355832,3,42,06:08:05,-79.350637,43.712849,2654,5,1e-12,0,1429.42918016955,129,2
1050236,48355832,3,43,06:08:13,-79.349724,43.713036,,,34.0154193303734,76.3551080855265,1505.78428825508,137.080993694011,2
1050236,48355832,3,44,06:08:14,-79.349632,43.713045,,,34.0154193303734,7.47007012602916,1513.25435838111,137.871583755316,2
1050236,48355832,3,45,06:08:15,-79.349543,43.713045,,,34.0154193303734,7.16119115899344,1520.4155495401,138.629483810053,2
1050236,48355832,3,46,06:08:15,-79.349444,43.713036,,,34.0154193303734,8.02857660208903,1528.44412614219,139.479183044591,2
1050236,48355832,3,47,06:08:16,-79.349389,43.713027,,,34.0154193303734,4.53744608749082,1532.98157222968,139.959400729292,2
1050236,48355832,3,48,06:08:18,-79.349216,43.712972,,,34.0154193303734,15.2070536578176,1548.1886258875,141.568829460316,2
1050236,48355832,3,49,06:08:20,-79.348998,43.712908,,,34.0154193303734,18.9325601395894,1567.12118602709,143.572544770733,2
1050236,48355832,3,50,06:08:20,-79.348929,43.712896,,,34.0154193303734,5.7103921404555,1572.83157816754,144.17690044561,2
1050236,48355832,3,51,06:08:21,-79.348843,43.712901,,,34.0154193303734,6.94216854733951,1579.77374671488,144.911620383286,2
1050236,48355832,3,52,06:08:22,-79.348687,43.712923,,,34.0154193303734,12.7889081673199,1592.5626548822,146.265126243531,2
1050236,48355832,3,53,06:08:24,-79.348493,43.71296,,,34.0154193303734,16.1440699402644,1608.70672482247,147.9737234894,2
1050236,48355832,3,54,06:08:34,-79.347363,43.713199,4129,6,34.0154193303734,94.7355555084254,1703.44228033089,158,2
1050236,48355832,3,55,06:08:34,-79.347363,43.713199,4129,6,1e-12,0,1703.44228033089,158,2
1050236,48355832,3,56,06:08:39,-79.346547,43.71337,,,45.0919682754728,68.3611698546362,1771.80345018553,163.457739391043,2
1050236,48355832,3,57,06:08:46,-79.3462454888467,43.7126310011888,,,45.0919682754728,85.7676818189604,1857.57113200449,170.305159593727,2
1050236,48355832,3,58,06:08:53,-79.3459439851292,43.7118920015849,,,45.0919682754728,85.7676818259298,1943.33881383042,177.152579796967,2
1050236,48355832,3,59,06:09:00,-79.3456424888471,43.7111530011887,3422,7,45.0919682754728,85.7676818233326,2029.10649565375,184,2
1050236,48355832,3,60,06:09:00,-79.3456424888471,43.7111530011887,3422,7,1e-12,0,2029.10649565375,184,2
1050236,48355832,3,61,06:09:08,-79.345341,43.710414,,,36.9952817992154,85.7676818208672,2114.87417747462,192.346027913259,2
1050236,48355832,3,62,06:09:14,-79.345152,43.70994,,,36.9952817992154,54.9133944718427,2169.78757194646,197.689634191798,2
1050236,48355832,3,63,06:09:15,-79.345099,43.709849,,,36.9952817992154,10.9912017938166,2180.77877374028,198.759184808347,2
1050236,48355832,3,64,06:09:15,-79.345054,43.709798,,,36.9952817992154,6.73375564160681,2187.51252938189,199.414444590969,2
1050236,48355832,3,65,06:09:16,-79.345033,43.70977,,,36.9952817992154,3.54553418608272,2191.05806356797,199.759459480683,2
1050236,48355832,3,66,06:09:16,-79.345005,43.709744,,,36.9952817992154,3.66788670869173,2194.72595027666,200.116380458416,2
1050236,48355832,3,67,06:09:17,-79.344968,43.709714,,,36.9952817992154,4.47404478610453,2199.19999506276,200.551748441755,2
1050236,48355832,3,68,06:09:17,-79.344915,43.709677,,,36.9952817992154,5.92899089313052,2205.1289859559,201.1286968032,2
1050236,48355832,3,69,06:09:18,-79.344853,43.709637,,,36.9952817992154,6.68708739174568,2211.81607334764,201.779415312143,2
1050236,48355832,3,70,06:09:18,-79.344788,43.709599,,,36.9952817992154,6.72688568254909,2218.54295903019,202.434006581067,2
1050236,48355832,3,71,06:09:19,-79.344726,43.709559,,,36.9952817992154,6.68709223322943,2225.23005126342,203.084725561133,2
1050236,48355832,3,72,06:09:20,-79.344641,43.709501,24820,8,36.9952817992154,9.40578771930751,2234.63583898273,204,2
1050236,48355832,3,73,06:09:20,-79.344641,43.709501,24820,8,1e-12,0,2234.63583898273,204,2
1050236,48355832,3,74,06:09:21,-79.344586,43.709455,,,42.3127198413062,6.76819906362738,2241.40403804635,204.575843782211,2
1050236,48355832,3,75,06:09:21,-79.344547,43.709411,,,42.3127198413062,5.81717400217307,2247.22121204853,205.070773592594,2
1050236,48355832,3,76,06:09:22,-79.3445,43.709338,,,42.3127198413062,8.96328775989842,2256.18449980843,205.833377274339,2
1050236,48355832,3,77,06:09:22,-79.344494,43.709328,,,42.3127198413062,1.21338589946353,2257.39788570789,205.936613115817,2
1050236,48355832,3,78,06:09:22,-79.344478,43.709289,,,42.3127198413062,4.52834349611368,2261.926229204,206.321888197333,2
1050236,48355832,3,79,06:09:23,-79.344456,43.70926,,,42.3127198413062,3.68179783838488,2265.60802704239,206.635138498139,2
1050236,48355832,3,80,06:09:23,-79.344401,43.709191,,,42.3127198413062,8.86485196408908,2274.47287900648,207.389367183754,2
1050236,48355832,3,81,06:09:25,-79.344318,43.709034,,,42.3127198413062,18.7098421471168,2293.18272115359,208.981215497505,2
1050236,48355832,3,82,06:09:33,-79.343986,43.708252,,,42.3127198413062,91.0590327882826,2384.24175394188,216.728590737558,2
1050236,48355832,3,83,06:09:39,-79.343704,43.707622,990,9,42.3127198413062,73.7112175366332,2457.95297147851,223,2
1050236,48355832,3,84,06:09:39,-79.343704,43.707622,990,9,1e-12,0,2457.95297147851,223,2
1050236,48355832,3,85,06:09:43,-79.343613,43.707466,,,15.8748427169133,18.8466351135909,2476.7996065921,227.273924952758,2
1050236,48355832,3,86,06:10:00,-79.3433444971624,43.7068325003143,5708,10,15.8748427169133,73.756614068403,2550.5562206605,244,2
1050236,48355832,3,87,06:10:00,-79.3433444971624,43.7068325003143,5708,10,1e-12,0,2550.5562206605,244,2
1050236,48355832,3,88,,-79.343076,43.706199,,,,73.7566140686098,2624.31283472911,,2
1050236,48355877,3,1,06:17:54,-79.363807,43.709967,3620,1,1e-12,0,0,0,3
1050236,48355877,3,2,06:17:54,-79.363807,43.709967,3620,1,1e-12,0,0,0,3
1050236,48355877,3,3,06:17:57,-79.363667,43.710124,,,25.1565752698342,20.7932545273535,20.7932545273535,2.97559248409435,3
1050236,48355877,3,4,06:17:59,-79.363574,43.71025,,,25.1565752698342,15.8977079402744,36.6909624676279,5.25061394353822,3
1050236,48355877,3,5,06:18:01,-79.363514,43.710353,,,25.1565752698342,12.4409214453658,49.1318839129936,7.03095632810048,3
1050236,48355877,3,6,06:18:02,-79.363417,43.710389,,,25.1565752698342,8.77393138139491,57.9058152943885,8.28653872094301,3
1050236,48355877,3,7,06:18:04,-79.36324,43.710443,,,25.1565752698342,15.4591469162151,73.3649622106037,10.4988004577427,3
1050236,48355877,3,8,06:18:13,-79.362525,43.7106,,,25.1565752698342,60.1293302573876,133.494292467991,19.1035324852442,3
1050236,48355877,3,9,06:18:23,-79.361722256831,43.7107700084267,,,25.1565752698342,67.3089037109644,200.803196178956,28.7356883236437,3
1050236,48355877,3,10,06:18:32,-79.3609195091079,43.7109400112357,,,25.1565752698342,67.3089037093684,268.112099888324,38.3678441618149,3
1050236,48355877,3,11,06:18:42,-79.3601167568309,43.7111100084268,1725,2,25.1565752698342,67.3089037094657,335.42100359779,48,3
1050236,48355877,3,12,06:18:42,-79.3601167568309,43.7111100084268,1725,2,1e-12,0,335.42100359779,48,3
1050236,48355877,3,13,06:18:51,-79.359314,43.71128,,,26.7440996026501,67.3089037106726,402.729907308462,57.0603930197153,3
1050236,48355877,3,14,06:19:00,-79.358511,43.711459,,,26.7440996026501,67.6162054569086,470.346112765371,66.162151660367,3
1050236,48355877,3,15,06:19:08,-79.358705,43.711946,,,26.7440996026501,56.4152595651397,526.761372330511,73.7561607110354,3
1050236,48355877,3,16,06:19:15,-79.3588949985306,43.7124095001574,409,3,26.7440996026501,53.8138776249051,580.575249955416,81,3
1050236,48355877,3,17,06:19:15,-79.3588949985306,43.7124095001574,409,3,1e-12,0,580.575249955416,81,3
1050236,48355877,3,18,06:19:22,-79.359085,43.712873,,,28.8125404174894,53.8138776267603,634.389127582176,87.7238069482669,3
1050236,48355877,3,19,06:19:31,-79.3581680032133,43.7130830036654,,,28.8125404174894,77.3990982359377,711.788225818114,97.3944833139039,3
1050236,48355877,3,20,06:19:41,-79.357251,43.713293,,,28.8125404174894,77.3990982367001,789.187324054814,107.065159679636,3
1050236,48355877,3,21,06:19:43,-79.357033,43.71334,,,28.8125404174894,18.3044860273186,807.491810082133,109.352224573725,3
1050236,48355877,3,22,06:19:52,-79.356208,43.713516,932,4,28.8125404174894,69.21232749748,876.704137579612,118,3
1050236,48355877,3,23,06:19:52,-79.356208,43.713516,932,4,1e-12,0,876.704137579612,118,3
1050236,48355877,3,24,06:20:02,-79.355369,43.713695,,,26.181712543734,70.3870681225313,947.091205702144,127.678260916578,3
1050236,48355877,3,25,06:20:09,-79.354758,43.713824,,,26.181712543734,51.2165742481681,998.307779950312,134.720568289918,3
1050236,48355877,3,26,06:20:12,-79.354486,43.71388,,,26.181712543734,22.756110794499,1021.06389074481,137.849546148924,3
1050236,48355877,3,27,06:20:19,-79.3538660013191,43.7140075016756,,,26.181712543734,51.8659399474854,1072.9298306923,144.981141666179,3
1050236,48355877,3,28,06:20:26,-79.353246,43.714135,,,26.181712543734,51.8659399470611,1124.79577063936,152.112737183375,3
1050236,48355877,3,29,06:20:27,-79.353189,43.714157,,,26.181712543734,5.1992171035351,1129.99498774289,152.827632419562,3
1050236,48355877,3,30,06:20:31,-79.352859,43.714224,,,26.181712543734,27.5798550223867,1157.57484276528,156.619877786046,3
1050236,48355877,3,31,06:20:34,-79.352587,43.71426,,,26.181712543734,22.2493373103973,1179.82418007568,159.679174009837,3
1050236,48355877,3,32,06:20:37,-79.352331,43.714259,,,26.181712543734,20.5983657951528,1200.42254587083,162.511460734347,3
1050236,48355877,3,33,06:20:39,-79.352076,43.714228,,,26.181712543734,20.8057931936414,1221.22833906447,165.372268841227,3
1050236,48355877,3,34,06:20:42,-79.351833,43.714178,,,26.181712543734,20.3289009842294,1241.5572400487,168.16750400474,3
1050236,48355877,3,35,06:20:45,-79.351585,43.71411,,,26.181712543734,21.3419628212596,1262.89920286996,171.102035732876,3
1050236,48355877,3,36,06:20:48,-79.35138,43.714029,,,26.181712543734,18.7982929289631,1281.69749579892,173.68681143963,3
1050236,48355877,3,37,06:20:50,-79.351228,43.713948,,,26.181712543734,15.1947631691475,1296.89225896807,175.776099805223,3
1050236,48355877,3,38,06:20:52,-79.3511,43.713848,,,26.181712543734,15.16547527414,1312.05773424221,177.861361069005,3
1050236,48355877,3,39,06:20:54,-79.351038,43.713749,,,26.181712543734,12.0971371806924,1324.1548714229,179.524724142667,3
1050236,48355877,3,40,06:20:56,-79.350978,43.713592,,,26.181712543734,18.1316847894132,1342.28655621232,182.017840860409,3
1050236,48355877,3,41,06:21:08,-79.350637,43.712849,2654,5,26.181712543734,87.1426239572372,1429.42918016955,194,3
1050236,48355877,3,42,06:21:08,-79.350637,43.712849,2654,5,1e-12,0,1429.42918016955,194,3
1050236,48355877,3,43,06:21:20,-79.349724,43.713036,,,22.9406316414146,76.3551080855265,1505.78428825508,205.982163063534,3
1050236,48355877,3,44,06:21:21,-79.349632,43.713045,,,22.9406316414146,7.47007012602916,1513.25435838111,207.154417292365,3
1050236,48355877,3,45,06:21:22,-79.349543,43.713045,,,22.9406316414146,7.16119115899344,1520.4155495401,208.278200132147,3
1050236,48355877,3,46,06:21:24,-79.349444,43.713036,,,22.9406316414146,8.02857660208903,1528.44412614219,209.538098997152,3
1050236,48355877,3,47,06:21:24,-79.349389,43.713027,,,22.9406316414146,4.53744608749082,1532.98157222968,210.25014590895,3
1050236,48355877,3,48,06:21:27,-79.349216,43.712972,,,22.9406316414146,15.2070536578176,1548.1886258875,212.636540234262,3
1050236,48355877,3,49,06:21:30,-79.348998,43.712908,,,22.9406316414146,18.9325601395894,1567.12118602709,215.607566384191,3
1050236,48355877,3,50,06:21:31,-79.348929,43.712896,,,22.9406316414146,5.7103921404555,1572.83157816754,216.503679971078,3
1050236,48355877,3,51,06:21:32,-79.348843,43.712901,,,22.9406316414146,6.94216854733951,1579.77374671488,217.593092292459,3
1050236,48355877,3,52,06:21:34,-79.348687,43.712923,,,22.9406316414146,12.7889081673199,1592.5626548822,219.600014774891,3
1050236,48355877,3,53,06:21:36,-79.348493,43.71296,,,22.9406316414146,16.1440699402644,1608.70672482247,222.13345207049,3
1050236,48355877,3,54,06:21:51,-79.347363,43.713199,4129,6,22.9406316414146,94.7355555084254,1703.44228033089,237,3
1050236,48355877,3,55,06:21:51,-79.347363,43.713199,4129,6,1e-12,0,1703.44228033089,237,3
1050236,48355877,3,56,06:21:59,-79.346547,43.71337,,,30.0613121836485,68.3611698546362,1771.80345018553,245.186609086564,3
1050236,48355877,3,57,06:22:09,-79.3462454888467,43.7126310011888,,,30.0613121836485,85.7676818189604,1857.57113200449,255.45773939059,3
1050236,48355877,3,58,06:22:20,-79.3459439851292,43.7118920015849,,,30.0613121836485,85.7676818259298,1943.33881383042,265.72886969545,3
1050236,48355877,3,59,06:22:30,-79.3456424888471,43.7111530011887,3422,7,30.0613121836485,85.7676818233326,2029.10649565375,276,3
1050236,48355877,3,60,06:22:30,-79.3456424888471,43.7111530011887,3422,7,1e-12,0,2029.10649565375,276,3
1050236,48355877,3,61,06:22:43,-79.345341,43.710414,,,24.6635211994769,85.7676818208672,2114.87417747462,288.519041869888,3
1050236,48355877,3,62,06:22:51,-79.345152,43.70994,,,24.6635211994769,54.9133944718427,2169.78757194646,296.534451287698,3
1050236,48355877,3,63,06:22:52,-79.345099,43.709849,,,24.6635211994769,10.9912017938166,2180.77877374028,298.138777212521,3
1050236,48355877,3,64,06:22:53,-79.345054,43.709798,,,24.6635211994769,6.73375564160681,2187.51252938189,299.121666886453,3
1050236,48355877,3,65,06:22:54,-79.345033,43.70977,,,24.6635211994769,3.54553418608272,2191.05806356797,299.639189221024,3
1050236,48355877,3,66,06:22:54,-79.345005,43.709744,,,24.6635211994769,3.66788670869173,2194.72595027666,300.174570687624,3
1050236,48355877,3,67,06:22:55,-79.344968,43.709714,,,24.6635211994769,4.47404478610453,2199.19999506276,300.827622662632,3
1050236,48355877,3,68,06:22:56,-79.344915,43.709677,,,24.6635211994769,5.92899089313052,2205.1289859559,301.6930452048,3
1050236,48355877,3,69,06:22:57,-79.344853,43.709637,,,24.6635211994769,6.68708739174568,2211.81607334764,302.669122968214,3
1050236,48355877,3,70,06:22:58,-79.344788,43.709599,,,24.6635211994769,6.72688568254909,2218.54295903019,303.651009871601,3
1050236,48355877,3,71,06:22:59,-79.344726,43.709559,,,24.6635211994769,6.68709223322943,2225.23005126342,304.627088341699,3
1050236,48355877,3,72,06:23:00,-79.344641,43.709501,24820,8,24.6635211994769,9.40578771930751,2234.63583898273,306,3
1050236,48355877,3,73,06:23:00,-79.344641,43.709501,24820,8,1e-12,0,2234.63583898273,306,3
1050236,48355877,3,74,06:23:01,-79.344586,43.709455,,,27.7221267925799,6.76819906362738,2241.40403804635,306.878919457059,3
1050236,48355877,3,75,06:23:02,-79.344547,43.709411,,,27.7221267925799,5.81717400217307,2247.22121204853,307.634338641327,3
1050236,48355877,3,76,06:23:03,-79.3445,43.709338,,,27.7221267925799,8.96328775989842,2256.18449980843,308.798312681886,3
1050236,48355877,3,77,06:23:03,-79.344494,43.709328,,,27.7221267925799,1.21338589946353,2257.39788570789,308.955883176774,3
1050236,48355877,3,78,06:23:04,-79.344478,43.709289,,,27.7221267925799,4.52834349611368,2261.926229204,309.543934616982,3
1050236,48355877,3,79,06:23:04,-79.344456,43.70926,,,27.7221267925799,3.68179783838488,2265.60802704239,310.022053497159,3
1050236,48355877,3,80,06:23:05,-79.344401,43.709191,,,27.7221267925799,8.86485196408908,2274.47287900648,311.173244648888,3
1050236,48355877,3,81,06:23:08,-79.344318,43.709034,,,27.7221267925799,18.7098421471168,2293.18272115359,313.602907864614,3
1050236,48355877,3,82,06:23:19,-79.343986,43.708252,,,27.7221267925799,91.0590327882826,2384.24175394188,325.427849020483,3
1050236,48355877,3,83,06:23:29,-79.343704,43.707622,990,9,27.7221267925799,73.7112175366332,2457.95297147851,335,3
1050236,48355877,3,84,06:23:29,-79.343704,43.707622,990,9,1e-12,0,2457.95297147851,335,3
1050236,48355877,3,85,06:23:35,-79.343613,43.707466,,,10.7539257114574,18.8466351135909,2476.7996065921,341.309127311215,3
1050236,48355877,3,86,06:24:00,-79.3433444971624,43.7068325003143,5708,10,10.7539257114574,73.756614068403,2550.5562206605,366,3
1050236,48355877,3,87,06:24:00,-79.3433444971624,43.7068325003143,5708,10,1e-12,0,2550.5562206605,366,3
1050236,48355877,3,88,,-79.343076,43.706199,,,,73.7566140686098,2624.31283472911,,3
