shape_id,trip_id,route_type,id,timestamp,shape_pt_lon,shape_pt_lat,stop_id,stop_sequence,speed,dist,cumdist,cumtime,trip_number
1050438,48361185,3,1,,-79.452852,43.733376,,,1e-12,0,0,0,1
1050438,48361185,3,2,05:19:06,-79.453051,43.733333,896,1,,16.7070787731067,16.7070787731067,,1
1050438,48361185,3,3,05:19:06,-79.453051,43.733333,896,1,1e-12,0,16.7070787731067,0,1
1050438,48361185,3,4,05:19:14,-79.4542005143379,43.7330840172796,,,46.3329079131246,96.5268914858362,113.233970258943,7.50000000001243,1
1050438,48361185,3,5,05:19:21,-79.4553500191174,43.7328350230394,895,2,46.3329079131246,96.5268914855162,209.760861744459,15,1
1050438,48361185,3,6,05:19:21,-79.4553500191174,43.7328350230394,895,2,1e-12,0,209.760861744459,15,1
1050438,48361185,3,7,05:19:34,-79.4564995143382,43.7325860172794,,,26.9690705657622,96.5268914881124,306.287753232572,27.8850124259884,1
1050438,48361185,3,8,05:19:47,-79.457649,43.732337,,,26.9690705657622,96.5268914857445,402.814644718316,40.7700248516608,1
1050438,48361185,3,9,05:19:54,-79.4582780013233,43.7322110017246,,,26.9690705657622,52.5031657710943,455.31781048941,47.7784753770524,1
1050438,48361185,3,10,05:20:01,-79.458907,43.732085,,,26.9690705657622,52.5031657744226,507.820976263833,54.7869259028883,1
1050438,48361185,3,11,05:20:05,-79.45928,43.731997,8737,3,26.9690705657622,31.5618590621642,539.382835325997,59,1
1050438,48361185,3,12,05:20:05,-79.45928,43.731997,8737,3,1e-12,0,539.382835325997,59,1
1050438,48361185,3,13,05:20:11,-79.459885,43.731989,,,31.7631932690867,48.6727612155459,588.055596541543,64.5165089634265,1
1050438,48361185,3,14,05:20:15,-79.460367,43.731973,,,31.7631932690867,38.8117138329342,626.867310374477,68.915379335649,1
1050438,48361185,3,15,05:20:18,-79.460743,43.731954,,,31.7631932690867,30.3183346683004,657.185645042778,72.3516208961632,1
1050438,48361185,3,16,05:20:21,-79.460987,43.731931,,,31.7631932690867,19.7930334973533,676.978678540131,74.5949381844102,1
1050438,48361185,3,17,05:20:23,-79.461277,43.731886,,,31.7631932690867,23.8586846618102,700.837363201941,77.2990512140693,1
1050438,48361185,3,18,05:20:26,-79.461526,43.731821,,,31.7631932690867,21.2958988231309,722.133262025072,79.7127013503698,1
1050438,48361185,3,19,05:20:32,-79.4621960017005,43.7316690019568,,,31.7631932690867,56.4871395817823,778.620401606854,86.114882037043,1
1050438,48361185,3,20,05:20:39,-79.462866,43.731517,,,31.7631932690867,56.4871395802119,835.107541187066,92.5170627235383,1
1050438,48361185,3,21,05:20:46,-79.4636765024765,43.7313340028635,,,31.7631932690867,68.3038234850697,903.411364672136,100.258531361881,1
1050438,48361185,3,22,05:20:54,-79.464487,43.731151,10047,4,31.7631932690867,68.3038234830975,971.715188155233,108,1
1050438,48361185,3,23,05:20:54,-79.464487,43.731151,10047,4,1e-12,0,971.715188155233,108,1
1050438,48361185,3,24,05:21:04,-79.465501,43.730925,,,29.6159933131286,85.3566171684055,1057.07180532364,118.375604105436,1
1050438,48361185,3,25,05:21:11,-79.4661497548418,43.7307760055039,,,29.6159933131286,54.7574951933259,1111.82930051696,125.031703079114,1
1050438,48361185,3,26,05:21:18,-79.4667985064558,43.7306270073385,,,29.6159933131286,54.7574951939405,1166.58679571091,131.687802052867,1
1050438,48361185,3,27,05:21:24,-79.4674472548419,43.7304780055038,,,29.6159933131286,54.7574951912752,1221.34429090218,138.343901026296,1
1050438,48361185,3,28,05:21:31,-79.468096,43.730329,4926,5,29.6159933131286,54.7574951935409,1276.10178609572,145,1
1050438,48361185,3,29,05:21:31,-79.468096,43.730329,4926,5,1e-12,0,1276.10178609572,145,1
1050438,48361185,3,30,05:21:39,-79.4689360076996,43.7301460092272,,,29.890074152802,70.5737861937171,1346.67557228944,153.499999999952,1
1050438,48361185,3,31,05:21:48,-79.4697760102662,43.7299630123029,,,29.890074152802,70.5737861952183,1417.24935848466,162.000000000085,1
1050438,48361185,3,32,05:21:57,-79.4706160076997,43.7297800092272,,,29.890074152802,70.5737861940594,1487.82314467872,170.500000000078,1
1050438,48361185,3,33,05:22:05,-79.471456,43.729597,7617,6,29.890074152802,70.5737861934682,1558.39693087218,179,1
1050438,48361185,3,34,05:22:05,-79.471456,43.729597,7617,6,1e-12,0,1558.39693087218,179,1
1050438,48361185,3,35,05:22:14,-79.4724385037483,43.7293685042078,,,32.4895460433849,83.0256604472813,1641.42259131947,188.199647702405,1
1050438,48361185,3,36,05:22:23,-79.473421,43.72914,,,32.4895460433849,83.0256604445574,1724.44825176402,197.399295404509,1
1050438,48361185,3,37,05:22:32,-79.4743320097074,43.728927260853,,,32.4895460433849,77.0143769159362,1801.46262867996,205.932863602942,1
1050438,48361185,3,38,05:22:40,-79.4752430129433,43.7287145144706,,,32.4895460433849,77.0143769175493,1878.47700559751,214.466431801554,1
1050438,48361185,3,39,05:22:49,-79.4761540097076,43.7285017608529,5623,7,32.4895460433849,77.0143769160473,1955.49138251356,223,1
1050438,48361185,3,40,05:22:49,-79.4761540097076,43.7285017608529,5623,7,1e-12,0,1955.49138251356,223,1
1050438,48361185,3,41,05:22:59,-79.477065,43.728289,,,28.1943801576776,77.0143769187966,2032.50575943235,232.833582272678,1
1050438,48361185,3,42,05:23:06,-79.477738,43.728156,3913,8,28.1943801576776,56.1257516035697,2088.63151103592,240,1
1050438,48361185,3,43,05:23:06,-79.477738,43.728156,3913,8,1e-12,0,2088.63151103592,240,1
1050438,48361185,3,44,05:23:14,-79.478491,43.727969,,,28.0832418929169,64.0504799622301,2152.68199099815,248.210652058735,1
1050438,48361185,3,45,05:23:23,-79.479332,43.727776,,,28.0832418929169,70.982039253809,2223.66403025196,257.309862979187,1
1050438,48361185,3,46,05:23:27,-79.479604,43.727656,,,28.0832418929169,25.6359663595427,2249.2999966115,260.596145924947,1
1050438,48361185,3,47,05:23:29,-79.479821,43.727577,,,28.0832418929169,19.5462808904242,2268.84627750193,263.101790090739,1
1050438,48361185,3,48,05:23:31,-79.480016,43.72749,,,28.0832418929169,18.4352972778476,2287.28157477978,265.46501690242,1
1050438,48361185,3,49,05:23:35,-79.480274,43.727381,,,28.0832418929169,24.0411262898024,2311.32270106958,268.54685677594,1
1050438,48361185,3,50,05:23:37,-79.480461,43.727304,,,28.0832418929169,17.3136625800409,2328.63636364962,270.766300867395,1
1050438,48361185,3,51,05:23:39,-79.480676,43.727207,,,28.0832418929169,20.389399323901,2349.02576297352,273.380024662031,1
1050438,48361185,3,52,05:23:42,-79.480848,43.727122,,,28.0832418929169,16.7623636074785,2365.788126581,275.528797557163,1
1050438,48361185,3,53,05:23:44,-79.481043,43.727016,,,28.0832418929169,19.6292020338128,2385.41732861481,278.045071411555,1
1050438,48361185,3,54,05:23:46,-79.481176,43.726953,,,28.0832418929169,12.792731255039,2398.21005986985,279.684975831912,1
1050438,48361185,3,55,05:23:48,-79.481348,43.726886,,,28.0832418929169,15.7185816285414,2413.92864149839,281.699945972415,1
1050438,48361185,3,56,05:23:49,-79.481447,43.726837,,,28.0832418929169,9.65288979597571,2423.58153129437,282.937353085099,1
1050438,48361185,3,57,05:23:51,-79.481622,43.726767,893,9,28.0832418929169,16.090503403015,2439.67203469738,285,1
1050438,48361185,3,58,05:23:51,-79.481622,43.726767,893,9,1e-12,0,2439.67203469738,285,1
1050438,48361185,3,59,05:23:52,-79.481708,43.726729,,,24.4835605437142,8.108998797363,2447.78103349475,286.192326402787,1
1050438,48361185,3,60,05:23:53,-79.481789,43.726705,,,24.4835605437142,7.04244876581719,2454.82348226056,287.227830022111,1
1050438,48361185,3,61,05:23:57,-79.482059,43.726635,,,24.4835605437142,23.0755347420374,2477.8990170026,290.620797516484,1
1050438,48361185,3,62,05:24:07,-79.4828750024657,43.7264540029025,,,24.4835605437142,68.6656741520439,2546.56469115464,300.717222278969,1
1050438,48361185,3,63,05:24:17,-79.483691,43.726273,,,24.4835605437142,68.6656741524584,2615.2303653071,310.813647041515,1
1050438,48361185,3,64,05:24:28,-79.4845780030133,43.7260695034295,,,24.4835605437142,74.8646731824084,2690.09503848951,321.821556735673,1
1050438,48361185,3,65,05:24:39,-79.485465,43.725866,,,24.4835605437142,74.8646731815612,2764.95971167107,332.829466429707,1
1050438,48361185,3,66,05:24:48,-79.486206756055,43.7257030071949,5357,10,24.4835605437142,62.3686983017857,2827.32840997286,342,1
1050438,48361185,3,67,05:24:48,-79.486206756055,43.7257030071949,5357,10,1e-12,0,2827.32840997286,342,1
1050438,48361185,3,68,05:24:57,-79.4869485080734,43.7255400095932,,,26.1808445760936,62.3686983017476,2889.69710827461,350.576014927009,1
1050438,48361185,3,69,05:25:05,-79.4876902560551,43.7253770071949,,,26.1808445760936,62.3686983015988,2952.0658065762,359.152029853998,1
1050438,48361185,3,70,05:25:14,-79.488432,43.725214,,,26.1808445760936,62.3686983017003,3014.4345048779,367.728044781001,1
1050438,48361185,3,71,05:25:22,-79.4891057552046,43.7250597559362,,,26.1808445760936,56.8559860544972,3071.2904909324,375.546033585804,1
1050438,48361185,3,72,05:25:29,-79.4897795069394,43.7249055079149,,,26.1808445760936,56.8559860530721,3128.14647698547,383.364022390412,1
1050438,48361185,3,73,05:25:37,-79.4904532552046,43.7247512559362,,,26.1808445760936,56.8559860544787,3185.00246303995,391.182011195212,1
1050438,48361185,3,74,05:25:45,-79.491127,43.724597,8411,11,26.1808445760936,56.8559860543867,3241.85844909434,399,1
1050438,48361185,3,75,05:25:45,-79.491127,43.724597,8411,11,1e-12,0,3241.85844909434,399,1
1050438,48361185,3,76,05:25:52,-79.4918812562134,43.7244325074394,,,31.8275651968881,63.3807285324308,3305.23917762677,406.16896254254,1
1050438,48361185,3,77,05:25:59,-79.4926355082846,43.7242680099192,,,31.8275651968881,63.3807285331865,3368.61990615996,413.337925085166,1
1050438,48361185,3,78,05:26:07,-79.4933897562135,43.7241035074394,,,31.8275651968881,63.3807285329064,3432.00063469286,420.50688762776,1
1050438,48361185,3,79,05:26:14,-79.494144,43.723939,,,31.8275651968881,63.3807285337114,3495.38136322657,427.675850170445,1
1050438,48361185,3,80,05:26:20,-79.4948075016558,43.723789501919,3393,12,31.8275651968881,55.9117475041769,3551.29311073075,434,1
1050438,48361185,3,81,05:26:20,-79.4948075016558,43.723789501919,3393,12,1e-12,0,3551.29311073075,434,1
1050438,48361185,3,82,05:26:29,-79.495471,43.72364,,,21.9358735977687,55.9117475061931,3607.20485823694,443.175941415106,1
1050438,48361185,3,83,05:26:38,-79.49611550156,43.7234950018107,,,21.9358735977687,54.3036522380175,3661.50851047496,452.087970707468,1
1050438,48361185,3,84,05:26:47,-79.49676,43.72335,2474,13,21.9358735977687,54.3036522390543,3715.81216271402,461,1
1050438,48361185,3,85,05:26:47,-79.49676,43.72335,2474,13,1e-12,0,3715.81216271402,461,1
1050438,48361185,3,86,05:26:54,-79.497415004715,43.7232062556104,,,30.2714745648673,55.0705267739085,3770.88268948792,467.54919851893,1
1050438,48361185,3,87,05:27:00,-79.4980700062867,43.7230625074805,,,30.2714745648673,55.0705267753544,3825.95321626328,474.098397038033,1
1050438,48361185,3,88,05:27:07,-79.498725004715,43.7229187556103,,,30.2714745648673,55.0705267749538,3881.02374303823,480.647595557088,1
1050438,48361185,3,89,05:27:13,-79.49938,43.722775,,,30.2714745648673,55.0705267747143,3936.09426981295,487.196794076114,1
1050438,48361185,3,90,05:27:24,-79.500465,43.722549,2978,14,30.2714745648673,90.8413814844277,4026.93565129737,498,1
1050438,48361185,3,91,05:27:24,-79.500465,43.722549,2978,14,1e-12,0,4026.93565129737,498,1
1050438,48361185,3,92,05:27:33,-79.5012350023135,43.7223690025845,,,25.6624632911525,65.1068309659548,4092.04248226333,507.133362951882,1
1050438,48361185,3,93,05:27:42,-79.502005,43.722189,,,25.6624632911525,65.1068309651787,4157.14931322851,516.266725903655,1
1050438,48361185,3,94,05:27:50,-79.502660004887,43.7220400056104,,,25.6624632911525,55.2441606780243,4212.39347390653,524.016526699646,1
1050438,48361185,3,95,05:27:58,-79.503315006516,43.7218910074805,,,25.6624632911525,55.2441606789023,4267.63763458543,531.766327495762,1
1050438,48361185,3,96,05:28:06,-79.503970004887,43.7217420056103,,,25.6624632911525,55.2441606787134,4322.88179526415,539.51612829185,1
1050438,48361185,3,97,05:28:13,-79.504625,43.721593,,,25.6624632911525,55.244160678898,4378.12595594305,547.265929087965,1
1050438,48361185,3,98,05:28:20,-79.505186,43.721465,,,25.6624632911525,47.329076407492,4425.45503235054,553.905380380457,1
1050438,48361185,3,99,05:28:29,-79.505962,43.721308,9514,15,25.6624632911525,64.8306505926459,4490.28568294318,563,1
1050438,48361185,3,100,05:28:29,-79.505962,43.721308,9514,15,1e-12,0,4490.28568294318,563,1
1050438,48361185,3,101,05:28:32,-79.506257,43.721236,,,31.5425329276051,25.0501209704056,4515.33580391359,565.859010584231,1
1050438,48361185,3,102,05:28:34,-79.506519,43.721185,,,31.5425329276051,21.8295684086072,4537.1653723222,568.350454326284,1
1050438,48361185,3,103,05:28:43,-79.507463,43.721074,,,31.5425329276051,76.9452846947525,4614.11065701695,577.132343388169,1
1050438,48361185,3,104,05:28:45,-79.50771,43.721035,,,31.5425329276051,20.3403828231788,4634.45103984013,579.453823984909,1
1050438,48361185,3,105,05:28:54,-79.508624,43.720908,4647,16,31.5425329276051,74.8800106558687,4709.331050496,588,1
1050438,48361185,3,106,05:28:54,-79.508624,43.720908,4647,16,1e-12,0,4709.331050496,588,1
1050438,48361185,3,107,05:28:55,-79.508735,43.720892,,,24.8168016433428,9.10609007158522,4718.43714056758,589.320956855313,1
1050438,48361185,3,108,05:28:57,-79.508853,43.720878,,,24.8168016433428,9.62044318761596,4728.0575837552,590.71652732298,1
1050438,48361185,3,109,05:28:58,-79.508943,43.720865,,,24.8168016433428,7.38390871652002,4735.44149247172,591.787659363342,1
1050438,48361185,3,110,05:28:59,-79.509076,43.720844,,,24.8168016433428,10.9525487234217,4746.39404119514,593.376469072626,1
1050438,48361185,3,111,05:29:01,-79.509186,43.720838,,,24.8168016433428,8.87492797802039,4755.26896917316,594.663892858335,1
1050438,48361185,3,112,05:29:02,-79.509297,43.720815,,,24.8168016433428,9.28999978326436,4764.55896895643,596.0115282104,1
1050438,48361185,3,113,05:29:03,-79.509412,43.72079,,,24.8168016433428,9.66152242867326,4774.2204913851,597.413057756515,1
1050438,48361185,3,114,05:29:05,-79.509539,43.720767,,,24.8168016433428,10.5333691063226,4784.75386049142,598.941060007882,1
1050438,48361185,3,115,05:29:07,-79.509668,43.720736,,,24.8168016433428,10.9370602475132,4795.69092073893,600.527622912196,1
1050438,48361185,3,116,05:29:08,-79.50978,43.720708,,,24.8168016433428,9.53455467804526,4805.22547541698,601.910734133951,1
1050438,48361185,3,117,05:29:09,-79.509895,43.720684,,,24.8168016433428,9.63006285250882,4814.85553826949,603.307700059184,1
1050438,48361185,3,118,05:29:11,-79.509998,43.720663,,,24.8168016433428,8.61004550489106,4823.46558377438,604.556699195458,1
1050438,48361185,3,119,05:29:12,-79.510094,43.720644,,,24.8168016433428,8.00782148708254,4831.47340526146,605.718337901678,1
1050438,48361185,3,120,05:29:23,-79.5110180094961,43.7204387611648,8318,17,24.8168016433428,77.770769583686,4909.24417484515,617,1
1050438,48361185,3,121,05:29:23,-79.5110180094961,43.7204387611648,8318,17,1e-12,0,4909.24417484515,617,1
1050438,48361185,3,122,05:29:32,-79.5119420126615,43.7202335148863,,,29.9972968399466,77.7707695853199,4987.01494443047,626.333333333366,1
1050438,48361185,3,123,05:29:42,-79.5128660094962,43.7200282611647,,,29.9972968399466,77.7707695848785,5064.78571401535,635.666666666679,1
1050438,48361185,3,124,05:29:51,-79.51379,43.719823,6874,18,29.9972968399466,77.7707695849418,5142.55648360029,645,1
1050438,48361185,3,125,05:29:51,-79.51379,43.719823,6874,18,1e-12,0,5142.55648360029,645,1
1050438,48361185,3,126,05:30:02,-79.5148970048407,43.7195610053417,,,31.0003162393833,93.71657066894,5236.27305426923,655.883103636845,1
1050438,48361185,3,127,05:30:13,-79.516004,43.719299,,,31.0003162393833,93.7165706697345,5329.98962493896,666.766207273783,1
1050438,48361185,3,128,05:30:21,-79.516836,43.719089,24155,19,31.0003162393833,70.9028273228533,5400.89245226181,675,1
1050438,48361185,3,129,05:30:21,-79.516836,43.719089,24155,19,1e-12,0,5400.89245226181,675,1
1050438,48361185,3,130,05:30:29,-79.5176270022113,43.7189215027273,,,29.5407700613847,66.3151904841562,5467.20764274597,683.081532243299,1
1050438,48361185,3,131,05:30:37,-79.518418,43.718754,,,29.5407700613847,66.3151904853489,5533.52283323132,691.163064486744,1
1050438,48361185,3,132,05:30:45,-79.519138,43.718592,,,29.5407700613847,60.6699710082873,5594.19280423961,698.556639372435,1
1050438,48361185,3,133,05:30:53,-79.519928,43.718407,,,29.5407700613847,66.8129547055989,5661.00575894521,706.698831889432,1
1050438,48361185,3,134,05:30:57,-79.520361,43.71831,,,29.5407700613847,36.4723862610722,5697.47814520628,711.143556595898,1
1050438,48361185,3,135,05:30:58,-79.520477,43.718278,,,29.5407700613847,9.98958941065345,5707.46773461693,712.360942662802,1
1050438,48361185,3,136,05:31:04,-79.521009,43.718156,,,29.5407700613847,44.9054480865296,5752.37318270346,717.833366461355,1
1050438,48361185,3,137,05:31:14,-79.5220220038884,43.717926004473,,,29.5407700613847,85.4291923935302,5837.80237509699,728.244235642411,1
1050438,48361185,3,138,05:31:25,-79.523035,43.717696,,,29.5407700613847,85.4291923912529,5923.23156748824,738.655104823188,1
1050438,48361185,3,139,05:31:31,-79.523655504124,43.7175632550349,1930,20,29.5407700613847,52.064747078273,5975.29631456652,745,1
1050438,48361185,3,140,05:31:31,-79.523655504124,43.7175632550349,1930,20,1e-12,0,5975.29631456652,745,1
1050438,48361185,3,141,05:31:37,-79.5242760054988,43.7174305067131,,,30.4828241087462,52.0647470797898,6027.36106164631,751.148809861533,1
1050438,48361185,3,142,05:31:43,-79.5248965041241,43.7172977550348,,,30.4828241087462,52.0647470791225,6079.42580872543,757.297619722988,1
1050438,48361185,3,143,05:31:49,-79.525517,43.717165,,,30.4828241087462,52.0647470777947,6131.49055580322,763.446429584285,1
1050438,48361185,3,144,05:32:00,-79.526583,43.716921,,,30.4828241087462,89.9658875976571,6221.45644340088,774.071337374855,1
1050438,48361185,3,145,05:32:05,-79.527069,43.71679,6005,21,30.4828241087462,41.7332099704617,6263.18965337134,779,1
1050438,48361185,3,146,05:32:05,-79.527069,43.71679,6005,21,1e-12,0,6263.18965337134,779,1
1050438,48361185,3,147,05:32:11,-79.527671,43.716688,,,29.9305441312917,49.7487408566258,6312.93839422797,784.983702344276,1
1050438,48361185,3,148,05:32:19,-79.5284460022763,43.7165120026181,,,29.9305441312917,65.3606258990698,6378.29902012704,792.845178306908,1
1050438,48361185,3,149,05:32:27,-79.529221,43.716336,,,29.9305441312917,65.3606259005396,6443.65964602758,800.706654269717,1
1050438,48361185,3,150,05:32:27,-79.529257,43.716327,,,29.9305441312917,3.06487886366365,6446.72452489124,801.075293204605,1
1050438,48361185,3,151,05:32:38,-79.5302845041667,43.716084004602,,,29.9305441312917,86.9844250251771,6533.70894991642,811.537646602426,1
1050438,48361185,3,152,05:32:48,-79.531312,43.715841,3272,22,29.9305441312917,86.984425023131,6620.69337493955,822,1
1050438,48361185,3,153,05:32:48,-79.531312,43.715841,3272,22,1e-12,0,6620.69337493955,822,1
1050438,48361185,3,154,05:32:49,-79.531433,43.715813,,,28.7976255450823,10.2223419392612,6630.91571687881,823.277898100444,1
1050438,48361185,3,155,05:32:51,-79.531571,43.715776,,,28.7976255450823,11.842689338233,6642.75840621704,824.758356326101,1
1050438,48361185,3,156,05:32:54,-79.531878,43.715754,,,28.7976255450823,24.8220753162387,6667.58048153328,827.861371572917,1
1050438,48361185,3,157,05:32:55,-79.532035,43.715744,,,28.7976255450823,12.6810479815728,6680.26152951486,829.446633269656,1
1050438,48361185,3,158,05:32:57,-79.532204,43.715725,,,28.7976255450823,13.761120193826,6694.02264970868,831.166915124846,1
1050438,48361185,3,159,05:32:59,-79.532375,43.715718,,,28.7976255450823,13.7805770415307,6707.80322675021,832.889629286535,1
1050438,48361185,3,160,05:33:00,-79.532492,43.715724,,,28.7976255450823,9.43739486207826,6717.24062161229,834.06940091216,1
1050438,48361185,3,161,05:33:02,-79.532656,43.715723,,,28.7976255450823,13.1957825676113,6730.4364041799,835.719009737341,1
1050438,48361185,3,162,05:33:03,-79.532764,43.715732,,,28.7976255450823,8.74716122063919,6739.18356540054,836.812495043794,1
1050438,48361185,3,163,05:33:04,-79.532904,43.715737,,,28.7976255450823,11.2780325998274,6750.46159800037,838.222365357436,1
1050438,48361185,3,164,05:33:05,-79.53297,43.715748,,,28.7976255450823,5.44966037497106,6755.91125837534,838.903629072015,1
1050438,48361185,3,165,05:33:06,-79.5331,43.715757,,,28.7976255450823,10.507566737965,6766.41882511331,840.217183212006,1
1050438,48361185,3,166,05:33:07,-79.533213,43.715762,,,28.7976255450823,9.1089083154923,6775.5277334288,841.355890633715,1
1050438,48361185,3,167,05:33:09,-79.533327,43.715766,,,28.7976255450823,9.18314733508281,6784.71088076388,842.503878698028,1
1050438,48361185,3,168,05:33:11,-79.533587,43.715831,,,28.7976255450823,22.1354120876783,6806.84629285156,845.271033350792,1
1050438,48361185,3,169,05:33:16,-79.534007,43.715912,,,28.7976255450823,34.975088966651,6841.82138181821,849.643279947402,1
1050438,48361185,3,170,05:33:20,-79.534377,43.71602,,,28.7976255450823,32.1057814693447,6873.92716328755,853.656833533919,1
1050438,48361185,3,171,05:33:22,-79.534609,43.716094,,,28.7976255450823,20.4032987890609,6894.33046207661,856.207456172082,1
1050438,48361185,3,172,05:33:24,-79.534796,43.716154,,,28.7976255450823,16.4616718223642,6910.79213389898,858.265334814463,1
1050438,48361185,3,173,05:33:33,-79.535545,43.716433,,,28.7976255450823,67.7958975131633,6978.58803141214,866.740520751766,1
1050438,48361185,3,174,05:33:42,-79.5364129957702,43.7167250032841,,,28.7976255450823,77.0315654966531,7055.6195969088,876.370260375743,1
1050438,48361185,3,175,05:33:52,-79.537281,43.717017,6189,23,28.7976255450823,77.0315654988845,7132.65116240768,886,1
1050438,48361185,3,176,05:33:52,-79.537281,43.717017,6189,23,1e-12,0,7132.65116240768,886,1
1050438,48361185,3,177,05:34:01,-79.53778,43.717189,,,18.5005060387322,44.4801765440686,7177.13133895175,894.655365168034,1
1050438,48361185,3,178,05:34:12,-79.5384309975012,43.7174190018473,4267,24,18.5005060387322,58.3004125599993,7235.43175151175,906,1
1050438,48361185,3,179,05:34:12,-79.5384309975012,43.7174190018473,4267,24,1e-12,0,7235.43175151175,906,1
1050438,48361185,3,180,05:34:22,-79.539082,43.717649,,,21.8555994617767,58.3004125588105,7293.73216407056,915.603098994323,1
1050438,48361185,3,181,05:34:32,-79.5397779972761,43.7178835021115,,,21.8555994617767,61.7832684315328,7355.51543250209,925.779885347976,1
1050438,48361185,3,182,05:34:42,-79.540474,43.718118,,,21.8555994617767,61.7832684322123,7417.2987009343,935.956671701742,1
1050438,48361185,3,183,05:34:56,-79.5414524943823,43.7184620041735,,,21.8555994617767,87.5452314004531,7504.84393233476,950.376904539226,1
1050438,48361185,3,184,05:35:11,-79.542431,43.718806,,,21.8555994617767,87.5452313991061,7592.38916373386,964.79713737649,1
1050438,48361185,3,185,05:35:25,-79.5434,43.719125,,,21.8555994617767,85.6674217981298,7678.05658553199,978.908062085402,1
1050438,48361185,3,186,05:35:26,-79.543453,43.719147,,,21.8555994617767,4.91734254215466,7682.97392807415,979.718034522109,1
1050438,48361185,3,187,05:35:27,-79.543504,43.719174,,,21.8555994617767,5.08624788133149,7688.06017595548,980.555828626307,1
1050438,48361185,3,188,05:35:27,-79.543556,43.719201,,,21.8555994617767,5.15137020418846,7693.21154615967,981.404349517602,1
1050438,48361185,3,189,05:35:28,-79.543609,43.719228,,,21.8555994617767,5.21692027474609,7698.42846643441,982.263667653529,1
1050438,48361185,3,190,05:35:28,-79.543621,43.719233,,,21.8555994617767,1.11440681140229,7699.54287324582,982.447229972562,1
1050438,48361185,3,191,05:35:29,-79.543662,43.719251,,,21.8555994617767,3.85953459597102,7703.40240784179,983.082962914584,1
1050438,48361185,3,192,05:35:30,-79.543716,43.719278,,,21.8555994617767,5.28288079243133,7708.68528863422,983.953145902977,1
1050438,48361185,3,193,05:35:31,-79.54377,43.7193,,,21.8555994617767,4.98726046022505,7713.67254909444,984.7746350453,1
1050438,48361185,3,194,05:35:32,-79.543825,43.719327,,,21.8555994617767,5.34923788134499,7719.02178697579,985.655748208383,1
1050438,48361185,3,195,05:35:32,-79.54388,43.71935,,,21.8555994617767,5.11233056217343,7724.13411753796,986.497838586915,1
1050438,48361185,3,196,05:35:33,-79.543936,43.719372,,,21.8555994617767,5.12803663938018,7729.26215417734,987.342516031432,1
1050438,48361185,3,197,05:35:34,-79.543991,43.719395,,,21.8555994617767,5.11232768471844,7734.37448186206,988.184605935998,1
1050438,48361185,3,198,05:35:35,-79.544047,43.719417,,,21.8555994617767,5.12803366729045,7739.50251552935,989.02928289096,1
1050438,48361185,3,199,05:35:36,-79.544076,43.719435,,,21.8555994617767,3.07550246068992,7742.57801799004,989.535872009133,1
1050438,48361185,3,200,05:35:36,-79.544104,43.719453,,,21.8555994617767,3.01492251447175,7745.59294050451,990.032482549196,1
1050438,48361185,3,201,05:35:37,-79.544131,43.719471,,,21.8555994617767,2.95529124972778,7748.54823175424,990.519270775601,1
1050438,48361185,3,202,05:35:37,-79.544158,43.719489,,,21.8555994617767,2.9552907700434,7751.50352252428,991.006058922993,1
1050438,48361185,3,203,05:35:37,-79.544184,43.719507,,,21.8555994617767,2.8966667915814,7754.40018931586,991.483190674421,1
1050438,48361185,3,204,05:35:38,-79.544209,43.71953,,,21.8555994617767,3.25590620960988,7757.65609552547,992.019495449547,1
1050438,48361185,3,205,05:35:38,-79.544235,43.719548,,,21.8555994617767,2.89666576034629,7760.55276128582,992.496627031112,1
1050438,48361185,3,206,05:35:39,-79.544259,43.71957,,,21.8555994617767,3.11867093665859,7763.67143222248,993.010326753309,1
1050438,48361185,3,207,05:35:39,-79.544283,43.719588,,,21.8555994617767,2.78269317000765,7766.45412539249,993.468685053183,1
1050438,48361185,3,208,05:35:40,-79.544306,43.719611,,,21.8555994617767,3.15903794690172,7769.61316333939,993.989033928936,1
1050438,48361185,3,209,05:35:40,-79.544329,43.719633,,,21.8555994617767,3.06950759521433,7772.6826709346,994.494635587774,1
1050438,48361185,3,210,05:35:41,-79.54435,43.719656,,,21.8555994617767,3.06755695968015,7775.75022789428,994.999915942777,1
1050438,48361185,3,211,05:35:41,-79.544372,43.719678,,,21.8555994617767,3.02168730343071,7778.77191519771,995.497640762056,1
1050438,48361185,3,212,05:35:42,-79.544392,43.719701,,,21.8555994617767,3.02398997767317,7781.79590517539,995.995744872111,1
1050438,48361185,3,213,05:35:42,-79.544412,43.719723,,,21.8555994617767,2.930336522095,7784.72624169748,996.47842261783,1
1050438,48361185,3,214,05:35:43,-79.544431,43.719746,,,21.8555994617767,2.98195766241912,7787.7081993599,996.969603269428,1
1050438,48361185,3,215,05:35:43,-79.544449,43.719768,,,21.8555994617767,2.84515979632595,7790.55335915623,997.438250916668,1
1050438,48361185,3,216,05:35:44,-79.544467,43.719791,,,21.8555994617767,2.94152579380817,7793.49488495004,997.922771731402,1
1050438,48361185,3,217,05:35:44,-79.544484,43.719818,,,21.8555994617767,3.30218562130548,7796.79707057134,998.46669953615,1
1050438,48361185,3,218,05:35:45,-79.5445,43.71984,,,21.8555994617767,2.76672709716321,7799.5637976685,998.922427944204,1
1050438,48361185,3,219,05:35:45,-79.544516,43.719867,,,21.8555994617767,3.26968264132113,7802.83348030982,999.461001938907,1
1050438,48361185,3,220,05:35:46,-79.544527,43.719894,,,21.8555994617767,3.13320867722125,7805.96668898705,999.977096281582,1
1050438,48361185,3,221,05:35:46,-79.544538,43.719921,,,21.8555994617767,3.1332085608897,7809.09989754794,1000.4931906051,1
1050438,48361185,3,222,05:35:47,-79.544551,43.719948,,,21.8555994617767,3.1824029415922,7812.28230048953,1001.01738810468,1
1050438,48361185,3,223,05:35:48,-79.544564,43.719975,,,21.8555994617767,3.18240278936732,7815.4647032789,1001.54158557919,1
1050438,48361185,3,224,05:35:48,-79.544578,43.719998,,,21.8555994617767,2.79714952585203,7818.26185280475,1002.00232509405,1
1050438,48361185,3,225,05:35:49,-79.544593,43.720025,,,21.8555994617767,3.23885168868476,7821.50070449343,1002.53582069089,1
1050438,48361185,3,226,05:35:49,-79.544609,43.720052,,,21.8555994617767,3.26968107911234,7824.77038557255,1003.07439442827,1
1050438,48361185,3,227,05:35:50,-79.544625,43.720079,,,21.8555994617767,3.26968084813049,7828.04006642068,1003.61296812761,1
1050438,48361185,3,228,05:35:50,-79.544642,43.720101,,,21.8555994617767,2.80506059337009,7830.84512701405,1004.07501073384,1
1050438,48361185,3,229,05:35:51,-79.54466,43.720128,,,21.8555994617767,3.33630878993528,7834.18143580398,1004.62455922208,1
1050438,48361185,3,230,05:35:51,-79.544679,43.720151,,,21.8555994617767,2.98195236557436,7837.16338816956,1005.11573900119,1
1050438,48361185,3,231,05:35:52,-79.544698,43.720178,,,21.8555994617767,3.37200886320476,7840.53539703276,1005.67116791674,1
1050438,48361185,3,232,05:35:52,-79.544718,43.7202,,,21.8555994617767,2.93032948838197,7843.46572652114,1006.15384450388,1
1050438,48361185,3,233,05:35:53,-79.544739,43.720223,,,21.8555994617767,3.06754815469187,7846.53327467583,1006.65912340855,1
1050438,48361185,3,234,05:35:53,-79.544751,43.720254,,,21.8555994617767,3.58340764347966,7850.11668231931,1007.24937340554,1
1050438,48361185,3,235,05:35:54,-79.544764,43.720281,,,21.8555994617767,3.18240103115785,7853.29908335047,1007.77357059044,1
1050438,48361185,3,236,05:35:54,-79.544778,43.720313,,,21.8555994617767,3.73605228633864,7857.03513563681,1008.38896383345,1
1050438,48361185,3,237,05:35:55,-79.544793,43.72034,,,21.8555994617767,3.23884932462509,7860.27398496143,1008.92245904089,1
1050438,48361185,3,238,05:35:56,-79.544809,43.720371,,,21.8555994617767,3.68317085572457,7863.95715581716,1009.52914178615,1
1050438,48361185,3,239,05:35:56,-79.544825,43.720398,,,21.8555994617767,3.26967815028606,7867.22683396745,1010.0677150411,1
1050438,48361185,3,240,05:35:57,-79.544842,43.72043,,,21.8555994617767,3.81576209574683,7871.04259606319,1010.69623788572,1
1050438,48361185,3,241,05:35:57,-79.54486,43.720457,,,21.8555994617767,3.33630534035712,7874.37890140355,1011.24578580575,1
1050438,48361185,3,242,05:35:58,-79.544878,43.720484,,,21.8555994617767,3.33630505453613,7877.71520645809,1011.79533367871,1
1050438,48361185,3,243,05:35:58,-79.544898,43.720511,,,21.8555994617767,3.4092303164379,7881.12443677452,1012.35689361947,1
1050438,48361185,3,244,05:35:59,-79.544917,43.720538,,,21.8555994617767,3.37200469998586,7884.49644147451,1012.91232184926,1
1050438,48361185,3,245,05:35:59,-79.544932,43.720565,,,21.8555994617767,3.23884763600928,7887.73528911052,1013.44581677856,1
1050438,48361185,3,246,05:36:00,-79.544948,43.720587,,,21.8555994617767,2.76671963022843,7890.50200874075,1013.90154395668,1
1050438,48361185,3,247,05:36:00,-79.544965,43.72061,,,21.8555994617767,2.90275291427686,7893.40476165502,1014.3796781991,1
1050438,48361185,3,248,05:36:01,-79.544982,43.720632,,,21.8555994617767,2.80505468310495,7896.20981633813,1014.84171983181,1
1050438,48361185,3,249,05:36:01,-79.545,43.720655,,,21.8555994617767,2.94151551211999,7899.15133185025,1015.32623895297,1
1050438,48361185,3,250,05:36:02,-79.54502,43.720677,,,21.8555994617767,2.93032245414432,7902.08165430439,1015.80891438145,1
1050438,48361185,3,251,05:36:02,-79.54504,43.7207,,,21.8555994617767,3.02397570126346,7905.10563000566,1016.30701613993,1
1050438,48361185,3,252,05:36:03,-79.54506,43.720722,,,21.8555994617767,2.93032179053304,7908.03595179619,1016.7896914591,1
1050438,48361185,3,253,05:36:03,-79.545081,43.720745,,,21.8555994617767,3.06754004626505,7911.10349184245,1017.29496902817,1
1050438,48361185,3,254,05:36:04,-79.545103,43.720767,,,21.8555994617767,3.02166845907175,7914.12516030153,1017.79269074345,1
1050438,48361185,3,255,05:36:04,-79.545125,43.72079,,,21.8555994617767,3.11257437314781,7917.23773467467,1018.30538625487,1
1050438,48361185,3,256,05:36:05,-79.545149,43.720808,,,21.8555994617767,2.78266588938769,7920.02040056406,1018.76374006115,1
1050438,48361185,3,257,05:36:05,-79.545172,43.72083,,,21.8555994617767,3.06948530886235,7923.08988587292,1019.26933804903,1
1050438,48361185,3,258,05:36:06,-79.545197,43.720848,,,21.8555994617767,2.83908100714823,7925.92896688007,1019.73698441323,1
1050438,48361185,3,259,05:36:06,-79.545222,43.720866,,,21.8555994617767,2.83908058156062,7928.76804746163,1020.20463070733,1
1050438,48361185,3,260,05:36:07,-79.545248,43.720884,,,21.8555994617767,2.89663207712777,7931.66467953876,1020.68175674068,1
1050438,48361185,3,261,05:36:07,-79.545274,43.720907,,,21.8555994617767,3.30618213964927,7934.97086167841,1021.22634284199,1
1050438,48361185,3,262,05:36:08,-79.545301,43.720924,,,21.8555994617767,2.88093672239798,7937.85179840081,1021.70088357554,1
1050438,48361185,3,263,05:36:08,-79.545326,43.720942,,,21.8555994617767,2.83907877480871,7940.69087717562,1022.16852957203,1
1050438,48361185,3,264,05:36:16,-79.545748,43.721241,5809,25,21.8555994617767,47.5448557973264,7988.23573297294,1030,1
1050438,48361185,3,265,05:36:16,-79.545748,43.721241,5809,25,1e-12,0,7988.23573297294,1030,1
1050438,48361185,3,266,05:36:18,-79.54584,43.721307,,,21.6599080047911,10.4289411991625,7998.66467417211,1031.73334938951,1
1050438,48361185,3,267,05:36:24,-79.546177,43.721527,,,21.6599080047911,36.5355259211954,8035.2002000933,1037.8057617602,1
1050438,48361185,3,268,05:36:31,-79.546586,43.721793,,,21.6599080047911,44.2664734670281,8079.46667356033,1045.16310161806,1
1050438,48361185,3,269,05:36:37,-79.546884,43.722026,,,21.6599080047911,35.3202699576774,8114.78694351801,1051.0335315303,1
1050438,48361185,3,270,05:36:41,-79.547074,43.722215,,,21.6599080047911,26.005881503305,8140.79282502131,1055.35585706332,1
1050438,48361185,3,271,05:36:50,-79.547533,43.722544,4152,26,21.6599080047911,52.0087057746593,8192.80153079597,1064,1
1050438,48361185,3,272,05:36:50,-79.547533,43.722544,4152,26,1e-12,0,8192.80153079597,1064,1
1050438,48361185,3,273,05:37:05,-79.5481999937429,43.7231060019392,,,19.1430677031159,82.4215414967859,8275.22307229276,1079.49999999948,1
1050438,48361185,3,274,05:37:21,-79.548867,43.723668,8645,27,19.1430677031159,82.4215415022682,8357.64461379502,1095,1
1050438,48361185,3,275,05:37:21,-79.548867,43.723668,8645,27,1e-12,0,8357.64461379502,1095,1
1050438,48361185,3,276,05:37:29,-79.5492964974835,43.7240190008041,,,23.0436841795139,52.1592023164474,8409.80381611147,1103.14857237569,1
1050438,48361185,3,277,05:37:37,-79.549726,43.72437,,,23.0436841795139,52.1592023159656,8461.96301842744,1111.2971447513,1
1050438,48361185,3,278,05:37:45,-79.5501404975091,43.7247300007489,,,23.0436841795139,52.133658992979,8514.09667742042,1119.44172662079,1
1050438,48361185,3,279,05:37:54,-79.550555,43.72509,,,23.0436841795139,52.1336589902607,8566.23033641068,1127.58630848985,1
1050438,48361185,3,280,05:38:05,-79.5514175029588,43.7248845032427,6664,28,23.0436841795139,73.0593062450724,8639.28964265575,1139,1
1050438,48361185,3,281,05:38:05,-79.5514175029588,43.7248845032427,6664,28,1e-12,0,8639.28964265575,1139,1
1050438,48361185,3,282,05:38:21,-79.55228,43.724679,,,15.9742169495099,73.0593062455175,8712.34894890127,1155.46487607594,1
1050438,48361185,3,283,05:38:34,-79.5529350017494,43.7245190018701,996,29,15.9742169495099,55.6218858477555,8767.97083474902,1168,1
1050438,48361185,3,284,05:38:34,-79.5529350017494,43.7245190018701,996,29,1e-12,0,8767.97083474902,1168,1
1050438,48361185,3,285,05:38:43,-79.55359,43.724359,,,23.3524773657292,55.6218858490325,8823.59272059806,1176.57462726205,1
1050438,48361185,3,286,05:38:51,-79.5542685018122,43.7241990020067,,,23.3524773657292,57.4163218058246,8881.00904240388,1185.42588339491,1
1050438,48361185,3,287,05:39:00,-79.554947,43.724039,,,23.3524773657292,57.4163218061548,8938.42536421003,1194.27713952783,1
1050438,48361185,3,288,05:39:12,-79.5558640032069,43.7238295036654,,,23.3524773657292,77.3696883861491,9015.79505259618,1206.20439134903,1
1050438,48361185,3,289,05:39:24,-79.556781,43.72362,,,23.3524773657292,77.3696883852866,9093.16474098147,1218.13164317011,1
1050438,48361185,3,290,05:39:29,-79.55718,43.723525,,,23.3524773657292,33.7962352466948,9126.96097622817,1223.34164487497,1
1050438,48361185,3,291,05:39:37,-79.557794,43.723381,,,23.3524773657292,51.9315472921372,9178.8925235203,1231.34737237547,1
1050438,48361185,3,292,05:39:44,-79.558329,43.723245,,,23.3524773657292,45.6252635022985,9224.5177870226,1238.38092800368,1
1050438,48361185,3,293,05:39:52,-79.558912,43.723105,4278,30,23.3524773657292,49.4233906505545,9273.94117767316,1246,1
1050438,48361185,3,294,05:39:52,-79.558912,43.723105,4278,30,1e-12,0,9273.94117767316,1246,1
1050438,48361185,3,295,05:40:11,-79.559929,43.722844,,,16.1192865186797,86.8228094972895,9360.76398717045,1265.39056755571,1
1050438,48361185,3,296,05:40:13,-79.560029,43.72283,,,16.1192865186797,8.19453097221622,9368.95851814266,1267.22069269591,1
1050438,48361185,3,297,05:40:17,-79.560236,43.722803,3861,31,16.1192865186797,16.922149243548,9385.88066738621,1271,1
1050438,48361185,3,298,05:40:17,-79.560236,43.722803,3861,31,1e-12,0,9385.88066738621,1271,1
1050438,48361185,3,299,05:40:19,-79.560408,43.722799,,,22.2148989583364,13.8445147493998,9399.72518213561,1273.24355074454,1
1050438,48361185,3,300,05:40:22,-79.560607,43.722808,,,22.2148989583364,16.040812130896,9415.76599426651,1275.84301895637,1
1050438,48361185,3,301,05:40:27,-79.560996,43.722866,,,22.2148989583364,31.9540138061008,9447.72000807261,1281.02127567128,1
1050438,48361185,3,302,05:40:35,-79.561514,43.723073,,,22.2148989583364,47.6194450873337,9495.33945315994,1288.73816885346,1
1050438,48361185,3,303,05:40:40,-79.561881,43.72318,,,22.2148989583364,31.8370119338631,9527.1764650938,1293.89746501667,1
1050438,48361185,3,304,05:40:51,-79.562683,43.723387,9741,32,22.2148989583364,68.5115813433627,9595.68804643716,1305,1
1050438,48361185,3,305,05:40:51,-79.562683,43.723387,9741,32,1e-12,0,9595.68804643716,1305,1
1050438,48361185,3,306,05:40:53,-79.56285,43.723414,,,21.7104671485868,13.7670688729314,9609.4551153101,1307.28283655084,1
1050438,48361185,3,307,05:40:56,-79.563026,43.72349,,,21.7104671485868,16.4940462708878,9625.94916158098,1310.01785676799,1
1050438,48361185,3,308,05:40:59,-79.563217,43.723576,,,21.7104671485868,18.1040455497156,9644.0532071307,1313.01984486585,1
1050438,48361185,3,309,05:41:06,-79.563629,43.723841,,,21.7104671485868,44.3712396365189,9688.42444676722,1320.37742319883,1
1050438,48361185,3,310,05:41:12,-79.563933,43.724034,,,21.7104671485868,32.5530172189749,9720.97746398619,1325.77532003755,1
1050438,48361185,3,311,05:41:19,-79.564349,43.724295,,,21.7104671485868,44.3187563474046,9765.2962203336,1333.12419566324,1
1050438,48361185,3,312,05:41:20,-79.564401,43.724327,,,21.7104671485868,5.494476335342,9770.79069666894,1334.03528222217,1
1050438,48361185,3,313,05:41:21,-79.564435,43.724354,,,21.7104671485868,4.06389210369229,9774.85458877263,1334.70915125839,1
1050438,48361185,3,314,05:41:22,-79.564479,43.724408,,,21.7104671485868,6.97600122895497,9781.83059000159,1335.865902251,1
1050438,48361185,3,315,05:41:24,-79.564543,43.724498,,,21.7104671485868,11.2642767775165,9793.0948667791,1337.7337292361,1
1050438,48361185,3,316,05:41:26,-79.564614,43.724592,,,21.7104671485868,11.9214183855548,9805.01628516466,1339.71052254479,1
1050438,48361185,3,317,05:41:26,-79.564632,43.724624,,,21.7104671485868,3.84529457167541,9808.86157973633,1340.34814403692,1
1050438,48361185,3,318,05:41:27,-79.564657,43.724678,,,21.7104671485868,6.33877002034022,9815.20034975667,1341.39923022116,1
1050438,48361185,3,319,05:41:37,-79.56486,43.725177,7551,33,21.7104671485868,57.8992213568761,9873.09957111355,1351,1
1050438,48361185,3,320,05:41:37,-79.56486,43.725177,7551,33,1e-12,0,9873.09957111355,1351,1
1050438,48361185,3,321,05:41:53,-79.565244,43.725973,,,21.47763959773,93.8405987645572,9966.94016987811,1366.72920310983,1
1050438,48361185,3,322,05:42:01,-79.565436,43.726369,,,21.47763959773,46.7100760509978,10013.6502459291,1374.55856783208,1
1050438,48361185,3,323,05:42:09,-79.565641,43.726792,,,21.47763959773,49.8923989431641,10063.5426448723,1382.92134137514,1
1050438,48361185,3,324,05:42:11,-79.56568,43.7269,,,21.47763959773,12.4251136469459,10075.9677585192,1385.00399151579,1
1050438,48361185,3,325,05:42:12,-79.565711,43.726954,,,21.47763959773,6.50799842693004,10082.4757569461,1386.09483738041,1
1050438,48361185,3,326,05:42:13,-79.565769,43.727013,,,21.47763959773,8.05642301334269,10090.5321799595,1387.44522426608,1
1050438,48361185,3,327,05:42:25,-79.566293,43.727503,9433,34,21.47763959773,68.935919123795,10159.4680990833,1399,1
1050438,48361185,3,328,05:42:25,-79.566293,43.727503,9433,34,1e-12,0,10159.4680990833,1399,1
1050438,48361185,3,329,05:42:31,-79.566658,43.727359,,,20.1645041587748,33.4526689304877,10192.9207680138,1404.97235653312,1
1050438,48361185,3,330,05:42:40,-79.567211,43.727165,,,20.1645041587748,49.4503361448313,10242.3711041586,1413.80080124565,1
1050438,48361185,3,331,05:42:43,-79.567404,43.727102,,,20.1645041587748,17.0361527235673,10259.4072568822,1416.84229184328,1
1050438,48361185,3,332,05:42:46,-79.567595,43.727034,,,20.1645041587748,17.1282776911664,10276.5355345733,1419.90022965334,1
1050438,48361185,3,333,05:42:52,-79.567984,43.726926,,,20.1645041587748,33.5227889863368,10310.0583235597,1425.88510482808,1
1050438,48361185,3,334,05:42:58,-79.568371,43.726827,,,20.1645041587748,33.0250055734735,10343.0833291331,1431.78110996307,1
1050438,48361185,3,335,05:43:08,-79.569052,43.726678,3990,35,20.1645041587748,57.2385696243927,10400.3218987575,1442,1
1050438,48361185,3,336,05:43:08,-79.569052,43.726678,3990,35,1e-12,0,10400.3218987575,1442,1
1050438,48361185,3,337,05:43:11,-79.569252,43.726651,,,20.0431946557357,16.3672450304037,10416.6891437879,1444.93975502017,1
1050438,48361185,3,338,05:43:14,-79.569462,43.726641,,,20.0431946557357,16.929994810479,10433.6191385984,1447.98058670217,1
1050438,48361185,3,339,05:43:16,-79.569447,43.726754,,,20.0431946557357,12.6368455158674,10446.2559841143,1450.25031688434,1
1050438,48361185,3,340,05:43:24,-79.569466,43.727128,,,20.0431946557357,41.6615359375486,10487.9175200518,1457.73323225543,1
1050438,48361185,3,341,05:43:30,-79.569437,43.727456,,,20.0431946557357,36.5872425620817,10524.5047626139,1464.30474320894,1
1050438,48361185,3,342,05:43:34,-79.569379,43.727636,5331,36,20.0431946557357,20.5735419905982,10545.0783046045,1468,1
1050438,48361185,3,343,05:43:34,-79.569379,43.727636,5331,36,1e-12,0,10545.0783046045,1468,1
1050438,48361185,3,344,05:43:38,-79.569324,43.727843,,,20.478025427764,23.4640384608741,10568.5423430654,1472.12493571497,1
1050438,48361185,3,345,05:43:49,-79.570012,43.728063,,,20.478025427764,60.5211066182313,10629.0634496836,1482.76443729164,1
1050438,48361185,3,346,05:43:56,-79.57049,43.728212,,,20.478025427764,41.8764430843452,10670.939892768,1490.12624058832,1
1050438,48361185,3,347,05:44:13,-79.571578,43.728566,7526,37,20.478025427764,95.983687303993,10766.923580072,1507,1
1050438,48361185,3,348,05:44:13,-79.571578,43.728566,7526,37,1e-12,0,10766.923580072,1507,1
1050438,48361185,3,349,05:44:24,-79.572459,43.728894,,,25.8801552302652,79.722181369659,10846.6457614416,1518.08957231428,1
1050438,48361185,3,350,05:44:28,-79.572687,43.728678,,,25.8801552302652,30.2414274243398,10876.887188866,1522.2962371414,1
1050438,48361185,3,351,05:44:29,-79.572757,43.728624,,,25.8801552302652,8.23665807371692,10885.1238469397,1523.44197868744,1
1050438,48361185,3,352,05:44:31,-79.572845,43.728579,,,25.8801552302652,8.67205530211147,10893.7959022418,1524.64828517247,1
1050438,48361185,3,353,05:44:32,-79.572958,43.728548,,,25.8801552302652,9.72295347189978,10903.5188557137,1526.00077445189,1
1050438,48361185,3,354,05:44:34,-79.573097,43.728516,,,25.8801552302652,11.7351639769668,10915.2540196907,1527.63316768683,1
1050438,48361185,3,355,05:44:43,-79.5738735024891,43.7283240026283,,,25.8801552302652,66.018954355453,10981.2729740461,1536.81658384354,1
1050438,48361185,3,356,05:44:52,-79.57465,43.728132,4074,38,25.8801552302652,66.018954353727,11047.2919283998,1546,1
1050438,48361185,3,357,05:44:52,-79.57465,43.728132,4074,38,1e-12,0,11047.2919283998,1546,1
1050438,48361185,3,358,05:45:02,-79.575353,43.727925,,,22.6439292564719,61.065755354954,11108.3576837548,1555.70841750952,1
1050438,48361185,3,359,05:45:06,-79.575645,43.727815,,,22.6439292564719,26.4894739124895,11134.8471576673,1559.91979376869,1
1050438,48361185,3,360,05:45:15,-79.576215,43.727482,,,22.6439292564719,58.9627295571058,11193.8098872244,1569.29386590967,1
1050438,48361185,3,361,05:45:18,-79.576377,43.727412,,,22.6439292564719,15.1838699378336,11208.9937571622,1571.70784323477,1
1050438,48361185,3,362,05:45:19,-79.576468,43.727396,,,22.6439292564719,7.53392740849724,11216.5276845707,1572.90560968084,1
1050438,48361185,3,363,05:45:21,-79.576641,43.727367,,,22.6439292564719,14.2862621552293,11230.8139467259,1575.1768826201,1
1050438,48361185,3,364,05:45:24,-79.576865,43.727341,,,22.6439292564719,18.2503326065218,11249.0642793325,1578.07837540606,1
1050438,48361185,3,365,05:45:30,-79.57732,43.727279,9539,39,22.6439292564719,37.2469023301271,11286.3111816626,1584,1
1050438,48361185,3,366,05:45:30,-79.57732,43.727279,9539,39,1e-12,0,11286.3111816626,1584,1
1050438,48361185,3,367,05:45:41,-79.578476,43.727115,,,32.307157021076,94.7681601359436,11381.0793417985,1594.56005566404,1
1050438,48361185,3,368,05:45:46,-79.579101,43.727046,,,32.307157021076,50.8608286704456,11431.940170469,1600.2274990449,1
1050438,48361185,3,369,05:45:50,-79.579498,43.727003,,,32.307157021076,32.2930232681054,11464.2331937371,1603.82592411491,1
1050438,48361185,3,370,05:45:51,-79.579647,43.726998,,,32.307157021076,11.999084601,11476.2322783381,1605.16298712343,1
1050438,48361185,3,371,05:45:59,-79.5804729996898,43.7270205029741,,,32.307157021076,66.4939799350515,11542.7262582731,1612.57243907893,1
1050438,48361185,3,372,05:46:06,-79.581299,43.727043,,,32.307157021076,66.4939799324229,11609.2202382056,1619.98189103412,1
1050438,48361185,3,373,05:46:13,-79.582077,43.727049,,,32.307157021076,62.5890126242537,11671.8092508298,1626.95621085126,1
1050438,48361185,3,374,05:46:14,-79.58221,43.727042,,,32.307157021076,10.7273941911144,11682.5366450209,1628.15156886629,1
1050438,48361185,3,375,05:46:15,-79.582304,43.727034,4060,40,32.307157021076,7.61399940511232,11690.150644426,1629,1
1050438,48361185,3,376,05:46:15,-79.582304,43.727034,4060,40,1e-12,0,11690.150644426,1629,1
1050438,48361185,3,377,05:46:17,-79.582541,43.726989,,,29.6591281268386,19.7123664262092,11709.8630108523,1631.39267043963,1
1050438,48361185,3,378,05:46:25,-79.58329,43.726811,,,29.6591281268386,63.4272747800556,11773.2902856323,1639.0914196487,1
1050438,48361185,3,379,05:46:37,-79.584455,43.726533,,,29.6591281268386,98.6952114049308,11871.9854970372,1651.07096131083,1
1050438,48361185,3,380,05:46:48,-79.585554,43.726268,,,29.6591281268386,93.2006949859848,11965.1861920232,1662.38358319623,1
1050438,48361185,3,381,05:47:00,-79.586713,43.726017,,,29.6591281268386,97.3327641682252,12062.5189561914,1674.1977521599,1
1050438,48361185,3,382,05:47:07,-79.5869294948117,43.7264955006129,563,41,29.6591281268386,56.0413167333746,12118.5602729248,1681,1
1050438,48361185,3,383,05:47:07,-79.5869294948117,43.7264955006129,563,41,1e-12,0,12118.5602729248,1681,1
1050438,48361185,3,384,05:47:19,-79.5871459930822,43.7269740008173,,,16.5058257049367,56.0413167336972,12174.6015896585,1693.22288080874,1
1050438,48361185,3,385,05:47:31,-79.5873624948116,43.727452500613,,,16.5058257049367,56.0413167382716,12230.6429063968,1705.44576161848,1
1050438,48361185,3,386,05:47:44,-79.587579,43.727931,,,16.5058257049367,56.0413167352641,12286.6842231321,1717.66864242757,1
1050438,48361185,3,387,05:47:47,-79.58764,43.728067,,,16.5058257049367,15.914826065457,12302.5990491975,1721.13974256274,1
1050438,48361185,3,388,05:48:04,-79.587941,43.728742,,,16.5058257049367,78.9455033240283,12381.5445525215,1738.35813666474,1
1050438,48361185,3,389,05:48:16,-79.5881394985186,43.7291890001718,,,16.5058257049367,52.2589908083985,12433.8035433299,1749.75607399144,1
1050438,48361185,3,390,05:48:27,-79.588338,43.729636,,,16.5058257049367,52.258990811749,12486.0625341417,1761.15401131887,1
1050438,48361185,3,391,05:48:39,-79.588548,43.730108,,,16.5058257049367,55.1914900549622,12541.2540241967,1773.19154084024,1
1050438,48361185,3,392,05:48:50,-79.58874,43.730531,3135,42,16.5058257049367,49.5562619527507,12590.8102861494,1784,1
1050438,48361185,3,393,05:48:50,-79.58874,43.730531,3135,42,1e-12,0,12590.8102861494,1784,1
1050438,48361185,3,394,05:49:05,-79.5890764958311,43.7312730004936,,,20.7222788302019,86.92096857467,12677.7312547241,1799.10043800843,1
1050438,48361185,3,395,05:49:20,-79.589413,43.732015,,,20.7222788302019,86.9209685718824,12764.652223296,1814.20087601637,1
1050438,48361185,3,396,05:49:29,-79.590004,43.731858,9527,43,20.7222788302019,50.6494168473006,12815.3016401433,1823,1
1050438,48361185,3,397,05:49:29,-79.590004,43.731858,9527,43,1e-12,0,12815.3016401433,1823,1
1050438,48361185,3,398,05:49:34,-79.590249,43.731807,,,14.9523777516558,20.5086763369474,12835.8103164802,1827.93775879925,1
1050438,48361185,3,399,05:49:37,-79.590428,43.731778,,,14.9523777516558,14.7558075264418,12850.5661240066,1831.49043169031,1
1050438,48361185,3,400,05:49:41,-79.590586,43.731753,,,14.9523777516558,13.0102886767135,12863.5764126834,1834.62284581294,1
1050438,48361185,3,401,05:49:42,-79.590681,43.731754,,,14.9523777516558,7.64239220422907,12871.2188048876,1836.46286165472,1
1050438,48361185,3,402,05:49:46,-79.590876,43.731762,,,14.9523777516558,15.710611041754,12886.9294159293,1840.24541722479,1
1050438,48361185,3,403,05:49:50,-79.591053,43.731765,,,14.9523777516558,14.2413865496632,12901.170802479,1843.6742358669,1
1050438,48361185,3,404,05:49:52,-79.591196,43.73178,,,14.9523777516558,11.6231545537512,12912.7939570328,1846.47267749862,1
1050438,48361185,3,405,05:49:54,-79.591287,43.731797,,,14.9523777516558,7.56049959192279,12920.3544566247,1848.29297651614,1
1050438,48361185,3,406,05:49:57,-79.591411,43.731827,,,14.9523777516558,10.5184973946466,12930.8729540193,1850.82545604881,1
1050438,48361185,3,407,05:50:00,-79.591561,43.731879,,,14.9523777516558,13.3823611592469,12944.2553151786,1854.04745197303,1
1050438,48361185,3,408,05:50:03,-79.591691,43.731925,,,14.9523777516558,11.6433572193371,12955.8986723979,1856.85075768706,1
1050438,48361185,3,409,05:50:06,-79.591839,43.731995,,,14.9523777516558,14.2282725283972,12970.1269449263,1860.27641893994,1
1050438,48361185,3,410,05:50:09,-79.591956,43.732071,,,14.9523777516558,12.6548971399233,12982.7818420662,1863.32326743858,1
1050438,48361185,3,411,05:50:13,-79.592078,43.732173,,,14.9523777516558,15.0076077550519,12997.7894498213,1866.93656485626,1
1050438,48361185,3,412,05:50:16,-79.592141,43.732262,,,14.9523777516558,11.1282155252474,13008.9176653465,1869.61584279829,1
1050438,48361185,3,413,05:50:19,-79.592244,43.732364,7325,44,14.9523777516558,14.0558880141692,13022.9735533607,1873,1
1050438,48361185,3,414,05:50:19,-79.592244,43.732364,7325,44,1e-12,0,13022.9735533607,1873,1
1050438,48361185,3,415,05:50:36,-79.5928869924842,43.7330640018022,,,19.5497300428477,93.5258496767335,13116.4994030374,1890.22238916334,1
1050438,48361185,3,416,05:50:53,-79.59353,43.733764,,,19.5497300428477,93.5258496793285,13210.0252527168,1907.44477832717,1
1050438,48361185,3,417,05:50:56,-79.593689,43.733684,,,19.5497300428477,15.5843492267687,13225.6096019435,1910.31457024211,1
1050438,48361185,3,418,05:50:59,-79.593844,43.733608,,,19.5497300428477,15.0669722802656,13240.6765742238,1913.0890893833,1
1050438,48361185,3,419,05:51:01,-79.593945,43.73355,5412,45,19.5497300428477,10.3771629701251,13251.0537371939,1915,1
1050438,48361185,3,420,05:51:01,-79.593945,43.73355,5412,45,1e-12,0,13251.0537371939,1915,1
1050438,48361185,3,421,05:51:03,-79.594056,43.733479,,,19.9348375557338,11.9240577495561,13262.9777949435,1917.1533462602,1
1050438,48361185,3,422,05:51:05,-79.594148,43.733412,,,19.9348375557338,10.5066024541088,13273.4843973976,1919.05071656628,1
1050438,48361185,3,423,05:51:08,-79.594312,43.733296,,,19.9348375557338,18.4597121038195,13291.9441095014,1922.38432605209,1
1050438,48361185,3,424,05:51:22,-79.594946,43.732767,,,19.9348375557338,77.9001407648708,13369.8442502663,1936.4521861974,1
1050438,48361185,3,425,05:51:34,-79.5954895039432,43.7323325012876,,,19.9348375557338,65.1974781875628,13435.0417284538,1948.22609309877,1
1050438,48361185,3,426,05:51:46,-79.596033,43.731898,5768,46,19.9348375557338,65.1974781867551,13500.2392066406,1960,1
1050438,48361185,3,427,05:51:46,-79.596033,43.731898,5768,46,1e-12,0,13500.2392066406,1960,1
1050438,48361185,3,428,05:51:50,-79.596179,43.731786,,,14.2471009302182,17.1278862474033,13517.367092888,1964.32792543498,1
1050438,48361185,3,429,05:51:53,-79.596287,43.731712,,,14.2471009302182,11.9719442214465,13529.3390371094,1967.35303204497,1
1050438,48361185,3,430,05:51:57,-79.596432,43.731632,,,14.2471009302182,14.6746653756306,13544.0137024851,1971.0610703056,1
1050438,48361185,3,431,05:52:00,-79.596567,43.731573,,,14.2471009302182,12.690826209233,13556.7045286943,1974.2678261626,1
1050438,48361185,3,432,05:52:05,-79.596763,43.731501,,,14.2471009302182,17.6862143847252,13574.390743079,1978.7368316183,1
1050438,48361185,3,433,05:52:09,-79.596979,43.731451,,,14.2471009302182,18.2443858497324,13592.6351289288,1983.34687750628,1
1050438,48361185,3,434,05:52:15,-79.597228,43.731396,,,14.2471009302182,20.9439879759312,13613.5791169047,1988.6390669196,1
1050438,48361185,3,435,05:52:22,-79.597587,43.731316,,,14.2471009302182,30.2193468271436,13643.7984637318,1996.27498170048,1
1050438,48361185,3,436,05:52:42,-79.5985140032117,43.7311085037459,5685,47,14.2471009302182,78.0623129343707,13721.8607766662,2016,1
1050438,48361185,3,437,05:52:42,-79.5985140032117,43.7311085037459,5685,47,1e-12,0,13721.8607766662,2016,1
1050438,48361185,3,438,05:53:02,-79.599441,43.730901,,,14.0566908126702,78.0623129352317,13799.9230896014,2035.99221084905,1
1050438,48361185,3,439,05:53:23,-79.6004375036604,43.7306810043286,,,14.0566908126702,83.8153652917817,13883.7384548932,2057.45781175552,1
1050438,48361185,3,440,05:53:45,-79.601434,43.730461,,,14.0566908126702,83.8153652920861,13967.5538201853,2078.92341266207,1
1050438,48361185,3,441,05:53:48,-79.601583,43.730443,,,14.0566908126702,12.1518184371851,13979.7056386225,2082.03556380467,1
1050438,48361185,3,442,05:54:10,-79.6025965039766,43.7302080044775,,,14.0566908126702,85.6200414011137,14065.3256800236,2103.96335272397,1
1050438,48361185,3,443,05:54:32,-79.60361,43.729973,,,14.0566908126702,85.6200413981229,14150.9457214217,2125.89114164249,1
1050438,48361185,3,444,05:54:35,-79.603748,43.729964,,,14.0566908126702,11.1458527973201,14162.091574219,2128.74565915341,1
1050438,48361185,3,445,05:54:38,-79.6039,43.729955,,,14.0566908126702,12.2678748175562,14174.3594490366,2131.88753300778,1
1050438,48361185,3,446,05:54:42,-79.604095,43.72995,,,14.0566908126702,15.6956950881409,14190.0551441247,2135.90729150359,1
1050438,48361185,3,447,05:54:45,-79.604268,43.729959,,,14.0566908126702,13.9521577346338,14204.0073018594,2139.48051997636,1
1050438,48361185,3,448,05:54:50,-79.604476,43.729981,,,14.0566908126702,16.9098244022467,14220.9171262616,2143.8112240275,1
1050438,48361185,3,449,05:54:54,-79.604653,43.730026,,,14.0566908126702,15.0934202615263,14236.0105465232,2147.676736449,1
1050438,48361185,3,450,05:54:56,-79.604772,43.730062,,,14.0566908126702,10.3773857225001,14246.3879322457,2150.33444508746,1
1050438,48361185,3,451,05:54:59,-79.604913,43.730098,,,14.0566908126702,12.029204907157,14258.4171371528,2153.41519419426,1
1050438,48361185,3,452,05:55:22,-79.605385,43.729383,15249,48,14.0566908126702,88.1854534098527,14346.6025905627,2176,1
1050438,48361185,3,453,05:55:22,-79.605385,43.729383,15249,48,1e-12,0,14346.6025905627,2176,1
1050438,48361185,3,454,05:55:23,-79.605447,43.729311,,,36.2220120089972,9.44001144524097,14356.0426020079,2176.93821517133,1
1050438,48361185,3,455,05:55:24,-79.605509,43.729213,,,36.2220120089972,11.9952763587042,14368.0378783666,2178.13039066066,1
1050438,48361185,3,456,05:55:25,-79.605584,43.729123,,,36.2220120089972,11.6950239109292,14379.7329022775,2179.29272493598,1
1050438,48361185,3,457,05:55:26,-79.605583,43.729078,,,36.2220120089972,5.01002290959824,14384.7429251871,2179.79065648297,1
1050438,48361185,3,458,05:55:27,-79.605558,43.729006,,,36.2220120089972,8.26344566555323,14393.0063708527,2180.6119362172,1
1050438,48361185,3,459,05:55:27,-79.605496,43.728944,,,36.2220120089972,8.51521028382598,14401.5215811365,2181.45823810165,1
1050438,48361185,3,460,05:55:33,-79.604909,43.728739,,,36.2220120089972,52.4445444423393,14453.9661255789,2186.67054822803,1
1050438,48361185,3,461,05:55:38,-79.60436,43.728533,,,36.2220120089972,49.7614608107398,14503.7275863896,2191.61619450726,1
1050438,48361185,3,462,05:55:38,-79.604285,43.728525,,,36.2220120089972,6.09852570277298,14509.8261120924,2192.22230916828,1
1050438,48361185,3,463,05:55:39,-79.604236,43.728552,,,36.2220120089972,4.95686025006745,14514.7829723424,2192.71495703377,1
1050438,48361185,3,464,05:55:40,-79.604161,43.728632,,,36.2220120089972,10.756757644541,14525.539729987,2193.78403976476,1
1050438,48361185,3,465,05:55:41,-79.604199,43.728695,,,36.2220120089972,7.65035488887303,14533.1900848759,2194.54438619701,1
1050438,48361185,3,466,05:55:42,-79.604274,43.728767,,,36.2220120089972,10.0318970685535,14543.2219819444,2195.54142715204,1
1050438,48361185,3,467,05:55:51,-79.605309,43.729141,,,36.2220120089972,93.0863068761878,14636.3082888206,2204.79300336683,1
1050438,48361185,3,468,05:55:53,-79.605509,43.729213,,,36.2220120089972,17.974189391999,14654.2824782126,2206.57940556324,1
1050438,48361185,3,469,05:55:54,-79.605447,43.729311,,,36.2220120089972,11.9952763587042,14666.2777545713,2207.77158105257,1
1050438,48361185,3,470,05:55:55,-79.605385,43.729383,,,36.2220120089972,9.44001144524097,14675.7177660165,2208.7097962239,1
1050438,48361185,3,471,05:56:03,-79.604913,43.730098,,,36.2220120089972,88.1854534098527,14763.9032194264,2217.47429092388,1
1050438,48361185,3,472,05:56:10,-79.6056234908537,43.7303550066014,,,36.2220120089972,63.9127588685354,14827.8159782949,2223.82639339322,1
1050438,48361185,3,473,05:56:16,-79.6063339878049,43.730612008802,,,36.2220120089972,63.9127588678959,14891.7287371628,2230.17849586249,1
1050438,48361185,3,474,05:56:23,-79.6070444908537,43.7308690066015,,,36.2220120089972,63.9127588664781,14955.6414960293,2236.53059833162,1
1050438,48361185,3,475,05:56:29,-79.607755,43.731126,,,36.2220120089972,63.9127588692823,15019.5542548986,2242.88270080104,1
1050438,48361185,3,476,05:56:31,-79.607932,43.731202,,,36.2220120089972,16.5615814559992,15036.1158363546,2244.52870801971,1
1050438,48361185,3,477,05:56:32,-79.608077,43.731274,,,36.2220120089972,14.1519987320917,15050.2678350867,2245.93523384778,1
1050438,48361185,3,478,05:56:33,-79.608207,43.731359,,,36.2220120089972,14.1025097625383,15064.3703448492,2247.33684111169,1
1050438,48361185,3,479,05:56:35,-79.608321,43.731427,,,36.2220120089972,11.8907013399836,15076.2610461892,2248.51862319528,1
1050438,48361185,3,480,05:56:35,-79.608394,43.731481,,,36.2220120089972,8.4032923428905,15084.6643385321,2249.3538018824,1
1050438,48361185,3,481,05:56:35,-79.608405,43.731489,,,36.2220120089972,1.2553859627479,15085.9197244948,2249.47857102733,1
1050438,48361185,3,482,05:56:36,-79.608438,43.731517,,,36.2220120089972,4.09407901929422,15090.0138035141,2249.88546958574,1
1050438,48361185,3,483,05:56:45,-79.609145,43.732182,,,36.2220120089972,93.3498226100159,15183.3636261241,2259.16323585982,1
1050438,48361185,3,484,05:56:49,-79.609561,43.731948,,,36.2220120089972,42.4056279452805,15225.7692540694,2263.37780739066,1
1050438,48361185,3,485,05:56:50,-79.609625,43.731916,650,49,36.2220120089972,6.26029671317484,15232.0295507826,2264,1
1050438,48361185,3,486,05:56:50,-79.609625,43.731916,650,49,1e-12,0,15232.0295507826,2264,1
1050438,48361185,3,487,05:56:52,-79.609815,43.731817,,,28.9636760710898,18.842198950612,15250.8717497332,2266.34196502045,1
1050438,48361185,3,488,05:56:55,-79.61001,43.73174,,,28.9636760710898,17.8746295373115,15268.7463792705,2268.56366734085,1
1050438,48361185,3,489,05:56:57,-79.610188,43.731668,,,28.9636760710898,16.4086311689505,15285.1550104395,2270.60315542459,1
1050438,48361185,3,490,05:56:58,-79.610353,43.731609,,,28.9636760710898,14.8084152702417,15299.9634257097,2272.44374688963,1
1050438,48361185,3,491,05:57:01,-79.610556,43.731569,,,28.9636760710898,16.9251336472604,15316.888559357,2274.54743293351,1
1050438,48361185,3,492,05:57:03,-79.610752,43.731541,,,28.9636760710898,16.0710019054974,15332.9595612625,2276.54495585559,1
1050438,48361185,3,493,05:57:04,-79.61087,43.731528,,,28.9636760710898,9.60136985031574,15342.5609311128,2277.73834482239,1
1050438,48361185,3,494,05:57:05,-79.610992,43.731519,,,28.9636760710898,9.86444624637796,15352.4253773592,2278.96443250545,1
1050438,48361185,3,495,05:57:06,-79.611145,43.731518,,,28.9636760710898,12.3075197025152,15364.7328970617,2280.49417861987,1
1050438,48361185,3,496,05:57:08,-79.611329,43.731554,,,28.9636760710898,15.3335431525382,15380.0664402142,2282.4000401277,1
1050438,48361185,3,497,05:57:10,-79.611483,43.731577,,,28.9636760710898,12.6492753121814,15392.7157155264,2283.97226428226,1
1050438,48361185,3,498,05:57:11,-79.61161,43.731612,,,28.9636760710898,10.9333903036985,15403.6491058301,2285.33121488635,1
1050438,48361185,3,499,05:57:13,-79.611804,43.73168,,,28.9636760710898,17.3440175829324,15420.993123413,2287.48696552882,1
1050438,48361185,3,500,05:57:16,-79.612045,43.731747,,,28.9636760710898,20.7707815934631,15441.7639050065,2290.06864105761,1
1050438,48361185,3,501,05:57:20,-79.612391,43.731882,3252,50,28.9636760710898,31.6296130351858,15473.3935180417,2294,1
1050438,48361185,3,502,05:57:20,-79.612391,43.731882,3252,50,1e-12,0,15473.3935180417,2294,1
1050438,48361185,3,503,05:57:26,-79.612819,43.732034,,,25.0853130542177,38.3606407080663,15511.7541587497,2299.50514582978,1
1050438,48361185,3,504,05:57:29,-79.613073,43.732111,,,25.0853130542177,22.156281927522,15533.9104406773,2302.68479978772,1
1050438,48361185,3,505,05:57:32,-79.613336,43.732169,,,25.0853130542177,22.1183158178466,15556.0287564951,2305.85900521909,1
1050438,48361185,3,506,05:57:33,-79.613406,43.732191,,,25.0853130542177,6.14014538598448,15562.1689018811,2306.74017912917,1
1050438,48361185,3,507,05:57:34,-79.613534,43.7322,,,25.0853130542177,10.3445797653339,15572.5134816464,2308.22473254393,1
1050438,48361185,3,508,05:57:36,-79.613698,43.732209,,,25.0853130542177,13.2296735843256,15585.7431552308,2310.12332654596,1
1050438,48361185,3,509,05:57:38,-79.613838,43.732213,,,25.0853130542177,11.2699917680884,15597.0131469988,2311.74068608528,1
1050438,48361185,3,510,05:57:39,-79.613965,43.732213,,,25.0853130542177,10.2155094121372,15607.228656411,2313.20671657907,1
1050438,48361185,3,511,05:57:40,-79.614072,43.7322,,,25.0853130542177,8.72758388580062,15615.9562402968,2314.45921448176,1
1050438,48361185,3,512,05:57:42,-79.614193,43.732195,,,25.0853130542177,9.74879159689287,15625.7050318937,2315.85826617679,1
1050438,48361185,3,513,05:57:43,-79.614265,43.732181,,,25.0853130542177,5.99749859000094,15631.7025304837,2316.71896880694,1
1050438,48361185,3,514,05:57:44,-79.614395,43.732159,,,25.0853130542177,10.7397857213987,15642.4423162051,2318.2602383344,1
1050438,48361185,3,515,05:57:48,-79.614705,43.732091,4931,51,25.0853130542177,26.0591922582947,15668.5015084634,2322,1
1050438,48361185,3,516,05:57:48,-79.614705,43.732091,4931,51,1e-12,0,15668.5015084634,2322,1
1050438,48361185,3,517,05:57:51,-79.614965,43.732028,,,28.0056652012846,22.0582546536938,15690.5597631171,2324.83548761233,1
1050438,48361185,3,518,05:57:53,-79.615155,43.731987,,,28.0056652012846,15.950049714075,15706.5098128311,2326.88579345431,1
1050438,48361185,3,519,05:57:53,-79.615197,43.731973,,,28.0056652012846,3.72051414485354,15710.230326976,2327.36404850825,1
1050438,48361185,3,520,05:57:57,-79.615568,43.731888,,,28.0056652012846,31.3064717067753,15741.5367986828,2331.38835206734,1
1050438,48361185,3,521,05:57:58,-79.615586,43.731883,,,28.0056652012846,1.55117499868019,15743.0879736814,2331.58774850928,1
1050438,48361185,3,522,05:57:58,-79.615617,43.731879,,,28.0056652012846,2.53300823646515,15745.6209819179,2331.91335511729,1
1050438,48361185,3,523,05:57:58,-79.615648,43.731869,,,28.0056652012846,2.7307622743008,15748.3517441922,2332.26438210119,1
1050438,48361185,3,524,05:57:59,-79.61568,43.731865,,,28.0056652012846,2.61223202677551,15750.963976219,2332.60017256461,1
1050438,48361185,3,525,05:57:59,-79.615712,43.731856,,,28.0056652012846,2.76210779770244,15753.7260840167,2332.95522887197,1
1050438,48361185,3,526,05:57:59,-79.615744,43.731851,,,28.0056652012846,2.63349338447769,15756.3595774012,2333.29375238556,1
1050438,48361185,3,527,05:58:00,-79.615777,43.731847,,,28.0056652012846,2.6915280632927,15759.0511054645,2333.63973599131,1
1050438,48361185,3,528,05:58:00,-79.615809,43.731842,,,28.0056652012846,2.63349376329785,15761.6845992278,2333.97825955359,1
1050438,48361185,3,529,05:58:00,-79.615841,43.731842,,,28.0056652012846,2.57400256935458,15764.2586017971,2334.30913579534,1
1050438,48361185,3,530,05:58:01,-79.615874,43.731838,,,28.0056652012846,2.69152845859515,15766.9501302557,2334.65511945191,1
1050438,48361185,3,531,05:58:01,-79.615907,43.731833,,,28.0056652012846,2.71216790803335,15769.6622981637,2335.00375621518,1
1050438,48361185,3,532,05:58:01,-79.61594,43.731833,,,28.0056652012846,2.65444054684972,15772.3167387106,2335.34497239055,1
1050438,48361185,3,533,05:58:02,-79.615973,43.731833,,,28.0056652012846,2.65444054889641,15774.9711792595,2335.68618856618,1
1050438,48361185,3,534,05:58:02,-79.616005,43.731833,,,28.0056652012846,2.57400295616449,15777.5451822157,2336.01706485766,1
1050438,48361185,3,535,05:58:02,-79.616038,43.731833,,,28.0056652012846,2.65444054787306,15780.1996227635,2336.35828103316,1
1050438,48361185,3,536,05:58:03,-79.616071,43.731833,,,28.0056652012846,2.65444054787306,15782.8540633114,2336.69949720866,1
1050438,48361185,3,537,05:58:03,-79.616104,43.731833,,,28.0056652012846,2.65444054889641,15785.5085038603,2337.04071338429,1
1050438,48361185,3,538,05:58:03,-79.616137,43.731837,,,28.0056652012846,2.69152867513281,15788.2000325354,2337.38669706869,1
1050438,48361185,3,539,05:58:04,-79.61617,43.731842,,,28.0056652012846,2.71216773552054,15790.9122002709,2337.73533380978,1
1050438,48361185,3,540,05:58:04,-79.616202,43.731842,,,28.0056652012846,2.57400256935458,15793.4862028403,2338.06621005154,1
1050438,48361185,3,541,05:58:05,-79.616243,43.731851,,,28.0056652012846,3.44676169457311,15796.9329645349,2338.50927548174,1
1050438,48361185,3,542,05:58:05,-79.616284,43.731855,,,28.0056652012846,3.32786446972834,15800.2608290046,2338.93705721822,1
1050438,48361185,3,543,05:58:05,-79.616325,43.73186,,,28.0056652012846,3.34457898135742,15803.605407986,2339.36698752862,1
1050438,48361185,3,544,05:58:06,-79.616365,43.731864,,,28.0056652012846,3.24816755531956,15806.8535755413,2339.78452459175,1
1050438,48361185,3,545,05:58:06,-79.616405,43.731873,,,28.0056652012846,3.36987716371921,15810.223452705,2340.21770686763,1
1050438,48361185,3,546,05:58:07,-79.616445,43.731882,,,28.0056652012846,3.36987670220443,15813.5933294072,2340.65088908418,1
1050438,48361185,3,547,05:58:07,-79.616485,43.731891,,,28.0056652012846,3.36987624160723,15816.9632056488,2341.08407124152,1
1050438,48361185,3,548,05:58:08,-79.616525,43.7319,,,28.0056652012846,3.36987577876973,15820.3330814276,2341.51725333937,1
1050438,48361185,3,549,05:58:08,-79.616564,43.731909,,,28.0056652012846,3.29316179233532,15823.6262432199,2341.94057420561,1
1050438,48361185,3,550,05:58:08,-79.616603,43.731918,,,28.0056652012846,3.29316134206593,15826.919404562,2342.36389501396,1
1050438,48361185,3,551,05:58:09,-79.616642,43.731927,,,28.0056652012846,3.29316089212502,15830.2125654541,2342.78721576447,1
1050438,48361185,3,552,05:58:09,-79.61668,43.73194,,,28.0056652012846,3.38189287341184,15833.5944583275,2343.2219426048,1
1050438,48361185,3,553,05:58:10,-79.616713,43.731949,,,28.0056652012846,2.83721390301342,15836.4316722305,2343.58665345803,1
1050438,48361185,3,554,05:58:10,-79.616745,43.731963,,,28.0056652012846,3.00903667182299,15839.4407089024,2343.97345134127,1
1050438,48361185,3,555,05:58:10,-79.616777,43.731967,,,28.0056652012846,2.61222787599914,15842.0529367784,2344.30924127113,1
1050438,48361185,3,556,05:58:11,-79.616808,43.731981,,,28.0056652012846,2.94052318966045,15844.993459968,2344.68723206002,1
1050438,48361185,3,557,05:58:11,-79.616839,43.731994,,,28.0056652012846,2.88306937881545,15847.8765293468,2345.05783742465,1
1050438,48361185,3,558,05:58:11,-79.61687,43.732003,,,28.0056652012846,2.68730128736691,15850.5638306342,2345.40327769772,1
1050438,48361185,3,559,05:58:12,-79.6169,43.732017,,,28.0056652012846,2.87262752554041,15853.4364581597,2345.77254080994,1
1050438,48361185,3,560,05:58:12,-79.61693,43.73203,,,28.0056652012846,2.8137877505265,15856.2502459103,2346.13424033855,1
1050438,48361185,3,561,05:58:12,-79.616959,43.732044,,,28.0056652012846,2.80539553116089,15859.0556414414,2346.4948610858,1
1050438,48361185,3,562,05:58:13,-79.616989,43.732057,,,28.0056652012846,2.81378681658825,15861.869428258,2346.85656049437,1
1050438,48361185,3,563,05:58:13,-79.617017,43.732071,,,28.0056652012846,2.73887573031339,15864.6083039883,2347.20863042587,1
1050438,48361185,3,564,05:58:14,-79.617045,43.732089,,,28.0056652012846,3.01456751080915,15867.6228714991,2347.59613927313,1
1050438,48361185,3,565,05:58:14,-79.617072,43.732107,,,28.0056652012846,2.95495448691063,15870.577825986,2347.97598513919,1
1050438,48361185,3,566,05:58:14,-79.617099,43.73212,,,28.0056652012846,2.60978717400251,15873.1876131601,2348.31146132798,1
1050438,48361185,3,567,05:58:15,-79.617126,43.732138,,,28.0056652012846,2.95495366142924,15876.1425668215,2348.69130708793,1
1050438,48361185,3,568,05:58:15,-79.617152,43.732151,,,28.0056652012846,2.54323943826752,15878.6858062597,2349.01822887007,1
1050438,48361185,3,569,05:58:15,-79.617177,43.732169,,,28.0056652012846,2.83881175193076,15881.5246180117,2349.38314511946,1
1050438,48361185,3,570,05:58:16,-79.617202,43.732187,,,28.0056652012846,2.83881132379617,15884.3634293355,2349.74806131382,1
1050438,48361185,3,571,05:58:16,-79.617227,43.732205,,,28.0056652012846,2.83881089316241,15887.2022402286,2350.11297745282,1
1050438,48361185,3,572,05:58:17,-79.617286,43.73225,7762,52,28.0056652012846,6.90046013396994,15894.1027003626,2351,1
1050438,48361185,3,573,05:58:17,-79.617286,43.73225,7762,52,1e-12,0,15894.1027003626,2351,1
1050438,48361185,3,574,05:58:18,-79.617344,43.732295,,,23.1319937004343,6.8453862694989,15900.9480866321,2352.0653379423,1
1050438,48361185,3,575,05:58:19,-79.617401,43.732336,,,23.1319937004343,6.46934016892861,15907.417426801,2353.0721523531,1
1050438,48361185,3,576,05:58:20,-79.617458,43.732385,,,23.1319937004343,7.12562920038477,15914.5430560014,2354.18110411289,1
1050438,48361185,3,577,05:58:21,-79.617514,43.73243,,,23.1319937004343,6.7367674985038,15921.2798234999,2355.22953786696,1
1050438,48361185,3,578,05:58:22,-79.61757,43.732475,,,23.1319937004343,6.7367652354149,15928.0165887353,2356.27797126884,1
1050438,48361185,3,579,05:58:23,-79.617624,43.73252,,,23.1319937004343,6.63027612974295,15934.6468648651,2357.30983191934,1
1050438,48361185,3,580,05:58:24,-79.617678,43.732569,,,23.1319937004343,6.97279964404039,15941.6196645091,2358.39499902787,1
1050438,48361185,3,581,05:58:25,-79.617732,43.732614,,,23.1319937004343,6.63027166343654,15948.2499361726,2359.42685898329,1
1050438,48361185,3,582,05:58:26,-79.617761,43.732641,,,23.1319937004343,3.8046140723098,15952.0545502449,2360.01896577865,1
1050438,48361185,3,583,05:58:27,-79.617785,43.732664,,,23.1319937004343,3.2065745221904,15955.2611247671,2360.51800051078,1
1050438,48361185,3,584,05:58:28,-79.617837,43.732709,,,23.1319937004343,6.52600933537378,15961.7871341024,2361.53363426512,1
1050438,48361185,3,585,05:58:29,-79.617889,43.732758,,,23.1319937004343,6.87373066674605,15968.6608647692,2362.60338340653,1
1050438,48361185,3,586,05:58:29,-79.617911,43.732776,,,23.1319937004343,2.67329376664093,15971.3341585358,2363.01942439654,1
1050438,48361185,3,587,05:58:29,-79.617932,43.732799,,,23.1319937004343,3.06735282631136,15974.4015113621,2363.49679224981,1
1050438,48361185,3,588,05:58:30,-79.617952,43.732826,,,23.1319937004343,3.4090742138879,15977.810585576,2364.02734172726,1
1050438,48361185,3,589,05:58:30,-79.617972,43.732848,,,23.1319937004343,2.93014296165364,15980.7407285377,2364.48335580017,1
1050438,48361185,3,590,05:58:31,-79.617991,43.732871,,,23.1319937004343,2.98178599953426,15983.7225145372,2364.94740700723,1
1050438,48361185,3,591,05:58:31,-79.618008,43.732898,,,23.1319937004343,3.30206194871807,15987.0245764859,2365.46130231471,1
1050438,48361185,3,592,05:58:32,-79.618026,43.73292,,,23.1319937004343,2.84499798723289,15989.8695744732,2365.9040653937,1
1050438,48361185,3,593,05:58:32,-79.618042,43.732943,,,23.1319937004343,2.86560558839525,15992.7351800616,2366.350035605,1
1050438,48361185,3,594,05:58:33,-79.618058,43.73297,,,23.1319937004343,3.26957180774083,15996.0047518693,2366.85887451704,1
1050438,48361185,3,595,05:58:33,-79.618073,43.732992,,,23.1319937004343,2.73010670917169,15998.7348585785,2367.28375722625,1
1050438,48361185,3,596,05:58:34,-79.618088,43.733019,,,23.1319937004343,3.23875416958192,16001.973612748,2367.78780003214,1
1050438,48361185,3,597,05:58:34,-79.618101,43.733042,,,23.1319937004343,2.76564720840747,16004.7392599565,2368.21821385981,1
1050438,48361185,3,598,05:58:35,-79.618114,43.733069,,,23.1319937004343,3.18232766460907,16007.9215876211,2368.71347508722,1
1050438,48361185,3,599,05:58:35,-79.618126,43.733096,,,23.1319937004343,3.15681167810838,16011.0783992992,2369.20476529715,1
1050438,48361185,3,600,05:58:36,-79.618137,43.733118,,,23.1319937004343,2.60395923405982,16013.6823585332,2369.61001585031,1
1050438,48361185,3,601,05:58:36,-79.618147,43.733145,,,23.1319937004343,3.11139546410797,16016.7937539973,2370.09423799803,1
1050438,48361185,3,602,05:58:37,-79.618156,43.733177,,,23.1319937004343,3.63503798930121,16020.4287919866,2370.6599539035,1
1050438,48361185,3,603,05:58:37,-79.618165,43.733199,,,23.1319937004343,2.55378249578076,16022.9825744824,2371.05739552067,1
1050438,48361185,3,604,05:58:38,-79.618173,43.733226,,,23.1319937004343,3.07373767092908,16026.0563121534,2371.53575703843,1
1050438,48361185,3,605,05:58:38,-79.61818,43.733253,,,23.1319937004343,3.05791012956293,16029.1142222829,2372.01165533795,1
1050438,48361185,3,606,05:58:38,-79.618186,43.73328,,,23.1319937004343,3.04412638399635,16032.1583486669,2372.48540849232,1
1050438,48361185,3,607,05:58:39,-79.618192,43.733307,,,23.1319937004343,3.04412634584232,16035.2024750128,2372.95916164074,1
1050438,48361185,3,608,05:58:39,-79.618196,43.733334,,,23.1319937004343,3.02279792913074,16038.2252729419,2373.42959547735,1
1050438,48361185,3,609,05:58:40,-79.6182,43.733361,,,23.1319937004343,3.02279791087463,16041.2480708528,2373.90002931112,1
1050438,48361185,3,610,05:58:40,-79.618203,43.733388,,,23.1319937004343,3.01529733260968,16044.2633681854,2374.36929584032,1
1050438,48361185,3,611,05:58:41,-79.618205,43.733415,,,23.1319937004343,3.0099283440345,16047.2732965294,2374.83772680131,1
1050438,48361185,3,612,05:58:41,-79.618208,43.733447,,,23.1319937004343,3.5703874390572,16050.8436839685,2375.39338123157,1
1050438,48361185,3,613,05:58:42,-79.618211,43.733474,,,23.1319937004343,3.01529730487801,16053.8589812733,2375.86264775646,1
1050438,48361185,3,614,05:58:42,-79.618212,43.733505,,,23.1319937004343,3.45184149958123,16057.3108227729,2376.39985304709,1
1050438,48361185,3,615,05:58:43,-79.618212,43.733532,,,23.1319937004343,3.00562624843222,16060.3164490214,2376.86761447891,1
1050438,48361185,3,616,05:58:43,-79.618212,43.733546,,,23.1319937004343,1.55847286947877,16061.8749218908,2377.11015744355,1
1050438,48361185,3,617,05:58:43,-79.618212,43.733559,,,23.1319937004343,1.44715338178591,16063.3220752726,2377.33537591118,1
1050438,48361185,3,618,05:58:45,-79.6182,43.733627,,,23.1319937004343,7.63101547092366,16070.9530907435,2378.52298023319,1
1050438,48361185,3,619,05:58:47,-79.618172,43.733765,,,23.1319937004343,15.526304347484,16086.479395091,2380.93931737969,1
1050438,48361185,3,620,05:58:49,-79.61814,43.733863,,,23.1319937004343,11.208840240296,16097.6882353313,2382.68373359334,1
1050438,48361185,3,621,05:58:51,-79.618104,43.733982,,,23.1319937004343,13.5598054976575,16111.248040829,2384.79402725949,1
1050438,48361185,3,622,05:59:00,-79.6179860010335,43.7345065000607,6488,53,23.1319937004343,59.1534731777074,16170.4015140067,2394,1
1050438,48361185,3,623,05:59:00,-79.6179860010335,43.7345065000607,6488,53,1e-12,0,16170.4015140067,2394,1
1050438,48361185,3,624,05:59:11,-79.617868,43.735031,,,20.1686564236433,59.1534731781166,16229.5549871848,2404.55858650017,1
1050438,48361185,3,625,05:59:16,-79.617797,43.735301,,,20.1686564236433,30.593979714029,16260.1489668988,2410.01945234354,1
1050438,48361185,3,626,05:59:28,-79.617682,43.735904,,,20.1686564236433,67.759951189306,16327.9089180881,2422.1142502893,1
1050438,48361185,3,627,05:59:32,-79.617646,43.736105,,,20.1686564236433,22.561794775787,16350.4707128639,2426.14141300588,1
1050438,48361185,3,628,05:59:35,-79.617654,43.736235,,,20.1686564236433,14.4858318211506,16364.9565446851,2428.72705844804,1
1050438,48361185,3,629,05:59:38,-79.617665,43.736404,,,20.1686564236433,18.833786618775,16383.7903313038,2432.08879114869,1
1050438,48361185,3,630,05:59:41,-79.617678,43.736537,,,20.1686564236433,14.8423683015939,16398.6326996054,2434.7380764934,1
1050438,48361185,3,631,05:59:44,-79.617711,43.736703,,,20.1686564236433,18.6686817916762,16417.3013813971,2438.07033884337,1
1050438,48361185,3,632,05:59:48,-79.617782,43.736894,3713,54,20.1686564236433,22.0155515914774,16439.3169329886,2442,1
1050438,48361185,3,633,05:59:48,-79.617782,43.736894,3713,54,1e-12,0,16439.3169329886,2442,1
1050438,48361185,3,634,06:00:00,-79.6180579971814,43.7375055003321,,,20.7233665660859,71.6000025021819,16510.9169354908,2454.43813393861,1
1050438,48361185,3,635,06:00:13,-79.618334,43.738117,,,20.7233665660859,71.600002504183,16582.516937995,2466.87626787756,1
1050438,48361185,3,636,06:00:25,-79.6191572581771,43.737918758863,,,20.7233665660859,69.794725867924,16652.3116638629,2479.00079466829,1
1050438,48361185,3,637,06:00:37,-79.6199805109029,43.7377205118173,,,20.7233665660859,69.7947258691507,16722.106389732,2491.12532145923,1
1050438,48361185,3,638,06:00:49,-79.6208037581772,43.737522258863,,,20.7233665660859,69.7947258691316,16791.9011156012,2503.24984825016,1
1050438,48361185,3,639,06:01:01,-79.621627,43.737324,,,20.7233665660859,69.7947258671931,16861.6958414684,2515.37437504076,1
1050438,48361185,3,640,06:01:04,-79.621807,43.737285,14600,55,20.7233665660859,15.1143856931594,16876.8102271615,2518,1
1050438,48361185,3,641,06:01:04,-79.621807,43.737285,14600,55,1e-12,0,16876.8102271615,2518,1
1050438,48361185,3,642,06:01:07,-79.622012,43.737273,,,18.9779338345819,16.5422313714883,16893.352458533,2521.13796188017,1
1050438,48361185,3,643,06:01:10,-79.622167,43.737275,,,18.9779338345819,12.4686819235926,16905.8211404566,2523.50319591019,1
1050438,48361185,3,644,06:01:12,-79.622337,43.737286,,,18.9779338345819,13.7278687335014,16919.5490091901,2526.10729011093,1
1050438,48361185,3,645,06:01:14,-79.622477,43.737306,,,18.9779338345819,11.4782280300581,16931.0272372202,2528.2846409895,1
1050438,48361185,3,646,06:01:17,-79.622625,43.737343,,,18.9779338345819,12.5961143031253,16943.6233515233,2530.6740481761,1
1050438,48361185,3,647,06:01:19,-79.622768,43.73739,,,18.9779338345819,12.6356159569511,16956.2589674802,2533.07094858905,1
1050438,48361185,3,648,06:01:22,-79.622907,43.737447,,,18.9779338345819,12.8549305614552,16969.1138980417,2535.5094516645,1
1050438,48361185,3,649,06:01:24,-79.623025,43.737519,,,18.9779338345819,12.4223360133915,16981.5362340551,2537.86589415386,1
1050438,48361185,3,650,06:01:26,-79.623133,43.737597,,,18.9779338345819,12.2819852632023,16993.8182193183,2540.19571294936,1
1050438,48361185,3,651,06:01:29,-79.623234,43.737681,,,18.9779338345819,12.3866029908776,17006.2048223092,2542.5453770991,1
1050438,48361185,3,652,06:01:47,-79.6239124918015,43.7384045020068,14601,56,18.9779338345819,97.2862812098637,17103.491103519,2561,1
1050438,48361185,3,653,06:01:47,-79.6239124918015,43.7384045020068,14601,56,1e-12,0,17103.491103519,2561,1
1050438,48361185,3,654,06:02:03,-79.624591,43.739128,,,21.3714877407596,97.2862812077761,17200.7773847268,2577.3877506609,1
1050438,48361185,3,655,06:02:05,-79.624659,43.739213,,,21.3714877407596,10.9290124187902,17211.7063971456,2579.22872893929,1
1050438,48361185,3,656,06:02:07,-79.624734,43.739317,,,21.3714877407596,13.0544269589708,17224.7608241046,2581.42773060087,1
1050438,48361185,3,657,06:02:10,-79.624798,43.73942,,,21.3714877407596,12.5683066313305,17237.3291307359,2583.5448459099,1
1050438,48361185,3,658,06:02:18,-79.6249984985701,43.7398470001753,14603,57,21.3714877407596,50.1942283285604,17287.5233590645,2592,1
1050438,48361185,3,659,06:02:18,-79.6249984985701,43.7398470001753,14603,57,1e-12,0,17287.5233590645,2592,1
1050438,48361185,3,660,06:02:27,-79.625199,43.740274,,,19.3377390084567,50.1942283271209,17337.7175873916,2601.34438208617,1
1050438,48361185,3,661,06:02:37,-79.6254149951214,43.7407247506101,,,19.3377390084567,53.0993147544571,17390.816902146,2611.22958805738,1
1050438,48361185,3,662,06:02:47,-79.6256309934952,43.7411755008135,,,19.3377390084567,53.0993147535714,17443.9162168996,2621.11479402842,1
1050438,48361185,3,663,06:02:57,-79.6258469951213,43.7416262506102,14606,58,19.3377390084567,53.0993147564651,17497.0155316561,2631,1
1050438,48361185,3,664,06:02:57,-79.6258469951213,43.7416262506102,14606,58,1e-12,0,17497.0155316561,2631,1
1050438,48361185,3,665,06:03:05,-79.626063,43.742077,,,22.5379390343175,53.0993147520963,17550.1148464082,2639.48158888071,1
1050438,48361185,3,666,06:03:15,-79.6253892625063,43.7422357638513,,,22.5379390343175,56.9939541530146,17607.1088005612,2648.58527110464,1
1050438,48361185,3,667,06:03:24,-79.6247155214392,43.7423945237451,,,22.5379390343175,56.9939541518916,17664.1027547131,2657.6889533284,1
1050438,48361185,3,668,06:03:33,-79.6240417767989,43.7425532796815,,,22.5379390343175,56.9939541525199,17721.0967088656,2666.79263555226,1
1050438,48361185,3,669,06:03:42,-79.6233680285854,43.7427120316604,,,22.5379390343175,56.9939541534878,17778.0906630191,2675.89631777627,1
1050438,48361185,3,670,06:03:51,-79.6226942767987,43.7428707796817,14608,59,22.5379390343175,56.9939541517521,17835.0846171708,2685,1
1050438,48361185,3,671,06:03:51,-79.6226942767987,43.7428707796817,14608,59,1e-12,0,17835.0846171708,2685,1
1050438,48361185,3,672,06:04:03,-79.6220205214388,43.7430295237455,,,16.875816699992,56.9939541546864,17892.0785713255,2697.1581218026,1
1050438,48361185,3,673,06:04:15,-79.6213467625059,43.7431882638516,,,16.875816699992,56.9939541530668,17949.0725254786,2709.31624360486,1
1050438,48361185,3,674,06:04:27,-79.620673,43.743347,,,16.875816699992,56.9939541528854,18006.0664796315,2721.47436540707,1
1050438,48361185,3,675,06:04:41,-79.6209109978412,43.7438900002469,14609,60,16.875816699992,63.404480594807,18069.4709602263,2735,1
1050438,48361185,3,676,06:04:41,-79.6209109978412,43.7438900002469,14609,60,1e-12,0,18069.4709602263,2735,1
1050438,48361185,3,677,06:04:52,-79.621149,43.744433,,,20.1751467670578,63.4044805955365,18132.8754408218,2746.31372835992,1
1050438,48361185,3,678,06:05:01,-79.621349,43.744862,,,20.1751467670578,50.3918535933667,18183.2672944152,2755.30551786364,1
1050438,48361185,3,679,06:05:04,-79.62142,43.744998,,,20.1751467670578,16.180389765662,18199.4476841808,2758.19270395596,1
1050438,48361185,3,680,06:05:09,-79.621573,43.74522,,,20.1751467670578,27.6065692571717,18227.054253438,2763.11874739313,1
1050438,48361185,3,681,06:05:16,-79.62176,43.745539,3193,61,20.1751467670578,38.5639670235464,18265.6182204616,2770,1
1050438,48361185,3,682,06:05:16,-79.62176,43.745539,3193,61,1e-12,0,18265.6182204616,2770,1
1050438,48361185,3,683,06:05:24,-79.621971,43.745903,,,19.0996087071747,43.9297249091398,18309.5479453707,2778.28011778134,1
1050438,48361185,3,684,06:05:27,-79.622006,43.746011,,,19.0996087071747,12.3475864320359,18321.8955318027,2780.60745923827,1
1050438,48361185,3,685,06:05:29,-79.622021,43.746118,,,19.0996087071747,11.9721111207583,18333.8676429235,2782.86402902959,1
1050438,48361185,3,686,06:05:32,-79.622033,43.746288,,,19.0996087071747,18.9489023734031,18352.8165452969,2786.43562306537,1
1050438,48361185,3,687,06:05:36,-79.622027,43.746445,,,19.0996087071747,17.483819307888,18370.3003646048,2789.73107013308,1
1050438,48361185,3,688,06:05:39,-79.622017,43.746623,,,19.0996087071747,19.8311812652865,18390.1315458701,2793.46896097941,1
1050438,48361185,3,689,06:05:45,-79.622016,43.746868,,,19.0996087071747,27.2733937884229,18417.4049396585,2798.6096012482,1
1050438,48361185,3,690,06:05:50,-79.62239,43.746935,,,19.0996087071747,30.9870774613647,18448.3920171199,2804.45021717763,1
1050438,48361185,3,691,06:05:54,-79.622349,43.747091,,,19.0996087071747,17.6760663398769,18466.0680834597,2807.78190003036,1
1050438,48361185,3,692,06:05:56,-79.622347,43.74719,,,19.0996087071747,11.0218031160068,18477.0898865757,2809.85935050727,1
1050438,48361185,3,693,06:05:57,-79.622379,43.747259,,,19.0996087071747,8.1006503353343,18485.1905369111,2811.38620593423,1
1050438,48361185,3,694,06:05:58,-79.62242,43.747301,,,19.0996087071747,5.72104407519839,18490.9115809863,2812.46453999784,1
1050438,48361185,3,695,06:05:59,-79.622446,43.747319,,,19.0996087071747,2.8959655025257,18493.8075464888,2813.01038761017,1
1050438,48361185,3,696,06:05:59,-79.622471,43.747331,,,19.0996087071747,2.41376033944698,18496.2213068283,2813.46534652347,1
1050438,48361185,3,697,06:06:00,-79.622504,43.74734,4513,62,19.0996087071747,2.83657560988916,18499.0578824381,2814,1
1050438,48361185,3,698,06:06:00,-79.622504,43.74734,4513,62,1e-12,0,18499.0578824381,2814,1
1050438,48361185,3,699,,-79.622536,43.747341,,,,2.57574301539164,18501.6336254535,,1
