shape_id,trip_id,route_type,id,timestamp,shape_pt_lon,shape_pt_lat,stop_id,stop_sequence,speed,dist,cumdist,cumtime,trip_number
1050054,48352523,3,1,01:18:00,-79.342383,43.649671,10258,1,1e-12,0,0,0,1
1050054,48352523,3,2,01:18:00,-79.342383,43.649671,10258,1,1e-12,0,0,0,1
1050054,48352523,3,3,01:18:09,-79.3426954938149,43.6500672512769,,,20.3115399846003,50.7867672843754,50.7867672843754,9.00140325954459,1
1050054,48352523,3,4,01:18:18,-79.3430079917531,43.6504635017025,,,20.3115399846003,50.7867672861638,101.573534570539,18.0028065194062,1
1050054,48352523,3,5,01:18:27,-79.3433204938148,43.6508597512769,,,20.3115399846003,50.7867672890202,152.360301859559,27.004209779774,1
1050054,48352523,3,6,01:18:36,-79.343633,43.651256,,,20.3115399846003,50.7867672848421,203.147069144401,36.0056130394013,1
1050054,48352523,3,7,01:18:45,-79.3439564978562,43.6516540004561,,,20.3115399846003,51.3992365346551,254.546305679057,45.1155698257921,1
1050054,48352523,3,8,01:18:54,-79.34428,43.652052,,,20.3115399846003,51.3992365342767,305.945542213333,54.2255266121159,1
1050054,48352523,3,9,01:19:04,-79.3437007569517,43.6522922543872,,,20.3115399846003,53.7770342000606,359.722576413394,63.7569222259886,1
1050054,48352523,3,10,01:19:13,-79.343121509269,43.6525325058497,,,20.3115399846003,53.7770341976364,413.49961061103,73.2883178394316,1
1050054,48352523,3,11,01:19:23,-79.3425422569518,43.6527727543873,,,20.3115399846003,53.7770341991839,467.276644810214,82.8197134531488,1
1050054,48352523,3,12,01:19:32,-79.341963,43.653013,,,20.3115399846003,53.7770341967194,521.053679006933,92.3511090664292,1
1050054,48352523,3,13,01:19:46,-79.3414847358751,43.6524217529907,,,20.3115399846003,76.2614042830576,597.315083289991,105.867615231258,1
1050054,48352523,3,14,01:19:59,-79.3410064811671,43.6518305039876,,,20.3115399846003,76.2614042837786,673.57648757377,119.384121396214,1
1050054,48352523,3,15,01:20:13,-79.3405282358755,43.6512392529907,,,20.3115399846003,76.2614042814607,749.83789185523,132.900627560759,1
1050054,48352523,3,16,01:20:26,-79.34005,43.650648,,,20.3115399846003,76.2614042872918,826.099296142522,146.417133726338,1
1050054,48352523,3,17,01:20:36,-79.3394732571591,43.6508965043494,24786,2,20.3115399846003,54.0674365234906,880.166732666013,156,1
1050054,48352523,3,18,01:20:36,-79.3394732571591,43.6508965043494,24786,2,1e-12,0,880.166732666013,156,1
1050054,48352523,3,19,01:20:49,-79.3388965095454,43.6511450057992,,,14.9725208828758,54.0674365206878,934.234169186701,168.999999999806,1
1050054,48352523,3,20,01:21:02,-79.3383197571591,43.6513935043495,9066,3,14.9725208828758,54.0674365223041,988.301605709005,182,1
1050054,48352523,3,21,01:21:02,-79.3383197571591,43.6513935043495,9066,3,1e-12,0,988.301605709005,182,1
1050054,48352523,3,22,01:21:12,-79.337743,43.651642,,,19.286744761883,54.0674365218184,1042.36904223082,192.092048911397,1
1050054,48352523,3,23,01:21:22,-79.3371887566862,43.6518835040167,,,19.286744761883,52.111647353656,1094.48068958448,201.819036684052,1
1050054,48352523,3,24,01:21:32,-79.336634508915,43.6521250053556,,,19.286744761883,52.1116473486602,1146.59233693314,211.546024455775,1
1050054,48352523,3,25,01:21:41,-79.3360802566862,43.6523665040167,,,19.286744761883,52.1116473495889,1198.70398428273,221.273012227671,1
1050054,48352523,3,26,01:21:51,-79.335526,43.652608,1217,4,19.286744761883,52.111647351906,1250.81563163463,231,1
1050054,48352523,3,27,01:21:51,-79.335526,43.652608,1217,4,1e-12,0,1250.81563163463,231,1
1050054,48352523,3,28,01:22:01,-79.3359997361258,43.6531942529346,,,27.2150398580934,75.5973329392799,1326.41296457391,241.000000000017,1
1050054,48352523,3,29,01:22:11,-79.3364734815008,43.6537805039129,,,27.2150398580934,75.5973329398449,1402.01029751376,251.00000000011,1
1050054,48352523,3,30,01:22:21,-79.3369472361254,43.6543667529347,,,27.2150398580934,75.5973329375264,1477.60763045129,260.999999999895,1
1050054,48352523,3,31,01:22:31,-79.337421,43.654953,24628,5,27.2150398580934,75.597332939942,1553.20496339123,271,1
1050054,48352523,3,32,01:22:31,-79.337421,43.654953,24628,5,1e-12,0,1553.20496339123,271,1
1050054,48352523,3,33,01:22:33,-79.337474,43.65504,,,18.0948098688556,10.5837946551993,1563.78875804643,273.105667925492,1
1050054,48352523,3,34,01:22:36,-79.337541,43.65515,,,18.0948098688556,13.3814324200475,1577.17019046647,275.767931694015,1
1050054,48352523,3,35,01:22:40,-79.337693,43.65533,,,18.0948098688556,23.4813057724946,1600.65149623897,280.439586239912,1
1050054,48352523,3,36,01:22:42,-79.337718,43.655376,,,18.0948098688556,5.50233948634952,1606.15383572532,281.534288107156,1
1050054,48352523,3,37,01:22:43,-79.337738,43.655441,,,18.0948098688556,7.41289484073574,1613.56673056605,283.00909892971,1
1050054,48352523,3,38,01:22:51,-79.337886,43.655803,,,18.0948098688556,42.0236257083595,1655.59035627441,291.36978653276,1
1050054,48352523,3,39,01:22:54,-79.337933,43.655917,,,18.0948098688556,13.2429511194662,1668.83330739388,294.004499158956,1
1050054,48352523,3,40,01:23:06,-79.3381424946437,43.6564287505739,,,18.0948098688556,59.4139178165907,1728.24722521047,305.825021490493,1
1050054,48352523,3,41,01:23:18,-79.3383519928581,43.6569405007652,,,18.0948098688556,59.413917820362,1787.66114303083,317.64554382278,1
1050054,48352523,3,42,01:23:29,-79.3385614946435,43.6574522505739,,,18.0948098688556,59.4139178180153,1847.07506084885,329.466066154601,1
1050054,48352523,3,43,01:23:41,-79.338771,43.657964,,,18.0948098688556,59.413917817892,1906.48897866674,341.286588486397,1
1050054,48352523,3,44,01:23:51,-79.338947,43.658395,,,18.0948098688556,50.0286892095917,1956.51766787633,351.239900096734,1
1050054,48352523,3,45,01:24:00,-79.339108,43.658773,6252,6,18.0948098688556,44.0312061616034,2000.54887403793,360,1
1050054,48352523,3,46,01:24:00,-79.339108,43.658773,6252,6,1e-12,0,2000.54887403793,360,1
1050054,48352523,3,47,01:24:01,-79.339122,43.658806,,,17.07996342942,3.84267787134429,2004.39155190928,360.809933838208,1
1050054,48352523,3,48,01:24:15,-79.339374,43.659398,,,17.07996342942,68.9553619570354,2073.34691386631,375.343881997473,1
1050054,48352523,3,49,01:24:19,-79.339433,43.659536,,,17.07996342942,16.080143492884,2089.4270573592,378.733146665023,1
1050054,48352523,3,50,01:24:32,-79.3396589979994,43.6600675002226,,,17.07996342942,61.9024746856379,2151.32953204484,391.780534605236,1
1050054,48352523,3,51,01:24:45,-79.339885,43.660599,,,17.07996342942,61.9024746830401,2213.23200672788,404.827922544901,1
1050054,48352523,3,52,01:24:56,-79.340079,43.661054,7028,7,17.07996342942,53.0051873232591,2266.23719405114,416,1
1050054,48352523,3,53,01:24:56,-79.340079,43.661054,7028,7,1e-12,0,2266.23719405114,416,1
1050054,48352523,3,54,01:25:12,-79.3403309974375,43.6616645002768,,,16.0697680577193,70.9258976766934,2337.16309172783,431.88904274903,1
1050054,48352523,3,55,01:25:28,-79.340583,43.662275,,,16.0697680577193,70.9258976733125,2408.08898940114,447.778085497302,1
1050054,48352523,3,56,01:25:44,-79.3408357419103,43.6629155008353,,,16.0697680577193,74.1483972931633,2482.23738669431,464.389042749244,1
1050054,48352523,3,57,01:26:01,-79.3410884892135,43.6635560011137,3341,8,16.0697680577193,74.148397287874,2556.38578398218,481,1
1050054,48352523,3,58,01:26:01,-79.3410884892135,43.6635560011137,3341,8,1e-12,0,2556.38578398218,481,1
1050054,48352523,3,59,01:26:20,-79.34134124191,43.6641965008353,,,14.4288773108818,74.1483972921163,2630.5341812743,499.500000000021,1
1050054,48352523,3,60,01:26:38,-79.341594,43.664837,1500,9,14.4288773108818,74.1483972919462,2704.68257856624,518,1
1050054,48352523,3,61,01:26:38,-79.341594,43.664837,1500,9,1e-12,0,2704.68257856624,518,1
1050054,48352523,3,62,01:26:42,-79.341662,43.665,,,15.5355577191089,18.9533349011806,2723.63591346742,522.391989452707,1
1050054,48352523,3,63,01:26:44,-79.341686,43.665058,,,15.5355577191089,6.73957996821429,2730.37549343564,523.953728549832,1
1050054,48352523,3,64,01:26:59,-79.3419214978541,43.6656050002417,,,15.5355577191089,63.7764804205202,2794.15197385616,538.73242743307,1
1050054,48352523,3,65,01:27:14,-79.342157,43.666152,,,15.5355577191089,63.7764804220646,2857.92845427822,553.511126316666,1
1050054,48352523,3,66,01:27:26,-79.3423434985024,43.6666340001516,,,15.5355577191089,55.7180765268475,2913.64653080507,566.422479685714,1
1050054,48352523,3,67,01:27:39,-79.34253,43.667116,,,15.5355577191089,55.7180765301719,2969.36460733524,579.333833055532,1
1050054,48352523,3,68,01:27:45,-79.342632,43.667335,,,15.5355577191089,25.7253835619997,2995.08999089724,585.295085460991,1
1050054,48352523,3,69,01:27:53,-79.342765,43.667629,,,15.5355577191089,34.4356623218949,3029.52565321914,593.274740044382,1
1050054,48352523,3,70,01:28:15,-79.343079,43.66844,6342,10,15.5355577191089,93.753897223095,3123.27955044223,615,1
1050054,48352523,3,71,01:28:15,-79.343079,43.66844,6342,10,1e-12,0,3123.27955044223,615,1
1050054,48352523,3,72,01:28:26,-79.343214,43.668766,,,12.2543756898297,37.8832913603565,3161.16284180259,626.129073593726,1
1050054,48352523,3,73,01:28:39,-79.34337,43.669142,,,12.2543756898297,43.7004010568025,3204.86324285939,638.96705471871,1
1050054,48352523,3,74,01:29:00,-79.343621,43.669759,24570,11,12.2543756898297,71.5960037057122,3276.4592465651,660,1
1050054,48352523,3,75,01:29:00,-79.343621,43.669759,24570,11,1e-12,0,3276.4592465651,660,1
1050054,48352523,3,76,01:29:06,-79.343697,43.66993,,,11.8038768733077,19.99511417573,3296.45436074083,666.098200769563,1
1050054,48352523,3,77,01:29:35,-79.34401,43.670754,,,11.8038768733077,95.1266078360723,3391.5809685769,695.110345837279,1
1050054,48352523,3,78,01:29:39,-79.34386,43.670765,,,11.8038768733077,12.1398507160734,3403.72081929298,698.81281266635,1
1050054,48352523,3,79,01:29:54,-79.3432555013648,43.6709005015927,,,11.8038768733077,50.9575893832475,3454.67840867622,714.3540898034,1
1050054,48352523,3,80,01:30:10,-79.342651,43.671036,,,11.8038768733077,50.9575893856287,3505.63599806185,729.895366941177,1
1050054,48352523,3,81,01:30:31,-79.341818,43.671208,,,11.8038768733077,69.7517929216782,3575.38779098353,751.168585665262,1
1050054,48352523,3,82,01:30:35,-79.341681,43.671262,14564,12,11.8038768733077,12.5626508494111,3587.95044183294,755,1
1050054,48352523,3,83,01:30:35,-79.341681,43.671262,14564,12,1e-12,0,3587.95044183294,755,1
1050054,48352523,3,84,01:30:53,-79.342036,43.672115,,,19.7413534918087,99.1644959355313,3687.11493776847,773.08347059466,1
1050054,48352523,3,85,01:31:11,-79.342379,43.672962,5703,13,19.7413534918087,98.2490389825561,3785.36397675103,791,1
1050054,48352523,3,86,01:31:11,-79.342379,43.672962,5703,13,1e-12,0,3785.36397675103,791,1
1050054,48352523,3,87,01:31:34,-79.34268,43.673669,,,13.038699268296,82.3498388836967,3867.71381563473,813.736886086648,1
1050054,48352523,3,88,01:31:57,-79.342981,43.674389,,,13.038699268296,83.7339030976328,3951.44771873236,836.855913909036,1
1050054,48352523,3,89,01:32:21,-79.343295,43.675141,3678,14,13.038699268296,87.4465215688699,4038.89424030123,861,1
1050054,48352523,3,90,01:32:21,-79.343295,43.675141,3678,14,1e-12,0,4038.89424030123,861,1
1050054,48352523,3,91,01:32:43,-79.343598,43.675871,,,13.714851139243,84.8460532255719,4123.7402935268,883.271170755771,1
1050054,48352523,3,92,01:33:06,-79.343895,43.676627,,,13.714851139243,87.4887447989603,4211.22903832576,906.236019449976,1
1050054,48352523,3,93,01:33:30,-79.344218,43.677406,4798,15,13.714851139243,90.5331821442924,4301.76222047005,930,1
1050054,48352523,3,94,01:33:30,-79.344218,43.677406,4798,15,1e-12,0,4301.76222047005,930,1
1050054,48352523,3,95,01:33:52,-79.344506,43.678136,,,13.9494707961386,84.5064843258472,4386.2687047959,951.808952326512,1
1050054,48352523,3,96,01:34:16,-79.344829,43.678945,6033,16,13.9494707961386,93.7367536248122,4480.00545842071,976,1
1050054,48352523,3,97,01:34:16,-79.344829,43.678945,6033,16,1e-12,0,4480.00545842071,976,1
1050054,48352523,3,98,01:34:41,-79.345007,43.679358,,,7.04192889253015,48.1566054981083,4528.16206391882,1000.61879158949,1
1050054,48352523,3,99,01:34:41,-79.345013,43.67937,,,7.04192889253015,1.42048854844001,4529.58255246726,1001.34497881069,1
1050054,48352523,3,100,01:34:59,-79.345142,43.679672,,,7.04192889253015,35.1860967280243,4564.76864919529,1019.33294065382,1
1050054,48352523,3,101,01:35:00,-79.345155,43.679679,612,17,7.04192889253015,1.30482902301813,4566.0734782183,1020,1
1050054,48352523,3,102,01:35:00,-79.345155,43.679679,612,17,1e-12,0,4566.0734782183,1020,1
1050054,48352523,3,103,,-79.3453,43.680062,,,,44.2045979540777,4610.27807617238,,1
1050054,48352526,3,1,01:28:00,-79.342383,43.649671,10258,1,1e-12,0,0,0,2
1050054,48352526,3,2,01:28:00,-79.342383,43.649671,10258,1,1e-12,0,0,0,2
1050054,48352526,3,3,01:28:09,-79.3426954938149,43.6500672512769,,,20.3115399846003,50.7867672843754,50.7867672843754,9.00140325954459,2
1050054,48352526,3,4,01:28:18,-79.3430079917531,43.6504635017025,,,20.3115399846003,50.7867672861638,101.573534570539,18.0028065194062,2
1050054,48352526,3,5,01:28:27,-79.3433204938148,43.6508597512769,,,20.3115399846003,50.7867672890202,152.360301859559,27.004209779774,2
1050054,48352526,3,6,01:28:36,-79.343633,43.651256,,,20.3115399846003,50.7867672848421,203.147069144401,36.0056130394013,2
1050054,48352526,3,7,01:28:45,-79.3439564978562,43.6516540004561,,,20.3115399846003,51.3992365346551,254.546305679057,45.1155698257921,2
1050054,48352526,3,8,01:28:54,-79.34428,43.652052,,,20.3115399846003,51.3992365342767,305.945542213333,54.2255266121159,2
1050054,48352526,3,9,01:29:04,-79.3437007569517,43.6522922543872,,,20.3115399846003,53.7770342000606,359.722576413394,63.7569222259886,2
1050054,48352526,3,10,01:29:13,-79.343121509269,43.6525325058497,,,20.3115399846003,53.7770341976364,413.49961061103,73.2883178394316,2
1050054,48352526,3,11,01:29:23,-79.3425422569518,43.6527727543873,,,20.3115399846003,53.7770341991839,467.276644810214,82.8197134531488,2
1050054,48352526,3,12,01:29:32,-79.341963,43.653013,,,20.3115399846003,53.7770341967194,521.053679006933,92.3511090664292,2
1050054,48352526,3,13,01:29:46,-79.3414847358751,43.6524217529907,,,20.3115399846003,76.2614042830576,597.315083289991,105.867615231258,2
1050054,48352526,3,14,01:29:59,-79.3410064811671,43.6518305039876,,,20.3115399846003,76.2614042837786,673.57648757377,119.384121396214,2
1050054,48352526,3,15,01:30:13,-79.3405282358755,43.6512392529907,,,20.3115399846003,76.2614042814607,749.83789185523,132.900627560759,2
1050054,48352526,3,16,01:30:26,-79.34005,43.650648,,,20.3115399846003,76.2614042872918,826.099296142522,146.417133726338,2
1050054,48352526,3,17,01:30:36,-79.3394732571591,43.6508965043494,24786,2,20.3115399846003,54.0674365234906,880.166732666013,156,2
1050054,48352526,3,18,01:30:36,-79.3394732571591,43.6508965043494,24786,2,1e-12,0,880.166732666013,156,2
1050054,48352526,3,19,01:30:49,-79.3388965095454,43.6511450057992,,,14.9725208828758,54.0674365206878,934.234169186701,168.999999999806,2
1050054,48352526,3,20,01:31:02,-79.3383197571591,43.6513935043495,9066,3,14.9725208828758,54.0674365223041,988.301605709005,182,2
1050054,48352526,3,21,01:31:02,-79.3383197571591,43.6513935043495,9066,3,1e-12,0,988.301605709005,182,2
1050054,48352526,3,22,01:31:12,-79.337743,43.651642,,,19.286744761883,54.0674365218184,1042.36904223082,192.092048911397,2
1050054,48352526,3,23,01:31:22,-79.3371887566862,43.6518835040167,,,19.286744761883,52.111647353656,1094.48068958448,201.819036684052,2
1050054,48352526,3,24,01:31:32,-79.336634508915,43.6521250053556,,,19.286744761883,52.1116473486602,1146.59233693314,211.546024455775,2
1050054,48352526,3,25,01:31:41,-79.3360802566862,43.6523665040167,,,19.286744761883,52.1116473495889,1198.70398428273,221.273012227671,2
1050054,48352526,3,26,01:31:51,-79.335526,43.652608,1217,4,19.286744761883,52.111647351906,1250.81563163463,231,2
1050054,48352526,3,27,01:31:51,-79.335526,43.652608,1217,4,1e-12,0,1250.81563163463,231,2
1050054,48352526,3,28,01:32:01,-79.3359997361258,43.6531942529346,,,27.2150398580934,75.5973329392799,1326.41296457391,241.000000000017,2
1050054,48352526,3,29,01:32:11,-79.3364734815008,43.6537805039129,,,27.2150398580934,75.5973329398449,1402.01029751376,251.00000000011,2
1050054,48352526,3,30,01:32:21,-79.3369472361254,43.6543667529347,,,27.2150398580934,75.5973329375264,1477.60763045129,260.999999999895,2
1050054,48352526,3,31,01:32:31,-79.337421,43.654953,24628,5,27.2150398580934,75.597332939942,1553.20496339123,271,2
1050054,48352526,3,32,01:32:31,-79.337421,43.654953,24628,5,1e-12,0,1553.20496339123,271,2
1050054,48352526,3,33,01:32:33,-79.337474,43.65504,,,18.0948098688556,10.5837946551993,1563.78875804643,273.105667925492,2
1050054,48352526,3,34,01:32:36,-79.337541,43.65515,,,18.0948098688556,13.3814324200475,1577.17019046647,275.767931694015,2
1050054,48352526,3,35,01:32:40,-79.337693,43.65533,,,18.0948098688556,23.4813057724946,1600.65149623897,280.439586239912,2
1050054,48352526,3,36,01:32:42,-79.337718,43.655376,,,18.0948098688556,5.50233948634952,1606.15383572532,281.534288107156,2
1050054,48352526,3,37,01:32:43,-79.337738,43.655441,,,18.0948098688556,7.41289484073574,1613.56673056605,283.00909892971,2
1050054,48352526,3,38,01:32:51,-79.337886,43.655803,,,18.0948098688556,42.0236257083595,1655.59035627441,291.36978653276,2
1050054,48352526,3,39,01:32:54,-79.337933,43.655917,,,18.0948098688556,13.2429511194662,1668.83330739388,294.004499158956,2
1050054,48352526,3,40,01:33:06,-79.3381424946437,43.6564287505739,,,18.0948098688556,59.4139178165907,1728.24722521047,305.825021490493,2
1050054,48352526,3,41,01:33:18,-79.3383519928581,43.6569405007652,,,18.0948098688556,59.413917820362,1787.66114303083,317.64554382278,2
1050054,48352526,3,42,01:33:29,-79.3385614946435,43.6574522505739,,,18.0948098688556,59.4139178180153,1847.07506084885,329.466066154601,2
1050054,48352526,3,43,01:33:41,-79.338771,43.657964,,,18.0948098688556,59.413917817892,1906.48897866674,341.286588486397,2
1050054,48352526,3,44,01:33:51,-79.338947,43.658395,,,18.0948098688556,50.0286892095917,1956.51766787633,351.239900096734,2
1050054,48352526,3,45,01:34:00,-79.339108,43.658773,6252,6,18.0948098688556,44.0312061616034,2000.54887403793,360,2
1050054,48352526,3,46,01:34:00,-79.339108,43.658773,6252,6,1e-12,0,2000.54887403793,360,2
1050054,48352526,3,47,01:34:01,-79.339122,43.658806,,,17.07996342942,3.84267787134429,2004.39155190928,360.809933838208,2
1050054,48352526,3,48,01:34:15,-79.339374,43.659398,,,17.07996342942,68.9553619570354,2073.34691386631,375.343881997473,2
1050054,48352526,3,49,01:34:19,-79.339433,43.659536,,,17.07996342942,16.080143492884,2089.4270573592,378.733146665023,2
1050054,48352526,3,50,01:34:32,-79.3396589979994,43.6600675002226,,,17.07996342942,61.9024746856379,2151.32953204484,391.780534605236,2
1050054,48352526,3,51,01:34:45,-79.339885,43.660599,,,17.07996342942,61.9024746830401,2213.23200672788,404.827922544901,2
1050054,48352526,3,52,01:34:56,-79.340079,43.661054,7028,7,17.07996342942,53.0051873232591,2266.23719405114,416,2
1050054,48352526,3,53,01:34:56,-79.340079,43.661054,7028,7,1e-12,0,2266.23719405114,416,2
1050054,48352526,3,54,01:35:12,-79.3403309974375,43.6616645002768,,,16.0697680577193,70.9258976766934,2337.16309172783,431.88904274903,2
1050054,48352526,3,55,01:35:28,-79.340583,43.662275,,,16.0697680577193,70.9258976733125,2408.08898940114,447.778085497302,2
1050054,48352526,3,56,01:35:44,-79.3408357419103,43.6629155008353,,,16.0697680577193,74.1483972931633,2482.23738669431,464.389042749244,2
1050054,48352526,3,57,01:36:01,-79.3410884892135,43.6635560011137,3341,8,16.0697680577193,74.148397287874,2556.38578398218,481,2
1050054,48352526,3,58,01:36:01,-79.3410884892135,43.6635560011137,3341,8,1e-12,0,2556.38578398218,481,2
1050054,48352526,3,59,01:36:20,-79.34134124191,43.6641965008353,,,14.4288773108818,74.1483972921163,2630.5341812743,499.500000000021,2
1050054,48352526,3,60,01:36:38,-79.341594,43.664837,1500,9,14.4288773108818,74.1483972919462,2704.68257856624,518,2
1050054,48352526,3,61,01:36:38,-79.341594,43.664837,1500,9,1e-12,0,2704.68257856624,518,2
1050054,48352526,3,62,01:36:42,-79.341662,43.665,,,15.5355577191089,18.9533349011806,2723.63591346742,522.391989452707,2
1050054,48352526,3,63,01:36:44,-79.341686,43.665058,,,15.5355577191089,6.73957996821429,2730.37549343564,523.953728549832,2
1050054,48352526,3,64,01:36:59,-79.3419214978541,43.6656050002417,,,15.5355577191089,63.7764804205202,2794.15197385616,538.73242743307,2
1050054,48352526,3,65,01:37:14,-79.342157,43.666152,,,15.5355577191089,63.7764804220646,2857.92845427822,553.511126316666,2
1050054,48352526,3,66,01:37:26,-79.3423434985024,43.6666340001516,,,15.5355577191089,55.7180765268475,2913.64653080507,566.422479685714,2
1050054,48352526,3,67,01:37:39,-79.34253,43.667116,,,15.5355577191089,55.7180765301719,2969.36460733524,579.333833055532,2
1050054,48352526,3,68,01:37:45,-79.342632,43.667335,,,15.5355577191089,25.7253835619997,2995.08999089724,585.295085460991,2
1050054,48352526,3,69,01:37:53,-79.342765,43.667629,,,15.5355577191089,34.4356623218949,3029.52565321914,593.274740044382,2
1050054,48352526,3,70,01:38:15,-79.343079,43.66844,6342,10,15.5355577191089,93.753897223095,3123.27955044223,615,2
1050054,48352526,3,71,01:38:15,-79.343079,43.66844,6342,10,1e-12,0,3123.27955044223,615,2
1050054,48352526,3,72,01:38:26,-79.343214,43.668766,,,12.2543756898297,37.8832913603565,3161.16284180259,626.129073593726,2
1050054,48352526,3,73,01:38:39,-79.34337,43.669142,,,12.2543756898297,43.7004010568025,3204.86324285939,638.96705471871,2
1050054,48352526,3,74,01:39:00,-79.343621,43.669759,24570,11,12.2543756898297,71.5960037057122,3276.4592465651,660,2
1050054,48352526,3,75,01:39:00,-79.343621,43.669759,24570,11,1e-12,0,3276.4592465651,660,2
1050054,48352526,3,76,01:39:06,-79.343697,43.66993,,,11.8038768733077,19.99511417573,3296.45436074083,666.098200769563,2
1050054,48352526,3,77,01:39:35,-79.34401,43.670754,,,11.8038768733077,95.1266078360723,3391.5809685769,695.110345837279,2
1050054,48352526,3,78,01:39:39,-79.34386,43.670765,,,11.8038768733077,12.1398507160734,3403.72081929298,698.81281266635,2
1050054,48352526,3,79,01:39:54,-79.3432555013648,43.6709005015927,,,11.8038768733077,50.9575893832475,3454.67840867622,714.3540898034,2
1050054,48352526,3,80,01:40:10,-79.342651,43.671036,,,11.8038768733077,50.9575893856287,3505.63599806185,729.895366941177,2
1050054,48352526,3,81,01:40:31,-79.341818,43.671208,,,11.8038768733077,69.7517929216782,3575.38779098353,751.168585665262,2
1050054,48352526,3,82,01:40:35,-79.341681,43.671262,14564,12,11.8038768733077,12.5626508494111,3587.95044183294,755,2
1050054,48352526,3,83,01:40:35,-79.341681,43.671262,14564,12,1e-12,0,3587.95044183294,755,2
1050054,48352526,3,84,01:40:53,-79.342036,43.672115,,,19.7413534918087,99.1644959355313,3687.11493776847,773.08347059466,2
1050054,48352526,3,85,01:41:11,-79.342379,43.672962,5703,13,19.7413534918087,98.2490389825561,3785.36397675103,791,2
1050054,48352526,3,86,01:41:11,-79.342379,43.672962,5703,13,1e-12,0,3785.36397675103,791,2
1050054,48352526,3,87,01:41:34,-79.34268,43.673669,,,13.038699268296,82.3498388836967,3867.71381563473,813.736886086648,2
1050054,48352526,3,88,01:41:57,-79.342981,43.674389,,,13.038699268296,83.7339030976328,3951.44771873236,836.855913909036,2
1050054,48352526,3,89,01:42:21,-79.343295,43.675141,3678,14,13.038699268296,87.4465215688699,4038.89424030123,861,2
1050054,48352526,3,90,01:42:21,-79.343295,43.675141,3678,14,1e-12,0,4038.89424030123,861,2
1050054,48352526,3,91,01:42:43,-79.343598,43.675871,,,13.714851139243,84.8460532255719,4123.7402935268,883.271170755771,2
1050054,48352526,3,92,01:43:06,-79.343895,43.676627,,,13.714851139243,87.4887447989603,4211.22903832576,906.236019449976,2
1050054,48352526,3,93,01:43:30,-79.344218,43.677406,4798,15,13.714851139243,90.5331821442924,4301.76222047005,930,2
1050054,48352526,3,94,01:43:30,-79.344218,43.677406,4798,15,1e-12,0,4301.76222047005,930,2
1050054,48352526,3,95,01:43:52,-79.344506,43.678136,,,13.9494707961386,84.5064843258472,4386.2687047959,951.808952326512,2
1050054,48352526,3,96,01:44:16,-79.344829,43.678945,6033,16,13.9494707961386,93.7367536248122,4480.00545842071,976,2
1050054,48352526,3,97,01:44:16,-79.344829,43.678945,6033,16,1e-12,0,4480.00545842071,976,2
1050054,48352526,3,98,01:44:41,-79.345007,43.679358,,,7.04192889253015,48.1566054981083,4528.16206391882,1000.61879158949,2
1050054,48352526,3,99,01:44:41,-79.345013,43.67937,,,7.04192889253015,1.42048854844001,4529.58255246726,1001.34497881069,2
1050054,48352526,3,100,01:44:59,-79.345142,43.679672,,,7.04192889253015,35.1860967280243,4564.76864919529,1019.33294065382,2
1050054,48352526,3,101,01:45:00,-79.345155,43.679679,612,17,7.04192889253015,1.30482902301813,4566.0734782183,1020,2
1050054,48352526,3,102,01:45:00,-79.345155,43.679679,612,17,1e-12,0,4566.0734782183,1020,2
1050054,48352526,3,103,,-79.3453,43.680062,,,,44.2045979540777,4610.27807617238,,2
1050054,48352525,3,1,01:38:00,-79.342383,43.649671,10258,1,1e-12,0,0,0,3
1050054,48352525,3,2,01:38:00,-79.342383,43.649671,10258,1,1e-12,0,0,0,3
1050054,48352525,3,3,01:38:09,-79.3426954938149,43.6500672512769,,,20.3115399846003,50.7867672843754,50.7867672843754,9.00140325954459,3
1050054,48352525,3,4,01:38:18,-79.3430079917531,43.6504635017025,,,20.3115399846003,50.7867672861638,101.573534570539,18.0028065194062,3
1050054,48352525,3,5,01:38:27,-79.3433204938148,43.6508597512769,,,20.3115399846003,50.7867672890202,152.360301859559,27.004209779774,3
1050054,48352525,3,6,01:38:36,-79.343633,43.651256,,,20.3115399846003,50.7867672848421,203.147069144401,36.0056130394013,3
1050054,48352525,3,7,01:38:45,-79.3439564978562,43.6516540004561,,,20.3115399846003,51.3992365346551,254.546305679057,45.1155698257921,3
1050054,48352525,3,8,01:38:54,-79.34428,43.652052,,,20.3115399846003,51.3992365342767,305.945542213333,54.2255266121159,3
1050054,48352525,3,9,01:39:04,-79.3437007569517,43.6522922543872,,,20.3115399846003,53.7770342000606,359.722576413394,63.7569222259886,3
1050054,48352525,3,10,01:39:13,-79.343121509269,43.6525325058497,,,20.3115399846003,53.7770341976364,413.49961061103,73.2883178394316,3
1050054,48352525,3,11,01:39:23,-79.3425422569518,43.6527727543873,,,20.3115399846003,53.7770341991839,467.276644810214,82.8197134531488,3
1050054,48352525,3,12,01:39:32,-79.341963,43.653013,,,20.3115399846003,53.7770341967194,521.053679006933,92.3511090664292,3
1050054,48352525,3,13,01:39:46,-79.3414847358751,43.6524217529907,,,20.3115399846003,76.2614042830576,597.315083289991,105.867615231258,3
1050054,48352525,3,14,01:39:59,-79.3410064811671,43.6518305039876,,,20.3115399846003,76.2614042837786,673.57648757377,119.384121396214,3
1050054,48352525,3,15,01:40:13,-79.3405282358755,43.6512392529907,,,20.3115399846003,76.2614042814607,749.83789185523,132.900627560759,3
1050054,48352525,3,16,01:40:26,-79.34005,43.650648,,,20.3115399846003,76.2614042872918,826.099296142522,146.417133726338,3
1050054,48352525,3,17,01:40:36,-79.3394732571591,43.6508965043494,24786,2,20.3115399846003,54.0674365234906,880.166732666013,156,3
1050054,48352525,3,18,01:40:36,-79.3394732571591,43.6508965043494,24786,2,1e-12,0,880.166732666013,156,3
1050054,48352525,3,19,01:40:49,-79.3388965095454,43.6511450057992,,,14.9725208828758,54.0674365206878,934.234169186701,168.999999999806,3
1050054,48352525,3,20,01:41:02,-79.3383197571591,43.6513935043495,9066,3,14.9725208828758,54.0674365223041,988.301605709005,182,3
1050054,48352525,3,21,01:41:02,-79.3383197571591,43.6513935043495,9066,3,1e-12,0,988.301605709005,182,3
1050054,48352525,3,22,01:41:12,-79.337743,43.651642,,,19.286744761883,54.0674365218184,1042.36904223082,192.092048911397,3
1050054,48352525,3,23,01:41:22,-79.3371887566862,43.6518835040167,,,19.286744761883,52.111647353656,1094.48068958448,201.819036684052,3
1050054,48352525,3,24,01:41:32,-79.336634508915,43.6521250053556,,,19.286744761883,52.1116473486602,1146.59233693314,211.546024455775,3
1050054,48352525,3,25,01:41:41,-79.3360802566862,43.6523665040167,,,19.286744761883,52.1116473495889,1198.70398428273,221.273012227671,3
1050054,48352525,3,26,01:41:51,-79.335526,43.652608,1217,4,19.286744761883,52.111647351906,1250.81563163463,231,3
1050054,48352525,3,27,01:41:51,-79.335526,43.652608,1217,4,1e-12,0,1250.81563163463,231,3
1050054,48352525,3,28,01:42:01,-79.3359997361258,43.6531942529346,,,27.2150398580934,75.5973329392799,1326.41296457391,241.000000000017,3
1050054,48352525,3,29,01:42:11,-79.3364734815008,43.6537805039129,,,27.2150398580934,75.5973329398449,1402.01029751376,251.00000000011,3
1050054,48352525,3,30,01:42:21,-79.3369472361254,43.6543667529347,,,27.2150398580934,75.5973329375264,1477.60763045129,260.999999999895,3
1050054,48352525,3,31,01:42:31,-79.337421,43.654953,24628,5,27.2150398580934,75.597332939942,1553.20496339123,271,3
1050054,48352525,3,32,01:42:31,-79.337421,43.654953,24628,5,1e-12,0,1553.20496339123,271,3
1050054,48352525,3,33,01:42:33,-79.337474,43.65504,,,18.0948098688556,10.5837946551993,1563.78875804643,273.105667925492,3
1050054,48352525,3,34,01:42:36,-79.337541,43.65515,,,18.0948098688556,13.3814324200475,1577.17019046647,275.767931694015,3
1050054,48352525,3,35,01:42:40,-79.337693,43.65533,,,18.0948098688556,23.4813057724946,1600.65149623897,280.439586239912,3
1050054,48352525,3,36,01:42:42,-79.337718,43.655376,,,18.0948098688556,5.50233948634952,1606.15383572532,281.534288107156,3
1050054,48352525,3,37,01:42:43,-79.337738,43.655441,,,18.0948098688556,7.41289484073574,1613.56673056605,283.00909892971,3
1050054,48352525,3,38,01:42:51,-79.337886,43.655803,,,18.0948098688556,42.0236257083595,1655.59035627441,291.36978653276,3
1050054,48352525,3,39,01:42:54,-79.337933,43.655917,,,18.0948098688556,13.2429511194662,1668.83330739388,294.004499158956,3
1050054,48352525,3,40,01:43:06,-79.3381424946437,43.6564287505739,,,18.0948098688556,59.4139178165907,1728.24722521047,305.825021490493,3
1050054,48352525,3,41,01:43:18,-79.3383519928581,43.6569405007652,,,18.0948098688556,59.413917820362,1787.66114303083,317.64554382278,3
1050054,48352525,3,42,01:43:29,-79.3385614946435,43.6574522505739,,,18.0948098688556,59.4139178180153,1847.07506084885,329.466066154601,3
1050054,48352525,3,43,01:43:41,-79.338771,43.657964,,,18.0948098688556,59.413917817892,1906.48897866674,341.286588486397,3
1050054,48352525,3,44,01:43:51,-79.338947,43.658395,,,18.0948098688556,50.0286892095917,1956.51766787633,351.239900096734,3
1050054,48352525,3,45,01:44:00,-79.339108,43.658773,6252,6,18.0948098688556,44.0312061616034,2000.54887403793,360,3
1050054,48352525,3,46,01:44:00,-79.339108,43.658773,6252,6,1e-12,0,2000.54887403793,360,3
1050054,48352525,3,47,01:44:01,-79.339122,43.658806,,,17.07996342942,3.84267787134429,2004.39155190928,360.809933838208,3
1050054,48352525,3,48,01:44:15,-79.339374,43.659398,,,17.07996342942,68.9553619570354,2073.34691386631,375.343881997473,3
1050054,48352525,3,49,01:44:19,-79.339433,43.659536,,,17.07996342942,16.080143492884,2089.4270573592,378.733146665023,3
1050054,48352525,3,50,01:44:32,-79.3396589979994,43.6600675002226,,,17.07996342942,61.9024746856379,2151.32953204484,391.780534605236,3
1050054,48352525,3,51,01:44:45,-79.339885,43.660599,,,17.07996342942,61.9024746830401,2213.23200672788,404.827922544901,3
1050054,48352525,3,52,01:44:56,-79.340079,43.661054,7028,7,17.07996342942,53.0051873232591,2266.23719405114,416,3
1050054,48352525,3,53,01:44:56,-79.340079,43.661054,7028,7,1e-12,0,2266.23719405114,416,3
1050054,48352525,3,54,01:45:12,-79.3403309974375,43.6616645002768,,,16.0697680577193,70.9258976766934,2337.16309172783,431.88904274903,3
1050054,48352525,3,55,01:45:28,-79.340583,43.662275,,,16.0697680577193,70.9258976733125,2408.08898940114,447.778085497302,3
1050054,48352525,3,56,01:45:44,-79.3408357419103,43.6629155008353,,,16.0697680577193,74.1483972931633,2482.23738669431,464.389042749244,3
1050054,48352525,3,57,01:46:01,-79.3410884892135,43.6635560011137,3341,8,16.0697680577193,74.148397287874,2556.38578398218,481,3
1050054,48352525,3,58,01:46:01,-79.3410884892135,43.6635560011137,3341,8,1e-12,0,2556.38578398218,481,3
1050054,48352525,3,59,01:46:20,-79.34134124191,43.6641965008353,,,14.4288773108818,74.1483972921163,2630.5341812743,499.500000000021,3
1050054,48352525,3,60,01:46:38,-79.341594,43.664837,1500,9,14.4288773108818,74.1483972919462,2704.68257856624,518,3
1050054,48352525,3,61,01:46:38,-79.341594,43.664837,1500,9,1e-12,0,2704.68257856624,518,3
1050054,48352525,3,62,01:46:42,-79.341662,43.665,,,15.5355577191089,18.9533349011806,2723.63591346742,522.391989452707,3
1050054,48352525,3,63,01:46:44,-79.341686,43.665058,,,15.5355577191089,6.73957996821429,2730.37549343564,523.953728549832,3
1050054,48352525,3,64,01:46:59,-79.3419214978541,43.6656050002417,,,15.5355577191089,63.7764804205202,2794.15197385616,538.73242743307,3
1050054,48352525,3,65,01:47:14,-79.342157,43.666152,,,15.5355577191089,63.7764804220646,2857.92845427822,553.511126316666,3
1050054,48352525,3,66,01:47:26,-79.3423434985024,43.6666340001516,,,15.5355577191089,55.7180765268475,2913.64653080507,566.422479685714,3
1050054,48352525,3,67,01:47:39,-79.34253,43.667116,,,15.5355577191089,55.7180765301719,2969.36460733524,579.333833055532,3
1050054,48352525,3,68,01:47:45,-79.342632,43.667335,,,15.5355577191089,25.7253835619997,2995.08999089724,585.295085460991,3
1050054,48352525,3,69,01:47:53,-79.342765,43.667629,,,15.5355577191089,34.4356623218949,3029.52565321914,593.274740044382,3
1050054,48352525,3,70,01:48:15,-79.343079,43.66844,6342,10,15.5355577191089,93.753897223095,3123.27955044223,615,3
1050054,48352525,3,71,01:48:15,-79.343079,43.66844,6342,10,1e-12,0,3123.27955044223,615,3
1050054,48352525,3,72,01:48:26,-79.343214,43.668766,,,12.2543756898297,37.8832913603565,3161.16284180259,626.129073593726,3
1050054,48352525,3,73,01:48:39,-79.34337,43.669142,,,12.2543756898297,43.7004010568025,3204.86324285939,638.96705471871,3
1050054,48352525,3,74,01:49:00,-79.343621,43.669759,24570,11,12.2543756898297,71.5960037057122,3276.4592465651,660,3
1050054,48352525,3,75,01:49:00,-79.343621,43.669759,24570,11,1e-12,0,3276.4592465651,660,3
1050054,48352525,3,76,01:49:06,-79.343697,43.66993,,,11.8038768733077,19.99511417573,3296.45436074083,666.098200769563,3
1050054,48352525,3,77,01:49:35,-79.34401,43.670754,,,11.8038768733077,95.1266078360723,3391.5809685769,695.110345837279,3
1050054,48352525,3,78,01:49:39,-79.34386,43.670765,,,11.8038768733077,12.1398507160734,3403.72081929298,698.81281266635,3
1050054,48352525,3,79,01:49:54,-79.3432555013648,43.6709005015927,,,11.8038768733077,50.9575893832475,3454.67840867622,714.3540898034,3
1050054,48352525,3,80,01:50:10,-79.342651,43.671036,,,11.8038768733077,50.9575893856287,3505.63599806185,729.895366941177,3
1050054,48352525,3,81,01:50:31,-79.341818,43.671208,,,11.8038768733077,69.7517929216782,3575.38779098353,751.168585665262,3
1050054,48352525,3,82,01:50:35,-79.341681,43.671262,14564,12,11.8038768733077,12.5626508494111,3587.95044183294,755,3
1050054,48352525,3,83,01:50:35,-79.341681,43.671262,14564,12,1e-12,0,3587.95044183294,755,3
1050054,48352525,3,84,01:50:53,-79.342036,43.672115,,,19.7413534918087,99.1644959355313,3687.11493776847,773.08347059466,3
1050054,48352525,3,85,01:51:11,-79.342379,43.672962,5703,13,19.7413534918087,98.2490389825561,3785.36397675103,791,3
1050054,48352525,3,86,01:51:11,-79.342379,43.672962,5703,13,1e-12,0,3785.36397675103,791,3
1050054,48352525,3,87,01:51:34,-79.34268,43.673669,,,13.038699268296,82.3498388836967,3867.71381563473,813.736886086648,3
1050054,48352525,3,88,01:51:57,-79.342981,43.674389,,,13.038699268296,83.7339030976328,3951.44771873236,836.855913909036,3
1050054,48352525,3,89,01:52:21,-79.343295,43.675141,3678,14,13.038699268296,87.4465215688699,4038.89424030123,861,3
1050054,48352525,3,90,01:52:21,-79.343295,43.675141,3678,14,1e-12,0,4038.89424030123,861,3
1050054,48352525,3,91,01:52:43,-79.343598,43.675871,,,13.714851139243,84.8460532255719,4123.7402935268,883.271170755771,3
1050054,48352525,3,92,01:53:06,-79.343895,43.676627,,,13.714851139243,87.4887447989603,4211.22903832576,906.236019449976,3
1050054,48352525,3,93,01:53:30,-79.344218,43.677406,4798,15,13.714851139243,90.5331821442924,4301.76222047005,930,3
1050054,48352525,3,94,01:53:30,-79.344218,43.677406,4798,15,1e-12,0,4301.76222047005,930,3
1050054,48352525,3,95,01:53:52,-79.344506,43.678136,,,13.9494707961386,84.5064843258472,4386.2687047959,951.808952326512,3
1050054,48352525,3,96,01:54:16,-79.344829,43.678945,6033,16,13.9494707961386,93.7367536248122,4480.00545842071,976,3
1050054,48352525,3,97,01:54:16,-79.344829,43.678945,6033,16,1e-12,0,4480.00545842071,976,3
1050054,48352525,3,98,01:54:41,-79.345007,43.679358,,,7.04192889253015,48.1566054981083,4528.16206391882,1000.61879158949,3
1050054,48352525,3,99,01:54:41,-79.345013,43.67937,,,7.04192889253015,1.42048854844001,4529.58255246726,1001.34497881069,3
1050054,48352525,3,100,01:54:59,-79.345142,43.679672,,,7.04192889253015,35.1860967280243,4564.76864919529,1019.33294065382,3
1050054,48352525,3,101,01:55:00,-79.345155,43.679679,612,17,7.04192889253015,1.30482902301813,4566.0734782183,1020,3
1050054,48352525,3,102,01:55:00,-79.345155,43.679679,612,17,1e-12,0,4566.0734782183,1020,3
1050054,48352525,3,103,,-79.3453,43.680062,,,,44.2045979540777,4610.27807617238,,3
1050054,48352452,3,1,01:53:00,-79.342383,43.649671,10258,1,1e-12,0,0,0,4
1050054,48352452,3,2,01:53:00,-79.342383,43.649671,10258,1,1e-12,0,0,0,4
1050054,48352452,3,3,01:53:09,-79.3426954938149,43.6500672512769,,,20.3115399846003,50.7867672843754,50.7867672843754,9.00140325954459,4
1050054,48352452,3,4,01:53:18,-79.3430079917531,43.6504635017025,,,20.3115399846003,50.7867672861638,101.573534570539,18.0028065194062,4
1050054,48352452,3,5,01:53:27,-79.3433204938148,43.6508597512769,,,20.3115399846003,50.7867672890202,152.360301859559,27.004209779774,4
1050054,48352452,3,6,01:53:36,-79.343633,43.651256,,,20.3115399846003,50.7867672848421,203.147069144401,36.0056130394013,4
1050054,48352452,3,7,01:53:45,-79.3439564978562,43.6516540004561,,,20.3115399846003,51.3992365346551,254.546305679057,45.1155698257921,4
1050054,48352452,3,8,01:53:54,-79.34428,43.652052,,,20.3115399846003,51.3992365342767,305.945542213333,54.2255266121159,4
1050054,48352452,3,9,01:54:04,-79.3437007569517,43.6522922543872,,,20.3115399846003,53.7770342000606,359.722576413394,63.7569222259886,4
1050054,48352452,3,10,01:54:13,-79.343121509269,43.6525325058497,,,20.3115399846003,53.7770341976364,413.49961061103,73.2883178394316,4
1050054,48352452,3,11,01:54:23,-79.3425422569518,43.6527727543873,,,20.3115399846003,53.7770341991839,467.276644810214,82.8197134531488,4
1050054,48352452,3,12,01:54:32,-79.341963,43.653013,,,20.3115399846003,53.7770341967194,521.053679006933,92.3511090664292,4
1050054,48352452,3,13,01:54:46,-79.3414847358751,43.6524217529907,,,20.3115399846003,76.2614042830576,597.315083289991,105.867615231258,4
1050054,48352452,3,14,01:54:59,-79.3410064811671,43.6518305039876,,,20.3115399846003,76.2614042837786,673.57648757377,119.384121396214,4
1050054,48352452,3,15,01:55:13,-79.3405282358755,43.6512392529907,,,20.3115399846003,76.2614042814607,749.83789185523,132.900627560759,4
1050054,48352452,3,16,01:55:26,-79.34005,43.650648,,,20.3115399846003,76.2614042872918,826.099296142522,146.417133726338,4
1050054,48352452,3,17,01:55:36,-79.3394732571591,43.6508965043494,24786,2,20.3115399846003,54.0674365234906,880.166732666013,156,4
1050054,48352452,3,18,01:55:36,-79.3394732571591,43.6508965043494,24786,2,1e-12,0,880.166732666013,156,4
1050054,48352452,3,19,01:55:49,-79.3388965095454,43.6511450057992,,,14.9725208828758,54.0674365206878,934.234169186701,168.999999999806,4
1050054,48352452,3,20,01:56:02,-79.3383197571591,43.6513935043495,9066,3,14.9725208828758,54.0674365223041,988.301605709005,182,4
1050054,48352452,3,21,01:56:02,-79.3383197571591,43.6513935043495,9066,3,1e-12,0,988.301605709005,182,4
1050054,48352452,3,22,01:56:12,-79.337743,43.651642,,,19.286744761883,54.0674365218184,1042.36904223082,192.092048911397,4
1050054,48352452,3,23,01:56:22,-79.3371887566862,43.6518835040167,,,19.286744761883,52.111647353656,1094.48068958448,201.819036684052,4
1050054,48352452,3,24,01:56:32,-79.336634508915,43.6521250053556,,,19.286744761883,52.1116473486602,1146.59233693314,211.546024455775,4
1050054,48352452,3,25,01:56:41,-79.3360802566862,43.6523665040167,,,19.286744761883,52.1116473495889,1198.70398428273,221.273012227671,4
1050054,48352452,3,26,01:56:51,-79.335526,43.652608,1217,4,19.286744761883,52.111647351906,1250.81563163463,231,4
1050054,48352452,3,27,01:56:51,-79.335526,43.652608,1217,4,1e-12,0,1250.81563163463,231,4
1050054,48352452,3,28,01:57:01,-79.3359997361258,43.6531942529346,,,27.2150398580934,75.5973329392799,1326.41296457391,241.000000000017,4
1050054,48352452,3,29,01:57:11,-79.3364734815008,43.6537805039129,,,27.2150398580934,75.5973329398449,1402.01029751376,251.00000000011,4
1050054,48352452,3,30,01:57:21,-79.3369472361254,43.6543667529347,,,27.2150398580934,75.5973329375264,1477.60763045129,260.999999999895,4
1050054,48352452,3,31,01:57:31,-79.337421,43.654953,24628,5,27.2150398580934,75.597332939942,1553.20496339123,271,4
1050054,48352452,3,32,01:57:31,-79.337421,43.654953,24628,5,1e-12,0,1553.20496339123,271,4
1050054,48352452,3,33,01:57:33,-79.337474,43.65504,,,18.0948098688556,10.5837946551993,1563.78875804643,273.105667925492,4
1050054,48352452,3,34,01:57:36,-79.337541,43.65515,,,18.0948098688556,13.3814324200475,1577.17019046647,275.767931694015,4
1050054,48352452,3,35,01:57:40,-79.337693,43.65533,,,18.0948098688556,23.4813057724946,1600.65149623897,280.439586239912,4
1050054,48352452,3,36,01:57:42,-79.337718,43.655376,,,18.0948098688556,5.50233948634952,1606.15383572532,281.534288107156,4
1050054,48352452,3,37,01:57:43,-79.337738,43.655441,,,18.0948098688556,7.41289484073574,1613.56673056605,283.00909892971,4
1050054,48352452,3,38,01:57:51,-79.337886,43.655803,,,18.0948098688556,42.0236257083595,1655.59035627441,291.36978653276,4
1050054,48352452,3,39,01:57:54,-79.337933,43.655917,,,18.0948098688556,13.2429511194662,1668.83330739388,294.004499158956,4
1050054,48352452,3,40,01:58:06,-79.3381424946437,43.6564287505739,,,18.0948098688556,59.4139178165907,1728.24722521047,305.825021490493,4
1050054,48352452,3,41,01:58:18,-79.3383519928581,43.6569405007652,,,18.0948098688556,59.413917820362,1787.66114303083,317.64554382278,4
1050054,48352452,3,42,01:58:29,-79.3385614946435,43.6574522505739,,,18.0948098688556,59.4139178180153,1847.07506084885,329.466066154601,4
1050054,48352452,3,43,01:58:41,-79.338771,43.657964,,,18.0948098688556,59.413917817892,1906.48897866674,341.286588486397,4
1050054,48352452,3,44,01:58:51,-79.338947,43.658395,,,18.0948098688556,50.0286892095917,1956.51766787633,351.239900096734,4
1050054,48352452,3,45,01:59:00,-79.339108,43.658773,6252,6,18.0948098688556,44.0312061616034,2000.54887403793,360,4
1050054,48352452,3,46,01:59:00,-79.339108,43.658773,6252,6,1e-12,0,2000.54887403793,360,4
1050054,48352452,3,47,01:59:01,-79.339122,43.658806,,,17.07996342942,3.84267787134429,2004.39155190928,360.809933838208,4
1050054,48352452,3,48,01:59:15,-79.339374,43.659398,,,17.07996342942,68.9553619570354,2073.34691386631,375.343881997473,4
1050054,48352452,3,49,01:59:19,-79.339433,43.659536,,,17.07996342942,16.080143492884,2089.4270573592,378.733146665023,4
1050054,48352452,3,50,01:59:32,-79.3396589979994,43.6600675002226,,,17.07996342942,61.9024746856379,2151.32953204484,391.780534605236,4
1050054,48352452,3,51,01:59:45,-79.339885,43.660599,,,17.07996342942,61.9024746830401,2213.23200672788,404.827922544901,4
1050054,48352452,3,52,01:59:56,-79.340079,43.661054,7028,7,17.07996342942,53.0051873232591,2266.23719405114,416,4
1050054,48352452,3,53,01:59:56,-79.340079,43.661054,7028,7,1e-12,0,2266.23719405114,416,4
1050054,48352452,3,54,02:00:12,-79.3403309974375,43.6616645002768,,,16.0697680577193,70.9258976766934,2337.16309172783,431.88904274903,4
1050054,48352452,3,55,02:00:28,-79.340583,43.662275,,,16.0697680577193,70.9258976733125,2408.08898940114,447.778085497302,4
1050054,48352452,3,56,02:00:44,-79.3408357419103,43.6629155008353,,,16.0697680577193,74.1483972931633,2482.23738669431,464.389042749244,4
1050054,48352452,3,57,02:01:01,-79.3410884892135,43.6635560011137,3341,8,16.0697680577193,74.148397287874,2556.38578398218,481,4
1050054,48352452,3,58,02:01:01,-79.3410884892135,43.6635560011137,3341,8,1e-12,0,2556.38578398218,481,4
1050054,48352452,3,59,02:01:20,-79.34134124191,43.6641965008353,,,14.4288773108818,74.1483972921163,2630.5341812743,499.500000000021,4
1050054,48352452,3,60,02:01:38,-79.341594,43.664837,1500,9,14.4288773108818,74.1483972919462,2704.68257856624,518,4
1050054,48352452,3,61,02:01:38,-79.341594,43.664837,1500,9,1e-12,0,2704.68257856624,518,4
1050054,48352452,3,62,02:01:42,-79.341662,43.665,,,15.5355577191089,18.9533349011806,2723.63591346742,522.391989452707,4
1050054,48352452,3,63,02:01:44,-79.341686,43.665058,,,15.5355577191089,6.73957996821429,2730.37549343564,523.953728549832,4
1050054,48352452,3,64,02:01:59,-79.3419214978541,43.6656050002417,,,15.5355577191089,63.7764804205202,2794.15197385616,538.73242743307,4
1050054,48352452,3,65,02:02:14,-79.342157,43.666152,,,15.5355577191089,63.7764804220646,2857.92845427822,553.511126316666,4
1050054,48352452,3,66,02:02:26,-79.3423434985024,43.6666340001516,,,15.5355577191089,55.7180765268475,2913.64653080507,566.422479685714,4
1050054,48352452,3,67,02:02:39,-79.34253,43.667116,,,15.5355577191089,55.7180765301719,2969.36460733524,579.333833055532,4
1050054,48352452,3,68,02:02:45,-79.342632,43.667335,,,15.5355577191089,25.7253835619997,2995.08999089724,585.295085460991,4
1050054,48352452,3,69,02:02:53,-79.342765,43.667629,,,15.5355577191089,34.4356623218949,3029.52565321914,593.274740044382,4
1050054,48352452,3,70,02:03:15,-79.343079,43.66844,6342,10,15.5355577191089,93.753897223095,3123.27955044223,615,4
1050054,48352452,3,71,02:03:15,-79.343079,43.66844,6342,10,1e-12,0,3123.27955044223,615,4
1050054,48352452,3,72,02:03:26,-79.343214,43.668766,,,12.2543756898297,37.8832913603565,3161.16284180259,626.129073593726,4
1050054,48352452,3,73,02:03:39,-79.34337,43.669142,,,12.2543756898297,43.7004010568025,3204.86324285939,638.96705471871,4
1050054,48352452,3,74,02:04:00,-79.343621,43.669759,24570,11,12.2543756898297,71.5960037057122,3276.4592465651,660,4
1050054,48352452,3,75,02:04:00,-79.343621,43.669759,24570,11,1e-12,0,3276.4592465651,660,4
1050054,48352452,3,76,02:04:06,-79.343697,43.66993,,,11.8038768733077,19.99511417573,3296.45436074083,666.098200769563,4
1050054,48352452,3,77,02:04:35,-79.34401,43.670754,,,11.8038768733077,95.1266078360723,3391.5809685769,695.110345837279,4
1050054,48352452,3,78,02:04:39,-79.34386,43.670765,,,11.8038768733077,12.1398507160734,3403.72081929298,698.81281266635,4
1050054,48352452,3,79,02:04:54,-79.3432555013648,43.6709005015927,,,11.8038768733077,50.9575893832475,3454.67840867622,714.3540898034,4
1050054,48352452,3,80,02:05:10,-79.342651,43.671036,,,11.8038768733077,50.9575893856287,3505.63599806185,729.895366941177,4
1050054,48352452,3,81,02:05:31,-79.341818,43.671208,,,11.8038768733077,69.7517929216782,3575.38779098353,751.168585665262,4
1050054,48352452,3,82,02:05:35,-79.341681,43.671262,14564,12,11.8038768733077,12.5626508494111,3587.95044183294,755,4
1050054,48352452,3,83,02:05:35,-79.341681,43.671262,14564,12,1e-12,0,3587.95044183294,755,4
1050054,48352452,3,84,02:05:53,-79.342036,43.672115,,,19.7413534918087,99.1644959355313,3687.11493776847,773.08347059466,4
1050054,48352452,3,85,02:06:11,-79.342379,43.672962,5703,13,19.7413534918087,98.2490389825561,3785.36397675103,791,4
1050054,48352452,3,86,02:06:11,-79.342379,43.672962,5703,13,1e-12,0,3785.36397675103,791,4
1050054,48352452,3,87,02:06:34,-79.34268,43.673669,,,13.038699268296,82.3498388836967,3867.71381563473,813.736886086648,4
1050054,48352452,3,88,02:06:57,-79.342981,43.674389,,,13.038699268296,83.7339030976328,3951.44771873236,836.855913909036,4
1050054,48352452,3,89,02:07:21,-79.343295,43.675141,3678,14,13.038699268296,87.4465215688699,4038.89424030123,861,4
1050054,48352452,3,90,02:07:21,-79.343295,43.675141,3678,14,1e-12,0,4038.89424030123,861,4
1050054,48352452,3,91,02:07:43,-79.343598,43.675871,,,13.714851139243,84.8460532255719,4123.7402935268,883.271170755771,4
1050054,48352452,3,92,02:08:06,-79.343895,43.676627,,,13.714851139243,87.4887447989603,4211.22903832576,906.236019449976,4
1050054,48352452,3,93,02:08:30,-79.344218,43.677406,4798,15,13.714851139243,90.5331821442924,4301.76222047005,930,4
1050054,48352452,3,94,02:08:30,-79.344218,43.677406,4798,15,1e-12,0,4301.76222047005,930,4
1050054,48352452,3,95,02:08:52,-79.344506,43.678136,,,13.9494707961386,84.5064843258472,4386.2687047959,951.808952326512,4
1050054,48352452,3,96,02:09:16,-79.344829,43.678945,6033,16,13.9494707961386,93.7367536248122,4480.00545842071,976,4
1050054,48352452,3,97,02:09:16,-79.344829,43.678945,6033,16,1e-12,0,4480.00545842071,976,4
1050054,48352452,3,98,02:09:41,-79.345007,43.679358,,,7.04192889253015,48.1566054981083,4528.16206391882,1000.61879158949,4
1050054,48352452,3,99,02:09:41,-79.345013,43.67937,,,7.04192889253015,1.42048854844001,4529.58255246726,1001.34497881069,4
1050054,48352452,3,100,02:09:59,-79.345142,43.679672,,,7.04192889253015,35.1860967280243,4564.76864919529,1019.33294065382,4
1050054,48352452,3,101,02:10:00,-79.345155,43.679679,612,17,7.04192889253015,1.30482902301813,4566.0734782183,1020,4
1050054,48352452,3,102,02:10:00,-79.345155,43.679679,612,17,1e-12,0,4566.0734782183,1020,4
1050054,48352452,3,103,,-79.3453,43.680062,,,,44.2045979540777,4610.27807617238,,4
