shape_id,trip_id,route_type,id,timestamp,shape_pt_lon,shape_pt_lat,stop_id,stop_sequence,speed,dist,cumdist,cumtime,trip_number
1050034,48352056,3,1,04:59:56,-79.32355,43.683162,9658,1,1e-12,0,0,0,1
1050034,48352056,3,2,04:59:56,-79.32355,43.683162,9658,1,1e-12,0,0,0,1
1050034,48352056,3,3,05:00:00,-79.323626,43.683359,,,21.1187146815782,22.7674061439591,22.7674061439591,3.8810440575604,1
1050034,48352056,3,4,05:00:08,-79.323795,43.683762,,,21.1187146815782,46.8793183434228,69.6467244873819,11.8723232893186,1
1050034,48352056,3,5,05:00:16,-79.323961,43.684161,,,21.1187146815782,46.3832020517647,116.029926539147,19.7790320973129,1
1050034,48352056,3,6,05:00:32,-79.324289,43.684972,,,21.1187146815782,94.0621448181264,210.092071357273,35.8133280500224,1
1050034,48352056,3,7,05:00:48,-79.324646,43.685785,7638,2,21.1187146815782,94.9560295988563,305.048100956129,52,1
1050034,48352056,3,8,05:00:48,-79.324646,43.685785,7638,2,1e-12,0,305.048100956129,52,1
1050034,48352056,3,9,05:01:04,-79.324952,43.686592,,,20.9441060250424,93.1507604960459,398.198861452175,68.0113178086858,1
1050034,48352056,3,10,05:01:11,-79.32511,43.686965,,,20.9441060250424,43.4264418086726,441.625303260848,75.475718071189,1
1050034,48352056,3,11,05:01:19,-79.325278,43.687339,1550,3,20.9441060250424,43.7748217998133,485.400125060661,83,1
1050034,48352056,3,12,05:01:19,-79.325278,43.687339,1550,3,1e-12,0,485.400125060661,83,1
1050034,48352056,3,13,05:01:34,-79.325582,43.688043,,,19.9420779514623,82.1006689719389,567.5007940326,97.8210436755066,1
1050034,48352056,3,14,05:01:49,-79.325845,43.688774,1312,4,19.9420779514623,84.0833139569134,651.584107989513,113,1
1050034,48352056,3,15,05:01:49,-79.325845,43.688774,1312,4,1e-12,0,651.584107989513,113,1
1050034,48352056,3,16,05:01:58,-79.3260149987359,43.689220000126,,,21.5127379862252,51.4997853343949,703.083893323908,121.618113943587,1
1050034,48352056,3,17,05:02:06,-79.326185,43.689666,,,21.5127379862252,51.4997853324146,754.583678656323,130.236227886843,1
1050034,48352056,3,18,05:02:15,-79.3263729985675,43.6901230001541,,,21.5127379862252,53.0760243232567,807.65970297958,139.118113943656,1
1050034,48352056,3,19,05:02:24,-79.326561,43.69058,7587,5,21.5127379862252,53.076024320457,860.735727300037,148,1
1050034,48352056,3,20,05:02:24,-79.326561,43.69058,7587,5,1e-12,0,860.735727300037,148,1
1050034,48352056,3,21,05:02:42,-79.3268314969782,43.6912500003189,,,15.5394337445437,77.6971687196253,938.432896019662,165.999999999283,1
1050034,48352056,3,22,05:03:00,-79.327102,43.69192,9224,6,15.5394337445437,77.6971687258118,1016.13006474547,184,1
1050034,48352056,3,23,05:03:00,-79.327102,43.69192,9224,6,1e-12,0,1016.13006474547,184,1
1050034,48352056,3,24,05:03:07,-79.327275,43.692342,,,23.6795092389431,48.9972002628953,1065.12726500837,191.449053068057,1
1050034,48352056,3,25,05:03:15,-79.3274574959192,43.6927890004355,,,23.6795092389431,51.8827041222475,1117.00996913062,199.336789800916,1
1050034,48352056,3,26,05:03:23,-79.3276399945589,43.6932360005807,,,23.6795092389431,51.8827041246393,1168.89267325526,207.224526534139,1
1050034,48352056,3,27,05:03:31,-79.3278224959191,43.6936830004355,,,23.6795092389431,51.8827041222409,1220.7753773775,215.112263266997,1
1050034,48352056,3,28,05:03:39,-79.328005,43.69413,8010,7,23.6795092389431,51.8827041231939,1272.65808150069,223,1
1050034,48352056,3,29,05:03:39,-79.328005,43.69413,8010,7,1e-12,0,1272.65808150069,223,1
1050034,48352056,3,30,05:03:51,-79.3281959956882,43.694581250477,,,16.2100649277206,52.5326178214416,1325.19069932213,234.666666666694,1
1050034,48352056,3,31,05:04:02,-79.3283869942509,43.695032500636,,,16.2100649277206,52.5326178215267,1377.72331714366,246.333333333408,1
1050034,48352056,3,32,05:04:14,-79.3285779956882,43.695483750477,9760,8,16.2100649277206,52.5326178209822,1430.25593496464,258,1
1050034,48352056,3,33,05:04:14,-79.3285779956882,43.695483750477,9760,8,1e-12,0,1430.25593496464,258,1
1050034,48352056,3,34,05:04:22,-79.328769,43.695935,,,23.7274276589969,52.5326178230495,1482.78855278769,265.970414108133,1
1050034,48352056,3,35,05:04:35,-79.3290484966416,43.6966555003405,,,23.7274276589969,83.3006668162482,1566.08921960394,278.609053443518,1
1050034,48352056,3,36,05:04:47,-79.329328,43.697376,,,23.7274276589969,83.3006668135072,1649.38988641745,291.247692778487,1
1050034,48352056,3,37,05:04:54,-79.329477,43.697761,8734,9,23.7274276589969,44.5041336471604,1693.89402006461,298,1
1050034,48352056,3,38,05:04:54,-79.329477,43.697761,8734,9,1e-12,0,1693.89402006461,298,1
1050034,48352056,3,39,05:05:02,-79.328878,43.697879,,,22.0615748049299,49.9669882491293,1743.86100831374,306.153595529213,1
1050034,48352056,3,40,05:05:09,-79.32838,43.697978,,,22.0615748049299,41.5681136912871,1785.42912200502,312.936665668666,1
1050034,48352056,3,41,05:05:22,-79.327427,43.698184,9730,10,22.0615748049299,80.0549243201499,1865.48404632517,326,1
1050034,48352056,3,42,05:05:22,-79.327427,43.698184,9730,10,1e-12,0,1865.48404632517,326,1
1050034,48352056,3,43,05:05:27,-79.327057,43.698264,,,20.6667599803737,31.081736604445,1896.56578292962,331.414213543016,1
1050034,48352056,3,44,05:05:36,-79.32647,43.698383,,,20.6667599803737,49.0653724652726,1945.63115539489,339.961046285194,1
1050034,48352056,3,45,05:05:50,-79.32551,43.698589,4088,11,20.6667599803737,80.5943574443004,2026.22551283919,354,1
1050034,48352056,3,46,05:05:50,-79.32551,43.698589,4088,11,1e-12,0,2026.22551283919,354,1
1050034,48352056,3,47,05:06:02,-79.324473,43.698811,,,26.3121235540525,87.0418658603946,2113.26737869959,365.908986230386,1
1050034,48352056,3,48,05:06:12,-79.323617,43.699023,,,26.3121235540525,72.8224663709765,2186.08984507056,375.872487594955,1
1050034,48352056,3,49,05:06:14,-79.323428,43.699052,2917,12,26.3121235540525,15.5498247956454,2201.63966986621,378,1
1050034,48352056,3,50,05:06:14,-79.323428,43.699052,2917,12,1e-12,0,2201.63966986621,378,1
1050034,48352056,3,51,05:06:23,-79.322412,43.699262,,,32.5352279134968,85.045197206425,2286.68486707263,387.41019103223,1
1050034,48352056,3,52,05:06:27,-79.321998,43.699347,,,32.5352279134968,34.6367506642266,2321.32161773686,391.242723041003,1
1050034,48352056,3,53,05:06:33,-79.321377,43.699477,7908,13,32.5352279134968,52.0317550061375,2373.353372743,397,1
1050034,48352056,3,54,05:06:33,-79.321377,43.699477,7908,13,1e-12,0,2373.353372743,397,1
1050034,48352056,3,55,05:06:44,-79.3205180024141,43.6996455032163,,,22.8211826090713,71.6324751946428,2444.98584793764,408.299892521705,1
1050034,48352056,3,56,05:06:56,-79.319659,43.699814,,,22.8211826090713,71.6324751972757,2516.61832313491,419.599785043826,1
1050034,48352056,3,57,05:06:56,-79.319629,43.699821,1663,14,22.8211826090713,2.53704961048105,2519.1553727454,420,1
1050034,48352056,3,58,05:06:56,-79.319629,43.699821,1663,14,1e-12,0,2519.1553727454,420,1
1050034,48352056,3,59,05:06:56,-79.319615,43.699825,,,22.9244252453165,1.21152320397426,2520.36689594937,420.190254869539,1
1050034,48352056,3,60,05:06:56,-79.319592,43.699831,,,22.9244252453165,1.96786947544684,2522.33476542482,420.499284650474,1
1050034,48352056,3,61,05:06:57,-79.31957,43.699837,,,22.9244252453165,1.89236338358643,2524.2271288084,420.79645712516,1
1050034,48352056,3,62,05:06:57,-79.319541,43.699845,,,22.9244252453165,2.49806857449264,2526.7251973829,421.188748175947,1
1050034,48352056,3,63,05:06:58,-79.319513,43.699854,,,22.9244252453165,2.46613338911359,2529.19133077201,421.5760241973,1
1050034,48352056,3,64,05:06:58,-79.319484,43.699864,,,22.9244252453165,2.58581831699257,2531.777149089,421.982095269597,1
1050034,48352056,3,65,05:06:58,-79.319456,43.699874,,,22.9244252453165,2.51341583123628,2534.29056492024,422.376796418945,1
1050034,48352056,3,66,05:06:59,-79.319428,43.699885,,,22.9244252453165,2.56466176575112,2536.85522668599,422.779545114186,1
1050034,48352056,3,67,05:06:59,-79.319401,43.699896,,,22.9244252453165,2.49424280521168,2539.3494694912,423.1712353748,1
1050034,48352056,3,68,05:07:00,-79.319374,43.699908,,,22.9244252453165,2.55073754652863,2541.90020703773,423.571797442081,1
1050034,48352056,3,69,05:07:00,-79.319347,43.69992,,,22.9244252453165,2.55073717603098,2544.45094421376,423.972359451181,1
1050034,48352056,3,70,05:07:00,-79.319321,43.699933,,,22.9244252453165,2.54416441773737,2546.9951086315,424.371889289152,1
1050034,48352056,3,71,05:07:01,-79.319296,43.699947,,,22.9244252453165,2.54499969578244,2549.54010832728,424.771550297303,1
1050034,48352056,3,72,05:07:01,-79.31927,43.69996,,,22.9244252453165,2.5441636427265,2552.08427197001,425.171080013568,1
1050034,48352056,3,73,05:07:02,-79.319246,43.699974,,,22.9244252453165,2.48186267139006,2554.5661346414,425.560826125909,1
1050034,48352056,3,74,05:07:02,-79.319222,43.699989,,,22.9244252453165,2.55323507832711,2557.11936971972,425.961780399947,1
1050034,48352056,3,75,05:07:02,-79.319198,43.700004,,,22.9244252453165,2.55323471013443,2559.67260442986,426.362734616165,1
1050034,48352056,3,76,05:07:03,-79.319175,43.70002,,,22.9244252453165,2.56880042421292,2562.24140485407,426.76613323699,1
1050034,48352056,3,77,05:07:03,-79.319152,43.700035,,,22.9244252453165,2.49290612714381,2564.73431098122,427.157613588697,1
1050034,48352056,3,78,05:07:04,-79.31913,43.700052,,,22.9244252453165,2.59156335176025,2567.32587433298,427.564586848288,1
1050034,48352056,3,79,05:07:04,-79.319109,43.700069,,,22.9244252453165,2.53725930238236,2569.86313363536,427.963032322529,1
1050034,48352056,3,80,05:07:04,-79.319088,43.700086,,,22.9244252453165,2.53725898513939,2572.4003926205,428.361477746951,1
1050034,48352056,3,81,05:07:05,-79.319068,43.700103,,,22.9244252453165,2.48437556053766,2574.88476818103,428.751618477732,1
1050034,48352056,3,82,05:07:05,-79.319048,43.700121,,,22.9244252453165,2.57018314748118,2577.45495132852,429.155234238298,1
1050034,48352056,3,83,05:07:06,-79.31903,43.700139,,,22.9244252453165,2.47256619788771,2579.9275175264,429.543520453422,1
1050034,48352056,3,84,05:07:06,-79.319019,43.70015,,,22.9244252453165,1.51101255011609,2581.43853007652,429.780806453931,1
1050034,48352056,3,85,05:07:08,-79.31889,43.700223,,,22.9244252453165,13.1841424063855,2594.62267248291,431.851214420765,1
1050034,48352056,3,86,05:07:10,-79.318797,43.700321,,,22.9244252453165,13.2299977341134,2607.85267021702,433.928823404769,1
1050034,48352056,3,87,05:07:23,-79.318095,43.700862,,,22.9244252453165,82.5759134945231,2690.42858371154,446.896358485764,1
1050034,48352056,3,88,05:07:37,-79.317304,43.70147,,,22.9244252453165,92.9156495837223,2783.34423329526,461.487622385378,1
1050034,48352056,3,89,05:07:39,-79.317207,43.701545,,,22.9244252453165,11.4300036880312,2794.7742369833,463.28256436698,1
1050034,48352056,3,90,05:07:47,-79.3167745023301,43.7018680008154,,,22.9244252453165,50.043496975179,2844.81773395847,471.141282183579,1
1050034,48352056,3,91,05:07:55,-79.316342,43.702191,6836,15,22.9244252453165,50.0434969740532,2894.86123093253,479,1
1050034,48352056,3,92,05:07:55,-79.316342,43.702191,6836,15,1e-12,0,2894.86123093253,479,1
1050034,48352056,3,93,05:08:06,-79.315756,43.702664,,,24.16670249784,70.685790479974,2965.5470214125,489.529729728359,1
1050034,48352056,3,94,05:08:08,-79.315616,43.702762,,,24.16670249784,15.6828699214545,2981.22989133396,491.865933094221,1
1050034,48352056,3,95,05:08:16,-79.315168502844,43.7031430008729,,,24.16670249784,55.6397334354985,3036.86962476945,500.154322475672,1
1050034,48352056,3,96,05:08:24,-79.314721,43.703524,,,24.16670249784,55.6397334392888,3092.50935820874,508.442711857688,1
1050034,48352056,3,97,05:08:28,-79.314554,43.703666,,,24.16670249784,20.7482677161132,3113.25762592486,511.533483707289,1
1050034,48352056,3,98,05:08:36,-79.3141070029267,43.7040585008709,,,24.16670249784,56.5957068864134,3169.85333281127,519.964279957183,1
1050034,48352056,3,99,05:08:44,-79.31366,43.704451,,,24.16670249784,56.5957068871563,3226.44903969843,528.395076207188,1
1050034,48352056,3,100,05:08:47,-79.313507,43.704591,,,24.16670249784,19.8615952966459,3246.31063499507,531.353764637035,1
1050034,48352056,3,101,05:08:57,-79.313072,43.705069,,,24.16670249784,63.6930856133506,3310.00372060842,540.841824012473,1
1050034,48352056,3,102,05:09:03,-79.312823,43.70539,,,24.16670249784,40.9683134648955,3350.97203407332,546.94468096976,1
1050034,48352056,3,103,05:09:07,-79.312667,43.705601,,,24.16670249784,26.6327420764067,3377.60477614973,550.912035286454,1
1050034,48352056,3,104,05:09:12,-79.312476,43.705875,9790,16,24.16670249784,34.1553693199352,3411.76014546966,556,1
1050034,48352056,3,105,05:09:12,-79.312476,43.705875,9790,16,1e-12,0,3411.76014546966,556,1
1050034,48352056,3,106,05:09:19,-79.312239,43.706208,,,21.1504395310605,41.687860724236,3453.4480061939,563.095658621508,1
1050034,48352056,3,107,05:09:34,-79.311724,43.706914,,,21.1504395310605,88.8489846217692,3542.29699081567,578.218575767917,1
1050034,48352056,3,108,05:09:48,-79.311241,43.707538,,,21.1504395310605,79.5979081026237,3621.89489891829,591.766874315029,1
1050034,48352056,3,109,05:09:55,-79.311004,43.707898,,,21.1504395310605,44.3815799708228,3666.27647888911,599.321028811929,1
1050034,48352056,3,110,05:10:05,-79.310645,43.708338,8239,17,21.1504395310605,56.8651374544949,3723.14161634361,609,1
1050034,48352056,3,111,05:10:05,-79.310645,43.708338,8239,17,1e-12,0,3723.14161634361,609,1
1050034,48352056,3,112,05:10:22,-79.3101050062795,43.7090350012711,,,18.5798670170303,88.9286666687737,3812.07028301238,626.230650774526,1
1050034,48352056,3,113,05:10:39,-79.309565,43.709732,,,18.5798670170303,88.9286666702504,3900.99894968263,643.461301549338,1
1050034,48352056,3,114,05:10:49,-79.3092535020425,43.710125000423,,,18.5798670170303,50.4203359609609,3951.41928564359,653.230650775201,1
1050034,48352056,3,115,05:10:59,-79.308942,43.710518,1908,18,18.5798670170303,50.4203359554691,4001.83962159906,663,1
1050034,48352056,3,116,05:10:59,-79.308942,43.710518,1908,18,1e-12,0,4001.83962159906,663,1
1050034,48352056,3,117,05:11:12,-79.3084805044507,43.7110960009284,,,20.2254066640909,74.289783897504,4076.12940549657,676.223131997926,1
1050034,48352056,3,118,05:11:25,-79.308019,43.711674,,,20.2254066640909,74.2897838993106,4150.41918939588,689.446263996174,1
1050034,48352056,3,119,05:11:43,-79.307414,43.712447,,,20.2254066640909,98.865654688946,4249.28484408482,707.043752283622,1
1050034,48352056,3,120,05:11:56,-79.3069610042783,43.7130130008945,5610,19,20.2254066640909,72.7903830290114,4322.07522711383,720,1
1050034,48352056,3,121,05:11:56,-79.3069610042783,43.7130130008945,5610,19,1e-12,0,4322.07522711383,720,1
1050034,48352056,3,122,05:12:11,-79.306508,43.713579,,,17.6499175563197,72.7903830330878,4394.86561014692,734.84683302814,1
1050034,48352056,3,123,05:12:29,-79.305954,43.714271,3240,20,17.6499175563197,89.0005278998427,4483.86613804676,753,1
1050034,48352056,3,124,05:12:29,-79.305954,43.714271,3240,20,1e-12,0,4483.86613804676,753,1
1050034,48352056,3,125,05:12:38,-79.305702,43.714613,,,18.0607521921878,43.1340223535527,4527.00016040032,761.597785896202,1
1050034,48352056,3,126,05:12:46,-79.305451,43.714923,,,18.0607521921878,39.9841937484389,4566.98435414875,769.56772513033,1
1050034,48352056,3,127,05:12:50,-79.305326,43.715094,,,18.0607521921878,21.5292613359927,4588.51361548475,773.85909350662,1
1050034,48352056,3,128,05:12:50,-79.305318,43.715104,,,18.0607521921878,1.28589560432504,4589.79951108907,774.115407536419,1
1050034,48352056,3,129,05:12:52,-79.305255,43.715193,,,18.0607521921878,11.1288731969311,4600.928384286,776.33369518483,1
1050034,48352056,3,130,05:12:55,-79.305188,43.715301,,,18.0607521921878,13.1757910418683,4614.10417532787,778.95998933061,1
1050034,48352056,3,131,05:12:57,-79.305137,43.7154,,,18.0607521921878,11.7597851102542,4625.86396043813,781.304034913342,1
1050034,48352056,3,132,05:13:03,-79.305043,43.715625,,,18.0607521921878,26.1638752885589,4652.02783572669,786.519208126314,1
1050034,48352056,3,133,05:13:05,-79.305003,43.715733,6628,21,18.0607521921878,12.4458242419562,4664.47365996864,789,1
1050034,48352056,3,134,05:13:05,-79.305003,43.715733,6628,21,1e-12,0,4664.47365996864,789,1
1050034,48352056,3,135,05:13:07,-79.304975,43.715832,,,19.9968178322337,11.2485393284728,4675.72219929711,791.025059283044,1
1050034,48352056,3,136,05:13:09,-79.304948,43.715908,,,19.9968178322337,8.73473836794178,4684.45693766506,792.597562387708,1
1050034,48352056,3,137,05:13:10,-79.304926,43.71598,,,19.9968178322337,8.20813741674751,4692.6650750818,794.075262237164,1
1050034,48352056,3,138,05:13:13,-79.304907,43.716128,,,19.9968178322337,16.5460562909704,4709.21113137277,797.05402631589,1
1050034,48352056,3,139,05:13:16,-79.304896,43.716259,,,19.9968178322337,14.6096856164942,4723.82081698927,799.684188207679,1
1050034,48352056,3,140,05:13:19,-79.304874,43.716416,,,19.9968178322337,17.566568348373,4741.38738533764,802.846673688354,1
1050034,48352056,3,141,05:13:22,-79.304855,43.716578,,,19.9968178322337,18.0984350188883,4759.48582035653,806.104910404547,1
1050034,48352056,3,142,05:13:25,-79.304826,43.716704,,,19.9968178322337,14.219003365206,4773.70482372174,808.664738300375,1
1050034,48352056,3,143,05:13:27,-79.304799,43.716844,,,19.9968178322337,15.7354034310168,4789.44022715275,811.497561643914,1
1050034,48352056,3,144,05:13:42,-79.304678,43.717582,,,19.9968178322337,82.7285971758181,4872.16882432857,826.391078819075,1
1050034,48352056,3,145,05:13:52,-79.3045980006489,43.7180680000279,,,19.9968178322337,54.4828049976083,4926.65162932618,836.199544327784,1
1050034,48352056,3,146,05:14:02,-79.304518,43.718554,,,19.9968178322337,54.4828049949282,4981.13443432111,846.00800983601,1
1050034,48352056,3,147,05:14:09,-79.304456,43.7189,6185,22,19.9968178322337,38.83820933169,5019.9726436528,853,1
1050034,48352056,3,148,05:14:09,-79.304456,43.7189,6185,22,1e-12,0,5019.9726436528,853,1
1050034,48352056,3,149,05:14:18,-79.304386,43.719355,,,20.542442378396,50.9625084716614,5070.93515212446,861.931023250231,1
1050034,48352056,3,150,05:14:29,-79.3042880009601,43.7199420000419,,,20.542442378396,65.8184896684098,5136.75364179287,873.465511625161,1
1050034,48352056,3,151,05:14:41,-79.30419,43.720529,6257,23,20.542442378396,65.8184896678934,5202.57213146076,885,1
1050034,48352056,3,152,05:14:41,-79.30419,43.720529,6257,23,1e-12,0,5202.57213146076,885,1
1050034,48352056,3,153,05:14:51,-79.304129,43.720929,,,15.3744673287735,44.7974241199972,5247.36955558076,895.489516376946,1
1050034,48352056,3,154,05:14:56,-79.304097,43.721109,,,15.3744673287735,20.2022182936768,5267.57177387444,900.219955767267,1
1050034,48352056,3,155,05:15:00,-79.304065,43.721253,,,15.3744673287735,16.2354230500479,5283.80719692448,904.021552383938,1
1050034,48352056,3,156,05:15:05,-79.304017,43.721429,,,15.3744673287735,19.9691779809831,5303.77637490547,908.697424347124,1
1050034,48352056,3,157,05:15:08,-79.303968,43.721568,,,15.3744673287735,15.9676773249151,5319.74405223038,912.436327109766,1
1050034,48352056,3,158,05:15:11,-79.30393,43.721681,,,15.3744673287735,12.9452686895104,5332.68932091989,915.467519429191,1
1050034,48352056,3,159,05:15:15,-79.303883,43.721798,,,15.3744673287735,13.5621527958147,5346.25147371571,918.643157909593,1
1050034,48352056,3,160,05:15:18,-79.303828,43.721905,,,15.3744673287735,12.7065037715582,5358.95797748727,921.618442360066,1
1050034,48352056,3,161,05:15:20,-79.303764,43.721991,,,15.3744673287735,10.870241941149,5369.82821942841,924.163757924587,1
1050034,48352056,3,162,05:15:22,-79.303742,43.722049,,,15.3744673287735,6.69472864650467,5376.52294807492,925.73135845422,1
1050034,48352056,3,163,05:15:25,-79.303661,43.722166,,,15.3744673287735,14.5636292066661,5391.08657728158,929.141497096609,1
1050034,48352056,3,164,05:15:26,-79.303648,43.72218,,,15.3744673287735,1.87687380640783,5392.96345108799,929.58097545762,1
1050034,48352056,3,165,05:15:29,-79.303547,43.722296,,,15.3744673287735,15.2568301094329,5408.22028119742,933.153430178778,1
1050034,48352056,3,166,05:15:33,-79.303442,43.722409,,,15.3744673287735,15.1522416349717,5423.3725228324,936.701395042823,1
1050034,48352056,3,167,05:15:36,-79.303338,43.722521,,,15.3744673287735,15.0149677303886,5438.38749056279,940.217216610718,1
1050034,48352056,3,168,05:15:39,-79.303239,43.722611,,,15.3744673287735,12.7988105392959,5451.18630110208,943.214115101974,1
1050034,48352056,3,169,05:15:42,-79.303135,43.722701,,,15.3744673287735,13.0529166327616,5464.23921773484,946.270513666755,1
1050034,48352056,3,170,05:15:45,-79.303062,43.722773,,,15.3744673287735,9.93632130017365,5474.17553903502,948.597147553685,1
1050034,48352056,3,171,05:15:47,-79.302963,43.722849,,,15.3744673287735,11.6193785104912,5485.79491754551,951.31787678243,1
1050034,48352056,3,172,05:15:51,-79.302801,43.722957,,,15.3744673287735,17.7311972883583,5503.52611483387,955.469715598896,1
1050034,48352056,3,173,05:15:58,-79.302549,43.723109,,,15.3744673287735,26.4066310544756,5529.93274588834,961.652945870438,1
1050034,48352056,3,174,05:16:04,-79.30228,43.723253,,,15.3744673287735,26.9311526432578,5556.8638985316,967.958995208114,1
1050034,48352056,3,175,05:16:09,-79.302087,43.723374,,,15.3744673287735,20.5550231768533,5577.41892170845,972.772045433157,1
1050034,48352056,3,176,05:16:27,-79.3023594969478,43.7240450003237,8181,24,15.3744673287735,77.8458588773043,5655.26478058576,991,1
1050034,48352056,3,177,05:16:27,-79.3023594969478,43.7240450003237,8181,24,1e-12,0,5655.26478058576,991,1
1050034,48352056,3,178,05:16:56,-79.302632,43.724716,,,9.71801388754903,77.8458588777012,5733.11063946346,1019.83769206368,1
1050034,48352056,3,179,05:17:17,-79.3028384949223,43.7252070005577,10271,25,9.71801388754903,57.1265562271462,5790.2371956906,1041,1
1050034,48352056,3,180,05:17:17,-79.3028384949223,43.7252070005577,10271,25,1e-12,0,5790.2371956906,1041,1
1050034,48352056,3,181,05:17:35,-79.3030449932296,43.7256980007435,,,11.6681863420958,57.1265562254126,5847.36375191602,1058.62532722584,1
1050034,48352056,3,182,05:17:52,-79.3032514949222,43.7261890005576,,,11.6681863420958,57.1265562224614,5904.49030813848,1076.25065445076,1
1050034,48352056,3,183,05:18:10,-79.303458,43.72668,,,11.6681863420958,57.1265562236303,5961.61686436211,1093.87598167605,1
1050034,48352056,3,184,05:18:15,-79.303257,43.726743,,,11.6681863420958,17.6247404005175,5979.24160476263,1099.31376468548,1
1050034,48352056,3,185,05:18:21,-79.303031,43.726778,,,11.6681863420958,18.5932372265485,5997.83484198917,1105.05035922152,1
1050034,48352056,3,186,05:18:25,-79.302884,43.726814,,,11.6681863420958,12.4859230629106,6010.32076505209,1108.90265654594,1
1050034,48352056,3,187,05:18:28,-79.302754,43.726859,,,11.6681863420958,11.595628043732,6021.91639309582,1112.48027004418,1
1050034,48352056,3,188,05:18:32,-79.30264,43.726904,,,11.6681863420958,10.4496202493663,6032.36601334518,1115.70430433663,1
1050034,48352056,3,189,05:18:40,-79.302354,43.727029,2924,26,11.6681863420958,26.8877007881847,6059.25371413337,1124,1
1050034,48352056,3,190,05:18:40,-79.302354,43.727029,2924,26,1e-12,0,6059.25371413337,1124,1
1050034,48352056,3,191,05:18:58,-79.301836,43.727289,,,10.2890939495486,50.7354291360332,6109.9891432694,1141.75156741549,1
1050034,48352056,3,192,05:19:23,-79.3011,43.727675,,,10.2890939495486,73.1557028954441,6183.14484616485,1167.34765310729,1
1050034,48352056,3,193,05:19:29,-79.300937,43.727747,,,10.2890939495486,15.3678512503237,6198.51269741517,1172.72463428488,1
1050034,48352056,3,194,05:19:32,-79.30084,43.727792,,,10.2890939495486,9.27255577476335,6207.78525318993,1175.96896278968,1
1050034,48352056,3,195,05:19:35,-79.300759,43.727827,,,10.2890939495486,7.59190112425706,6215.37715431419,1178.62525538273,1
1050034,48352056,3,196,05:19:38,-79.300638,43.727863,,,10.2890939495486,10.5262992290252,6225.90345354322,1182.30824996032,1
1050034,48352056,3,197,05:19:41,-79.300556,43.72789,,,10.2890939495486,7.24880709338647,6233.1522606366,1184.84449908625,1
1050034,48352056,3,198,05:19:44,-79.300472,43.727935,,,10.2890939495486,8.41151658826765,6241.56377722487,1187.78756286487,1
1050034,48352056,3,199,05:19:46,-79.300423,43.727899,,,10.2890939495486,5.62112679059174,6247.18490401546,1189.75431101056,1
1050034,48352056,3,200,05:19:47,-79.300374,43.727872,,,10.2890939495486,4.95689441996192,6252.14179843542,1191.4886541898,1
1050034,48352056,3,201,05:19:49,-79.300323,43.727854,,,10.2890939495486,4.56576992574559,6256.70756836117,1193.08614876155,1
1050034,48352056,3,202,05:19:51,-79.300271,43.727827,,,10.2890939495486,5.1508794915122,6261.85844785268,1194.88836441439,1
1050034,48352056,3,203,05:19:53,-79.300217,43.7278,,,10.2890939495486,5.28237097669017,6267.14081882937,1196.73658697017,1
1050034,48352056,3,204,05:19:54,-79.300162,43.727781,,,10.2890939495486,4.90393093804414,6272.04474976742,1198.45239901966,1
1050034,48352056,3,205,05:19:56,-79.300107,43.727763,,,10.2890939495486,4.85695847817147,6276.90170824559,1200.15177610837,1
1050034,48352056,3,206,05:19:58,-79.300053,43.727736,8414,27,10.2890939495486,5.28237479466701,6282.18408304025,1202,1
1050034,48352056,3,207,05:19:58,-79.300053,43.727736,8414,27,1e-12,0,6282.18408304025,1202,1
1050034,48352056,3,208,05:20:00,-79.3,43.727718,,,9.31247104704454,4.7108724127312,6286.89495545298,1203.82112144029,1
1050034,48352056,3,209,05:20:02,-79.299948,43.727691,,,9.31247104704454,5.15088720371574,6292.0458426567,1205.81234308701,1
1050034,48352056,3,210,05:20:04,-79.299896,43.727664,,,9.31247104704454,5.15088873291242,6297.19673138961,1207.80356532489,1
1050034,48352056,3,211,05:20:06,-79.299844,43.727646,,,9.31247104704454,4.63819966826745,6301.83493105788,1209.59659305313,1
1050034,48352056,3,212,05:20:08,-79.299795,43.727619,,,9.31247104704454,4.95690765789235,6306.79183871577,1211.51282640068,1
1050034,48352056,3,213,05:20:10,-79.299749,43.727583,,,9.31247104704454,5.45462747867652,6312.24646619445,1213.62146747178,1
1050034,48352056,3,214,05:20:12,-79.299707,43.727547,,,9.31247104704454,5.24167341536458,6317.48813960981,1215.64778510541,1
1050034,48352056,3,215,05:20:13,-79.299667,43.72752,,,9.31247104704454,4.40313587859161,6321.89127548841,1217.34994225391,1
1050034,48352056,3,216,05:20:15,-79.299629,43.727483,,,9.31247104704454,5.12923162033451,6327.02050710874,1219.33279232023,1
1050034,48352056,3,217,05:20:18,-79.299596,43.727438,,,9.31247104704454,5.66929821333412,6332.68980532207,1221.52442045683,1
1050034,48352056,3,218,05:20:19,-79.299567,43.727402,,,9.31247104704454,4.63705887350732,6337.32686419558,1223.31700717847,1
1050034,48352056,3,219,05:20:21,-79.299536,43.727366,,,9.31247104704454,4.72004889722089,6342.0469130928,1225.1416760493,1
1050034,48352056,3,220,05:20:23,-79.299498,43.72733,,,9.31247104704454,5.04028241408261,6347.08719550689,1227.09014027528,1
1050034,48352056,3,221,05:20:25,-79.299463,43.727294,,,9.31247104704454,4.89767995226021,6351.98487545915,1228.98347747215,1
1050034,48352056,3,222,05:20:27,-79.299422,43.727258,,,9.31247104704454,5.19019667168037,6357.17507213083,1230.98989530945,1
1050034,48352056,3,223,05:20:29,-79.299374,43.727231,,,9.31247104704454,4.89320228929489,6362.06827442012,1232.8815015386,1
1050034,48352056,3,224,05:20:31,-79.299321,43.727204,,,9.31247104704454,5.21645472368863,6367.28472914381,1234.89807017119,1
1050034,48352056,3,225,05:20:33,-79.299263,43.727186,,,9.31247104704454,5.07781079198682,6372.3625399358,1236.86104205682,1
1050034,48352056,3,226,05:20:35,-79.299205,43.727177,,,9.31247104704454,4.77209694003825,6377.13463687583,1238.70583157588,1
1050034,48352056,3,227,05:20:37,-79.29915,43.72715,,,9.31247104704454,5.34875827940203,6382.48339515524,1240.77354590311,1
1050034,48352056,3,228,05:20:39,-79.299092,43.72714,,,9.31247104704454,4.79670556518789,6387.28010072042,1242.62784858469,1
1050034,48352056,3,229,05:20:41,-79.299033,43.727122,,,9.31247104704454,5.15182899092527,6392.43192971135,1244.61943430599,1
1050034,48352056,3,230,05:20:43,-79.298972,43.727113,,,9.31247104704454,5.00831140125642,6397.44024111261,1246.55553922953,1
1050034,48352056,3,231,05:20:44,-79.298911,43.727104,,,9.31247104704454,5.00831212378817,6402.44855323639,1248.49164443239,1
1050034,48352056,3,232,05:20:46,-79.29885,43.727104,,,9.31247104704454,4.90708055823123,6407.35563379463,1250.38861570031,1
1050034,48352056,3,233,05:20:48,-79.298788,43.727095,,,9.31247104704454,5.08715625255307,6412.44279004718,1252.35520033899,1
1050034,48352056,3,234,05:20:50,-79.298725,43.727104,,,9.31247104704454,5.1660490086532,6417.60883905583,1254.35228321175,1
1050034,48352056,3,235,05:20:52,-79.298663,43.727104,,,9.31247104704454,4.98752450113769,6422.59636355697,1256.28035236905,1
1050034,48352056,3,236,05:20:54,-79.298603,43.727113,,,9.31247104704454,4.92952044914312,6427.52588400611,1258.18599841372,1
1050034,48352056,3,237,05:20:56,-79.298542,43.72713,,,9.31247104704454,5.25934614786173,6432.78523015397,1260.21914794371,1
1050034,48352056,3,238,05:20:58,-79.298482,43.727139,,,9.31247104704454,4.92951839682665,6437.7147485508,1262.124793195,1
1050034,48352056,3,239,05:21:00,-79.298423,43.727148,7929,28,9.31247104704454,4.85078029966503,6442.56552885047,1264,1
1050034,48352056,3,240,05:21:00,-79.298423,43.727148,7929,28,1e-12,0,6442.56552885047,1264,1
1050034,48352056,3,241,,-79.298364,43.727166,,,,5.15182709411091,6447.71735594458,,1
1050034,48352056,3,242,,-79.298304,43.727175,,,,4.92951555682611,6452.6468715014,,1
1050034,48352056,3,243,,-79.298243,43.727184,,,,5.00830642492989,6457.65517792633,,1
1050034,48351994,3,1,05:14:56,-79.32355,43.683162,9658,1,1e-12,0,0,0,2
1050034,48351994,3,2,05:14:56,-79.32355,43.683162,9658,1,1e-12,0,0,0,2
1050034,48351994,3,3,05:15:00,-79.323626,43.683359,,,21.1187146815782,22.7674061439591,22.7674061439591,3.8810440575604,2
1050034,48351994,3,4,05:15:08,-79.323795,43.683762,,,21.1187146815782,46.8793183434228,69.6467244873819,11.8723232893186,2
1050034,48351994,3,5,05:15:16,-79.323961,43.684161,,,21.1187146815782,46.3832020517647,116.029926539147,19.7790320973129,2
1050034,48351994,3,6,05:15:32,-79.324289,43.684972,,,21.1187146815782,94.0621448181264,210.092071357273,35.8133280500224,2
1050034,48351994,3,7,05:15:48,-79.324646,43.685785,7638,2,21.1187146815782,94.9560295988563,305.048100956129,52,2
1050034,48351994,3,8,05:15:48,-79.324646,43.685785,7638,2,1e-12,0,305.048100956129,52,2
1050034,48351994,3,9,05:16:04,-79.324952,43.686592,,,20.9441060250424,93.1507604960459,398.198861452175,68.0113178086858,2
1050034,48351994,3,10,05:16:11,-79.32511,43.686965,,,20.9441060250424,43.4264418086726,441.625303260848,75.475718071189,2
1050034,48351994,3,11,05:16:19,-79.325278,43.687339,1550,3,20.9441060250424,43.7748217998133,485.400125060661,83,2
1050034,48351994,3,12,05:16:19,-79.325278,43.687339,1550,3,1e-12,0,485.400125060661,83,2
1050034,48351994,3,13,05:16:34,-79.325582,43.688043,,,19.9420779514623,82.1006689719389,567.5007940326,97.8210436755066,2
1050034,48351994,3,14,05:16:49,-79.325845,43.688774,1312,4,19.9420779514623,84.0833139569134,651.584107989513,113,2
1050034,48351994,3,15,05:16:49,-79.325845,43.688774,1312,4,1e-12,0,651.584107989513,113,2
1050034,48351994,3,16,05:16:58,-79.3260149987359,43.689220000126,,,21.5127379862252,51.4997853343949,703.083893323908,121.618113943587,2
1050034,48351994,3,17,05:17:06,-79.326185,43.689666,,,21.5127379862252,51.4997853324146,754.583678656323,130.236227886843,2
1050034,48351994,3,18,05:17:15,-79.3263729985675,43.6901230001541,,,21.5127379862252,53.0760243232567,807.65970297958,139.118113943656,2
1050034,48351994,3,19,05:17:24,-79.326561,43.69058,7587,5,21.5127379862252,53.076024320457,860.735727300037,148,2
1050034,48351994,3,20,05:17:24,-79.326561,43.69058,7587,5,1e-12,0,860.735727300037,148,2
1050034,48351994,3,21,05:17:42,-79.3268314969782,43.6912500003189,,,15.5394337445437,77.6971687196253,938.432896019662,165.999999999283,2
1050034,48351994,3,22,05:18:00,-79.327102,43.69192,9224,6,15.5394337445437,77.6971687258118,1016.13006474547,184,2
1050034,48351994,3,23,05:18:00,-79.327102,43.69192,9224,6,1e-12,0,1016.13006474547,184,2
1050034,48351994,3,24,05:18:07,-79.327275,43.692342,,,23.6795092389431,48.9972002628953,1065.12726500837,191.449053068057,2
1050034,48351994,3,25,05:18:15,-79.3274574959192,43.6927890004355,,,23.6795092389431,51.8827041222475,1117.00996913062,199.336789800916,2
1050034,48351994,3,26,05:18:23,-79.3276399945589,43.6932360005807,,,23.6795092389431,51.8827041246393,1168.89267325526,207.224526534139,2
1050034,48351994,3,27,05:18:31,-79.3278224959191,43.6936830004355,,,23.6795092389431,51.8827041222409,1220.7753773775,215.112263266997,2
1050034,48351994,3,28,05:18:39,-79.328005,43.69413,8010,7,23.6795092389431,51.8827041231939,1272.65808150069,223,2
1050034,48351994,3,29,05:18:39,-79.328005,43.69413,8010,7,1e-12,0,1272.65808150069,223,2
1050034,48351994,3,30,05:18:51,-79.3281959956882,43.694581250477,,,16.2100649277206,52.5326178214416,1325.19069932213,234.666666666694,2
1050034,48351994,3,31,05:19:02,-79.3283869942509,43.695032500636,,,16.2100649277206,52.5326178215267,1377.72331714366,246.333333333408,2
1050034,48351994,3,32,05:19:14,-79.3285779956882,43.695483750477,9760,8,16.2100649277206,52.5326178209822,1430.25593496464,258,2
1050034,48351994,3,33,05:19:14,-79.3285779956882,43.695483750477,9760,8,1e-12,0,1430.25593496464,258,2
1050034,48351994,3,34,05:19:22,-79.328769,43.695935,,,23.7274276589969,52.5326178230495,1482.78855278769,265.970414108133,2
1050034,48351994,3,35,05:19:35,-79.3290484966416,43.6966555003405,,,23.7274276589969,83.3006668162482,1566.08921960394,278.609053443518,2
1050034,48351994,3,36,05:19:47,-79.329328,43.697376,,,23.7274276589969,83.3006668135072,1649.38988641745,291.247692778487,2
1050034,48351994,3,37,05:19:54,-79.329477,43.697761,8734,9,23.7274276589969,44.5041336471604,1693.89402006461,298,2
1050034,48351994,3,38,05:19:54,-79.329477,43.697761,8734,9,1e-12,0,1693.89402006461,298,2
1050034,48351994,3,39,05:20:02,-79.328878,43.697879,,,22.0615748049299,49.9669882491293,1743.86100831374,306.153595529213,2
1050034,48351994,3,40,05:20:09,-79.32838,43.697978,,,22.0615748049299,41.5681136912871,1785.42912200502,312.936665668666,2
1050034,48351994,3,41,05:20:22,-79.327427,43.698184,9730,10,22.0615748049299,80.0549243201499,1865.48404632517,326,2
1050034,48351994,3,42,05:20:22,-79.327427,43.698184,9730,10,1e-12,0,1865.48404632517,326,2
1050034,48351994,3,43,05:20:27,-79.327057,43.698264,,,20.6667599803737,31.081736604445,1896.56578292962,331.414213543016,2
1050034,48351994,3,44,05:20:36,-79.32647,43.698383,,,20.6667599803737,49.0653724652726,1945.63115539489,339.961046285194,2
1050034,48351994,3,45,05:20:50,-79.32551,43.698589,4088,11,20.6667599803737,80.5943574443004,2026.22551283919,354,2
1050034,48351994,3,46,05:20:50,-79.32551,43.698589,4088,11,1e-12,0,2026.22551283919,354,2
1050034,48351994,3,47,05:21:02,-79.324473,43.698811,,,26.3121235540525,87.0418658603946,2113.26737869959,365.908986230386,2
1050034,48351994,3,48,05:21:12,-79.323617,43.699023,,,26.3121235540525,72.8224663709765,2186.08984507056,375.872487594955,2
1050034,48351994,3,49,05:21:14,-79.323428,43.699052,2917,12,26.3121235540525,15.5498247956454,2201.63966986621,378,2
1050034,48351994,3,50,05:21:14,-79.323428,43.699052,2917,12,1e-12,0,2201.63966986621,378,2
1050034,48351994,3,51,05:21:23,-79.322412,43.699262,,,32.5352279134968,85.045197206425,2286.68486707263,387.41019103223,2
1050034,48351994,3,52,05:21:27,-79.321998,43.699347,,,32.5352279134968,34.6367506642266,2321.32161773686,391.242723041003,2
1050034,48351994,3,53,05:21:33,-79.321377,43.699477,7908,13,32.5352279134968,52.0317550061375,2373.353372743,397,2
1050034,48351994,3,54,05:21:33,-79.321377,43.699477,7908,13,1e-12,0,2373.353372743,397,2
1050034,48351994,3,55,05:21:44,-79.3205180024141,43.6996455032163,,,22.8211826090713,71.6324751946428,2444.98584793764,408.299892521705,2
1050034,48351994,3,56,05:21:56,-79.319659,43.699814,,,22.8211826090713,71.6324751972757,2516.61832313491,419.599785043826,2
1050034,48351994,3,57,05:21:56,-79.319629,43.699821,1663,14,22.8211826090713,2.53704961048105,2519.1553727454,420,2
1050034,48351994,3,58,05:21:56,-79.319629,43.699821,1663,14,1e-12,0,2519.1553727454,420,2
1050034,48351994,3,59,05:21:56,-79.319615,43.699825,,,22.9244252453165,1.21152320397426,2520.36689594937,420.190254869539,2
1050034,48351994,3,60,05:21:56,-79.319592,43.699831,,,22.9244252453165,1.96786947544684,2522.33476542482,420.499284650474,2
1050034,48351994,3,61,05:21:57,-79.31957,43.699837,,,22.9244252453165,1.89236338358643,2524.2271288084,420.79645712516,2
1050034,48351994,3,62,05:21:57,-79.319541,43.699845,,,22.9244252453165,2.49806857449264,2526.7251973829,421.188748175947,2
1050034,48351994,3,63,05:21:58,-79.319513,43.699854,,,22.9244252453165,2.46613338911359,2529.19133077201,421.5760241973,2
1050034,48351994,3,64,05:21:58,-79.319484,43.699864,,,22.9244252453165,2.58581831699257,2531.777149089,421.982095269597,2
1050034,48351994,3,65,05:21:58,-79.319456,43.699874,,,22.9244252453165,2.51341583123628,2534.29056492024,422.376796418945,2
1050034,48351994,3,66,05:21:59,-79.319428,43.699885,,,22.9244252453165,2.56466176575112,2536.85522668599,422.779545114186,2
1050034,48351994,3,67,05:21:59,-79.319401,43.699896,,,22.9244252453165,2.49424280521168,2539.3494694912,423.1712353748,2
1050034,48351994,3,68,05:22:00,-79.319374,43.699908,,,22.9244252453165,2.55073754652863,2541.90020703773,423.571797442081,2
1050034,48351994,3,69,05:22:00,-79.319347,43.69992,,,22.9244252453165,2.55073717603098,2544.45094421376,423.972359451181,2
1050034,48351994,3,70,05:22:00,-79.319321,43.699933,,,22.9244252453165,2.54416441773737,2546.9951086315,424.371889289152,2
1050034,48351994,3,71,05:22:01,-79.319296,43.699947,,,22.9244252453165,2.54499969578244,2549.54010832728,424.771550297303,2
1050034,48351994,3,72,05:22:01,-79.31927,43.69996,,,22.9244252453165,2.5441636427265,2552.08427197001,425.171080013568,2
1050034,48351994,3,73,05:22:02,-79.319246,43.699974,,,22.9244252453165,2.48186267139006,2554.5661346414,425.560826125909,2
1050034,48351994,3,74,05:22:02,-79.319222,43.699989,,,22.9244252453165,2.55323507832711,2557.11936971972,425.961780399947,2
1050034,48351994,3,75,05:22:02,-79.319198,43.700004,,,22.9244252453165,2.55323471013443,2559.67260442986,426.362734616165,2
1050034,48351994,3,76,05:22:03,-79.319175,43.70002,,,22.9244252453165,2.56880042421292,2562.24140485407,426.76613323699,2
1050034,48351994,3,77,05:22:03,-79.319152,43.700035,,,22.9244252453165,2.49290612714381,2564.73431098122,427.157613588697,2
1050034,48351994,3,78,05:22:04,-79.31913,43.700052,,,22.9244252453165,2.59156335176025,2567.32587433298,427.564586848288,2
1050034,48351994,3,79,05:22:04,-79.319109,43.700069,,,22.9244252453165,2.53725930238236,2569.86313363536,427.963032322529,2
1050034,48351994,3,80,05:22:04,-79.319088,43.700086,,,22.9244252453165,2.53725898513939,2572.4003926205,428.361477746951,2
1050034,48351994,3,81,05:22:05,-79.319068,43.700103,,,22.9244252453165,2.48437556053766,2574.88476818103,428.751618477732,2
1050034,48351994,3,82,05:22:05,-79.319048,43.700121,,,22.9244252453165,2.57018314748118,2577.45495132852,429.155234238298,2
1050034,48351994,3,83,05:22:06,-79.31903,43.700139,,,22.9244252453165,2.47256619788771,2579.9275175264,429.543520453422,2
1050034,48351994,3,84,05:22:06,-79.319019,43.70015,,,22.9244252453165,1.51101255011609,2581.43853007652,429.780806453931,2
1050034,48351994,3,85,05:22:08,-79.31889,43.700223,,,22.9244252453165,13.1841424063855,2594.62267248291,431.851214420765,2
1050034,48351994,3,86,05:22:10,-79.318797,43.700321,,,22.9244252453165,13.2299977341134,2607.85267021702,433.928823404769,2
1050034,48351994,3,87,05:22:23,-79.318095,43.700862,,,22.9244252453165,82.5759134945231,2690.42858371154,446.896358485764,2
1050034,48351994,3,88,05:22:37,-79.317304,43.70147,,,22.9244252453165,92.9156495837223,2783.34423329526,461.487622385378,2
1050034,48351994,3,89,05:22:39,-79.317207,43.701545,,,22.9244252453165,11.4300036880312,2794.7742369833,463.28256436698,2
1050034,48351994,3,90,05:22:47,-79.3167745023301,43.7018680008154,,,22.9244252453165,50.043496975179,2844.81773395847,471.141282183579,2
1050034,48351994,3,91,05:22:55,-79.316342,43.702191,6836,15,22.9244252453165,50.0434969740532,2894.86123093253,479,2
1050034,48351994,3,92,05:22:55,-79.316342,43.702191,6836,15,1e-12,0,2894.86123093253,479,2
1050034,48351994,3,93,05:23:06,-79.315756,43.702664,,,24.16670249784,70.685790479974,2965.5470214125,489.529729728359,2
1050034,48351994,3,94,05:23:08,-79.315616,43.702762,,,24.16670249784,15.6828699214545,2981.22989133396,491.865933094221,2
1050034,48351994,3,95,05:23:16,-79.315168502844,43.7031430008729,,,24.16670249784,55.6397334354985,3036.86962476945,500.154322475672,2
1050034,48351994,3,96,05:23:24,-79.314721,43.703524,,,24.16670249784,55.6397334392888,3092.50935820874,508.442711857688,2
1050034,48351994,3,97,05:23:28,-79.314554,43.703666,,,24.16670249784,20.7482677161132,3113.25762592486,511.533483707289,2
1050034,48351994,3,98,05:23:36,-79.3141070029267,43.7040585008709,,,24.16670249784,56.5957068864134,3169.85333281127,519.964279957183,2
1050034,48351994,3,99,05:23:44,-79.31366,43.704451,,,24.16670249784,56.5957068871563,3226.44903969843,528.395076207188,2
1050034,48351994,3,100,05:23:47,-79.313507,43.704591,,,24.16670249784,19.8615952966459,3246.31063499507,531.353764637035,2
1050034,48351994,3,101,05:23:57,-79.313072,43.705069,,,24.16670249784,63.6930856133506,3310.00372060842,540.841824012473,2
1050034,48351994,3,102,05:24:03,-79.312823,43.70539,,,24.16670249784,40.9683134648955,3350.97203407332,546.94468096976,2
1050034,48351994,3,103,05:24:07,-79.312667,43.705601,,,24.16670249784,26.6327420764067,3377.60477614973,550.912035286454,2
1050034,48351994,3,104,05:24:12,-79.312476,43.705875,9790,16,24.16670249784,34.1553693199352,3411.76014546966,556,2
1050034,48351994,3,105,05:24:12,-79.312476,43.705875,9790,16,1e-12,0,3411.76014546966,556,2
1050034,48351994,3,106,05:24:19,-79.312239,43.706208,,,21.1504395310605,41.687860724236,3453.4480061939,563.095658621508,2
1050034,48351994,3,107,05:24:34,-79.311724,43.706914,,,21.1504395310605,88.8489846217692,3542.29699081567,578.218575767917,2
1050034,48351994,3,108,05:24:48,-79.311241,43.707538,,,21.1504395310605,79.5979081026237,3621.89489891829,591.766874315029,2
1050034,48351994,3,109,05:24:55,-79.311004,43.707898,,,21.1504395310605,44.3815799708228,3666.27647888911,599.321028811929,2
1050034,48351994,3,110,05:25:05,-79.310645,43.708338,8239,17,21.1504395310605,56.8651374544949,3723.14161634361,609,2
1050034,48351994,3,111,05:25:05,-79.310645,43.708338,8239,17,1e-12,0,3723.14161634361,609,2
1050034,48351994,3,112,05:25:22,-79.3101050062795,43.7090350012711,,,18.5798670170303,88.9286666687737,3812.07028301238,626.230650774526,2
1050034,48351994,3,113,05:25:39,-79.309565,43.709732,,,18.5798670170303,88.9286666702504,3900.99894968263,643.461301549338,2
1050034,48351994,3,114,05:25:49,-79.3092535020425,43.710125000423,,,18.5798670170303,50.4203359609609,3951.41928564359,653.230650775201,2
1050034,48351994,3,115,05:25:59,-79.308942,43.710518,1908,18,18.5798670170303,50.4203359554691,4001.83962159906,663,2
1050034,48351994,3,116,05:25:59,-79.308942,43.710518,1908,18,1e-12,0,4001.83962159906,663,2
1050034,48351994,3,117,05:26:12,-79.3084805044507,43.7110960009284,,,20.2254066640909,74.289783897504,4076.12940549657,676.223131997926,2
1050034,48351994,3,118,05:26:25,-79.308019,43.711674,,,20.2254066640909,74.2897838993106,4150.41918939588,689.446263996174,2
1050034,48351994,3,119,05:26:43,-79.307414,43.712447,,,20.2254066640909,98.865654688946,4249.28484408482,707.043752283622,2
1050034,48351994,3,120,05:26:56,-79.3069610042783,43.7130130008945,5610,19,20.2254066640909,72.7903830290114,4322.07522711383,720,2
1050034,48351994,3,121,05:26:56,-79.3069610042783,43.7130130008945,5610,19,1e-12,0,4322.07522711383,720,2
1050034,48351994,3,122,05:27:11,-79.306508,43.713579,,,17.6499175563197,72.7903830330878,4394.86561014692,734.84683302814,2
1050034,48351994,3,123,05:27:29,-79.305954,43.714271,3240,20,17.6499175563197,89.0005278998427,4483.86613804676,753,2
1050034,48351994,3,124,05:27:29,-79.305954,43.714271,3240,20,1e-12,0,4483.86613804676,753,2
1050034,48351994,3,125,05:27:38,-79.305702,43.714613,,,18.0607521921878,43.1340223535527,4527.00016040032,761.597785896202,2
1050034,48351994,3,126,05:27:46,-79.305451,43.714923,,,18.0607521921878,39.9841937484389,4566.98435414875,769.56772513033,2
1050034,48351994,3,127,05:27:50,-79.305326,43.715094,,,18.0607521921878,21.5292613359927,4588.51361548475,773.85909350662,2
1050034,48351994,3,128,05:27:50,-79.305318,43.715104,,,18.0607521921878,1.28589560432504,4589.79951108907,774.115407536419,2
1050034,48351994,3,129,05:27:52,-79.305255,43.715193,,,18.0607521921878,11.1288731969311,4600.928384286,776.33369518483,2
1050034,48351994,3,130,05:27:55,-79.305188,43.715301,,,18.0607521921878,13.1757910418683,4614.10417532787,778.95998933061,2
1050034,48351994,3,131,05:27:57,-79.305137,43.7154,,,18.0607521921878,11.7597851102542,4625.86396043813,781.304034913342,2
1050034,48351994,3,132,05:28:03,-79.305043,43.715625,,,18.0607521921878,26.1638752885589,4652.02783572669,786.519208126314,2
1050034,48351994,3,133,05:28:05,-79.305003,43.715733,6628,21,18.0607521921878,12.4458242419562,4664.47365996864,789,2
1050034,48351994,3,134,05:28:05,-79.305003,43.715733,6628,21,1e-12,0,4664.47365996864,789,2
1050034,48351994,3,135,05:28:07,-79.304975,43.715832,,,19.9968178322337,11.2485393284728,4675.72219929711,791.025059283044,2
1050034,48351994,3,136,05:28:09,-79.304948,43.715908,,,19.9968178322337,8.73473836794178,4684.45693766506,792.597562387708,2
1050034,48351994,3,137,05:28:10,-79.304926,43.71598,,,19.9968178322337,8.20813741674751,4692.6650750818,794.075262237164,2
1050034,48351994,3,138,05:28:13,-79.304907,43.716128,,,19.9968178322337,16.5460562909704,4709.21113137277,797.05402631589,2
1050034,48351994,3,139,05:28:16,-79.304896,43.716259,,,19.9968178322337,14.6096856164942,4723.82081698927,799.684188207679,2
1050034,48351994,3,140,05:28:19,-79.304874,43.716416,,,19.9968178322337,17.566568348373,4741.38738533764,802.846673688354,2
1050034,48351994,3,141,05:28:22,-79.304855,43.716578,,,19.9968178322337,18.0984350188883,4759.48582035653,806.104910404547,2
1050034,48351994,3,142,05:28:25,-79.304826,43.716704,,,19.9968178322337,14.219003365206,4773.70482372174,808.664738300375,2
1050034,48351994,3,143,05:28:27,-79.304799,43.716844,,,19.9968178322337,15.7354034310168,4789.44022715275,811.497561643914,2
1050034,48351994,3,144,05:28:42,-79.304678,43.717582,,,19.9968178322337,82.7285971758181,4872.16882432857,826.391078819075,2
1050034,48351994,3,145,05:28:52,-79.3045980006489,43.7180680000279,,,19.9968178322337,54.4828049976083,4926.65162932618,836.199544327784,2
1050034,48351994,3,146,05:29:02,-79.304518,43.718554,,,19.9968178322337,54.4828049949282,4981.13443432111,846.00800983601,2
1050034,48351994,3,147,05:29:09,-79.304456,43.7189,6185,22,19.9968178322337,38.83820933169,5019.9726436528,853,2
1050034,48351994,3,148,05:29:09,-79.304456,43.7189,6185,22,1e-12,0,5019.9726436528,853,2
1050034,48351994,3,149,05:29:18,-79.304386,43.719355,,,20.542442378396,50.9625084716614,5070.93515212446,861.931023250231,2
1050034,48351994,3,150,05:29:29,-79.3042880009601,43.7199420000419,,,20.542442378396,65.8184896684098,5136.75364179287,873.465511625161,2
1050034,48351994,3,151,05:29:41,-79.30419,43.720529,6257,23,20.542442378396,65.8184896678934,5202.57213146076,885,2
1050034,48351994,3,152,05:29:41,-79.30419,43.720529,6257,23,1e-12,0,5202.57213146076,885,2
1050034,48351994,3,153,05:29:51,-79.304129,43.720929,,,15.3744673287735,44.7974241199972,5247.36955558076,895.489516376946,2
1050034,48351994,3,154,05:29:56,-79.304097,43.721109,,,15.3744673287735,20.2022182936768,5267.57177387444,900.219955767267,2
1050034,48351994,3,155,05:30:00,-79.304065,43.721253,,,15.3744673287735,16.2354230500479,5283.80719692448,904.021552383938,2
1050034,48351994,3,156,05:30:05,-79.304017,43.721429,,,15.3744673287735,19.9691779809831,5303.77637490547,908.697424347124,2
1050034,48351994,3,157,05:30:08,-79.303968,43.721568,,,15.3744673287735,15.9676773249151,5319.74405223038,912.436327109766,2
1050034,48351994,3,158,05:30:11,-79.30393,43.721681,,,15.3744673287735,12.9452686895104,5332.68932091989,915.467519429191,2
1050034,48351994,3,159,05:30:15,-79.303883,43.721798,,,15.3744673287735,13.5621527958147,5346.25147371571,918.643157909593,2
1050034,48351994,3,160,05:30:18,-79.303828,43.721905,,,15.3744673287735,12.7065037715582,5358.95797748727,921.618442360066,2
1050034,48351994,3,161,05:30:20,-79.303764,43.721991,,,15.3744673287735,10.870241941149,5369.82821942841,924.163757924587,2
1050034,48351994,3,162,05:30:22,-79.303742,43.722049,,,15.3744673287735,6.69472864650467,5376.52294807492,925.73135845422,2
1050034,48351994,3,163,05:30:25,-79.303661,43.722166,,,15.3744673287735,14.5636292066661,5391.08657728158,929.141497096609,2
1050034,48351994,3,164,05:30:26,-79.303648,43.72218,,,15.3744673287735,1.87687380640783,5392.96345108799,929.58097545762,2
1050034,48351994,3,165,05:30:29,-79.303547,43.722296,,,15.3744673287735,15.2568301094329,5408.22028119742,933.153430178778,2
1050034,48351994,3,166,05:30:33,-79.303442,43.722409,,,15.3744673287735,15.1522416349717,5423.3725228324,936.701395042823,2
1050034,48351994,3,167,05:30:36,-79.303338,43.722521,,,15.3744673287735,15.0149677303886,5438.38749056279,940.217216610718,2
1050034,48351994,3,168,05:30:39,-79.303239,43.722611,,,15.3744673287735,12.7988105392959,5451.18630110208,943.214115101974,2
1050034,48351994,3,169,05:30:42,-79.303135,43.722701,,,15.3744673287735,13.0529166327616,5464.23921773484,946.270513666755,2
1050034,48351994,3,170,05:30:45,-79.303062,43.722773,,,15.3744673287735,9.93632130017365,5474.17553903502,948.597147553685,2
1050034,48351994,3,171,05:30:47,-79.302963,43.722849,,,15.3744673287735,11.6193785104912,5485.79491754551,951.31787678243,2
1050034,48351994,3,172,05:30:51,-79.302801,43.722957,,,15.3744673287735,17.7311972883583,5503.52611483387,955.469715598896,2
1050034,48351994,3,173,05:30:58,-79.302549,43.723109,,,15.3744673287735,26.4066310544756,5529.93274588834,961.652945870438,2
1050034,48351994,3,174,05:31:04,-79.30228,43.723253,,,15.3744673287735,26.9311526432578,5556.8638985316,967.958995208114,2
1050034,48351994,3,175,05:31:09,-79.302087,43.723374,,,15.3744673287735,20.5550231768533,5577.41892170845,972.772045433157,2
1050034,48351994,3,176,05:31:27,-79.3023594969478,43.7240450003237,8181,24,15.3744673287735,77.8458588773043,5655.26478058576,991,2
1050034,48351994,3,177,05:31:27,-79.3023594969478,43.7240450003237,8181,24,1e-12,0,5655.26478058576,991,2
1050034,48351994,3,178,05:31:56,-79.302632,43.724716,,,9.71801388754903,77.8458588777012,5733.11063946346,1019.83769206368,2
1050034,48351994,3,179,05:32:17,-79.3028384949223,43.7252070005577,10271,25,9.71801388754903,57.1265562271462,5790.2371956906,1041,2
1050034,48351994,3,180,05:32:17,-79.3028384949223,43.7252070005577,10271,25,1e-12,0,5790.2371956906,1041,2
1050034,48351994,3,181,05:32:35,-79.3030449932296,43.7256980007435,,,11.6681863420958,57.1265562254126,5847.36375191602,1058.62532722584,2
1050034,48351994,3,182,05:32:52,-79.3032514949222,43.7261890005576,,,11.6681863420958,57.1265562224614,5904.49030813848,1076.25065445076,2
1050034,48351994,3,183,05:33:10,-79.303458,43.72668,,,11.6681863420958,57.1265562236303,5961.61686436211,1093.87598167605,2
1050034,48351994,3,184,05:33:15,-79.303257,43.726743,,,11.6681863420958,17.6247404005175,5979.24160476263,1099.31376468548,2
1050034,48351994,3,185,05:33:21,-79.303031,43.726778,,,11.6681863420958,18.5932372265485,5997.83484198917,1105.05035922152,2
1050034,48351994,3,186,05:33:25,-79.302884,43.726814,,,11.6681863420958,12.4859230629106,6010.32076505209,1108.90265654594,2
1050034,48351994,3,187,05:33:28,-79.302754,43.726859,,,11.6681863420958,11.595628043732,6021.91639309582,1112.48027004418,2
1050034,48351994,3,188,05:33:32,-79.30264,43.726904,,,11.6681863420958,10.4496202493663,6032.36601334518,1115.70430433663,2
1050034,48351994,3,189,05:33:40,-79.302354,43.727029,2924,26,11.6681863420958,26.8877007881847,6059.25371413337,1124,2
1050034,48351994,3,190,05:33:40,-79.302354,43.727029,2924,26,1e-12,0,6059.25371413337,1124,2
1050034,48351994,3,191,05:33:58,-79.301836,43.727289,,,10.2890939495486,50.7354291360332,6109.9891432694,1141.75156741549,2
1050034,48351994,3,192,05:34:23,-79.3011,43.727675,,,10.2890939495486,73.1557028954441,6183.14484616485,1167.34765310729,2
1050034,48351994,3,193,05:34:29,-79.300937,43.727747,,,10.2890939495486,15.3678512503237,6198.51269741517,1172.72463428488,2
1050034,48351994,3,194,05:34:32,-79.30084,43.727792,,,10.2890939495486,9.27255577476335,6207.78525318993,1175.96896278968,2
1050034,48351994,3,195,05:34:35,-79.300759,43.727827,,,10.2890939495486,7.59190112425706,6215.37715431419,1178.62525538273,2
1050034,48351994,3,196,05:34:38,-79.300638,43.727863,,,10.2890939495486,10.5262992290252,6225.90345354322,1182.30824996032,2
1050034,48351994,3,197,05:34:41,-79.300556,43.72789,,,10.2890939495486,7.24880709338647,6233.1522606366,1184.84449908625,2
1050034,48351994,3,198,05:34:44,-79.300472,43.727935,,,10.2890939495486,8.41151658826765,6241.56377722487,1187.78756286487,2
1050034,48351994,3,199,05:34:46,-79.300423,43.727899,,,10.2890939495486,5.62112679059174,6247.18490401546,1189.75431101056,2
1050034,48351994,3,200,05:34:47,-79.300374,43.727872,,,10.2890939495486,4.95689441996192,6252.14179843542,1191.4886541898,2
1050034,48351994,3,201,05:34:49,-79.300323,43.727854,,,10.2890939495486,4.56576992574559,6256.70756836117,1193.08614876155,2
1050034,48351994,3,202,05:34:51,-79.300271,43.727827,,,10.2890939495486,5.1508794915122,6261.85844785268,1194.88836441439,2
1050034,48351994,3,203,05:34:53,-79.300217,43.7278,,,10.2890939495486,5.28237097669017,6267.14081882937,1196.73658697017,2
1050034,48351994,3,204,05:34:54,-79.300162,43.727781,,,10.2890939495486,4.90393093804414,6272.04474976742,1198.45239901966,2
1050034,48351994,3,205,05:34:56,-79.300107,43.727763,,,10.2890939495486,4.85695847817147,6276.90170824559,1200.15177610837,2
1050034,48351994,3,206,05:34:58,-79.300053,43.727736,8414,27,10.2890939495486,5.28237479466701,6282.18408304025,1202,2
1050034,48351994,3,207,05:34:58,-79.300053,43.727736,8414,27,1e-12,0,6282.18408304025,1202,2
1050034,48351994,3,208,05:35:00,-79.3,43.727718,,,9.31247104704454,4.7108724127312,6286.89495545298,1203.82112144029,2
1050034,48351994,3,209,05:35:02,-79.299948,43.727691,,,9.31247104704454,5.15088720371574,6292.0458426567,1205.81234308701,2
1050034,48351994,3,210,05:35:04,-79.299896,43.727664,,,9.31247104704454,5.15088873291242,6297.19673138961,1207.80356532489,2
1050034,48351994,3,211,05:35:06,-79.299844,43.727646,,,9.31247104704454,4.63819966826745,6301.83493105788,1209.59659305313,2
1050034,48351994,3,212,05:35:08,-79.299795,43.727619,,,9.31247104704454,4.95690765789235,6306.79183871577,1211.51282640068,2
1050034,48351994,3,213,05:35:10,-79.299749,43.727583,,,9.31247104704454,5.45462747867652,6312.24646619445,1213.62146747178,2
1050034,48351994,3,214,05:35:12,-79.299707,43.727547,,,9.31247104704454,5.24167341536458,6317.48813960981,1215.64778510541,2
1050034,48351994,3,215,05:35:13,-79.299667,43.72752,,,9.31247104704454,4.40313587859161,6321.89127548841,1217.34994225391,2
1050034,48351994,3,216,05:35:15,-79.299629,43.727483,,,9.31247104704454,5.12923162033451,6327.02050710874,1219.33279232023,2
1050034,48351994,3,217,05:35:18,-79.299596,43.727438,,,9.31247104704454,5.66929821333412,6332.68980532207,1221.52442045683,2
1050034,48351994,3,218,05:35:19,-79.299567,43.727402,,,9.31247104704454,4.63705887350732,6337.32686419558,1223.31700717847,2
1050034,48351994,3,219,05:35:21,-79.299536,43.727366,,,9.31247104704454,4.72004889722089,6342.0469130928,1225.1416760493,2
1050034,48351994,3,220,05:35:23,-79.299498,43.72733,,,9.31247104704454,5.04028241408261,6347.08719550689,1227.09014027528,2
1050034,48351994,3,221,05:35:25,-79.299463,43.727294,,,9.31247104704454,4.89767995226021,6351.98487545915,1228.98347747215,2
1050034,48351994,3,222,05:35:27,-79.299422,43.727258,,,9.31247104704454,5.19019667168037,6357.17507213083,1230.98989530945,2
1050034,48351994,3,223,05:35:29,-79.299374,43.727231,,,9.31247104704454,4.89320228929489,6362.06827442012,1232.8815015386,2
1050034,48351994,3,224,05:35:31,-79.299321,43.727204,,,9.31247104704454,5.21645472368863,6367.28472914381,1234.89807017119,2
1050034,48351994,3,225,05:35:33,-79.299263,43.727186,,,9.31247104704454,5.07781079198682,6372.3625399358,1236.86104205682,2
1050034,48351994,3,226,05:35:35,-79.299205,43.727177,,,9.31247104704454,4.77209694003825,6377.13463687583,1238.70583157588,2
1050034,48351994,3,227,05:35:37,-79.29915,43.72715,,,9.31247104704454,5.34875827940203,6382.48339515524,1240.77354590311,2
1050034,48351994,3,228,05:35:39,-79.299092,43.72714,,,9.31247104704454,4.79670556518789,6387.28010072042,1242.62784858469,2
1050034,48351994,3,229,05:35:41,-79.299033,43.727122,,,9.31247104704454,5.15182899092527,6392.43192971135,1244.61943430599,2
1050034,48351994,3,230,05:35:43,-79.298972,43.727113,,,9.31247104704454,5.00831140125642,6397.44024111261,1246.55553922953,2
1050034,48351994,3,231,05:35:44,-79.298911,43.727104,,,9.31247104704454,5.00831212378817,6402.44855323639,1248.49164443239,2
1050034,48351994,3,232,05:35:46,-79.29885,43.727104,,,9.31247104704454,4.90708055823123,6407.35563379463,1250.38861570031,2
1050034,48351994,3,233,05:35:48,-79.298788,43.727095,,,9.31247104704454,5.08715625255307,6412.44279004718,1252.35520033899,2
1050034,48351994,3,234,05:35:50,-79.298725,43.727104,,,9.31247104704454,5.1660490086532,6417.60883905583,1254.35228321175,2
1050034,48351994,3,235,05:35:52,-79.298663,43.727104,,,9.31247104704454,4.98752450113769,6422.59636355697,1256.28035236905,2
1050034,48351994,3,236,05:35:54,-79.298603,43.727113,,,9.31247104704454,4.92952044914312,6427.52588400611,1258.18599841372,2
1050034,48351994,3,237,05:35:56,-79.298542,43.72713,,,9.31247104704454,5.25934614786173,6432.78523015397,1260.21914794371,2
1050034,48351994,3,238,05:35:58,-79.298482,43.727139,,,9.31247104704454,4.92951839682665,6437.7147485508,1262.124793195,2
1050034,48351994,3,239,05:36:00,-79.298423,43.727148,7929,28,9.31247104704454,4.85078029966503,6442.56552885047,1264,2
1050034,48351994,3,240,05:36:00,-79.298423,43.727148,7929,28,1e-12,0,6442.56552885047,1264,2
1050034,48351994,3,241,,-79.298364,43.727166,,,,5.15182709411091,6447.71735594458,,2
1050034,48351994,3,242,,-79.298304,43.727175,,,,4.92951555682611,6452.6468715014,,2
1050034,48351994,3,243,,-79.298243,43.727184,,,,5.00830642492989,6457.65517792633,,2
1050034,48351993,3,1,05:29:56,-79.32355,43.683162,9658,1,1e-12,0,0,0,3
1050034,48351993,3,2,05:29:56,-79.32355,43.683162,9658,1,1e-12,0,0,0,3
1050034,48351993,3,3,05:30:00,-79.323626,43.683359,,,21.1187146815782,22.7674061439591,22.7674061439591,3.8810440575604,3
1050034,48351993,3,4,05:30:08,-79.323795,43.683762,,,21.1187146815782,46.8793183434228,69.6467244873819,11.8723232893186,3
1050034,48351993,3,5,05:30:16,-79.323961,43.684161,,,21.1187146815782,46.3832020517647,116.029926539147,19.7790320973129,3
1050034,48351993,3,6,05:30:32,-79.324289,43.684972,,,21.1187146815782,94.0621448181264,210.092071357273,35.8133280500224,3
1050034,48351993,3,7,05:30:48,-79.324646,43.685785,7638,2,21.1187146815782,94.9560295988563,305.048100956129,52,3
1050034,48351993,3,8,05:30:48,-79.324646,43.685785,7638,2,1e-12,0,305.048100956129,52,3
1050034,48351993,3,9,05:31:04,-79.324952,43.686592,,,20.9441060250424,93.1507604960459,398.198861452175,68.0113178086858,3
1050034,48351993,3,10,05:31:11,-79.32511,43.686965,,,20.9441060250424,43.4264418086726,441.625303260848,75.475718071189,3
1050034,48351993,3,11,05:31:19,-79.325278,43.687339,1550,3,20.9441060250424,43.7748217998133,485.400125060661,83,3
1050034,48351993,3,12,05:31:19,-79.325278,43.687339,1550,3,1e-12,0,485.400125060661,83,3
1050034,48351993,3,13,05:31:34,-79.325582,43.688043,,,19.9420779514623,82.1006689719389,567.5007940326,97.8210436755066,3
1050034,48351993,3,14,05:31:49,-79.325845,43.688774,1312,4,19.9420779514623,84.0833139569134,651.584107989513,113,3
1050034,48351993,3,15,05:31:49,-79.325845,43.688774,1312,4,1e-12,0,651.584107989513,113,3
1050034,48351993,3,16,05:31:58,-79.3260149987359,43.689220000126,,,21.5127379862252,51.4997853343949,703.083893323908,121.618113943587,3
1050034,48351993,3,17,05:32:06,-79.326185,43.689666,,,21.5127379862252,51.4997853324146,754.583678656323,130.236227886843,3
1050034,48351993,3,18,05:32:15,-79.3263729985675,43.6901230001541,,,21.5127379862252,53.0760243232567,807.65970297958,139.118113943656,3
1050034,48351993,3,19,05:32:24,-79.326561,43.69058,7587,5,21.5127379862252,53.076024320457,860.735727300037,148,3
1050034,48351993,3,20,05:32:24,-79.326561,43.69058,7587,5,1e-12,0,860.735727300037,148,3
1050034,48351993,3,21,05:32:42,-79.3268314969782,43.6912500003189,,,15.5394337445437,77.6971687196253,938.432896019662,165.999999999283,3
1050034,48351993,3,22,05:33:00,-79.327102,43.69192,9224,6,15.5394337445437,77.6971687258118,1016.13006474547,184,3
1050034,48351993,3,23,05:33:00,-79.327102,43.69192,9224,6,1e-12,0,1016.13006474547,184,3
1050034,48351993,3,24,05:33:07,-79.327275,43.692342,,,23.6795092389431,48.9972002628953,1065.12726500837,191.449053068057,3
1050034,48351993,3,25,05:33:15,-79.3274574959192,43.6927890004355,,,23.6795092389431,51.8827041222475,1117.00996913062,199.336789800916,3
1050034,48351993,3,26,05:33:23,-79.3276399945589,43.6932360005807,,,23.6795092389431,51.8827041246393,1168.89267325526,207.224526534139,3
1050034,48351993,3,27,05:33:31,-79.3278224959191,43.6936830004355,,,23.6795092389431,51.8827041222409,1220.7753773775,215.112263266997,3
1050034,48351993,3,28,05:33:39,-79.328005,43.69413,8010,7,23.6795092389431,51.8827041231939,1272.65808150069,223,3
1050034,48351993,3,29,05:33:39,-79.328005,43.69413,8010,7,1e-12,0,1272.65808150069,223,3
1050034,48351993,3,30,05:33:51,-79.3281959956882,43.694581250477,,,16.2100649277206,52.5326178214416,1325.19069932213,234.666666666694,3
1050034,48351993,3,31,05:34:02,-79.3283869942509,43.695032500636,,,16.2100649277206,52.5326178215267,1377.72331714366,246.333333333408,3
1050034,48351993,3,32,05:34:14,-79.3285779956882,43.695483750477,9760,8,16.2100649277206,52.5326178209822,1430.25593496464,258,3
1050034,48351993,3,33,05:34:14,-79.3285779956882,43.695483750477,9760,8,1e-12,0,1430.25593496464,258,3
1050034,48351993,3,34,05:34:22,-79.328769,43.695935,,,23.7274276589969,52.5326178230495,1482.78855278769,265.970414108133,3
1050034,48351993,3,35,05:34:35,-79.3290484966416,43.6966555003405,,,23.7274276589969,83.3006668162482,1566.08921960394,278.609053443518,3
1050034,48351993,3,36,05:34:47,-79.329328,43.697376,,,23.7274276589969,83.3006668135072,1649.38988641745,291.247692778487,3
1050034,48351993,3,37,05:34:54,-79.329477,43.697761,8734,9,23.7274276589969,44.5041336471604,1693.89402006461,298,3
1050034,48351993,3,38,05:34:54,-79.329477,43.697761,8734,9,1e-12,0,1693.89402006461,298,3
1050034,48351993,3,39,05:35:02,-79.328878,43.697879,,,22.0615748049299,49.9669882491293,1743.86100831374,306.153595529213,3
1050034,48351993,3,40,05:35:09,-79.32838,43.697978,,,22.0615748049299,41.5681136912871,1785.42912200502,312.936665668666,3
1050034,48351993,3,41,05:35:22,-79.327427,43.698184,9730,10,22.0615748049299,80.0549243201499,1865.48404632517,326,3
1050034,48351993,3,42,05:35:22,-79.327427,43.698184,9730,10,1e-12,0,1865.48404632517,326,3
1050034,48351993,3,43,05:35:27,-79.327057,43.698264,,,20.6667599803737,31.081736604445,1896.56578292962,331.414213543016,3
1050034,48351993,3,44,05:35:36,-79.32647,43.698383,,,20.6667599803737,49.0653724652726,1945.63115539489,339.961046285194,3
1050034,48351993,3,45,05:35:50,-79.32551,43.698589,4088,11,20.6667599803737,80.5943574443004,2026.22551283919,354,3
1050034,48351993,3,46,05:35:50,-79.32551,43.698589,4088,11,1e-12,0,2026.22551283919,354,3
1050034,48351993,3,47,05:36:02,-79.324473,43.698811,,,26.3121235540525,87.0418658603946,2113.26737869959,365.908986230386,3
1050034,48351993,3,48,05:36:12,-79.323617,43.699023,,,26.3121235540525,72.8224663709765,2186.08984507056,375.872487594955,3
1050034,48351993,3,49,05:36:14,-79.323428,43.699052,2917,12,26.3121235540525,15.5498247956454,2201.63966986621,378,3
1050034,48351993,3,50,05:36:14,-79.323428,43.699052,2917,12,1e-12,0,2201.63966986621,378,3
1050034,48351993,3,51,05:36:23,-79.322412,43.699262,,,32.5352279134968,85.045197206425,2286.68486707263,387.41019103223,3
1050034,48351993,3,52,05:36:27,-79.321998,43.699347,,,32.5352279134968,34.6367506642266,2321.32161773686,391.242723041003,3
1050034,48351993,3,53,05:36:33,-79.321377,43.699477,7908,13,32.5352279134968,52.0317550061375,2373.353372743,397,3
1050034,48351993,3,54,05:36:33,-79.321377,43.699477,7908,13,1e-12,0,2373.353372743,397,3
1050034,48351993,3,55,05:36:44,-79.3205180024141,43.6996455032163,,,22.8211826090713,71.6324751946428,2444.98584793764,408.299892521705,3
1050034,48351993,3,56,05:36:56,-79.319659,43.699814,,,22.8211826090713,71.6324751972757,2516.61832313491,419.599785043826,3
1050034,48351993,3,57,05:36:56,-79.319629,43.699821,1663,14,22.8211826090713,2.53704961048105,2519.1553727454,420,3
1050034,48351993,3,58,05:36:56,-79.319629,43.699821,1663,14,1e-12,0,2519.1553727454,420,3
1050034,48351993,3,59,05:36:56,-79.319615,43.699825,,,22.9244252453165,1.21152320397426,2520.36689594937,420.190254869539,3
1050034,48351993,3,60,05:36:56,-79.319592,43.699831,,,22.9244252453165,1.96786947544684,2522.33476542482,420.499284650474,3
1050034,48351993,3,61,05:36:57,-79.31957,43.699837,,,22.9244252453165,1.89236338358643,2524.2271288084,420.79645712516,3
1050034,48351993,3,62,05:36:57,-79.319541,43.699845,,,22.9244252453165,2.49806857449264,2526.7251973829,421.188748175947,3
1050034,48351993,3,63,05:36:58,-79.319513,43.699854,,,22.9244252453165,2.46613338911359,2529.19133077201,421.5760241973,3
1050034,48351993,3,64,05:36:58,-79.319484,43.699864,,,22.9244252453165,2.58581831699257,2531.777149089,421.982095269597,3
1050034,48351993,3,65,05:36:58,-79.319456,43.699874,,,22.9244252453165,2.51341583123628,2534.29056492024,422.376796418945,3
1050034,48351993,3,66,05:36:59,-79.319428,43.699885,,,22.9244252453165,2.56466176575112,2536.85522668599,422.779545114186,3
1050034,48351993,3,67,05:36:59,-79.319401,43.699896,,,22.9244252453165,2.49424280521168,2539.3494694912,423.1712353748,3
1050034,48351993,3,68,05:37:00,-79.319374,43.699908,,,22.9244252453165,2.55073754652863,2541.90020703773,423.571797442081,3
1050034,48351993,3,69,05:37:00,-79.319347,43.69992,,,22.9244252453165,2.55073717603098,2544.45094421376,423.972359451181,3
1050034,48351993,3,70,05:37:00,-79.319321,43.699933,,,22.9244252453165,2.54416441773737,2546.9951086315,424.371889289152,3
1050034,48351993,3,71,05:37:01,-79.319296,43.699947,,,22.9244252453165,2.54499969578244,2549.54010832728,424.771550297303,3
1050034,48351993,3,72,05:37:01,-79.31927,43.69996,,,22.9244252453165,2.5441636427265,2552.08427197001,425.171080013568,3
1050034,48351993,3,73,05:37:02,-79.319246,43.699974,,,22.9244252453165,2.48186267139006,2554.5661346414,425.560826125909,3
1050034,48351993,3,74,05:37:02,-79.319222,43.699989,,,22.9244252453165,2.55323507832711,2557.11936971972,425.961780399947,3
1050034,48351993,3,75,05:37:02,-79.319198,43.700004,,,22.9244252453165,2.55323471013443,2559.67260442986,426.362734616165,3
1050034,48351993,3,76,05:37:03,-79.319175,43.70002,,,22.9244252453165,2.56880042421292,2562.24140485407,426.76613323699,3
1050034,48351993,3,77,05:37:03,-79.319152,43.700035,,,22.9244252453165,2.49290612714381,2564.73431098122,427.157613588697,3
1050034,48351993,3,78,05:37:04,-79.31913,43.700052,,,22.9244252453165,2.59156335176025,2567.32587433298,427.564586848288,3
1050034,48351993,3,79,05:37:04,-79.319109,43.700069,,,22.9244252453165,2.53725930238236,2569.86313363536,427.963032322529,3
1050034,48351993,3,80,05:37:04,-79.319088,43.700086,,,22.9244252453165,2.53725898513939,2572.4003926205,428.361477746951,3
1050034,48351993,3,81,05:37:05,-79.319068,43.700103,,,22.9244252453165,2.48437556053766,2574.88476818103,428.751618477732,3
1050034,48351993,3,82,05:37:05,-79.319048,43.700121,,,22.9244252453165,2.57018314748118,2577.45495132852,429.155234238298,3
1050034,48351993,3,83,05:37:06,-79.31903,43.700139,,,22.9244252453165,2.47256619788771,2579.9275175264,429.543520453422,3
1050034,48351993,3,84,05:37:06,-79.319019,43.70015,,,22.9244252453165,1.51101255011609,2581.43853007652,429.780806453931,3
1050034,48351993,3,85,05:37:08,-79.31889,43.700223,,,22.9244252453165,13.1841424063855,2594.62267248291,431.851214420765,3
1050034,48351993,3,86,05:37:10,-79.318797,43.700321,,,22.9244252453165,13.2299977341134,2607.85267021702,433.928823404769,3
1050034,48351993,3,87,05:37:23,-79.318095,43.700862,,,22.9244252453165,82.5759134945231,2690.42858371154,446.896358485764,3
1050034,48351993,3,88,05:37:37,-79.317304,43.70147,,,22.9244252453165,92.9156495837223,2783.34423329526,461.487622385378,3
1050034,48351993,3,89,05:37:39,-79.317207,43.701545,,,22.9244252453165,11.4300036880312,2794.7742369833,463.28256436698,3
1050034,48351993,3,90,05:37:47,-79.3167745023301,43.7018680008154,,,22.9244252453165,50.043496975179,2844.81773395847,471.141282183579,3
1050034,48351993,3,91,05:37:55,-79.316342,43.702191,6836,15,22.9244252453165,50.0434969740532,2894.86123093253,479,3
1050034,48351993,3,92,05:37:55,-79.316342,43.702191,6836,15,1e-12,0,2894.86123093253,479,3
1050034,48351993,3,93,05:38:06,-79.315756,43.702664,,,24.16670249784,70.685790479974,2965.5470214125,489.529729728359,3
1050034,48351993,3,94,05:38:08,-79.315616,43.702762,,,24.16670249784,15.6828699214545,2981.22989133396,491.865933094221,3
1050034,48351993,3,95,05:38:16,-79.315168502844,43.7031430008729,,,24.16670249784,55.6397334354985,3036.86962476945,500.154322475672,3
1050034,48351993,3,96,05:38:24,-79.314721,43.703524,,,24.16670249784,55.6397334392888,3092.50935820874,508.442711857688,3
1050034,48351993,3,97,05:38:28,-79.314554,43.703666,,,24.16670249784,20.7482677161132,3113.25762592486,511.533483707289,3
1050034,48351993,3,98,05:38:36,-79.3141070029267,43.7040585008709,,,24.16670249784,56.5957068864134,3169.85333281127,519.964279957183,3
1050034,48351993,3,99,05:38:44,-79.31366,43.704451,,,24.16670249784,56.5957068871563,3226.44903969843,528.395076207188,3
1050034,48351993,3,100,05:38:47,-79.313507,43.704591,,,24.16670249784,19.8615952966459,3246.31063499507,531.353764637035,3
1050034,48351993,3,101,05:38:57,-79.313072,43.705069,,,24.16670249784,63.6930856133506,3310.00372060842,540.841824012473,3
1050034,48351993,3,102,05:39:03,-79.312823,43.70539,,,24.16670249784,40.9683134648955,3350.97203407332,546.94468096976,3
1050034,48351993,3,103,05:39:07,-79.312667,43.705601,,,24.16670249784,26.6327420764067,3377.60477614973,550.912035286454,3
1050034,48351993,3,104,05:39:12,-79.312476,43.705875,9790,16,24.16670249784,34.1553693199352,3411.76014546966,556,3
1050034,48351993,3,105,05:39:12,-79.312476,43.705875,9790,16,1e-12,0,3411.76014546966,556,3
1050034,48351993,3,106,05:39:19,-79.312239,43.706208,,,21.1504395310605,41.687860724236,3453.4480061939,563.095658621508,3
1050034,48351993,3,107,05:39:34,-79.311724,43.706914,,,21.1504395310605,88.8489846217692,3542.29699081567,578.218575767917,3
1050034,48351993,3,108,05:39:48,-79.311241,43.707538,,,21.1504395310605,79.5979081026237,3621.89489891829,591.766874315029,3
1050034,48351993,3,109,05:39:55,-79.311004,43.707898,,,21.1504395310605,44.3815799708228,3666.27647888911,599.321028811929,3
1050034,48351993,3,110,05:40:05,-79.310645,43.708338,8239,17,21.1504395310605,56.8651374544949,3723.14161634361,609,3
1050034,48351993,3,111,05:40:05,-79.310645,43.708338,8239,17,1e-12,0,3723.14161634361,609,3
1050034,48351993,3,112,05:40:22,-79.3101050062795,43.7090350012711,,,18.5798670170303,88.9286666687737,3812.07028301238,626.230650774526,3
1050034,48351993,3,113,05:40:39,-79.309565,43.709732,,,18.5798670170303,88.9286666702504,3900.99894968263,643.461301549338,3
1050034,48351993,3,114,05:40:49,-79.3092535020425,43.710125000423,,,18.5798670170303,50.4203359609609,3951.41928564359,653.230650775201,3
1050034,48351993,3,115,05:40:59,-79.308942,43.710518,1908,18,18.5798670170303,50.4203359554691,4001.83962159906,663,3
1050034,48351993,3,116,05:40:59,-79.308942,43.710518,1908,18,1e-12,0,4001.83962159906,663,3
1050034,48351993,3,117,05:41:12,-79.3084805044507,43.7110960009284,,,20.2254066640909,74.289783897504,4076.12940549657,676.223131997926,3
1050034,48351993,3,118,05:41:25,-79.308019,43.711674,,,20.2254066640909,74.2897838993106,4150.41918939588,689.446263996174,3
1050034,48351993,3,119,05:41:43,-79.307414,43.712447,,,20.2254066640909,98.865654688946,4249.28484408482,707.043752283622,3
1050034,48351993,3,120,05:41:56,-79.3069610042783,43.7130130008945,5610,19,20.2254066640909,72.7903830290114,4322.07522711383,720,3
1050034,48351993,3,121,05:41:56,-79.3069610042783,43.7130130008945,5610,19,1e-12,0,4322.07522711383,720,3
1050034,48351993,3,122,05:42:11,-79.306508,43.713579,,,17.6499175563197,72.7903830330878,4394.86561014692,734.84683302814,3
1050034,48351993,3,123,05:42:29,-79.305954,43.714271,3240,20,17.6499175563197,89.0005278998427,4483.86613804676,753,3
1050034,48351993,3,124,05:42:29,-79.305954,43.714271,3240,20,1e-12,0,4483.86613804676,753,3
1050034,48351993,3,125,05:42:38,-79.305702,43.714613,,,18.0607521921878,43.1340223535527,4527.00016040032,761.597785896202,3
1050034,48351993,3,126,05:42:46,-79.305451,43.714923,,,18.0607521921878,39.9841937484389,4566.98435414875,769.56772513033,3
1050034,48351993,3,127,05:42:50,-79.305326,43.715094,,,18.0607521921878,21.5292613359927,4588.51361548475,773.85909350662,3
1050034,48351993,3,128,05:42:50,-79.305318,43.715104,,,18.0607521921878,1.28589560432504,4589.79951108907,774.115407536419,3
1050034,48351993,3,129,05:42:52,-79.305255,43.715193,,,18.0607521921878,11.1288731969311,4600.928384286,776.33369518483,3
1050034,48351993,3,130,05:42:55,-79.305188,43.715301,,,18.0607521921878,13.1757910418683,4614.10417532787,778.95998933061,3
1050034,48351993,3,131,05:42:57,-79.305137,43.7154,,,18.0607521921878,11.7597851102542,4625.86396043813,781.304034913342,3
1050034,48351993,3,132,05:43:03,-79.305043,43.715625,,,18.0607521921878,26.1638752885589,4652.02783572669,786.519208126314,3
1050034,48351993,3,133,05:43:05,-79.305003,43.715733,6628,21,18.0607521921878,12.4458242419562,4664.47365996864,789,3
1050034,48351993,3,134,05:43:05,-79.305003,43.715733,6628,21,1e-12,0,4664.47365996864,789,3
1050034,48351993,3,135,05:43:07,-79.304975,43.715832,,,19.9968178322337,11.2485393284728,4675.72219929711,791.025059283044,3
1050034,48351993,3,136,05:43:09,-79.304948,43.715908,,,19.9968178322337,8.73473836794178,4684.45693766506,792.597562387708,3
1050034,48351993,3,137,05:43:10,-79.304926,43.71598,,,19.9968178322337,8.20813741674751,4692.6650750818,794.075262237164,3
1050034,48351993,3,138,05:43:13,-79.304907,43.716128,,,19.9968178322337,16.5460562909704,4709.21113137277,797.05402631589,3
1050034,48351993,3,139,05:43:16,-79.304896,43.716259,,,19.9968178322337,14.6096856164942,4723.82081698927,799.684188207679,3
1050034,48351993,3,140,05:43:19,-79.304874,43.716416,,,19.9968178322337,17.566568348373,4741.38738533764,802.846673688354,3
1050034,48351993,3,141,05:43:22,-79.304855,43.716578,,,19.9968178322337,18.0984350188883,4759.48582035653,806.104910404547,3
1050034,48351993,3,142,05:43:25,-79.304826,43.716704,,,19.9968178322337,14.219003365206,4773.70482372174,808.664738300375,3
1050034,48351993,3,143,05:43:27,-79.304799,43.716844,,,19.9968178322337,15.7354034310168,4789.44022715275,811.497561643914,3
1050034,48351993,3,144,05:43:42,-79.304678,43.717582,,,19.9968178322337,82.7285971758181,4872.16882432857,826.391078819075,3
1050034,48351993,3,145,05:43:52,-79.3045980006489,43.7180680000279,,,19.9968178322337,54.4828049976083,4926.65162932618,836.199544327784,3
1050034,48351993,3,146,05:44:02,-79.304518,43.718554,,,19.9968178322337,54.4828049949282,4981.13443432111,846.00800983601,3
1050034,48351993,3,147,05:44:09,-79.304456,43.7189,6185,22,19.9968178322337,38.83820933169,5019.9726436528,853,3
1050034,48351993,3,148,05:44:09,-79.304456,43.7189,6185,22,1e-12,0,5019.9726436528,853,3
1050034,48351993,3,149,05:44:18,-79.304386,43.719355,,,20.542442378396,50.9625084716614,5070.93515212446,861.931023250231,3
1050034,48351993,3,150,05:44:29,-79.3042880009601,43.7199420000419,,,20.542442378396,65.8184896684098,5136.75364179287,873.465511625161,3
1050034,48351993,3,151,05:44:41,-79.30419,43.720529,6257,23,20.542442378396,65.8184896678934,5202.57213146076,885,3
1050034,48351993,3,152,05:44:41,-79.30419,43.720529,6257,23,1e-12,0,5202.57213146076,885,3
1050034,48351993,3,153,05:44:51,-79.304129,43.720929,,,15.3744673287735,44.7974241199972,5247.36955558076,895.489516376946,3
1050034,48351993,3,154,05:44:56,-79.304097,43.721109,,,15.3744673287735,20.2022182936768,5267.57177387444,900.219955767267,3
1050034,48351993,3,155,05:45:00,-79.304065,43.721253,,,15.3744673287735,16.2354230500479,5283.80719692448,904.021552383938,3
1050034,48351993,3,156,05:45:05,-79.304017,43.721429,,,15.3744673287735,19.9691779809831,5303.77637490547,908.697424347124,3
1050034,48351993,3,157,05:45:08,-79.303968,43.721568,,,15.3744673287735,15.9676773249151,5319.74405223038,912.436327109766,3
1050034,48351993,3,158,05:45:11,-79.30393,43.721681,,,15.3744673287735,12.9452686895104,5332.68932091989,915.467519429191,3
1050034,48351993,3,159,05:45:15,-79.303883,43.721798,,,15.3744673287735,13.5621527958147,5346.25147371571,918.643157909593,3
1050034,48351993,3,160,05:45:18,-79.303828,43.721905,,,15.3744673287735,12.7065037715582,5358.95797748727,921.618442360066,3
1050034,48351993,3,161,05:45:20,-79.303764,43.721991,,,15.3744673287735,10.870241941149,5369.82821942841,924.163757924587,3
1050034,48351993,3,162,05:45:22,-79.303742,43.722049,,,15.3744673287735,6.69472864650467,5376.52294807492,925.73135845422,3
1050034,48351993,3,163,05:45:25,-79.303661,43.722166,,,15.3744673287735,14.5636292066661,5391.08657728158,929.141497096609,3
1050034,48351993,3,164,05:45:26,-79.303648,43.72218,,,15.3744673287735,1.87687380640783,5392.96345108799,929.58097545762,3
1050034,48351993,3,165,05:45:29,-79.303547,43.722296,,,15.3744673287735,15.2568301094329,5408.22028119742,933.153430178778,3
1050034,48351993,3,166,05:45:33,-79.303442,43.722409,,,15.3744673287735,15.1522416349717,5423.3725228324,936.701395042823,3
1050034,48351993,3,167,05:45:36,-79.303338,43.722521,,,15.3744673287735,15.0149677303886,5438.38749056279,940.217216610718,3
1050034,48351993,3,168,05:45:39,-79.303239,43.722611,,,15.3744673287735,12.7988105392959,5451.18630110208,943.214115101974,3
1050034,48351993,3,169,05:45:42,-79.303135,43.722701,,,15.3744673287735,13.0529166327616,5464.23921773484,946.270513666755,3
1050034,48351993,3,170,05:45:45,-79.303062,43.722773,,,15.3744673287735,9.93632130017365,5474.17553903502,948.597147553685,3
1050034,48351993,3,171,05:45:47,-79.302963,43.722849,,,15.3744673287735,11.6193785104912,5485.79491754551,951.31787678243,3
1050034,48351993,3,172,05:45:51,-79.302801,43.722957,,,15.3744673287735,17.7311972883583,5503.52611483387,955.469715598896,3
1050034,48351993,3,173,05:45:58,-79.302549,43.723109,,,15.3744673287735,26.4066310544756,5529.93274588834,961.652945870438,3
1050034,48351993,3,174,05:46:04,-79.30228,43.723253,,,15.3744673287735,26.9311526432578,5556.8638985316,967.958995208114,3
1050034,48351993,3,175,05:46:09,-79.302087,43.723374,,,15.3744673287735,20.5550231768533,5577.41892170845,972.772045433157,3
1050034,48351993,3,176,05:46:27,-79.3023594969478,43.7240450003237,8181,24,15.3744673287735,77.8458588773043,5655.26478058576,991,3
1050034,48351993,3,177,05:46:27,-79.3023594969478,43.7240450003237,8181,24,1e-12,0,5655.26478058576,991,3
1050034,48351993,3,178,05:46:56,-79.302632,43.724716,,,9.71801388754903,77.8458588777012,5733.11063946346,1019.83769206368,3
1050034,48351993,3,179,05:47:17,-79.3028384949223,43.7252070005577,10271,25,9.71801388754903,57.1265562271462,5790.2371956906,1041,3
1050034,48351993,3,180,05:47:17,-79.3028384949223,43.7252070005577,10271,25,1e-12,0,5790.2371956906,1041,3
1050034,48351993,3,181,05:47:35,-79.3030449932296,43.7256980007435,,,11.6681863420958,57.1265562254126,5847.36375191602,1058.62532722584,3
1050034,48351993,3,182,05:47:52,-79.3032514949222,43.7261890005576,,,11.6681863420958,57.1265562224614,5904.49030813848,1076.25065445076,3
1050034,48351993,3,183,05:48:10,-79.303458,43.72668,,,11.6681863420958,57.1265562236303,5961.61686436211,1093.87598167605,3
1050034,48351993,3,184,05:48:15,-79.303257,43.726743,,,11.6681863420958,17.6247404005175,5979.24160476263,1099.31376468548,3
1050034,48351993,3,185,05:48:21,-79.303031,43.726778,,,11.6681863420958,18.5932372265485,5997.83484198917,1105.05035922152,3
1050034,48351993,3,186,05:48:25,-79.302884,43.726814,,,11.6681863420958,12.4859230629106,6010.32076505209,1108.90265654594,3
1050034,48351993,3,187,05:48:28,-79.302754,43.726859,,,11.6681863420958,11.595628043732,6021.91639309582,1112.48027004418,3
1050034,48351993,3,188,05:48:32,-79.30264,43.726904,,,11.6681863420958,10.4496202493663,6032.36601334518,1115.70430433663,3
1050034,48351993,3,189,05:48:40,-79.302354,43.727029,2924,26,11.6681863420958,26.8877007881847,6059.25371413337,1124,3
1050034,48351993,3,190,05:48:40,-79.302354,43.727029,2924,26,1e-12,0,6059.25371413337,1124,3
1050034,48351993,3,191,05:48:58,-79.301836,43.727289,,,10.2890939495486,50.7354291360332,6109.9891432694,1141.75156741549,3
1050034,48351993,3,192,05:49:23,-79.3011,43.727675,,,10.2890939495486,73.1557028954441,6183.14484616485,1167.34765310729,3
1050034,48351993,3,193,05:49:29,-79.300937,43.727747,,,10.2890939495486,15.3678512503237,6198.51269741517,1172.72463428488,3
1050034,48351993,3,194,05:49:32,-79.30084,43.727792,,,10.2890939495486,9.27255577476335,6207.78525318993,1175.96896278968,3
1050034,48351993,3,195,05:49:35,-79.300759,43.727827,,,10.2890939495486,7.59190112425706,6215.37715431419,1178.62525538273,3
1050034,48351993,3,196,05:49:38,-79.300638,43.727863,,,10.2890939495486,10.5262992290252,6225.90345354322,1182.30824996032,3
1050034,48351993,3,197,05:49:41,-79.300556,43.72789,,,10.2890939495486,7.24880709338647,6233.1522606366,1184.84449908625,3
1050034,48351993,3,198,05:49:44,-79.300472,43.727935,,,10.2890939495486,8.41151658826765,6241.56377722487,1187.78756286487,3
1050034,48351993,3,199,05:49:46,-79.300423,43.727899,,,10.2890939495486,5.62112679059174,6247.18490401546,1189.75431101056,3
1050034,48351993,3,200,05:49:47,-79.300374,43.727872,,,10.2890939495486,4.95689441996192,6252.14179843542,1191.4886541898,3
1050034,48351993,3,201,05:49:49,-79.300323,43.727854,,,10.2890939495486,4.56576992574559,6256.70756836117,1193.08614876155,3
1050034,48351993,3,202,05:49:51,-79.300271,43.727827,,,10.2890939495486,5.1508794915122,6261.85844785268,1194.88836441439,3
1050034,48351993,3,203,05:49:53,-79.300217,43.7278,,,10.2890939495486,5.28237097669017,6267.14081882937,1196.73658697017,3
1050034,48351993,3,204,05:49:54,-79.300162,43.727781,,,10.2890939495486,4.90393093804414,6272.04474976742,1198.45239901966,3
1050034,48351993,3,205,05:49:56,-79.300107,43.727763,,,10.2890939495486,4.85695847817147,6276.90170824559,1200.15177610837,3
1050034,48351993,3,206,05:49:58,-79.300053,43.727736,8414,27,10.2890939495486,5.28237479466701,6282.18408304025,1202,3
1050034,48351993,3,207,05:49:58,-79.300053,43.727736,8414,27,1e-12,0,6282.18408304025,1202,3
1050034,48351993,3,208,05:50:00,-79.3,43.727718,,,9.31247104704454,4.7108724127312,6286.89495545298,1203.82112144029,3
1050034,48351993,3,209,05:50:02,-79.299948,43.727691,,,9.31247104704454,5.15088720371574,6292.0458426567,1205.81234308701,3
1050034,48351993,3,210,05:50:04,-79.299896,43.727664,,,9.31247104704454,5.15088873291242,6297.19673138961,1207.80356532489,3
1050034,48351993,3,211,05:50:06,-79.299844,43.727646,,,9.31247104704454,4.63819966826745,6301.83493105788,1209.59659305313,3
1050034,48351993,3,212,05:50:08,-79.299795,43.727619,,,9.31247104704454,4.95690765789235,6306.79183871577,1211.51282640068,3
1050034,48351993,3,213,05:50:10,-79.299749,43.727583,,,9.31247104704454,5.45462747867652,6312.24646619445,1213.62146747178,3
1050034,48351993,3,214,05:50:12,-79.299707,43.727547,,,9.31247104704454,5.24167341536458,6317.48813960981,1215.64778510541,3
1050034,48351993,3,215,05:50:13,-79.299667,43.72752,,,9.31247104704454,4.40313587859161,6321.89127548841,1217.34994225391,3
1050034,48351993,3,216,05:50:15,-79.299629,43.727483,,,9.31247104704454,5.12923162033451,6327.02050710874,1219.33279232023,3
1050034,48351993,3,217,05:50:18,-79.299596,43.727438,,,9.31247104704454,5.66929821333412,6332.68980532207,1221.52442045683,3
1050034,48351993,3,218,05:50:19,-79.299567,43.727402,,,9.31247104704454,4.63705887350732,6337.32686419558,1223.31700717847,3
1050034,48351993,3,219,05:50:21,-79.299536,43.727366,,,9.31247104704454,4.72004889722089,6342.0469130928,1225.1416760493,3
1050034,48351993,3,220,05:50:23,-79.299498,43.72733,,,9.31247104704454,5.04028241408261,6347.08719550689,1227.09014027528,3
1050034,48351993,3,221,05:50:25,-79.299463,43.727294,,,9.31247104704454,4.89767995226021,6351.98487545915,1228.98347747215,3
1050034,48351993,3,222,05:50:27,-79.299422,43.727258,,,9.31247104704454,5.19019667168037,6357.17507213083,1230.98989530945,3
1050034,48351993,3,223,05:50:29,-79.299374,43.727231,,,9.31247104704454,4.89320228929489,6362.06827442012,1232.8815015386,3
1050034,48351993,3,224,05:50:31,-79.299321,43.727204,,,9.31247104704454,5.21645472368863,6367.28472914381,1234.89807017119,3
1050034,48351993,3,225,05:50:33,-79.299263,43.727186,,,9.31247104704454,5.07781079198682,6372.3625399358,1236.86104205682,3
1050034,48351993,3,226,05:50:35,-79.299205,43.727177,,,9.31247104704454,4.77209694003825,6377.13463687583,1238.70583157588,3
1050034,48351993,3,227,05:50:37,-79.29915,43.72715,,,9.31247104704454,5.34875827940203,6382.48339515524,1240.77354590311,3
1050034,48351993,3,228,05:50:39,-79.299092,43.72714,,,9.31247104704454,4.79670556518789,6387.28010072042,1242.62784858469,3
1050034,48351993,3,229,05:50:41,-79.299033,43.727122,,,9.31247104704454,5.15182899092527,6392.43192971135,1244.61943430599,3
1050034,48351993,3,230,05:50:43,-79.298972,43.727113,,,9.31247104704454,5.00831140125642,6397.44024111261,1246.55553922953,3
1050034,48351993,3,231,05:50:44,-79.298911,43.727104,,,9.31247104704454,5.00831212378817,6402.44855323639,1248.49164443239,3
1050034,48351993,3,232,05:50:46,-79.29885,43.727104,,,9.31247104704454,4.90708055823123,6407.35563379463,1250.38861570031,3
1050034,48351993,3,233,05:50:48,-79.298788,43.727095,,,9.31247104704454,5.08715625255307,6412.44279004718,1252.35520033899,3
1050034,48351993,3,234,05:50:50,-79.298725,43.727104,,,9.31247104704454,5.1660490086532,6417.60883905583,1254.35228321175,3
1050034,48351993,3,235,05:50:52,-79.298663,43.727104,,,9.31247104704454,4.98752450113769,6422.59636355697,1256.28035236905,3
1050034,48351993,3,236,05:50:54,-79.298603,43.727113,,,9.31247104704454,4.92952044914312,6427.52588400611,1258.18599841372,3
1050034,48351993,3,237,05:50:56,-79.298542,43.72713,,,9.31247104704454,5.25934614786173,6432.78523015397,1260.21914794371,3
1050034,48351993,3,238,05:50:58,-79.298482,43.727139,,,9.31247104704454,4.92951839682665,6437.7147485508,1262.124793195,3
1050034,48351993,3,239,05:51:00,-79.298423,43.727148,7929,28,9.31247104704454,4.85078029966503,6442.56552885047,1264,3
1050034,48351993,3,240,05:51:00,-79.298423,43.727148,7929,28,1e-12,0,6442.56552885047,1264,3
1050034,48351993,3,241,,-79.298364,43.727166,,,,5.15182709411091,6447.71735594458,,3
1050034,48351993,3,242,,-79.298304,43.727175,,,,4.92951555682611,6452.6468715014,,3
1050034,48351993,3,243,,-79.298243,43.727184,,,,5.00830642492989,6457.65517792633,,3
