shape_id,trip_id,route_type,id,timestamp,shape_pt_lon,shape_pt_lat,stop_id,stop_sequence,speed,dist,cumdist,cumtime,trip_number
1050437,48361183,3,1,,-79.452852,43.733376,,,1e-12,0,0,0,1
1050437,48361183,3,2,05:04:06,-79.453051,43.733333,896,1,,16.7070787731067,16.7070787731067,,1
1050437,48361183,3,3,05:04:06,-79.453051,43.733333,896,1,1e-12,0,16.7070787731067,0,1
1050437,48361183,3,4,05:04:14,-79.4542005143379,43.7330840172796,,,46.3329079131246,96.5268914858362,113.233970258943,7.50000000001243,1
1050437,48361183,3,5,05:04:21,-79.4553500191174,43.7328350230394,895,2,46.3329079131246,96.5268914855162,209.760861744459,15,1
1050437,48361183,3,6,05:04:21,-79.4553500191174,43.7328350230394,895,2,1e-12,0,209.760861744459,15,1
1050437,48361183,3,7,05:04:34,-79.4564995143382,43.7325860172794,,,26.9690705657622,96.5268914881124,306.287753232572,27.8850124259884,1
1050437,48361183,3,8,05:04:47,-79.457649,43.732337,,,26.9690705657622,96.5268914857445,402.814644718316,40.7700248516608,1
1050437,48361183,3,9,05:04:54,-79.4582780013233,43.7322110017246,,,26.9690705657622,52.5031657710943,455.31781048941,47.7784753770524,1
1050437,48361183,3,10,05:05:01,-79.458907,43.732085,,,26.9690705657622,52.5031657744226,507.820976263833,54.7869259028883,1
1050437,48361183,3,11,05:05:05,-79.45928,43.731997,8737,3,26.9690705657622,31.5618590621642,539.382835325997,59,1
1050437,48361183,3,12,05:05:05,-79.45928,43.731997,8737,3,1e-12,0,539.382835325997,59,1
1050437,48361183,3,13,05:05:11,-79.459885,43.731989,,,31.7631932690867,48.6727612155459,588.055596541543,64.5165089634265,1
1050437,48361183,3,14,05:05:15,-79.460367,43.731973,,,31.7631932690867,38.8117138329342,626.867310374477,68.915379335649,1
1050437,48361183,3,15,05:05:18,-79.460743,43.731954,,,31.7631932690867,30.3183346683004,657.185645042778,72.3516208961632,1
1050437,48361183,3,16,05:05:21,-79.460987,43.731931,,,31.7631932690867,19.7930334973533,676.978678540131,74.5949381844102,1
1050437,48361183,3,17,05:05:23,-79.461277,43.731886,,,31.7631932690867,23.8586846618102,700.837363201941,77.2990512140693,1
1050437,48361183,3,18,05:05:26,-79.461526,43.731821,,,31.7631932690867,21.2958988231309,722.133262025072,79.7127013503698,1
1050437,48361183,3,19,05:05:32,-79.4621960017005,43.7316690019568,,,31.7631932690867,56.4871395817823,778.620401606854,86.114882037043,1
1050437,48361183,3,20,05:05:39,-79.462866,43.731517,,,31.7631932690867,56.4871395802119,835.107541187066,92.5170627235383,1
1050437,48361183,3,21,05:05:46,-79.4636765024765,43.7313340028635,,,31.7631932690867,68.3038234850697,903.411364672136,100.258531361881,1
1050437,48361183,3,22,05:05:54,-79.464487,43.731151,10047,4,31.7631932690867,68.3038234830975,971.715188155233,108,1
1050437,48361183,3,23,05:05:54,-79.464487,43.731151,10047,4,1e-12,0,971.715188155233,108,1
1050437,48361183,3,24,05:06:04,-79.465501,43.730925,,,29.6159933131286,85.3566171684055,1057.07180532364,118.375604105436,1
1050437,48361183,3,25,05:06:11,-79.4661497548418,43.7307760055039,,,29.6159933131286,54.7574951933259,1111.82930051696,125.031703079114,1
1050437,48361183,3,26,05:06:18,-79.4667985064558,43.7306270073385,,,29.6159933131286,54.7574951939405,1166.58679571091,131.687802052867,1
1050437,48361183,3,27,05:06:24,-79.4674472548419,43.7304780055038,,,29.6159933131286,54.7574951912752,1221.34429090218,138.343901026296,1
1050437,48361183,3,28,05:06:31,-79.468096,43.730329,4926,5,29.6159933131286,54.7574951935409,1276.10178609572,145,1
1050437,48361183,3,29,05:06:31,-79.468096,43.730329,4926,5,1e-12,0,1276.10178609572,145,1
1050437,48361183,3,30,05:06:39,-79.4689360076996,43.7301460092272,,,29.890074152802,70.5737861937171,1346.67557228944,153.499999999952,1
1050437,48361183,3,31,05:06:48,-79.4697760102662,43.7299630123029,,,29.890074152802,70.5737861952183,1417.24935848466,162.000000000085,1
1050437,48361183,3,32,05:06:57,-79.4706160076997,43.7297800092272,,,29.890074152802,70.5737861940594,1487.82314467872,170.500000000078,1
1050437,48361183,3,33,05:07:05,-79.471456,43.729597,7617,6,29.890074152802,70.5737861934682,1558.39693087218,179,1
1050437,48361183,3,34,05:07:05,-79.471456,43.729597,7617,6,1e-12,0,1558.39693087218,179,1
1050437,48361183,3,35,05:07:14,-79.4724385037483,43.7293685042078,,,32.4895460433849,83.0256604472813,1641.42259131947,188.199647702405,1
1050437,48361183,3,36,05:07:23,-79.473421,43.72914,,,32.4895460433849,83.0256604445574,1724.44825176402,197.399295404509,1
1050437,48361183,3,37,05:07:32,-79.4743320097074,43.728927260853,,,32.4895460433849,77.0143769159362,1801.46262867996,205.932863602942,1
1050437,48361183,3,38,05:07:40,-79.4752430129433,43.7287145144706,,,32.4895460433849,77.0143769175493,1878.47700559751,214.466431801554,1
1050437,48361183,3,39,05:07:49,-79.4761540097076,43.7285017608529,5623,7,32.4895460433849,77.0143769160473,1955.49138251356,223,1
1050437,48361183,3,40,05:07:49,-79.4761540097076,43.7285017608529,5623,7,1e-12,0,1955.49138251356,223,1
1050437,48361183,3,41,05:07:59,-79.477065,43.728289,,,28.1943801576776,77.0143769187966,2032.50575943235,232.833582272678,1
1050437,48361183,3,42,05:08:06,-79.477738,43.728156,3913,8,28.1943801576776,56.1257516035697,2088.63151103592,240,1
1050437,48361183,3,43,05:08:06,-79.477738,43.728156,3913,8,1e-12,0,2088.63151103592,240,1
1050437,48361183,3,44,05:08:14,-79.478491,43.727969,,,28.0832418929169,64.0504799622301,2152.68199099815,248.210652058735,1
1050437,48361183,3,45,05:08:23,-79.479332,43.727776,,,28.0832418929169,70.982039253809,2223.66403025196,257.309862979187,1
1050437,48361183,3,46,05:08:27,-79.479604,43.727656,,,28.0832418929169,25.6359663595427,2249.2999966115,260.596145924947,1
1050437,48361183,3,47,05:08:29,-79.479821,43.727577,,,28.0832418929169,19.5462808904242,2268.84627750193,263.101790090739,1
1050437,48361183,3,48,05:08:31,-79.480016,43.72749,,,28.0832418929169,18.4352972778476,2287.28157477978,265.46501690242,1
1050437,48361183,3,49,05:08:35,-79.480274,43.727381,,,28.0832418929169,24.0411262898024,2311.32270106958,268.54685677594,1
1050437,48361183,3,50,05:08:37,-79.480461,43.727304,,,28.0832418929169,17.3136625800409,2328.63636364962,270.766300867395,1
1050437,48361183,3,51,05:08:39,-79.480676,43.727207,,,28.0832418929169,20.389399323901,2349.02576297352,273.380024662031,1
1050437,48361183,3,52,05:08:42,-79.480848,43.727122,,,28.0832418929169,16.7623636074785,2365.788126581,275.528797557163,1
1050437,48361183,3,53,05:08:44,-79.481043,43.727016,,,28.0832418929169,19.6292020338128,2385.41732861481,278.045071411555,1
1050437,48361183,3,54,05:08:46,-79.481176,43.726953,,,28.0832418929169,12.792731255039,2398.21005986985,279.684975831912,1
1050437,48361183,3,55,05:08:48,-79.481348,43.726886,,,28.0832418929169,15.7185816285414,2413.92864149839,281.699945972415,1
1050437,48361183,3,56,05:08:49,-79.481447,43.726837,,,28.0832418929169,9.65288979597571,2423.58153129437,282.937353085099,1
1050437,48361183,3,57,05:08:51,-79.481622,43.726767,893,9,28.0832418929169,16.090503403015,2439.67203469738,285,1
1050437,48361183,3,58,05:08:51,-79.481622,43.726767,893,9,1e-12,0,2439.67203469738,285,1
1050437,48361183,3,59,05:08:52,-79.481708,43.726729,,,24.4835605437142,8.108998797363,2447.78103349475,286.192326402787,1
1050437,48361183,3,60,05:08:53,-79.481789,43.726705,,,24.4835605437142,7.04244876581719,2454.82348226056,287.227830022111,1
1050437,48361183,3,61,05:08:57,-79.482059,43.726635,,,24.4835605437142,23.0755347420374,2477.8990170026,290.620797516484,1
1050437,48361183,3,62,05:09:07,-79.4828750024657,43.7264540029025,,,24.4835605437142,68.6656741520439,2546.56469115464,300.717222278969,1
1050437,48361183,3,63,05:09:17,-79.483691,43.726273,,,24.4835605437142,68.6656741524584,2615.2303653071,310.813647041515,1
1050437,48361183,3,64,05:09:28,-79.4845780030133,43.7260695034295,,,24.4835605437142,74.8646731824084,2690.09503848951,321.821556735673,1
1050437,48361183,3,65,05:09:39,-79.485465,43.725866,,,24.4835605437142,74.8646731815612,2764.95971167107,332.829466429707,1
1050437,48361183,3,66,05:09:48,-79.486206756055,43.7257030071949,5357,10,24.4835605437142,62.3686983017857,2827.32840997286,342,1
1050437,48361183,3,67,05:09:48,-79.486206756055,43.7257030071949,5357,10,1e-12,0,2827.32840997286,342,1
1050437,48361183,3,68,05:09:57,-79.4869485080734,43.7255400095932,,,26.1808445760936,62.3686983017476,2889.69710827461,350.576014927009,1
1050437,48361183,3,69,05:10:05,-79.4876902560551,43.7253770071949,,,26.1808445760936,62.3686983015988,2952.0658065762,359.152029853998,1
1050437,48361183,3,70,05:10:14,-79.488432,43.725214,,,26.1808445760936,62.3686983017003,3014.4345048779,367.728044781001,1
1050437,48361183,3,71,05:10:22,-79.4891057552046,43.7250597559362,,,26.1808445760936,56.8559860544972,3071.2904909324,375.546033585804,1
1050437,48361183,3,72,05:10:29,-79.4897795069394,43.7249055079149,,,26.1808445760936,56.8559860530721,3128.14647698547,383.364022390412,1
1050437,48361183,3,73,05:10:37,-79.4904532552046,43.7247512559362,,,26.1808445760936,56.8559860544787,3185.00246303995,391.182011195212,1
1050437,48361183,3,74,05:10:45,-79.491127,43.724597,8411,11,26.1808445760936,56.8559860543867,3241.85844909434,399,1
1050437,48361183,3,75,05:10:45,-79.491127,43.724597,8411,11,1e-12,0,3241.85844909434,399,1
1050437,48361183,3,76,05:10:52,-79.4918812562134,43.7244325074394,,,31.8275651968881,63.3807285324308,3305.23917762677,406.16896254254,1
1050437,48361183,3,77,05:10:59,-79.4926355082846,43.7242680099192,,,31.8275651968881,63.3807285331865,3368.61990615996,413.337925085166,1
1050437,48361183,3,78,05:11:07,-79.4933897562135,43.7241035074394,,,31.8275651968881,63.3807285329064,3432.00063469286,420.50688762776,1
1050437,48361183,3,79,05:11:14,-79.494144,43.723939,,,31.8275651968881,63.3807285337114,3495.38136322657,427.675850170445,1
1050437,48361183,3,80,05:11:20,-79.4948075016558,43.723789501919,3393,12,31.8275651968881,55.9117475041769,3551.29311073075,434,1
1050437,48361183,3,81,05:11:20,-79.4948075016558,43.723789501919,3393,12,1e-12,0,3551.29311073075,434,1
1050437,48361183,3,82,05:11:29,-79.495471,43.72364,,,21.9358735977687,55.9117475061931,3607.20485823694,443.175941415106,1
1050437,48361183,3,83,05:11:38,-79.49611550156,43.7234950018107,,,21.9358735977687,54.3036522380175,3661.50851047496,452.087970707468,1
1050437,48361183,3,84,05:11:47,-79.49676,43.72335,2474,13,21.9358735977687,54.3036522390543,3715.81216271402,461,1
1050437,48361183,3,85,05:11:47,-79.49676,43.72335,2474,13,1e-12,0,3715.81216271402,461,1
1050437,48361183,3,86,05:11:54,-79.497415004715,43.7232062556104,,,30.2714745648673,55.0705267739085,3770.88268948792,467.54919851893,1
1050437,48361183,3,87,05:12:00,-79.4980700062867,43.7230625074805,,,30.2714745648673,55.0705267753544,3825.95321626328,474.098397038033,1
1050437,48361183,3,88,05:12:07,-79.498725004715,43.7229187556103,,,30.2714745648673,55.0705267749538,3881.02374303823,480.647595557088,1
1050437,48361183,3,89,05:12:13,-79.49938,43.722775,,,30.2714745648673,55.0705267747143,3936.09426981295,487.196794076114,1
1050437,48361183,3,90,05:12:24,-79.500465,43.722549,2978,14,30.2714745648673,90.8413814844277,4026.93565129737,498,1
1050437,48361183,3,91,05:12:24,-79.500465,43.722549,2978,14,1e-12,0,4026.93565129737,498,1
1050437,48361183,3,92,05:12:33,-79.5012350023135,43.7223690025845,,,25.6624632911525,65.1068309659548,4092.04248226333,507.133362951882,1
1050437,48361183,3,93,05:12:42,-79.502005,43.722189,,,25.6624632911525,65.1068309651787,4157.14931322851,516.266725903655,1
1050437,48361183,3,94,05:12:50,-79.502660004887,43.7220400056104,,,25.6624632911525,55.2441606780243,4212.39347390653,524.016526699646,1
1050437,48361183,3,95,05:12:58,-79.503315006516,43.7218910074805,,,25.6624632911525,55.2441606789023,4267.63763458543,531.766327495762,1
1050437,48361183,3,96,05:13:06,-79.503970004887,43.7217420056103,,,25.6624632911525,55.2441606787134,4322.88179526415,539.51612829185,1
1050437,48361183,3,97,05:13:13,-79.504625,43.721593,,,25.6624632911525,55.244160678898,4378.12595594305,547.265929087965,1
1050437,48361183,3,98,05:13:20,-79.505186,43.721465,,,25.6624632911525,47.329076407492,4425.45503235054,553.905380380457,1
1050437,48361183,3,99,05:13:29,-79.505962,43.721308,9514,15,25.6624632911525,64.8306505926459,4490.28568294318,563,1
1050437,48361183,3,100,05:13:29,-79.505962,43.721308,9514,15,1e-12,0,4490.28568294318,563,1
1050437,48361183,3,101,05:13:32,-79.506257,43.721236,,,31.5425329276051,25.0501209704056,4515.33580391359,565.859010584231,1
1050437,48361183,3,102,05:13:34,-79.506519,43.721185,,,31.5425329276051,21.8295684086072,4537.1653723222,568.350454326284,1
1050437,48361183,3,103,05:13:43,-79.507463,43.721074,,,31.5425329276051,76.9452846947525,4614.11065701695,577.132343388169,1
1050437,48361183,3,104,05:13:45,-79.50771,43.721035,,,31.5425329276051,20.3403828231788,4634.45103984013,579.453823984909,1
1050437,48361183,3,105,05:13:54,-79.508624,43.720908,4647,16,31.5425329276051,74.8800106558687,4709.331050496,588,1
1050437,48361183,3,106,05:13:54,-79.508624,43.720908,4647,16,1e-12,0,4709.331050496,588,1
1050437,48361183,3,107,05:13:55,-79.508735,43.720892,,,24.8168016433428,9.10609007158522,4718.43714056758,589.320956855313,1
1050437,48361183,3,108,05:13:57,-79.508853,43.720878,,,24.8168016433428,9.62044318761596,4728.0575837552,590.71652732298,1
1050437,48361183,3,109,05:13:58,-79.508943,43.720865,,,24.8168016433428,7.38390871652002,4735.44149247172,591.787659363342,1
1050437,48361183,3,110,05:13:59,-79.509076,43.720844,,,24.8168016433428,10.9525487234217,4746.39404119514,593.376469072626,1
1050437,48361183,3,111,05:14:01,-79.509186,43.720838,,,24.8168016433428,8.87492797802039,4755.26896917316,594.663892858335,1
1050437,48361183,3,112,05:14:02,-79.509297,43.720815,,,24.8168016433428,9.28999978326436,4764.55896895643,596.0115282104,1
1050437,48361183,3,113,05:14:03,-79.509412,43.72079,,,24.8168016433428,9.66152242867326,4774.2204913851,597.413057756515,1
1050437,48361183,3,114,05:14:05,-79.509539,43.720767,,,24.8168016433428,10.5333691063226,4784.75386049142,598.941060007882,1
1050437,48361183,3,115,05:14:07,-79.509668,43.720736,,,24.8168016433428,10.9370602475132,4795.69092073893,600.527622912196,1
1050437,48361183,3,116,05:14:08,-79.50978,43.720708,,,24.8168016433428,9.53455467804526,4805.22547541698,601.910734133951,1
1050437,48361183,3,117,05:14:09,-79.509895,43.720684,,,24.8168016433428,9.63006285250882,4814.85553826949,603.307700059184,1
1050437,48361183,3,118,05:14:11,-79.509998,43.720663,,,24.8168016433428,8.61004550489106,4823.46558377438,604.556699195458,1
1050437,48361183,3,119,05:14:12,-79.510094,43.720644,,,24.8168016433428,8.00782148708254,4831.47340526146,605.718337901678,1
1050437,48361183,3,120,05:14:23,-79.5110180094961,43.7204387611648,8318,17,24.8168016433428,77.770769583686,4909.24417484515,617,1
1050437,48361183,3,121,05:14:23,-79.5110180094961,43.7204387611648,8318,17,1e-12,0,4909.24417484515,617,1
1050437,48361183,3,122,05:14:32,-79.5119420126615,43.7202335148863,,,29.9972968399466,77.7707695853199,4987.01494443047,626.333333333366,1
1050437,48361183,3,123,05:14:42,-79.5128660094962,43.7200282611647,,,29.9972968399466,77.7707695848785,5064.78571401535,635.666666666679,1
1050437,48361183,3,124,05:14:51,-79.51379,43.719823,6874,18,29.9972968399466,77.7707695849418,5142.55648360029,645,1
1050437,48361183,3,125,05:14:51,-79.51379,43.719823,6874,18,1e-12,0,5142.55648360029,645,1
1050437,48361183,3,126,05:15:02,-79.5148970048407,43.7195610053417,,,31.0003162393833,93.71657066894,5236.27305426923,655.883103636845,1
1050437,48361183,3,127,05:15:13,-79.516004,43.719299,,,31.0003162393833,93.7165706697345,5329.98962493896,666.766207273783,1
1050437,48361183,3,128,05:15:21,-79.516836,43.719089,24155,19,31.0003162393833,70.9028273228533,5400.89245226181,675,1
1050437,48361183,3,129,05:15:21,-79.516836,43.719089,24155,19,1e-12,0,5400.89245226181,675,1
1050437,48361183,3,130,05:15:29,-79.5176270022113,43.7189215027273,,,29.5407700613847,66.3151904841562,5467.20764274597,683.081532243299,1
1050437,48361183,3,131,05:15:37,-79.518418,43.718754,,,29.5407700613847,66.3151904853489,5533.52283323132,691.163064486744,1
1050437,48361183,3,132,05:15:45,-79.519138,43.718592,,,29.5407700613847,60.6699710082873,5594.19280423961,698.556639372435,1
1050437,48361183,3,133,05:15:53,-79.519928,43.718407,,,29.5407700613847,66.8129547055989,5661.00575894521,706.698831889432,1
1050437,48361183,3,134,05:15:57,-79.520361,43.71831,,,29.5407700613847,36.4723862610722,5697.47814520628,711.143556595898,1
1050437,48361183,3,135,05:15:58,-79.520477,43.718278,,,29.5407700613847,9.98958941065345,5707.46773461693,712.360942662802,1
1050437,48361183,3,136,05:16:04,-79.521009,43.718156,,,29.5407700613847,44.9054480865296,5752.37318270346,717.833366461355,1
1050437,48361183,3,137,05:16:14,-79.5220220038884,43.717926004473,,,29.5407700613847,85.4291923935302,5837.80237509699,728.244235642411,1
1050437,48361183,3,138,05:16:25,-79.523035,43.717696,,,29.5407700613847,85.4291923912529,5923.23156748824,738.655104823188,1
1050437,48361183,3,139,05:16:31,-79.523655504124,43.7175632550349,1930,20,29.5407700613847,52.064747078273,5975.29631456652,745,1
1050437,48361183,3,140,05:16:31,-79.523655504124,43.7175632550349,1930,20,1e-12,0,5975.29631456652,745,1
1050437,48361183,3,141,05:16:37,-79.5242760054988,43.7174305067131,,,30.4828241087462,52.0647470797898,6027.36106164631,751.148809861533,1
1050437,48361183,3,142,05:16:43,-79.5248965041241,43.7172977550348,,,30.4828241087462,52.0647470791225,6079.42580872543,757.297619722988,1
1050437,48361183,3,143,05:16:49,-79.525517,43.717165,,,30.4828241087462,52.0647470777947,6131.49055580322,763.446429584285,1
1050437,48361183,3,144,05:17:00,-79.526583,43.716921,,,30.4828241087462,89.9658875976571,6221.45644340088,774.071337374855,1
1050437,48361183,3,145,05:17:05,-79.527069,43.71679,6005,21,30.4828241087462,41.7332099704617,6263.18965337134,779,1
1050437,48361183,3,146,05:17:05,-79.527069,43.71679,6005,21,1e-12,0,6263.18965337134,779,1
1050437,48361183,3,147,05:17:11,-79.527671,43.716688,,,29.9305441312917,49.7487408566258,6312.93839422797,784.983702344276,1
1050437,48361183,3,148,05:17:19,-79.5284460022763,43.7165120026181,,,29.9305441312917,65.3606258990698,6378.29902012704,792.845178306908,1
1050437,48361183,3,149,05:17:27,-79.529221,43.716336,,,29.9305441312917,65.3606259005396,6443.65964602758,800.706654269717,1
1050437,48361183,3,150,05:17:27,-79.529257,43.716327,,,29.9305441312917,3.06487886366365,6446.72452489124,801.075293204605,1
1050437,48361183,3,151,05:17:38,-79.5302845041667,43.716084004602,,,29.9305441312917,86.9844250251771,6533.70894991642,811.537646602426,1
1050437,48361183,3,152,05:17:48,-79.531312,43.715841,3272,22,29.9305441312917,86.984425023131,6620.69337493955,822,1
1050437,48361183,3,153,05:17:48,-79.531312,43.715841,3272,22,1e-12,0,6620.69337493955,822,1
1050437,48361183,3,154,05:17:49,-79.531433,43.715813,,,28.7976255450823,10.2223419392612,6630.91571687881,823.277898100444,1
1050437,48361183,3,155,05:17:51,-79.531571,43.715776,,,28.7976255450823,11.842689338233,6642.75840621704,824.758356326101,1
1050437,48361183,3,156,05:17:54,-79.531878,43.715754,,,28.7976255450823,24.8220753162387,6667.58048153328,827.861371572917,1
1050437,48361183,3,157,05:17:55,-79.532035,43.715744,,,28.7976255450823,12.6810479815728,6680.26152951486,829.446633269656,1
1050437,48361183,3,158,05:17:57,-79.532204,43.715725,,,28.7976255450823,13.761120193826,6694.02264970868,831.166915124846,1
1050437,48361183,3,159,05:17:59,-79.532375,43.715718,,,28.7976255450823,13.7805770415307,6707.80322675021,832.889629286535,1
1050437,48361183,3,160,05:18:00,-79.532492,43.715724,,,28.7976255450823,9.43739486207826,6717.24062161229,834.06940091216,1
1050437,48361183,3,161,05:18:02,-79.532656,43.715723,,,28.7976255450823,13.1957825676113,6730.4364041799,835.719009737341,1
1050437,48361183,3,162,05:18:03,-79.532764,43.715732,,,28.7976255450823,8.74716122063919,6739.18356540054,836.812495043794,1
1050437,48361183,3,163,05:18:04,-79.532904,43.715737,,,28.7976255450823,11.2780325998274,6750.46159800037,838.222365357436,1
1050437,48361183,3,164,05:18:05,-79.53297,43.715748,,,28.7976255450823,5.44966037497106,6755.91125837534,838.903629072015,1
1050437,48361183,3,165,05:18:06,-79.5331,43.715757,,,28.7976255450823,10.507566737965,6766.41882511331,840.217183212006,1
1050437,48361183,3,166,05:18:07,-79.533213,43.715762,,,28.7976255450823,9.1089083154923,6775.5277334288,841.355890633715,1
1050437,48361183,3,167,05:18:09,-79.533327,43.715766,,,28.7976255450823,9.18314733508281,6784.71088076388,842.503878698028,1
1050437,48361183,3,168,05:18:11,-79.533587,43.715831,,,28.7976255450823,22.1354120876783,6806.84629285156,845.271033350792,1
1050437,48361183,3,169,05:18:16,-79.534007,43.715912,,,28.7976255450823,34.975088966651,6841.82138181821,849.643279947402,1
1050437,48361183,3,170,05:18:20,-79.534377,43.71602,,,28.7976255450823,32.1057814693447,6873.92716328755,853.656833533919,1
1050437,48361183,3,171,05:18:22,-79.534609,43.716094,,,28.7976255450823,20.4032987890609,6894.33046207661,856.207456172082,1
1050437,48361183,3,172,05:18:24,-79.534796,43.716154,,,28.7976255450823,16.4616718223642,6910.79213389898,858.265334814463,1
1050437,48361183,3,173,05:18:33,-79.535545,43.716433,,,28.7976255450823,67.7958975131633,6978.58803141214,866.740520751766,1
1050437,48361183,3,174,05:18:42,-79.5364129957702,43.7167250032841,,,28.7976255450823,77.0315654966531,7055.6195969088,876.370260375743,1
1050437,48361183,3,175,05:18:52,-79.537281,43.717017,6189,23,28.7976255450823,77.0315654988845,7132.65116240768,886,1
1050437,48361183,3,176,05:18:52,-79.537281,43.717017,6189,23,1e-12,0,7132.65116240768,886,1
1050437,48361183,3,177,05:19:00,-79.53778,43.717189,,,20.5561178208136,44.4801765440686,7177.13133895175,893.789828651231,1
1050437,48361183,3,178,05:19:10,-79.5384309975012,43.7174190018473,4267,24,20.5561178208136,58.3004125599993,7235.43175151175,904,1
1050437,48361183,3,179,05:19:10,-79.5384309975012,43.7174190018473,4267,24,1e-12,0,7235.43175151175,904,1
1050437,48361183,3,180,05:19:18,-79.539082,43.717649,,,26.3115954685467,58.3004125588105,7293.73216407056,911.976767713027,1
1050437,48361183,3,181,05:19:26,-79.5397779972761,43.7178835021115,,,26.3115954685467,61.7832684315328,7355.51543250209,920.430066055174,1
1050437,48361183,3,182,05:19:35,-79.540474,43.718118,,,26.3115954685467,61.7832684322123,7417.2987009343,928.883364397414,1
1050437,48361183,3,183,05:19:47,-79.5414524943823,43.7184620041735,,,26.3115954685467,87.5452314004531,7504.84393233476,940.861461028551,1
1050437,48361183,3,184,05:19:59,-79.542431,43.718806,,,26.3115954685467,87.5452313991061,7592.38916373386,952.839557659503,1
1050437,48361183,3,185,05:20:11,-79.5434,43.719125,,,26.3115954685467,85.6674217981298,7678.05658553199,964.560728990293,1
1050437,48361183,3,186,05:20:11,-79.543453,43.719147,,,26.3115954685467,4.91734254215466,7682.97392807415,965.233528675623,1
1050437,48361183,3,187,05:20:12,-79.543504,43.719174,,,26.3115954685467,5.08624788133149,7688.06017595548,965.929438294433,1
1050437,48361183,3,188,05:20:13,-79.543556,43.719201,,,26.3115954685467,5.15137020418846,7693.21154615967,966.63425806704,1
1050437,48361183,3,189,05:20:13,-79.543609,43.719228,,,26.3115954685467,5.21692027474609,7698.42846643441,967.348046518658,1
1050437,48361183,3,190,05:20:14,-79.543621,43.719233,,,26.3115954685467,1.11440681140229,7699.54287324582,967.500521670757,1
1050437,48361183,3,191,05:20:14,-79.543662,43.719251,,,26.3115954685467,3.85953459597102,7703.40240784179,968.028590162921,1
1050437,48361183,3,192,05:20:15,-79.543716,43.719278,,,26.3115954685467,5.28288079243133,7708.68528863422,968.751403451666,1
1050437,48361183,3,193,05:20:15,-79.54377,43.7193,,,26.3115954685467,4.98726046022505,7713.67254909444,969.433769432789,1
1050437,48361183,3,194,05:20:16,-79.543825,43.719327,,,26.3115954685467,5.34923788134499,7719.02178697579,970.165661818253,1
1050437,48361183,3,195,05:20:17,-79.54388,43.71935,,,26.3115954685467,5.11233056217343,7724.13411753796,970.865140116551,1
1050437,48361183,3,196,05:20:18,-79.543936,43.719372,,,26.3115954685467,5.12803663938018,7729.26215417734,971.56676734869,1
1050437,48361183,3,197,05:20:18,-79.543991,43.719395,,,26.3115954685467,5.11232768471844,7734.37448186206,972.266245253289,1
1050437,48361183,3,198,05:20:19,-79.544047,43.719417,,,26.3115954685467,5.12803366729045,7739.50251552935,972.967872078782,1
1050437,48361183,3,199,05:20:19,-79.544076,43.719435,,,26.3115954685467,3.07550246068992,7742.57801799004,973.388667878554,1
1050437,48361183,3,200,05:20:20,-79.544104,43.719453,,,26.3115954685467,3.01492251447175,7745.59294050451,973.801175020703,1
1050437,48361183,3,201,05:20:20,-79.544131,43.719471,,,26.3115954685467,2.95529124972778,7748.54823175424,974.205523305539,1
1050437,48361183,3,202,05:20:21,-79.544158,43.719489,,,26.3115954685467,2.9552907700434,7751.50352252428,974.609871524745,1
1050437,48361183,3,203,05:20:21,-79.544184,43.719507,,,26.3115954685467,2.8966667915814,7754.40018931586,975.006198705366,1
1050437,48361183,3,204,05:20:21,-79.544209,43.71953,,,26.3115954685467,3.25590620960988,7757.65609552547,975.451677671801,1
1050437,48361183,3,205,05:20:22,-79.544235,43.719548,,,26.3115954685467,2.89666576034629,7760.55276128582,975.848004711327,1
1050437,48361183,3,206,05:20:22,-79.544259,43.71957,,,26.3115954685467,3.11867093665859,7763.67143222248,976.274706899926,1
1050437,48361183,3,207,05:20:23,-79.544283,43.719588,,,26.3115954685467,2.78269317000765,7766.45412539249,976.655440003854,1
1050437,48361183,3,208,05:20:23,-79.544306,43.719611,,,26.3115954685467,3.15903794690172,7769.61316333939,977.087665279681,1
1050437,48361183,3,209,05:20:24,-79.544329,43.719633,,,26.3115954685467,3.06950759521433,7772.6826709346,977.507640851135,1
1050437,48361183,3,210,05:20:24,-79.54435,43.719656,,,26.3115954685467,3.06755695968015,7775.75022789428,977.927349533113,1
1050437,48361183,3,211,05:20:24,-79.544372,43.719678,,,26.3115954685467,3.02168730343071,7778.77191519771,978.340782245902,1
1050437,48361183,3,212,05:20:25,-79.544392,43.719701,,,26.3115954685467,3.02398997767317,7781.79590517539,978.754530014738,1
1050437,48361183,3,213,05:20:25,-79.544412,43.719723,,,26.3115954685467,2.930336522095,7784.72624169748,979.155463948681,1
1050437,48361183,3,214,05:20:26,-79.544431,43.719746,,,26.3115954685467,2.98195766241912,7787.7081993599,979.563460780251,1
1050437,48361183,3,215,05:20:26,-79.544449,43.719768,,,26.3115954685467,2.84515979632595,7790.55335915623,979.952740680781,1
1050437,48361183,3,216,05:20:26,-79.544467,43.719791,,,26.3115954685467,2.94152579380817,7793.49488495004,980.355205551083,1
1050437,48361183,3,217,05:20:27,-79.544484,43.719818,,,26.3115954685467,3.30218562130548,7796.79707057134,980.807016550189,1
1050437,48361183,3,218,05:20:27,-79.5445,43.71984,,,26.3115954685467,2.76672709716321,7799.5637976685,981.185565147202,1
1050437,48361183,3,219,05:20:28,-79.544516,43.719867,,,26.3115954685467,3.26968264132113,7802.83348030982,981.632929029898,1
1050437,48361183,3,220,05:20:28,-79.544527,43.719894,,,26.3115954685467,3.13320867722125,7805.96668898705,982.061620298411,1
1050437,48361183,3,221,05:20:28,-79.544538,43.719921,,,26.3115954685467,3.1332085608897,7809.09989754794,982.490311551006,1
1050437,48361183,3,222,05:20:29,-79.544551,43.719948,,,26.3115954685467,3.1824029415922,7812.28230048953,982.925733667595,1
1050437,48361183,3,223,05:20:29,-79.544564,43.719975,,,26.3115954685467,3.18240278936732,7815.4647032789,983.361155763356,1
1050437,48361183,3,224,05:20:30,-79.544578,43.719998,,,26.3115954685467,2.79714952585203,7818.26185280475,983.743866811992,1
1050437,48361183,3,225,05:20:30,-79.544593,43.720025,,,26.3115954685467,3.23885168868476,7821.50070449343,984.187012348081,1
1050437,48361183,3,226,05:20:31,-79.544609,43.720052,,,26.3115954685467,3.26968107911234,7824.77038557255,984.634376017034,1
1050437,48361183,3,227,05:20:31,-79.544625,43.720079,,,26.3115954685467,3.26968084813049,7828.04006642068,985.081739654383,1
1050437,48361183,3,228,05:20:31,-79.544642,43.720101,,,26.3115954685467,2.80506059337009,7830.84512701405,985.465533109561,1
1050437,48361183,3,229,05:20:32,-79.54466,43.720128,,,26.3115954685467,3.33630878993528,7834.18143580398,985.922012902211,1
1050437,48361183,3,230,05:20:32,-79.544679,43.720151,,,26.3115954685467,2.98195236557436,7837.16338816956,986.330009009057,1
1050437,48361183,3,231,05:20:33,-79.544698,43.720178,,,26.3115954685467,3.37200886320476,7840.53539703276,986.791373350191,1
1050437,48361183,3,232,05:20:33,-79.544718,43.7202,,,26.3115954685467,2.93032948838197,7843.46572652114,987.19230632177,1
1050437,48361183,3,233,05:20:34,-79.544739,43.720223,,,26.3115954685467,3.06754815469187,7846.53327467583,987.612013799033,1
1050437,48361183,3,234,05:20:34,-79.544751,43.720254,,,26.3115954685467,3.58340764347966,7850.11668231931,988.102302102985,1
1050437,48361183,3,235,05:20:35,-79.544764,43.720281,,,26.3115954685467,3.18240103115785,7853.29908335047,988.537723958184,1
1050437,48361183,3,236,05:20:35,-79.544778,43.720313,,,26.3115954685467,3.73605228633864,7857.03513563681,989.048897377785,1
1050437,48361183,3,237,05:20:35,-79.544793,43.72034,,,26.3115954685467,3.23884932462509,7860.27398496143,989.492042590419,1
1050437,48361183,3,238,05:20:36,-79.544809,43.720371,,,26.3115954685467,3.68317085572457,7863.95715581716,989.995980677202,1
1050437,48361183,3,239,05:20:36,-79.544825,43.720398,,,26.3115954685467,3.26967815028606,7867.22683396745,990.443343945427,1
1050437,48361183,3,240,05:20:37,-79.544842,43.72043,,,26.3115954685467,3.81576209574683,7871.04259606319,990.965423405075,1
1050437,48361183,3,241,05:20:37,-79.54486,43.720457,,,26.3115954685467,3.33630534035712,7874.37890140355,991.421902725747,1
1050437,48361183,3,242,05:20:38,-79.544878,43.720484,,,26.3115954685467,3.33630505453613,7877.71520645809,991.878382007313,1
1050437,48361183,3,243,05:20:38,-79.544898,43.720511,,,26.3115954685467,3.4092303164379,7881.12443677452,992.344839054885,1
1050437,48361183,3,244,05:20:39,-79.544917,43.720538,,,26.3115954685467,3.37200469998586,7884.49644147451,992.8062028264,1
1050437,48361183,3,245,05:20:39,-79.544932,43.720565,,,26.3115954685467,3.23884763600928,7887.73528911052,993.249347807995,1
1050437,48361183,3,246,05:20:40,-79.544948,43.720587,,,26.3115954685467,2.76671963022843,7890.50200874075,993.627895383368,1
1050437,48361183,3,247,05:20:40,-79.544965,43.72061,,,26.3115954685467,2.90275291427686,7893.40476165502,994.025055278285,1
1050437,48361183,3,248,05:20:40,-79.544982,43.720632,,,26.3115954685467,2.80505468310495,7896.20981633813,994.408847924811,1
1050437,48361183,3,249,05:20:41,-79.545,43.720655,,,26.3115954685467,2.94151551211999,7899.15133185025,994.811311388354,1
1050437,48361183,3,250,05:20:41,-79.54502,43.720677,,,26.3115954685467,2.93032245414432,7902.08165430439,995.212243397496,1
1050437,48361183,3,251,05:20:42,-79.54504,43.7207,,,26.3115954685467,3.02397570126346,7905.10563000566,995.625989213008,1
1050437,48361183,3,252,05:20:42,-79.54506,43.720722,,,26.3115954685467,2.93032179053304,7908.03595179619,996.026921131352,1
1050437,48361183,3,253,05:20:42,-79.545081,43.720745,,,26.3115954685467,3.06754004626505,7911.10349184245,996.446627499207,1
1050437,48361183,3,254,05:20:43,-79.545103,43.720767,,,26.3115954685467,3.02166845907175,7914.12516030153,996.860057633676,1
1050437,48361183,3,255,05:20:43,-79.545125,43.72079,,,26.3115954685467,3.11257437314781,7917.23773467467,997.285925679448,1
1050437,48361183,3,256,05:20:44,-79.545149,43.720808,,,26.3115954685467,2.78266588938769,7920.02040056406,997.666655050792,1
1050437,48361183,3,257,05:20:44,-79.545172,43.72083,,,26.3115954685467,3.06948530886235,7923.08988587292,998.086627572987,1
1050437,48361183,3,258,05:20:44,-79.545197,43.720848,,,26.3115954685467,2.83908100714823,7925.92896688007,998.475075762605,1
1050437,48361183,3,259,05:20:45,-79.545222,43.720866,,,26.3115954685467,2.83908058156062,7928.76804746163,998.863523893994,1
1050437,48361183,3,260,05:20:45,-79.545248,43.720884,,,26.3115954685467,2.89663207712777,7931.66467953876,999.259846324921,1
1050437,48361183,3,261,05:20:46,-79.545274,43.720907,,,26.3115954685467,3.30618213964927,7934.97086167841,999.712204134882,1
1050437,48361183,3,262,05:20:46,-79.545301,43.720924,,,26.3115954685467,2.88093672239798,7937.85179840081,1000.10637909904,1
1050437,48361183,3,263,05:20:46,-79.545326,43.720942,,,26.3115954685467,2.83907877480871,7940.69087717562,1000.49482698322,1
1050437,48361183,3,264,05:20:53,-79.545748,43.721241,5809,25,26.3115954685467,47.5448557973264,7988.23573297294,1007,1
1050437,48361183,3,265,05:20:53,-79.545748,43.721241,5809,25,1e-12,0,7988.23573297294,1007,1
1050437,48361183,3,266,05:20:54,-79.54584,43.721307,,,25.3943749021689,10.4289411991625,7998.66467417211,1008.47844506752,1
1050437,48361183,3,267,05:21:00,-79.546177,43.721527,,,25.3943749021689,36.5355259211954,8035.2002000933,1013.657855619,1
1050437,48361183,3,268,05:21:06,-79.546586,43.721793,,,25.3943749021689,44.2664734670281,8079.46667356033,1019.93323373306,1
1050437,48361183,3,269,05:21:11,-79.546884,43.722026,,,25.3943749021689,35.3202699576774,8114.78694351801,1024.94036512879,1
1050437,48361183,3,270,05:21:15,-79.547074,43.722215,,,25.3943749021689,26.005881503305,8140.79282502131,1028.62705455401,1
1050437,48361183,3,271,05:21:22,-79.547533,43.722544,4152,26,25.3943749021689,52.0087057746593,8192.80153079597,1036,1
1050437,48361183,3,272,05:21:22,-79.547533,43.722544,4152,26,1e-12,0,8192.80153079597,1036,1
1050437,48361183,3,273,05:21:35,-79.5481999937429,43.7231060019392,,,22.8244268767921,82.4215414967859,8275.22307229276,1048.99999999957,1
1050437,48361183,3,274,05:21:48,-79.548867,43.723668,8645,27,22.8244268767921,82.4215415022682,8357.64461379502,1062,1
1050437,48361183,3,275,05:21:48,-79.548867,43.723668,8645,27,1e-12,0,8357.64461379502,1062,1
1050437,48361183,3,276,05:21:55,-79.5492964974835,43.7240190008041,,,27.4033001053678,52.1592023164474,8409.80381611147,1068.85220858864,1
1050437,48361183,3,277,05:22:02,-79.549726,43.72437,,,27.4033001053678,52.1592023159656,8461.96301842744,1075.70441717723,1
1050437,48361183,3,278,05:22:09,-79.5501404975091,43.7247300007489,,,27.4033001053678,52.133658992979,8514.09667742042,1082.55327011293,1
1050437,48361183,3,279,05:22:15,-79.550555,43.72509,,,27.4033001053678,52.1336589902607,8566.23033641068,1089.40212304828,1
1050437,48361183,3,280,05:22:25,-79.5514175029588,43.7248845032427,6664,28,27.4033001053678,73.0593062450724,8639.28964265575,1099,1
1050437,48361183,3,281,05:22:25,-79.5514175029588,43.7248845032427,6664,28,1e-12,0,8639.28964265575,1099,1
1050437,48361183,3,282,05:22:39,-79.55228,43.724679,,,19.3021788139911,73.0593062455175,8712.34894890127,1112.62610433871,1
1050437,48361183,3,283,05:22:49,-79.5529350017494,43.7245190018701,996,29,19.3021788139911,55.6218858477555,8767.97083474902,1123,1
1050437,48361183,3,284,05:22:49,-79.5529350017494,43.7245190018701,996,29,1e-12,0,8767.97083474902,1123,1
1050437,48361183,3,285,05:22:56,-79.55359,43.724359,,,28.022972838875,55.6218858490325,8823.59272059806,1130.14552271837,1
1050437,48361183,3,286,05:23:04,-79.5542685018122,43.7241990020067,,,28.022972838875,57.4163218058246,8881.00904240388,1137.52156949576,1
1050437,48361183,3,287,05:23:11,-79.554947,43.724039,,,28.022972838875,57.4163218061548,8938.42536421003,1144.89761627319,1
1050437,48361183,3,288,05:23:21,-79.5558640032069,43.7238295036654,,,28.022972838875,77.3696883861491,9015.79505259618,1154.83699279086,1
1050437,48361183,3,289,05:23:31,-79.556781,43.72362,,,28.022972838875,77.3696883852866,9093.16474098147,1164.77636930843,1
1050437,48361183,3,290,05:23:35,-79.55718,43.723525,,,28.022972838875,33.7962352466948,9126.96097622817,1169.11803739581,1
1050437,48361183,3,291,05:23:42,-79.557794,43.723381,,,28.022972838875,51.9315472921372,9178.8925235203,1175.78947697956,1
1050437,48361183,3,292,05:23:48,-79.558329,43.723245,,,28.022972838875,45.6252635022985,9224.5177870226,1181.6507733364,1
1050437,48361183,3,293,05:23:54,-79.558912,43.723105,4278,30,28.022972838875,49.4233906505545,9273.94117767316,1188,1
1050437,48361183,3,294,05:23:54,-79.558912,43.723105,4278,30,1e-12,0,9273.94117767316,1188,1
1050437,48361183,3,295,05:24:10,-79.559929,43.722844,,,20.1491081483496,86.8228094972895,9360.76398717045,1203.51245404457,1
1050437,48361183,3,296,05:24:11,-79.560029,43.72283,,,20.1491081483496,8.19453097221622,9368.95851814266,1204.97655415673,1
1050437,48361183,3,297,05:24:14,-79.560236,43.722803,3861,31,20.1491081483496,16.922149243548,9385.88066738621,1208,1
1050437,48361183,3,298,05:24:14,-79.560236,43.722803,3861,31,1e-12,0,9385.88066738621,1208,1
1050437,48361183,3,299,05:24:16,-79.560408,43.722799,,,27.974317206794,13.8445147493998,9399.72518213561,1209.78164323831,1
1050437,48361183,3,300,05:24:18,-79.560607,43.722808,,,27.974317206794,16.040812130896,9415.76599426651,1211.84592681829,1
1050437,48361183,3,301,05:24:22,-79.560996,43.722866,,,27.974317206794,31.9540138061008,9447.72000807261,1215.9580718566,1
1050437,48361183,3,302,05:24:28,-79.561514,43.723073,,,27.974317206794,47.6194450873337,9495.33945315994,1222.08619291304,1
1050437,48361183,3,303,05:24:32,-79.561881,43.72318,,,27.974317206794,31.8370119338631,9527.1764650938,1226.18328104265,1
1050437,48361183,3,304,05:24:41,-79.562683,43.723387,9741,32,27.974317206794,68.5115813433627,9595.68804643716,1235,1
1050437,48361183,3,305,05:24:41,-79.562683,43.723387,9741,32,1e-12,0,9595.68804643716,1235,1
1050437,48361183,3,306,05:24:43,-79.56285,43.723414,,,26.9913915901349,13.7670688729314,9609.4551153101,1236.83619461698,1
1050437,48361183,3,307,05:24:45,-79.563026,43.72349,,,26.9913915901349,16.4940462708878,9625.94916158098,1239.03610218295,1
1050437,48361183,3,308,05:24:47,-79.563217,43.723576,,,26.9913915901349,18.1040455497156,9644.0532071307,1241.4507447834,1
1050437,48361183,3,309,05:24:53,-79.563629,43.723841,,,26.9913915901349,44.3712396365189,9688.42444676722,1247.3687969208,1
1050437,48361183,3,310,05:24:58,-79.563933,43.724034,,,26.9913915901349,32.5530172189749,9720.97746398619,1251.71058350846,1
1050437,48361183,3,311,05:25:04,-79.564349,43.724295,,,26.9913915901349,44.3187563474046,9765.2962203336,1257.62163564217,1
1050437,48361183,3,312,05:25:04,-79.564401,43.724327,,,26.9913915901349,5.494476335342,9770.79069666894,1258.35446613522,1
1050437,48361183,3,313,05:25:05,-79.564435,43.724354,,,26.9913915901349,4.06389210369229,9774.85458877263,1258.89649122958,1
1050437,48361183,3,314,05:25:06,-79.564479,43.724408,,,26.9913915901349,6.97600122895497,9781.83059000159,1259.82692137581,1
1050437,48361183,3,315,05:25:07,-79.564543,43.724498,,,26.9913915901349,11.2642767775165,9793.0948667791,1261.32930395077,1
1050437,48361183,3,316,05:25:09,-79.564614,43.724592,,,26.9913915901349,11.9214183855548,9805.01628516466,1262.91933335125,1
1050437,48361183,3,317,05:25:09,-79.564632,43.724624,,,26.9913915901349,3.84529457167541,9808.86157973633,1263.4322028123,1
1050437,48361183,3,318,05:25:10,-79.564657,43.724678,,,26.9913915901349,6.33877002034022,9815.20034975667,1264.27764169962,1
1050437,48361183,3,319,05:25:18,-79.56486,43.725177,7551,33,26.9913915901349,57.8992213568761,9873.09957111355,1272,1
1050437,48361183,3,320,05:25:18,-79.56486,43.725177,7551,33,1e-12,0,9873.09957111355,1272,1
1050437,48361183,3,321,05:25:30,-79.565244,43.725973,,,27.1296500181852,93.8405987645572,9966.94016987811,1284.45228579528,1
1050437,48361183,3,322,05:25:37,-79.565436,43.726369,,,27.1296500181852,46.7100760509978,10013.6502459291,1290.65053286706,1
1050437,48361183,3,323,05:25:43,-79.565641,43.726792,,,27.1296500181852,49.8923989431641,10063.5426448723,1297.27106192199,1
1050437,48361183,3,324,05:25:45,-79.56568,43.7269,,,27.1296500181852,12.4251136469459,10075.9677585192,1298.91982661667,1
1050437,48361183,3,325,05:25:46,-79.565711,43.726954,,,27.1296500181852,6.50799842693004,10082.4757569461,1299.78341292616,1
1050437,48361183,3,326,05:25:47,-79.565769,43.727013,,,27.1296500181852,8.05642301334269,10090.5321799595,1300.85246921065,1
1050437,48361183,3,327,05:25:56,-79.566293,43.727503,9433,34,27.1296500181852,68.935919123795,10159.4680990833,1310,1
1050437,48361183,3,328,05:25:56,-79.566293,43.727503,9433,34,1e-12,0,10159.4680990833,1310,1
1050437,48361183,3,329,05:26:01,-79.566658,43.727359,,,25.5021670243328,33.4526689304877,10192.9207680138,1314.72232842154,1
1050437,48361183,3,330,05:26:08,-79.567211,43.727165,,,25.5021670243328,49.4503361448313,10242.3711041586,1321.70295912447,1
1050437,48361183,3,331,05:26:10,-79.567404,43.727102,,,25.5021670243328,17.0361527235673,10259.4072568822,1324.10785866678,1
1050437,48361183,3,332,05:26:13,-79.567595,43.727034,,,25.5021670243328,17.1282776911664,10276.5355345733,1326.52576298171,1
1050437,48361183,3,333,05:26:17,-79.567984,43.726926,,,25.5021670243328,33.5227889863368,10310.0583235597,1331.25798986407,1
1050437,48361183,3,334,05:26:22,-79.568371,43.726827,,,25.5021670243328,33.0250055734735,10343.0833291331,1335.91994741266,1
1050437,48361183,3,335,05:26:30,-79.569052,43.726678,3990,35,25.5021670243328,57.2385696243927,10400.3218987575,1344,1
1050437,48361183,3,336,05:26:30,-79.569052,43.726678,3990,35,1e-12,0,10400.3218987575,1344,1
1050437,48361183,3,337,05:26:32,-79.569252,43.726651,,,26.0561530524564,16.3672450304037,10416.6891437879,1346.26135001552,1
1050437,48361183,3,338,05:26:35,-79.569462,43.726641,,,26.0561530524564,16.929994810479,10433.6191385984,1348.60045130936,1
1050437,48361183,3,339,05:26:36,-79.569447,43.726754,,,26.0561530524564,12.6368455158674,10446.2559841143,1350.34639760334,1
1050437,48361183,3,340,05:26:42,-79.569466,43.727128,,,26.0561530524564,41.6615359375486,10487.9175200518,1356.10248635033,1
1050437,48361183,3,341,05:26:47,-79.569437,43.727456,,,26.0561530524564,36.5872425620817,10524.5047626139,1361.15749477611,1
1050437,48361183,3,342,05:26:50,-79.569379,43.727636,5331,36,26.0561530524564,20.5735419905982,10545.0783046045,1364,1
1050437,48361183,3,343,05:26:50,-79.569379,43.727636,5331,36,1e-12,0,10545.0783046045,1364,1
1050437,48361183,3,344,05:26:53,-79.569324,43.727843,,,25.762677151058,23.4640384608741,10568.5423430654,1367.27879505549,1
1050437,48361183,3,345,05:27:02,-79.570012,43.728063,,,25.762677151058,60.5211066182313,10629.0634496836,1375.73583477028,1
1050437,48361183,3,346,05:27:08,-79.57049,43.728212,,,25.762677151058,41.8764430843452,10670.939892768,1381.5875245702,1
1050437,48361183,3,347,05:27:21,-79.571578,43.728566,7526,37,25.762677151058,95.983687303993,10766.923580072,1395,1
1050437,48361183,3,348,05:27:21,-79.571578,43.728566,7526,37,1e-12,0,10766.923580072,1395,1
1050437,48361183,3,349,05:27:30,-79.572459,43.728894,,,32.5589049671078,79.722181369659,10846.6457614416,1403.81478824981,1
1050437,48361183,3,350,05:27:33,-79.572687,43.728678,,,32.5589049671078,30.2414274243398,10876.887188866,1407.15854747137,1
1050437,48361183,3,351,05:27:34,-79.572757,43.728624,,,32.5589049671078,8.23665807371692,10885.1238469397,1408.06926511053,1
1050437,48361183,3,352,05:27:35,-79.572845,43.728579,,,32.5589049671078,8.67205530211147,10893.7959022418,1409.02812411145,1
1050437,48361183,3,353,05:27:36,-79.572958,43.728548,,,32.5589049671078,9.72295347189978,10903.5188557137,1410.10317969253,1
1050437,48361183,3,354,05:27:37,-79.573097,43.728516,,,32.5589049671078,11.7351639769668,10915.2540196907,1411.40072303312,1
1050437,48361183,3,355,05:27:45,-79.5738735024891,43.7283240026283,,,32.5589049671078,66.018954355453,10981.2729740461,1418.70036151666,1
1050437,48361183,3,356,05:27:52,-79.57465,43.728132,4074,38,32.5589049671078,66.018954353727,11047.2919283998,1426,1
1050437,48361183,3,357,05:27:52,-79.57465,43.728132,4074,38,1e-12,0,11047.2919283998,1426,1
1050437,48361183,3,358,05:28:06,-79.5750094955975,43.7288655005634,,,23.0309185906735,86.6226371984742,11133.9145655983,1439.54012401576,1
1050437,48361183,3,359,05:28:19,-79.575369,43.729599,,,23.0309185906735,86.6226372023743,11220.5372028007,1453.08024803212,1
1050437,48361183,3,360,05:28:28,-79.5756004982355,43.7300555002336,,,23.0309185906735,54.1218652976915,11274.6590680984,1461.54012401599,1
1050437,48361183,3,361,05:28:36,-79.575832,43.730512,24141,39,23.0309185906735,54.1218652985789,11328.780933397,1470,1
1050437,48361183,3,362,05:28:36,-79.575832,43.730512,24141,39,1e-12,0,11328.780933397,1470,1
1050437,48361183,3,363,05:28:46,-79.57610849735,43.7310860003333,,,24.2534081188175,67.6575961635757,11396.4385295605,1480.04260287856,1
1050437,48361183,3,364,05:28:56,-79.576385,43.73166,,,24.2534081188175,67.6575961666245,11464.0961257272,1490.08520575757,1
1050437,48361183,3,365,05:29:05,-79.57664549342,43.7321642508874,,,24.2534081188175,59.9162312943101,11524.0123570215,1498.97873658024,1
1050437,48361183,3,366,05:29:14,-79.5769059912265,43.7326685011832,,,24.2534081188175,59.9162312935904,11583.9285883151,1507.8722674028,1
1050437,48361183,3,367,05:29:23,-79.5771664934198,43.7331727508874,,,24.2534081188175,59.9162312928358,11643.8448196079,1516.76579822525,1
1050437,48361183,3,368,05:29:32,-79.577427,43.733677,,,24.2534081188175,59.9162312930153,11703.7610509009,1525.65932904773,1
1050437,48361183,3,369,05:29:34,-79.577505,43.733828,,,24.2534081188175,17.9419303666708,11721.7029812676,1528.32249906506,1
1050437,48361183,3,370,05:29:44,-79.5777754974998,43.734381500319,,,24.2534081188175,65.3439837306368,11787.0469649982,1538.02168609386,1
1050437,48361183,3,371,05:29:54,-79.578046,43.734935,,,24.2534081188175,65.3439837316421,11852.3909487299,1547.72087312281,1
1050437,48361183,3,372,05:30:03,-79.5783,43.735497,,,24.2534081188175,65.8128610615169,11918.2038097914,1557.48965690202,1
1050437,48361183,3,373,05:30:12,-79.578962,43.735306,9674,40,24.2534081188175,57.3346734407157,11975.5384832321,1566,1
1050437,48361183,3,374,05:30:12,-79.578962,43.735306,9674,40,1e-12,0,11975.5384832321,1566,1
1050437,48361183,3,375,05:30:17,-79.579278,43.735234,,,20.7591462405173,26.6506104789335,12002.189093711,1570.62168321436,1
1050437,48361183,3,376,05:30:25,-79.579872,43.735069,,,20.7591462405173,51.1863428467332,12053.3754365578,1579.49829269113,1
1050437,48361183,3,377,05:30:33,-79.580365,43.734952,,,20.7591462405173,41.737809949874,12095.1132465076,1586.73636086978,1
1050437,48361183,3,378,05:30:47,-79.581331,43.734704,,,20.7591462405173,82.4576696075003,12177.5709161151,1601.03596679518,1
1050437,48361183,3,379,05:30:48,-79.581397,43.734682,,,20.7591462405173,5.84630384914052,12183.4172199643,1602.04981840608,1
1050437,48361183,3,380,05:30:51,-79.581601,43.734602,,,20.7591462405173,18.6694357492895,12202.0866557136,1605.28742596078,1
1050437,48361183,3,381,05:30:54,-79.581785,43.734526,,,20.7591462405173,17.0473365916351,12219.1339923052,1608.24373307567,1
1050437,48361183,3,382,05:30:57,-79.581964,43.734432,,,20.7591462405173,17.7985822153015,12236.9325745205,1611.33031935589,1
1050437,48361183,3,383,05:31:00,-79.582132,43.734333,,,20.7591462405173,17.4371393941899,12254.3697139147,1614.3542251125,1
1050437,48361183,3,384,05:31:03,-79.582266,43.734236,1074,41,20.7591462405173,15.2566743913964,12269.6263883061,1617,1
1050437,48361183,3,385,05:31:03,-79.582266,43.734236,1074,41,1e-12,0,12269.6263883061,1617,1
1050437,48361183,3,386,05:31:10,-79.582601,43.733963,,,21.254673187884,40.6156308512578,12310.2420191573,1623.87925284816,1
1050437,48361183,3,387,05:31:13,-79.582696,43.733826,,,21.254673187884,17.0580064561104,12327.3000256135,1626.76844444848,1
1050437,48361183,3,388,05:31:17,-79.582816,43.733639,,,21.254673187884,22.9456297102847,12350.2456553237,1630.65484939232,1
1050437,48361183,3,389,05:31:21,-79.582951,43.733437,,,21.254673187884,24.9711262659866,12375.2167815897,1634.88432183647,1
1050437,48361183,3,390,05:31:24,-79.583048,43.733278,,,21.254673187884,19.3431630584532,12394.5599446482,1638.16056073202,1
1050437,48361183,3,391,05:31:27,-79.58312,43.733138,,,21.254673187884,16.6259970470205,12411.1859416952,1640.97658094745,1
1050437,48361183,3,392,05:31:30,-79.583198,43.732992,,,21.254673187884,17.4215844827556,12428.607526178,1643.92735340033,1
1050437,48361183,3,393,05:31:33,-79.583278,43.732835,,,21.254673187884,18.6241496230258,12447.231675801,1647.08180974272,1
1050437,48361183,3,394,05:31:36,-79.583367,43.732722,,,21.254673187884,14.4735173367466,12461.7051931377,1649.53325474739,1
1050437,48361183,3,395,05:31:38,-79.583484,43.732613,,,21.254673187884,15.3557117066584,12477.0609048444,1652.13412099714,1
1050437,48361183,3,396,05:31:40,-79.58358,43.732546,,,21.254673187884,10.7357232031184,12487.7966280475,1653.9524789267,1
1050437,48361183,3,397,05:31:44,-79.58381,43.732406,,,21.254673187884,24.1898807496762,12511.9865087972,1658.04962828905,1
1050437,48361183,3,398,05:31:46,-79.583942,43.732343,,,21.254673187884,12.7247317645756,12524.7112405618,1660.20487358253,1
1050437,48361183,3,399,05:31:50,-79.584177,43.732274,,,21.254673187884,20.4036741143689,12545.1149146761,1663.66073602569,1
1050437,48361183,3,400,05:31:52,-79.584343,43.732234,,,21.254673187884,14.0754304954532,12559.1903451716,1666.04475526399,1
1050437,48361183,3,401,05:31:54,-79.584515,43.732216,,,21.254673187884,13.9795240908936,12573.1698692625,1668.41253040136,1
1050437,48361183,3,402,05:31:57,-79.5847,43.732217,,,21.254673187884,14.8812756686357,12588.0511449311,1670.93303927644,1
1050437,48361183,3,403,05:31:59,-79.584871,43.732209,,,21.254673187884,13.7835405618681,12601.834685493,1673.26761979829,1
1050437,48361183,3,404,05:32:02,-79.585035,43.732212,,,21.254673187884,13.1959085387155,12615.0305940317,1675.50267043019,1
1050437,48361183,3,405,05:32:05,-79.5853,43.732252,,,21.254673187884,21.7759368855262,12636.8065309172,1679.19095921708,1
1050437,48361183,3,406,05:32:12,-79.58582,43.732347,,,21.254673187884,43.1434187410227,12679.9499496582,1686.49835491753,1
1050437,48361183,3,407,05:32:21,-79.586407,43.7325,24896,42,21.254673187884,50.1943577186664,12730.1443073769,1695,1
1050437,48361183,3,408,05:32:21,-79.586407,43.7325,24896,42,1e-12,0,12730.1443073769,1695,1
1050437,48361183,3,409,05:32:22,-79.586507,43.732514,,,22.4676817657303,8.19325600981284,12738.3375633867,1696.31280663234,1
1050437,48361183,3,410,05:32:24,-79.586637,43.732518,,,22.4676817657303,10.4662440412977,12748.803807428,1697.98981447594,1
1050437,48361183,3,411,05:32:26,-79.586817,43.732504,,,22.4676817657303,14.562237954745,12763.3660453828,1700.32312403514,1
1050437,48361183,3,412,05:32:36,-79.5875545012438,43.7324030023709,,,22.4676817657303,60.378222293618,12823.7442676764,1709.99753559765,1
1050437,48361183,3,413,05:32:46,-79.588292,43.732302,,,22.4676817657303,60.3782222927858,12884.1224899692,1719.67194716002,1
1050437,48361183,3,414,05:33:01,-79.589413,43.732015,5099,43,22.4676817657303,95.6627259158566,12979.785215885,1735,1
1050437,48361183,3,415,05:33:01,-79.589413,43.732015,5099,43,1e-12,0,12979.785215885,1735,1
1050437,48361183,3,416,05:33:12,-79.590004,43.731858,9527,44,16.5761727863897,50.6494168473006,13030.4346327323,1746,1
1050437,48361183,3,417,05:33:12,-79.590004,43.731858,9527,44,1e-12,0,13030.4346327323,1746,1
1050437,48361183,3,418,05:33:16,-79.590249,43.731807,,,16.9913383541544,20.5086763369474,13050.9433090693,1750.34522774334,1
1050437,48361183,3,419,05:33:19,-79.590428,43.731778,,,16.9913383541544,14.7558075264418,13065.6991165957,1753.47157988748,1
1050437,48361183,3,420,05:33:22,-79.590586,43.731753,,,16.9913383541544,13.0102886767135,13078.7094052724,1756.22810431539,1
1050437,48361183,3,421,05:33:24,-79.590681,43.731754,,,16.9913383541544,7.64239220422907,13086.3517974767,1757.84731825615,1
1050437,48361183,3,422,05:33:27,-79.590876,43.731762,,,16.9913383541544,15.710611041754,13102.0624085184,1761.17596715781,1
1050437,48361183,3,423,05:33:30,-79.591053,43.731765,,,16.9913383541544,14.2413865496632,13116.3037950681,1764.19332756287,1
1050437,48361183,3,424,05:33:33,-79.591196,43.73178,,,16.9913383541544,11.6231545537512,13127.9269496218,1766.65595619879,1
1050437,48361183,3,425,05:33:34,-79.591287,43.731797,,,16.9913383541544,7.56049959192279,13135.4874492137,1768.25781933421,1
1050437,48361183,3,426,05:33:36,-79.591411,43.731827,,,16.9913383541544,10.5184973946466,13146.0059466084,1770.48640132295,1
1050437,48361183,3,427,05:33:39,-79.591561,43.731879,,,16.9913383541544,13.3823611592469,13159.3883077676,1773.32175773627,1
1050437,48361183,3,428,05:33:42,-79.591691,43.731925,,,16.9913383541544,11.6433572193371,13171.031664987,1775.78866676462,1
1050437,48361183,3,429,05:33:45,-79.591839,43.731995,,,16.9913383541544,14.2282725283972,13185.2599375154,1778.80324866715,1
1050437,48361183,3,430,05:33:47,-79.591956,43.732071,,,16.9913383541544,12.6548971399233,13197.9148346553,1781.48447534595,1
1050437,48361183,3,431,05:33:51,-79.592078,43.732173,,,16.9913383541544,15.0076077550519,13212.9224424103,1784.66417707351,1
1050437,48361183,3,432,05:33:53,-79.592141,43.732262,,,16.9913383541544,11.1282155252474,13224.0506579356,1787.02194166249,1
1050437,48361183,3,433,05:33:56,-79.592244,43.732364,7325,45,16.9913383541544,14.0558880141692,13238.1065459498,1790,1
1050437,48361183,3,434,05:33:56,-79.592244,43.732364,7325,45,1e-12,0,13238.1065459498,1790,1
1050437,48361183,3,435,05:34:11,-79.5928869924842,43.7330640018022,,,22.8080183833221,93.5258496767335,13331.6323956265,1804.7620478543,1
1050437,48361183,3,436,05:34:26,-79.59353,43.733764,,,22.8080183833221,93.5258496793285,13425.1582453058,1819.524095709,1
1050437,48361183,3,437,05:34:28,-79.593689,43.733684,,,22.8080183833221,15.5843492267687,13440.7425945326,1821.98391735038,1
1050437,48361183,3,438,05:34:30,-79.593844,43.733608,,,22.8080183833221,15.0669722802656,13455.8095668129,1824.36207661426,1
1050437,48361183,3,439,05:34:32,-79.593945,43.73355,5412,46,22.8080183833221,10.3771629701251,13466.186729783,1826,1
1050437,48361183,3,440,05:34:32,-79.593945,43.73355,5412,46,1e-12,0,13466.186729783,1826,1
1050437,48361183,3,441,05:34:34,-79.594056,43.733479,,,23.0017356412313,11.9240577495561,13478.1107875325,1827.86623342551,1
1050437,48361183,3,442,05:34:36,-79.594148,43.733412,,,23.0017356412313,10.5066024541088,13488.6173899866,1829.51062102411,1
1050437,48361183,3,443,05:34:38,-79.594312,43.733296,,,23.0017356412313,18.4597121038195,13507.0771020905,1832.39974924514,1
1050437,48361183,3,444,05:34:51,-79.594946,43.732767,,,23.0017356412313,77.9001407648708,13584.9772428553,1844.59189470441,1
1050437,48361183,3,445,05:35:01,-79.5954895039432,43.7323325012876,,,23.0017356412313,65.1974781875628,13650.1747210429,1854.79594735227,1
1050437,48361183,3,446,05:35:11,-79.596033,43.731898,5768,47,23.0017356412313,65.1974781867551,13715.3721992297,1865,1
1050437,48361183,3,447,05:35:11,-79.596033,43.731898,5768,47,1e-12,0,13715.3721992297,1865,1
1050437,48361183,3,448,05:35:15,-79.596179,43.731786,,,16.6216177519214,17.1278862474033,13732.5000854771,1868.70965037284,1
1050437,48361183,3,449,05:35:17,-79.596287,43.731712,,,16.6216177519214,11.9719442214465,13744.4720296985,1871.30259889569,1
1050437,48361183,3,450,05:35:20,-79.596432,43.731632,,,16.6216177519214,14.6746653756306,13759.1466950741,1874.4809174048,1
1050437,48361183,3,451,05:35:23,-79.596567,43.731573,,,16.6216177519214,12.690826209233,13771.8375212834,1877.22956528223,1
1050437,48361183,3,452,05:35:27,-79.596763,43.731501,,,16.6216177519214,17.6862143847252,13789.5237356681,1881.06014138711,1
1050437,48361183,3,453,05:35:31,-79.596979,43.731451,,,16.6216177519214,18.2443858497324,13807.7681215178,1885.0116092911,1
1050437,48361183,3,454,05:35:36,-79.597228,43.731396,,,16.6216177519214,20.9439879759312,13828.7121094938,1889.54777164537,1
1050437,48361183,3,455,05:35:42,-79.597587,43.731316,,,16.6216177519214,30.2193468271436,13858.9314563209,1896.09284145755,1
1050437,48361183,3,456,05:35:59,-79.5985140032117,43.7311085037459,5685,48,16.6216177519214,78.0623129343707,13936.9937692553,1913,1
1050437,48361183,3,457,05:35:59,-79.5985140032117,43.7311085037459,5685,48,1e-12,0,13936.9937692553,1913,1
1050437,48361183,3,458,05:36:18,-79.599441,43.730901,,,14.8945068213724,78.0623129352317,14015.0560821905,1931.86764898879,1
1050437,48361183,3,459,05:36:38,-79.6004375036604,43.7306810043286,,,14.8945068213724,83.8153652917817,14098.8714474823,1952.12580984427,1
1050437,48361183,3,460,05:36:58,-79.601434,43.730461,,,14.8945068213724,83.8153652920861,14182.6868127744,1972.38397069983,1
1050437,48361183,3,461,05:37:01,-79.601583,43.730443,,,14.8945068213724,12.1518184371851,14194.8386312116,1975.32106334066,1
1050437,48361183,3,462,05:37:22,-79.6025965039766,43.7302080044775,,,14.8945068213724,85.6200414011137,14280.4586726127,1996.01541413324,1
1050437,48361183,3,463,05:37:43,-79.60361,43.729973,,,14.8945068213724,85.6200413981229,14366.0787140108,2016.7097649251,1
1050437,48361183,3,464,05:37:45,-79.603748,43.729964,,,14.8945068213724,11.1458527973201,14377.2245668081,2019.40371582603,1
1050437,48361183,3,465,05:37:48,-79.6039,43.729955,,,14.8945068213724,12.2678748175562,14389.4924416257,2022.36885927609,1
1050437,48361183,3,466,05:37:52,-79.604095,43.72995,,,14.8945068213724,15.6956950881409,14405.1881367138,2026.16250635652,1
1050437,48361183,3,467,05:37:56,-79.604268,43.729959,,,14.8945068213724,13.9521577346338,14419.1402944484,2029.53474072769,1
1050437,48361183,3,468,05:38:00,-79.604476,43.729981,,,14.8945068213724,16.9098244022467,14436.0501188507,2033.62184267595,1
1050437,48361183,3,469,05:38:03,-79.604653,43.730026,,,14.8945068213724,15.0934202615263,14451.1435391122,2037.26992002374,1
1050437,48361183,3,470,05:38:06,-79.604772,43.730062,,,14.8945068213724,10.3773857225001,14461.5209248347,2039.77813255129,1
1050437,48361183,3,471,05:38:09,-79.604913,43.730098,,,14.8945068213724,12.029204907157,14473.5501297419,2042.68558952083,1
1050437,48361183,3,472,05:38:30,-79.605385,43.729383,15249,49,14.8945068213724,88.1854534098527,14561.7355831517,2064,1
1050437,48361183,3,473,05:38:30,-79.605385,43.729383,15249,49,1e-12,0,14561.7355831517,2064,1
1050437,48361183,3,474,05:38:31,-79.605447,43.729311,,,27.6361442937735,9.44001144524097,14571.175594597,2065.22969546119,1
1050437,48361183,3,475,05:38:33,-79.605509,43.729213,,,27.6361442937735,11.9952763587042,14583.1708709557,2066.79225044109,1
1050437,48361183,3,476,05:38:34,-79.605584,43.729123,,,27.6361442937735,11.6950239109292,14594.8658948666,2068.31569327855,1
1050437,48361183,3,477,05:38:35,-79.605583,43.729078,,,27.6361442937735,5.01002290959824,14599.8759177762,2068.9683198636,1
1050437,48361183,3,478,05:38:36,-79.605558,43.729006,,,27.6361442937735,8.26344566555323,14608.1393634418,2070.04475093444,1
1050437,48361183,3,479,05:38:37,-79.605496,43.728944,,,27.6361442937735,8.51521028382598,14616.6545737256,2071.15397791979,1
1050437,48361183,3,480,05:38:44,-79.604909,43.728739,,,27.6361442937735,52.4445444423393,14669.0991181679,2077.98562411419,1
1050437,48361183,3,481,05:38:50,-79.60436,43.728533,,,27.6361442937735,49.7614608107398,14718.8605789787,2084.46776058788,1
1050437,48361183,3,482,05:38:51,-79.604285,43.728525,,,27.6361442937735,6.09852570277298,14724.9591046814,2085.26218010952,1
1050437,48361183,3,483,05:38:52,-79.604236,43.728552,,,27.6361442937735,4.95686025006745,14729.9159649315,2085.9078815037,1
1050437,48361183,3,484,05:38:53,-79.604161,43.728632,,,27.6361442937735,10.756757644541,14740.672722576,2087.30910184431,1
1050437,48361183,3,485,05:38:54,-79.604199,43.728695,,,27.6361442937735,7.65035488887303,14748.3230774649,2088.30566914064,1
1050437,48361183,3,486,05:38:56,-79.604274,43.728767,,,27.6361442937735,10.0318970685535,14758.3549745335,2089.61246610417,1
1050437,48361183,3,487,05:39:08,-79.605309,43.729141,,,27.6361442937735,93.0863068761878,14851.4412814097,2101.73827863402,1
1050437,48361183,3,488,05:39:10,-79.605509,43.729213,,,27.6361442937735,17.974189391999,14869.4154708017,2104.07967188785,1
1050437,48361183,3,489,05:39:12,-79.605447,43.729311,,,27.6361442937735,11.9952763587042,14881.4107471604,2105.64222686775,1
1050437,48361183,3,490,05:39:13,-79.605385,43.729383,,,27.6361442937735,9.44001144524097,14890.8507586056,2106.87192232894,1
1050437,48361183,3,491,05:39:24,-79.604913,43.730098,,,27.6361442937735,88.1854534098527,14979.0362120154,2118.35932914303,1
1050437,48361183,3,492,05:39:33,-79.6056234908537,43.7303550066014,,,27.6361442937735,63.9127588685354,15042.948970884,2126.68487302067,1
1050437,48361183,3,493,05:39:41,-79.6063339878049,43.730612008802,,,27.6361442937735,63.9127588678959,15106.8617297519,2135.01041689823,1
1050437,48361183,3,494,05:39:49,-79.6070444908537,43.7308690066015,,,27.6361442937735,63.9127588664781,15170.7744886184,2143.33596077561,1
1050437,48361183,3,495,05:39:58,-79.607755,43.731126,,,27.6361442937735,63.9127588692823,15234.6872474876,2151.66150465335,1
1050437,48361183,3,496,05:40:00,-79.607932,43.731202,,,27.6361442937735,16.5615814559992,15251.2488289436,2153.81888567611,1
1050437,48361183,3,497,05:40:02,-79.608077,43.731274,,,27.6361442937735,14.1519987320917,15265.4008276757,2155.66238435284,1
1050437,48361183,3,498,05:40:03,-79.608207,43.731359,,,27.6361442937735,14.1025097625383,15279.5033374383,2157.49943638895,1
1050437,48361183,3,499,05:40:05,-79.608321,43.731427,,,27.6361442937735,11.8907013399836,15291.3940387783,2159.04836898855,1
1050437,48361183,3,500,05:40:06,-79.608394,43.731481,,,27.6361442937735,8.4032923428905,15299.7973311211,2160.14301707379,1
1050437,48361183,3,501,05:40:06,-79.608405,43.731489,,,27.6361442937735,1.2553859627479,15301.0527170839,2160.30654891158,1
1050437,48361183,3,502,05:40:07,-79.608438,43.731517,,,27.6361442937735,4.09407901929422,15305.1467961032,2160.83986080606,1
1050437,48361183,3,503,05:40:19,-79.609145,43.732182,7712,50,27.6361442937735,93.3498226100159,15398.4966187132,2173,1
1050437,48361183,3,504,05:40:19,-79.609145,43.732182,7712,50,1e-12,0,15398.4966187132,2173,1
1050437,48361183,3,505,05:40:23,-79.60931,43.732344,,,19.3149581939763,22.3911867855798,15420.8878054988,2177.17335992232,1
1050437,48361183,3,506,05:40:33,-79.609703,43.732735,,,19.3149581939763,53.7940433341787,15474.681848833,2187.19971121225,1
1050437,48361183,3,507,05:40:37,-79.609804,43.732924,,,19.3149581939763,22.5534043152517,15497.2352531482,2191.40330589361,1
1050437,48361183,3,508,05:40:38,-79.609813,43.732936,,,19.3149581939763,1.51938135037643,15498.7546344986,2191.68649433266,1
1050437,48361183,3,509,05:40:41,-79.609913,43.733077,,,19.3149581939763,17.6370478252284,15516.3916823238,2194.97375861422,1
1050437,48361183,3,510,05:40:44,-79.60997,43.733207,,,19.3149581939763,15.1804503086058,15531.5721326324,2197.80315231842,1
1050437,48361183,3,511,05:40:46,-79.610006,43.733315,,,19.3149581939763,12.3663096321699,15543.9384422646,2200.10803510557,1
1050437,48361183,3,512,05:40:49,-79.61001,43.733437,,,19.3149581939763,13.5847884724181,15557.523230737,2202.64002290537,1
1050437,48361183,3,513,05:40:53,-79.610008,43.73363,,,19.3149581939763,21.4852639777461,15579.0084947148,2206.64453327206,1
1050437,48361183,3,514,05:41:02,-79.609903,43.734089,,,19.3149581939763,51.7889395675359,15630.7974342823,2216.29716521517,1
1050437,48361183,3,515,05:41:13,-79.609816,43.734601,6105,51,19.3149581939763,57.4235573405535,15688.2209916228,2227,1
1050437,48361183,3,516,05:41:13,-79.609816,43.734601,6105,51,1e-12,0,15688.2209916228,2227,1
1050437,48361183,3,517,05:41:16,-79.609801,43.734756,,,19.7667011243669,17.296651560918,15705.5176431838,2230.15014352813,1
1050437,48361183,3,518,05:41:20,-79.609768,43.734925,,,19.7667011243669,18.9993180844851,15724.5169612683,2233.61038429738,1
1050437,48361183,3,519,05:41:21,-79.609757,43.735009,,,19.7667011243669,9.3926018623054,15733.9095631306,2235.32100694966,1
1050437,48361183,3,520,05:41:22,-79.60975,43.735065,,,19.7667011243669,6.25926586573835,15740.1688289963,2236.46097243884,1
1050437,48361183,3,521,05:41:25,-79.609752,43.735199,,,19.7667011243669,14.9176791424663,15755.0865081388,2239.17784687201,1
1050437,48361183,3,522,05:41:28,-79.609752,43.735334,,,19.7667011243669,15.0281312485341,15770.1146393873,2241.91483733665,1
1050437,48361183,3,523,05:41:30,-79.609753,43.735451,,,19.7667011243669,13.0246287740204,15783.1392681613,2244.28694097151,1
1050437,48361183,3,524,05:41:33,-79.609773,43.735577,,,19.7667011243669,14.1182016207394,15797.2574697821,2246.85821098338,1
1050437,48361183,3,525,05:41:36,-79.609816,43.735717,,,19.7667011243669,15.9638860031636,15813.2213557852,2249.76562528837,1
1050437,48361183,3,526,05:41:39,-79.609889,43.735874,,,19.7667011243669,18.4370900585375,15831.6584458438,2253.12347057541,1
1050437,48361183,3,527,05:41:50,-79.6101077446299,43.7363640006258,,,19.7667011243669,57.3139052300373,15888.9723510738,2263.56173528786,1
1050437,48361183,3,528,05:42:00,-79.6103264928398,43.7368540008344,24561,52,19.7667011243669,57.3139052282903,15946.2862563021,2274,1
1050437,48361183,3,529,05:42:00,-79.6103264928398,43.7368540008344,24561,52,1e-12,0,15946.2862563021,2274,1
1050437,48361183,3,530,05:42:12,-79.6105452446298,43.7373440006258,,,17.0844510268417,57.3139052269319,16003.600161529,2286.07706694776,1
1050437,48361183,3,531,05:42:24,-79.610764,43.737834,,,17.0844510268417,57.3139052277153,16060.9140667567,2298.15413389569,1
1050437,48361183,3,532,05:42:30,-79.611073,43.737764,,,17.0844510268417,26.0457218019234,16086.9597885587,2303.64243424199,1
1050437,48361183,3,533,05:42:31,-79.611146,43.737753,,,17.0844510268417,5.99769471024475,16092.9574832689,2304.90625600149,1
1050437,48361183,3,534,05:42:34,-79.611303,43.73774,,,17.0844510268417,12.7101090578811,16105.6675923268,2307.58450375651,1
1050437,48361183,3,535,05:42:36,-79.611441,43.737741,,,17.0844510268417,11.0998509740099,16116.7674433008,2309.92344127599,1
1050437,48361183,3,536,05:42:38,-79.611566,43.737743,,,17.0844510268417,10.0561718172288,16126.823615118,2312.04245689348,1
1050437,48361183,3,537,05:42:40,-79.611682,43.737767,,,17.0844510268417,9.7048279900779,16136.5284431081,2314.08743807019,1
1050437,48361183,3,538,05:42:42,-79.611801,43.737795,,,17.0844510268417,10.0658701618735,16146.59431327,2316.20849730269,1
1050437,48361183,3,539,05:42:44,-79.611904,43.737846,,,17.0844510268417,10.0429258983655,16156.6372391683,2318.32472176769,1
1050437,48361183,3,540,05:42:47,-79.612034,43.737918,,,17.0844510268417,13.1743947050899,16169.8116338734,2321.10080282899,1
1050437,48361183,3,541,05:42:49,-79.612125,43.737985,,,17.0844510268417,10.4497200265481,16180.2613539,2323.30274610692,1
1050437,48361183,3,542,05:42:52,-79.612216,43.738062,,,17.0844510268417,11.271248447745,16191.5326023477,2325.67780014571,1
1050437,48361183,3,543,05:42:54,-79.612276,43.738151,,,17.0844510268417,11.0202143590425,16202.5528167068,2327.99995680326,1
1050437,48361183,3,544,05:42:55,-79.612306,43.738207,,,17.0844510268417,6.68456090807916,16209.2373776148,2329.4085135799,1
1050437,48361183,3,545,05:43:15,-79.6126624952695,43.739001500554,2920,53,17.0844510268417,92.9749417464451,16302.2123193613,2349,1
1050437,48361183,3,546,05:43:15,-79.6126624952695,43.739001500554,2920,53,1e-12,0,16302.2123193613,2349,1
1050437,48361183,3,547,05:43:32,-79.613019,43.739796,,,20.2786744822065,92.974941743733,16395.187261105,2365.5055063422,1
1050437,48361183,3,548,05:43:48,-79.6133802354057,43.7406022517066,,,20.2786744822065,94.3366574755603,16489.5239185806,2382.25275317088,1
1050437,48361183,3,549,05:44:05,-79.6137414805406,43.7414085022755,6583,54,20.2786744822065,94.3366574780172,16583.8605760586,2399,1
1050437,48361183,3,550,05:44:05,-79.6137414805406,43.7414085022755,6583,54,1e-12,0,16583.8605760586,2399,1
1050437,48361183,3,551,05:44:20,-79.6141027354052,43.7422147517066,,,22.5379633556563,94.3366574766737,16678.1972335353,2414.06844081503,1
1050437,48361183,3,552,05:44:35,-79.614464,43.743021,,,22.5379633556563,94.336657480244,16772.5338910155,2429.13688163063,1
1050437,48361183,3,553,05:44:40,-79.614571,43.743294,,,22.5379633556563,31.5850424640668,16804.1189334796,2434.18197603762,1
1050437,48361183,3,554,05:44:43,-79.614623,43.743445,,,22.5379633556563,17.3216440072357,16821.4405774868,2436.948770776,1
1050437,48361183,3,555,05:44:45,-79.614675,43.743572,,,22.5379633556563,14.7431222009881,16836.1836996878,2439.30369695482,1
1050437,48361183,3,556,05:44:48,-79.61471,43.743718,,,22.5379633556563,16.4945859810781,16852.6782856689,2441.93838530686,1
1050437,48361183,3,557,05:44:51,-79.614721,43.74389,10177,55,22.5379633556563,19.1673777119912,16871.8456633809,2445,1
1050437,48361183,3,558,05:44:51,-79.614721,43.74389,10177,55,1e-12,0,16871.8456633809,2445,1
1050437,48361183,3,559,05:44:54,-79.614698,43.744046,,,18.3665168861392,17.4640708376314,16889.3097342185,2448.42311258064,1
1050437,48361183,3,560,05:44:56,-79.614683,43.7441,,,18.3665168861392,6.13109761562883,16895.4408318341,2449.62486202247,1
1050437,48361183,3,561,05:44:58,-79.614659,43.74421,,,18.3665168861392,12.3963243079952,16907.8371561421,2452.05465139328,1
1050437,48361183,3,562,05:45:02,-79.614618,43.744372,,,18.3665168861392,18.3327112354011,16926.1698673775,2455.64802518629,1
1050437,48361183,3,563,05:45:06,-79.61455,43.744585,,,18.3665168861392,24.3335070202665,16950.5033743978,2460.41760810808,1
1050437,48361183,3,564,05:45:20,-79.614359,43.745192,2559,56,18.3665168861392,69.2947861214176,17019.7981605192,2474,1
1050437,48361183,3,565,05:45:20,-79.614359,43.745192,2559,56,1e-12,0,17019.7981605192,2474,1
1050437,48361183,3,566,05:45:25,-79.614269,43.745486,,,22.0383140649148,33.5186881125449,17053.3168486318,2479.47534066579,1
1050437,48361183,3,567,05:45:28,-79.614254,43.745605,,,22.0383140649148,13.3018289234257,17066.6186775552,2481.64821940703,1
1050437,48361183,3,568,05:45:30,-79.614256,43.745712,,,22.0383140649148,11.9122713633862,17078.5309489186,2483.59411131064,1
1050437,48361183,3,569,05:45:32,-79.614279,43.745854,,,22.0383140649148,15.9152134051131,17094.4461623237,2486.19389131603,1
1050437,48361183,3,570,05:45:35,-79.614345,43.745995,,,22.0383140649148,16.5691546026604,17111.0153169263,2488.90049384442,1
1050437,48361183,3,571,05:45:38,-79.614413,43.746131,,,22.0383140649148,16.0968004587662,17127.1121173851,2491.52993643612,1
1050437,48361183,3,572,05:45:40,-79.614512,43.746239,,,22.0383140649148,14.419595158028,17141.5317125431,2493.88540439143,1
1050437,48361183,3,573,05:45:42,-79.61462,43.746359,,,22.0383140649148,15.9335258334285,17157.4652383766,2496.48817576638,1
1050437,48361183,3,574,05:45:45,-79.614712,43.746485,,,22.0383140649148,15.8579001662794,17173.3231385428,2499.07859354654,1
1050437,48361183,3,575,05:45:59,-79.615040988,43.7472127514155,9275,57,22.0383140649148,85.2234243462797,17258.5465628891,2513,1
1050437,48361183,3,576,05:45:59,-79.615040988,43.7472127514155,9275,57,1e-12,0,17258.5465628891,2513,1
1050437,48361183,3,577,05:46:14,-79.6153699839997,43.7479405018873,,,20.4536218429959,85.2234243441621,17343.7699872333,2527.99999999971,1
1050437,48361183,3,578,05:46:29,-79.6156989879996,43.7486682514156,,,20.4536218429959,85.2234243492771,17428.9934115826,2543.00000000032,1
1050437,48361183,3,579,05:46:44,-79.616028,43.749396,7817,58,20.4536218429959,85.2234243440093,17514.2168359266,2558,1
1050437,48361183,3,580,05:46:44,-79.616028,43.749396,7817,58,1e-12,0,17514.2168359266,2558,1
1050437,48361183,3,581,05:46:59,-79.616248,43.749902,,,14.1168348031204,59.0404709179549,17573.2573068445,2573.05618633843,1
1050437,48361183,3,582,05:47:03,-79.616274,43.750055,,,14.1168348031204,17.1597265799124,17590.4170334244,2577.43216838747,1
1050437,48361183,3,583,05:47:07,-79.616246,43.750162,,,14.1168348031204,12.1221238230436,17602.5391572475,2580.52348782073,1
1050437,48361183,3,584,05:47:09,-79.616216,43.750236,,,14.1168348031204,8.58361025511671,17611.1227675026,2582.71243437634,1
1050437,48361183,3,585,05:47:12,-79.616127,43.750331,,,14.1168348031204,12.7693769403841,17623.892144443,2585.96881285115,1
1050437,48361183,3,586,05:47:15,-79.616021,43.750382,,,14.1168348031204,10.2413833929647,17634.133527836,2588.58051588011,1
1050437,48361183,3,587,05:47:17,-79.615914,43.750428,,,14.1168348031204,10.012641068834,17644.1461689048,2591.13388626027,1
1050437,48361183,3,588,05:47:39,-79.6149205038926,43.7506625043027,,,14.1168348031204,84.0463675442748,17728.1925364491,2612.56694313025,1
1050437,48361183,3,589,05:48:00,-79.613927,43.750897,3409,59,14.1168348031204,84.04636754339,17812.2389039925,2634,1
1050437,48361183,3,590,05:48:00,-79.613927,43.750897,3409,59,1e-12,0,17812.2389039925,2634,1
1050437,48361183,3,591,,-79.61372,43.750937,,,,17.230566597695,17829.4694705901,,1
1050437,48361183,3,592,,-79.613579,43.750964,,,,11.7296988873293,17841.1991694775,,1
1050437,48361183,3,593,,-79.613514,43.751002,,,,6.72407831389427,17847.9232477914,,1
1050437,48361183,3,594,,-79.613492,43.751053,,,,5.94653175940879,17853.8697795508,,1
1050437,48361183,3,595,,-79.613508,43.75111,,,,6.4743347389809,17860.3441142898,,1
1050437,48361183,3,596,,-79.613554,43.751142,,,,5.13532601109869,17865.4794403009,,1
