shape_id,trip_id,route_type,id,timestamp,shape_pt_lon,shape_pt_lat,stop_id,stop_sequence,speed,dist,cumdist,cumtime,trip_number
1050473,48362006,3,1,06:27:58,-79.533683,43.734722,1319,1,1e-12,0,0,0,1
1050473,48362006,3,2,06:27:58,-79.533683,43.734722,1319,1,1e-12,0,0,0,1
1050473,48362006,3,3,06:28:01,-79.533955,43.73467,,,30.4919435339149,22.6308201287467,22.6308201287467,2.67188453805417,1
1050473,48362006,3,4,06:28:08,-79.5347030021297,43.7344995024389,,,30.4919435339149,63.0874259180615,85.7182460468082,10.1202366922031,1
1050473,48362006,3,5,06:28:16,-79.535451,43.734329,,,30.4919435339149,63.087425917281,148.805671964089,17.5685888462598,1
1050473,48362006,3,6,06:28:18,-79.535674,43.734283,,,30.4919435339149,18.653467466627,167.459139430716,19.7708913267549,1
1050473,48362006,3,7,06:28:19,-79.535789,43.734259,,,30.4919435339149,9.62804860394051,177.087188034657,20.9076169977714,1
1050473,48362006,3,8,06:28:25,-79.5363987539175,43.734130754862,,,30.4919435339149,51.0807334167958,228.167921451453,26.9384113318856,1
1050473,48362006,3,9,06:28:31,-79.5370085052234,43.7340025064827,,,30.4919435339149,51.0807334163133,279.248654867766,32.9692056659429,1
1050473,48362006,3,10,06:28:37,-79.5376182539175,43.733874254862,2295,2,30.4919435339149,51.0807334163123,330.329388284078,39,1
1050473,48362006,3,11,06:28:37,-79.5376182539175,43.733874254862,2295,2,1e-12,0,330.329388284078,39,1
1050473,48362006,3,12,06:28:43,-79.538228,43.733746,,,30.2666694373983,51.0807334156124,381.410121699691,45.0756813919203,1
1050473,48362006,3,13,06:28:55,-79.5384454968056,43.7346255002062,,,30.2666694373983,99.4562116440882,480.866333343779,56.9052737644564,1
1050473,48362006,3,14,06:29:07,-79.538663,43.735505,,,30.2666694373983,99.4562116407837,580.322544984563,68.7348661365995,1
1050473,48362006,3,15,06:29:15,-79.5387999958646,43.7361075002455,,,30.2666694373983,67.969136424934,648.291681409497,76.819300125475,1
1050473,48362006,3,16,06:29:23,-79.5389369944861,43.7367100003273,,,30.2666694373983,67.9691364227353,716.260817832232,84.9037341140889,1
1050473,48362006,3,17,06:29:31,-79.5390739958645,43.7373125002455,,,30.2666694373983,67.9691364230637,784.229954255296,92.988168102742,1
1050473,48362006,3,18,06:29:39,-79.539211,43.737915,,,30.2666694373983,67.9691364215257,852.199090676821,101.072602091212,1
1050473,48362006,3,19,06:29:46,-79.5393324989103,43.7384520000643,,,30.2666694373983,60.5720290681619,912.771119744983,108.277204008063,1
1050473,48362006,3,20,06:29:53,-79.539454,43.738989,,,30.2666694373983,60.5720290677451,973.343148812728,115.481805924865,1
1050473,48362006,3,21,06:30:00,-79.5388035015916,43.7391355018445,8041,3,30.2666694373983,54.8011181669216,1028.14426697965,122,1
1050473,48362006,3,22,06:30:00,-79.5388035015916,43.7391355018445,8041,3,1e-12,0,1028.14426697965,122,1
1050473,48362006,3,23,,-79.538153,43.739282,,,,54.8011181681195,1082.94538514777,,1
1050473,48362007,3,1,06:37:58,-79.533683,43.734722,1319,1,1e-12,0,0,0,2
1050473,48362007,3,2,06:37:58,-79.533683,43.734722,1319,1,1e-12,0,0,0,2
1050473,48362007,3,3,06:38:01,-79.533955,43.73467,,,30.4919435339149,22.6308201287467,22.6308201287467,2.67188453805417,2
1050473,48362007,3,4,06:38:08,-79.5347030021297,43.7344995024389,,,30.4919435339149,63.0874259180615,85.7182460468082,10.1202366922031,2
1050473,48362007,3,5,06:38:16,-79.535451,43.734329,,,30.4919435339149,63.087425917281,148.805671964089,17.5685888462598,2
1050473,48362007,3,6,06:38:18,-79.535674,43.734283,,,30.4919435339149,18.653467466627,167.459139430716,19.7708913267549,2
1050473,48362007,3,7,06:38:19,-79.535789,43.734259,,,30.4919435339149,9.62804860394051,177.087188034657,20.9076169977714,2
1050473,48362007,3,8,06:38:25,-79.5363987539175,43.734130754862,,,30.4919435339149,51.0807334167958,228.167921451453,26.9384113318856,2
1050473,48362007,3,9,06:38:31,-79.5370085052234,43.7340025064827,,,30.4919435339149,51.0807334163133,279.248654867766,32.9692056659429,2
1050473,48362007,3,10,06:38:37,-79.5376182539175,43.733874254862,2295,2,30.4919435339149,51.0807334163123,330.329388284078,39,2
1050473,48362007,3,11,06:38:37,-79.5376182539175,43.733874254862,2295,2,1e-12,0,330.329388284078,39,2
1050473,48362007,3,12,06:38:43,-79.538228,43.733746,,,30.2666694373983,51.0807334156124,381.410121699691,45.0756813919203,2
1050473,48362007,3,13,06:38:55,-79.5384454968056,43.7346255002062,,,30.2666694373983,99.4562116440882,480.866333343779,56.9052737644564,2
1050473,48362007,3,14,06:39:07,-79.538663,43.735505,,,30.2666694373983,99.4562116407837,580.322544984563,68.7348661365995,2
1050473,48362007,3,15,06:39:15,-79.5387999958646,43.7361075002455,,,30.2666694373983,67.969136424934,648.291681409497,76.819300125475,2
1050473,48362007,3,16,06:39:23,-79.5389369944861,43.7367100003273,,,30.2666694373983,67.9691364227353,716.260817832232,84.9037341140889,2
1050473,48362007,3,17,06:39:31,-79.5390739958645,43.7373125002455,,,30.2666694373983,67.9691364230637,784.229954255296,92.988168102742,2
1050473,48362007,3,18,06:39:39,-79.539211,43.737915,,,30.2666694373983,67.9691364215257,852.199090676821,101.072602091212,2
1050473,48362007,3,19,06:39:46,-79.5393324989103,43.7384520000643,,,30.2666694373983,60.5720290681619,912.771119744983,108.277204008063,2
1050473,48362007,3,20,06:39:53,-79.539454,43.738989,,,30.2666694373983,60.5720290677451,973.343148812728,115.481805924865,2
1050473,48362007,3,21,06:40:00,-79.5388035015916,43.7391355018445,8041,3,30.2666694373983,54.8011181669216,1028.14426697965,122,2
1050473,48362007,3,22,06:40:00,-79.5388035015916,43.7391355018445,8041,3,1e-12,0,1028.14426697965,122,2
1050473,48362007,3,23,,-79.538153,43.739282,,,,54.8011181681195,1082.94538514777,,2
1050473,48362008,3,1,06:46:58,-79.533683,43.734722,1319,1,1e-12,0,0,0,3
1050473,48362008,3,2,06:46:58,-79.533683,43.734722,1319,1,1e-12,0,0,0,3
1050473,48362008,3,3,06:47:01,-79.533955,43.73467,,,30.4919435339149,22.6308201287467,22.6308201287467,2.67188453805417,3
1050473,48362008,3,4,06:47:08,-79.5347030021297,43.7344995024389,,,30.4919435339149,63.0874259180615,85.7182460468082,10.1202366922031,3
1050473,48362008,3,5,06:47:16,-79.535451,43.734329,,,30.4919435339149,63.087425917281,148.805671964089,17.5685888462598,3
1050473,48362008,3,6,06:47:18,-79.535674,43.734283,,,30.4919435339149,18.653467466627,167.459139430716,19.7708913267549,3
1050473,48362008,3,7,06:47:19,-79.535789,43.734259,,,30.4919435339149,9.62804860394051,177.087188034657,20.9076169977714,3
1050473,48362008,3,8,06:47:25,-79.5363987539175,43.734130754862,,,30.4919435339149,51.0807334167958,228.167921451453,26.9384113318856,3
1050473,48362008,3,9,06:47:31,-79.5370085052234,43.7340025064827,,,30.4919435339149,51.0807334163133,279.248654867766,32.9692056659429,3
1050473,48362008,3,10,06:47:37,-79.5376182539175,43.733874254862,2295,2,30.4919435339149,51.0807334163123,330.329388284078,39,3
1050473,48362008,3,11,06:47:37,-79.5376182539175,43.733874254862,2295,2,1e-12,0,330.329388284078,39,3
1050473,48362008,3,12,06:47:43,-79.538228,43.733746,,,30.2666694373983,51.0807334156124,381.410121699691,45.0756813919203,3
1050473,48362008,3,13,06:47:55,-79.5384454968056,43.7346255002062,,,30.2666694373983,99.4562116440882,480.866333343779,56.9052737644564,3
1050473,48362008,3,14,06:48:07,-79.538663,43.735505,,,30.2666694373983,99.4562116407837,580.322544984563,68.7348661365995,3
1050473,48362008,3,15,06:48:15,-79.5387999958646,43.7361075002455,,,30.2666694373983,67.969136424934,648.291681409497,76.819300125475,3
1050473,48362008,3,16,06:48:23,-79.5389369944861,43.7367100003273,,,30.2666694373983,67.9691364227353,716.260817832232,84.9037341140889,3
1050473,48362008,3,17,06:48:31,-79.5390739958645,43.7373125002455,,,30.2666694373983,67.9691364230637,784.229954255296,92.988168102742,3
1050473,48362008,3,18,06:48:39,-79.539211,43.737915,,,30.2666694373983,67.9691364215257,852.199090676821,101.072602091212,3
1050473,48362008,3,19,06:48:46,-79.5393324989103,43.7384520000643,,,30.2666694373983,60.5720290681619,912.771119744983,108.277204008063,3
1050473,48362008,3,20,06:48:53,-79.539454,43.738989,,,30.2666694373983,60.5720290677451,973.343148812728,115.481805924865,3
1050473,48362008,3,21,06:49:00,-79.5388035015916,43.7391355018445,8041,3,30.2666694373983,54.8011181669216,1028.14426697965,122,3
1050473,48362008,3,22,06:49:00,-79.5388035015916,43.7391355018445,8041,3,1e-12,0,1028.14426697965,122,3
1050473,48362008,3,23,,-79.538153,43.739282,,,,54.8011181681195,1082.94538514777,,3
1050473,48362009,3,1,06:55:58,-79.533683,43.734722,1319,1,1e-12,0,0,0,4
1050473,48362009,3,2,06:55:58,-79.533683,43.734722,1319,1,1e-12,0,0,0,4
1050473,48362009,3,3,06:56:01,-79.533955,43.73467,,,30.4919435339149,22.6308201287467,22.6308201287467,2.67188453805417,4
1050473,48362009,3,4,06:56:08,-79.5347030021297,43.7344995024389,,,30.4919435339149,63.0874259180615,85.7182460468082,10.1202366922031,4
1050473,48362009,3,5,06:56:16,-79.535451,43.734329,,,30.4919435339149,63.087425917281,148.805671964089,17.5685888462598,4
1050473,48362009,3,6,06:56:18,-79.535674,43.734283,,,30.4919435339149,18.653467466627,167.459139430716,19.7708913267549,4
1050473,48362009,3,7,06:56:19,-79.535789,43.734259,,,30.4919435339149,9.62804860394051,177.087188034657,20.9076169977714,4
1050473,48362009,3,8,06:56:25,-79.5363987539175,43.734130754862,,,30.4919435339149,51.0807334167958,228.167921451453,26.9384113318856,4
1050473,48362009,3,9,06:56:31,-79.5370085052234,43.7340025064827,,,30.4919435339149,51.0807334163133,279.248654867766,32.9692056659429,4
1050473,48362009,3,10,06:56:37,-79.5376182539175,43.733874254862,2295,2,30.4919435339149,51.0807334163123,330.329388284078,39,4
1050473,48362009,3,11,06:56:37,-79.5376182539175,43.733874254862,2295,2,1e-12,0,330.329388284078,39,4
1050473,48362009,3,12,06:56:43,-79.538228,43.733746,,,30.2666694373983,51.0807334156124,381.410121699691,45.0756813919203,4
1050473,48362009,3,13,06:56:55,-79.5384454968056,43.7346255002062,,,30.2666694373983,99.4562116440882,480.866333343779,56.9052737644564,4
1050473,48362009,3,14,06:57:07,-79.538663,43.735505,,,30.2666694373983,99.4562116407837,580.322544984563,68.7348661365995,4
1050473,48362009,3,15,06:57:15,-79.5387999958646,43.7361075002455,,,30.2666694373983,67.969136424934,648.291681409497,76.819300125475,4
1050473,48362009,3,16,06:57:23,-79.5389369944861,43.7367100003273,,,30.2666694373983,67.9691364227353,716.260817832232,84.9037341140889,4
1050473,48362009,3,17,06:57:31,-79.5390739958645,43.7373125002455,,,30.2666694373983,67.9691364230637,784.229954255296,92.988168102742,4
1050473,48362009,3,18,06:57:39,-79.539211,43.737915,,,30.2666694373983,67.9691364215257,852.199090676821,101.072602091212,4
1050473,48362009,3,19,06:57:46,-79.5393324989103,43.7384520000643,,,30.2666694373983,60.5720290681619,912.771119744983,108.277204008063,4
1050473,48362009,3,20,06:57:53,-79.539454,43.738989,,,30.2666694373983,60.5720290677451,973.343148812728,115.481805924865,4
1050473,48362009,3,21,06:58:00,-79.5388035015916,43.7391355018445,8041,3,30.2666694373983,54.8011181669216,1028.14426697965,122,4
1050473,48362009,3,22,06:58:00,-79.5388035015916,43.7391355018445,8041,3,1e-12,0,1028.14426697965,122,4
1050473,48362009,3,23,,-79.538153,43.739282,,,,54.8011181681195,1082.94538514777,,4
1050473,48362010,3,1,07:04:58,-79.533683,43.734722,1319,1,1e-12,0,0,0,5
1050473,48362010,3,2,07:04:58,-79.533683,43.734722,1319,1,1e-12,0,0,0,5
1050473,48362010,3,3,07:05:01,-79.533955,43.73467,,,30.4919435339149,22.6308201287467,22.6308201287467,2.67188453805417,5
1050473,48362010,3,4,07:05:08,-79.5347030021297,43.7344995024389,,,30.4919435339149,63.0874259180615,85.7182460468082,10.1202366922031,5
1050473,48362010,3,5,07:05:16,-79.535451,43.734329,,,30.4919435339149,63.087425917281,148.805671964089,17.5685888462598,5
1050473,48362010,3,6,07:05:18,-79.535674,43.734283,,,30.4919435339149,18.653467466627,167.459139430716,19.7708913267549,5
1050473,48362010,3,7,07:05:19,-79.535789,43.734259,,,30.4919435339149,9.62804860394051,177.087188034657,20.9076169977714,5
1050473,48362010,3,8,07:05:25,-79.5363987539175,43.734130754862,,,30.4919435339149,51.0807334167958,228.167921451453,26.9384113318856,5
1050473,48362010,3,9,07:05:31,-79.5370085052234,43.7340025064827,,,30.4919435339149,51.0807334163133,279.248654867766,32.9692056659429,5
1050473,48362010,3,10,07:05:37,-79.5376182539175,43.733874254862,2295,2,30.4919435339149,51.0807334163123,330.329388284078,39,5
1050473,48362010,3,11,07:05:37,-79.5376182539175,43.733874254862,2295,2,1e-12,0,330.329388284078,39,5
1050473,48362010,3,12,07:05:43,-79.538228,43.733746,,,30.2666694373983,51.0807334156124,381.410121699691,45.0756813919203,5
1050473,48362010,3,13,07:05:55,-79.5384454968056,43.7346255002062,,,30.2666694373983,99.4562116440882,480.866333343779,56.9052737644564,5
1050473,48362010,3,14,07:06:07,-79.538663,43.735505,,,30.2666694373983,99.4562116407837,580.322544984563,68.7348661365995,5
1050473,48362010,3,15,07:06:15,-79.5387999958646,43.7361075002455,,,30.2666694373983,67.969136424934,648.291681409497,76.819300125475,5
1050473,48362010,3,16,07:06:23,-79.5389369944861,43.7367100003273,,,30.2666694373983,67.9691364227353,716.260817832232,84.9037341140889,5
1050473,48362010,3,17,07:06:31,-79.5390739958645,43.7373125002455,,,30.2666694373983,67.9691364230637,784.229954255296,92.988168102742,5
1050473,48362010,3,18,07:06:39,-79.539211,43.737915,,,30.2666694373983,67.9691364215257,852.199090676821,101.072602091212,5
1050473,48362010,3,19,07:06:46,-79.5393324989103,43.7384520000643,,,30.2666694373983,60.5720290681619,912.771119744983,108.277204008063,5
1050473,48362010,3,20,07:06:53,-79.539454,43.738989,,,30.2666694373983,60.5720290677451,973.343148812728,115.481805924865,5
1050473,48362010,3,21,07:07:00,-79.5388035015916,43.7391355018445,8041,3,30.2666694373983,54.8011181669216,1028.14426697965,122,5
1050473,48362010,3,22,07:07:00,-79.5388035015916,43.7391355018445,8041,3,1e-12,0,1028.14426697965,122,5
1050473,48362010,3,23,,-79.538153,43.739282,,,,54.8011181681195,1082.94538514777,,5
1050473,48362063,3,1,07:13:58,-79.533683,43.734722,1319,1,1e-12,0,0,0,6
1050473,48362063,3,2,07:13:58,-79.533683,43.734722,1319,1,1e-12,0,0,0,6
1050473,48362063,3,3,07:14:01,-79.533955,43.73467,,,30.4919435339149,22.6308201287467,22.6308201287467,2.67188453805417,6
1050473,48362063,3,4,07:14:08,-79.5347030021297,43.7344995024389,,,30.4919435339149,63.0874259180615,85.7182460468082,10.1202366922031,6
1050473,48362063,3,5,07:14:16,-79.535451,43.734329,,,30.4919435339149,63.087425917281,148.805671964089,17.5685888462598,6
1050473,48362063,3,6,07:14:18,-79.535674,43.734283,,,30.4919435339149,18.653467466627,167.459139430716,19.7708913267549,6
1050473,48362063,3,7,07:14:19,-79.535789,43.734259,,,30.4919435339149,9.62804860394051,177.087188034657,20.9076169977714,6
1050473,48362063,3,8,07:14:25,-79.5363987539175,43.734130754862,,,30.4919435339149,51.0807334167958,228.167921451453,26.9384113318856,6
1050473,48362063,3,9,07:14:31,-79.5370085052234,43.7340025064827,,,30.4919435339149,51.0807334163133,279.248654867766,32.9692056659429,6
1050473,48362063,3,10,07:14:37,-79.5376182539175,43.733874254862,2295,2,30.4919435339149,51.0807334163123,330.329388284078,39,6
1050473,48362063,3,11,07:14:37,-79.5376182539175,43.733874254862,2295,2,1e-12,0,330.329388284078,39,6
1050473,48362063,3,12,07:14:43,-79.538228,43.733746,,,30.2666694373983,51.0807334156124,381.410121699691,45.0756813919203,6
1050473,48362063,3,13,07:14:55,-79.5384454968056,43.7346255002062,,,30.2666694373983,99.4562116440882,480.866333343779,56.9052737644564,6
1050473,48362063,3,14,07:15:07,-79.538663,43.735505,,,30.2666694373983,99.4562116407837,580.322544984563,68.7348661365995,6
1050473,48362063,3,15,07:15:15,-79.5387999958646,43.7361075002455,,,30.2666694373983,67.969136424934,648.291681409497,76.819300125475,6
1050473,48362063,3,16,07:15:23,-79.5389369944861,43.7367100003273,,,30.2666694373983,67.9691364227353,716.260817832232,84.9037341140889,6
1050473,48362063,3,17,07:15:31,-79.5390739958645,43.7373125002455,,,30.2666694373983,67.9691364230637,784.229954255296,92.988168102742,6
1050473,48362063,3,18,07:15:39,-79.539211,43.737915,,,30.2666694373983,67.9691364215257,852.199090676821,101.072602091212,6
1050473,48362063,3,19,07:15:46,-79.5393324989103,43.7384520000643,,,30.2666694373983,60.5720290681619,912.771119744983,108.277204008063,6
1050473,48362063,3,20,07:15:53,-79.539454,43.738989,,,30.2666694373983,60.5720290677451,973.343148812728,115.481805924865,6
1050473,48362063,3,21,07:16:00,-79.5388035015916,43.7391355018445,8041,3,30.2666694373983,54.8011181669216,1028.14426697965,122,6
1050473,48362063,3,22,07:16:00,-79.5388035015916,43.7391355018445,8041,3,1e-12,0,1028.14426697965,122,6
1050473,48362063,3,23,,-79.538153,43.739282,,,,54.8011181681195,1082.94538514777,,6
1050473,48362061,3,1,07:22:58,-79.533683,43.734722,1319,1,1e-12,0,0,0,7
1050473,48362061,3,2,07:22:58,-79.533683,43.734722,1319,1,1e-12,0,0,0,7
1050473,48362061,3,3,07:23:01,-79.533955,43.73467,,,30.4919435339149,22.6308201287467,22.6308201287467,2.67188453805417,7
1050473,48362061,3,4,07:23:08,-79.5347030021297,43.7344995024389,,,30.4919435339149,63.0874259180615,85.7182460468082,10.1202366922031,7
1050473,48362061,3,5,07:23:16,-79.535451,43.734329,,,30.4919435339149,63.087425917281,148.805671964089,17.5685888462598,7
1050473,48362061,3,6,07:23:18,-79.535674,43.734283,,,30.4919435339149,18.653467466627,167.459139430716,19.7708913267549,7
1050473,48362061,3,7,07:23:19,-79.535789,43.734259,,,30.4919435339149,9.62804860394051,177.087188034657,20.9076169977714,7
1050473,48362061,3,8,07:23:25,-79.5363987539175,43.734130754862,,,30.4919435339149,51.0807334167958,228.167921451453,26.9384113318856,7
1050473,48362061,3,9,07:23:31,-79.5370085052234,43.7340025064827,,,30.4919435339149,51.0807334163133,279.248654867766,32.9692056659429,7
1050473,48362061,3,10,07:23:37,-79.5376182539175,43.733874254862,2295,2,30.4919435339149,51.0807334163123,330.329388284078,39,7
1050473,48362061,3,11,07:23:37,-79.5376182539175,43.733874254862,2295,2,1e-12,0,330.329388284078,39,7
1050473,48362061,3,12,07:23:43,-79.538228,43.733746,,,30.2666694373983,51.0807334156124,381.410121699691,45.0756813919203,7
1050473,48362061,3,13,07:23:55,-79.5384454968056,43.7346255002062,,,30.2666694373983,99.4562116440882,480.866333343779,56.9052737644564,7
1050473,48362061,3,14,07:24:07,-79.538663,43.735505,,,30.2666694373983,99.4562116407837,580.322544984563,68.7348661365995,7
1050473,48362061,3,15,07:24:15,-79.5387999958646,43.7361075002455,,,30.2666694373983,67.969136424934,648.291681409497,76.819300125475,7
1050473,48362061,3,16,07:24:23,-79.5389369944861,43.7367100003273,,,30.2666694373983,67.9691364227353,716.260817832232,84.9037341140889,7
1050473,48362061,3,17,07:24:31,-79.5390739958645,43.7373125002455,,,30.2666694373983,67.9691364230637,784.229954255296,92.988168102742,7
1050473,48362061,3,18,07:24:39,-79.539211,43.737915,,,30.2666694373983,67.9691364215257,852.199090676821,101.072602091212,7
1050473,48362061,3,19,07:24:46,-79.5393324989103,43.7384520000643,,,30.2666694373983,60.5720290681619,912.771119744983,108.277204008063,7
1050473,48362061,3,20,07:24:53,-79.539454,43.738989,,,30.2666694373983,60.5720290677451,973.343148812728,115.481805924865,7
1050473,48362061,3,21,07:25:00,-79.5388035015916,43.7391355018445,8041,3,30.2666694373983,54.8011181669216,1028.14426697965,122,7
1050473,48362061,3,22,07:25:00,-79.5388035015916,43.7391355018445,8041,3,1e-12,0,1028.14426697965,122,7
1050473,48362061,3,23,,-79.538153,43.739282,,,,54.8011181681195,1082.94538514777,,7
1050473,48362011,3,1,14:59:58,-79.533683,43.734722,1319,1,1e-12,0,0,0,8
1050473,48362011,3,2,14:59:58,-79.533683,43.734722,1319,1,1e-12,0,0,0,8
1050473,48362011,3,3,15:00:01,-79.533955,43.73467,,,30.4919435339149,22.6308201287467,22.6308201287467,2.67188453805417,8
1050473,48362011,3,4,15:00:08,-79.5347030021297,43.7344995024389,,,30.4919435339149,63.0874259180615,85.7182460468082,10.1202366922031,8
1050473,48362011,3,5,15:00:16,-79.535451,43.734329,,,30.4919435339149,63.087425917281,148.805671964089,17.5685888462598,8
1050473,48362011,3,6,15:00:18,-79.535674,43.734283,,,30.4919435339149,18.653467466627,167.459139430716,19.7708913267549,8
1050473,48362011,3,7,15:00:19,-79.535789,43.734259,,,30.4919435339149,9.62804860394051,177.087188034657,20.9076169977714,8
1050473,48362011,3,8,15:00:25,-79.5363987539175,43.734130754862,,,30.4919435339149,51.0807334167958,228.167921451453,26.9384113318856,8
1050473,48362011,3,9,15:00:31,-79.5370085052234,43.7340025064827,,,30.4919435339149,51.0807334163133,279.248654867766,32.9692056659429,8
1050473,48362011,3,10,15:00:37,-79.5376182539175,43.733874254862,2295,2,30.4919435339149,51.0807334163123,330.329388284078,39,8
1050473,48362011,3,11,15:00:37,-79.5376182539175,43.733874254862,2295,2,1e-12,0,330.329388284078,39,8
1050473,48362011,3,12,15:00:43,-79.538228,43.733746,,,30.2666694373983,51.0807334156124,381.410121699691,45.0756813919203,8
1050473,48362011,3,13,15:00:55,-79.5384454968056,43.7346255002062,,,30.2666694373983,99.4562116440882,480.866333343779,56.9052737644564,8
1050473,48362011,3,14,15:01:07,-79.538663,43.735505,,,30.2666694373983,99.4562116407837,580.322544984563,68.7348661365995,8
1050473,48362011,3,15,15:01:15,-79.5387999958646,43.7361075002455,,,30.2666694373983,67.969136424934,648.291681409497,76.819300125475,8
1050473,48362011,3,16,15:01:23,-79.5389369944861,43.7367100003273,,,30.2666694373983,67.9691364227353,716.260817832232,84.9037341140889,8
1050473,48362011,3,17,15:01:31,-79.5390739958645,43.7373125002455,,,30.2666694373983,67.9691364230637,784.229954255296,92.988168102742,8
1050473,48362011,3,18,15:01:39,-79.539211,43.737915,,,30.2666694373983,67.9691364215257,852.199090676821,101.072602091212,8
1050473,48362011,3,19,15:01:46,-79.5393324989103,43.7384520000643,,,30.2666694373983,60.5720290681619,912.771119744983,108.277204008063,8
1050473,48362011,3,20,15:01:53,-79.539454,43.738989,,,30.2666694373983,60.5720290677451,973.343148812728,115.481805924865,8
1050473,48362011,3,21,15:02:00,-79.5388035015916,43.7391355018445,8041,3,30.2666694373983,54.8011181669216,1028.14426697965,122,8
1050473,48362011,3,22,15:02:00,-79.5388035015916,43.7391355018445,8041,3,1e-12,0,1028.14426697965,122,8
1050473,48362011,3,23,,-79.538153,43.739282,,,,54.8011181681195,1082.94538514777,,8
1050473,48362012,3,1,15:08:58,-79.533683,43.734722,1319,1,1e-12,0,0,0,9
1050473,48362012,3,2,15:08:58,-79.533683,43.734722,1319,1,1e-12,0,0,0,9
1050473,48362012,3,3,15:09:01,-79.533955,43.73467,,,30.4919435339149,22.6308201287467,22.6308201287467,2.67188453805417,9
1050473,48362012,3,4,15:09:08,-79.5347030021297,43.7344995024389,,,30.4919435339149,63.0874259180615,85.7182460468082,10.1202366922031,9
1050473,48362012,3,5,15:09:16,-79.535451,43.734329,,,30.4919435339149,63.087425917281,148.805671964089,17.5685888462598,9
1050473,48362012,3,6,15:09:18,-79.535674,43.734283,,,30.4919435339149,18.653467466627,167.459139430716,19.7708913267549,9
1050473,48362012,3,7,15:09:19,-79.535789,43.734259,,,30.4919435339149,9.62804860394051,177.087188034657,20.9076169977714,9
1050473,48362012,3,8,15:09:25,-79.5363987539175,43.734130754862,,,30.4919435339149,51.0807334167958,228.167921451453,26.9384113318856,9
1050473,48362012,3,9,15:09:31,-79.5370085052234,43.7340025064827,,,30.4919435339149,51.0807334163133,279.248654867766,32.9692056659429,9
1050473,48362012,3,10,15:09:37,-79.5376182539175,43.733874254862,2295,2,30.4919435339149,51.0807334163123,330.329388284078,39,9
1050473,48362012,3,11,15:09:37,-79.5376182539175,43.733874254862,2295,2,1e-12,0,330.329388284078,39,9
1050473,48362012,3,12,15:09:43,-79.538228,43.733746,,,30.2666694373983,51.0807334156124,381.410121699691,45.0756813919203,9
1050473,48362012,3,13,15:09:55,-79.5384454968056,43.7346255002062,,,30.2666694373983,99.4562116440882,480.866333343779,56.9052737644564,9
1050473,48362012,3,14,15:10:07,-79.538663,43.735505,,,30.2666694373983,99.4562116407837,580.322544984563,68.7348661365995,9
1050473,48362012,3,15,15:10:15,-79.5387999958646,43.7361075002455,,,30.2666694373983,67.969136424934,648.291681409497,76.819300125475,9
1050473,48362012,3,16,15:10:23,-79.5389369944861,43.7367100003273,,,30.2666694373983,67.9691364227353,716.260817832232,84.9037341140889,9
1050473,48362012,3,17,15:10:31,-79.5390739958645,43.7373125002455,,,30.2666694373983,67.9691364230637,784.229954255296,92.988168102742,9
1050473,48362012,3,18,15:10:39,-79.539211,43.737915,,,30.2666694373983,67.9691364215257,852.199090676821,101.072602091212,9
1050473,48362012,3,19,15:10:46,-79.5393324989103,43.7384520000643,,,30.2666694373983,60.5720290681619,912.771119744983,108.277204008063,9
1050473,48362012,3,20,15:10:53,-79.539454,43.738989,,,30.2666694373983,60.5720290677451,973.343148812728,115.481805924865,9
1050473,48362012,3,21,15:11:00,-79.5388035015916,43.7391355018445,8041,3,30.2666694373983,54.8011181669216,1028.14426697965,122,9
1050473,48362012,3,22,15:11:00,-79.5388035015916,43.7391355018445,8041,3,1e-12,0,1028.14426697965,122,9
1050473,48362012,3,23,,-79.538153,43.739282,,,,54.8011181681195,1082.94538514777,,9
1050473,48362062,3,1,15:18:58,-79.533683,43.734722,1319,1,1e-12,0,0,0,10
1050473,48362062,3,2,15:18:58,-79.533683,43.734722,1319,1,1e-12,0,0,0,10
1050473,48362062,3,3,15:19:01,-79.533955,43.73467,,,30.4919435339149,22.6308201287467,22.6308201287467,2.67188453805417,10
1050473,48362062,3,4,15:19:08,-79.5347030021297,43.7344995024389,,,30.4919435339149,63.0874259180615,85.7182460468082,10.1202366922031,10
1050473,48362062,3,5,15:19:16,-79.535451,43.734329,,,30.4919435339149,63.087425917281,148.805671964089,17.5685888462598,10
1050473,48362062,3,6,15:19:18,-79.535674,43.734283,,,30.4919435339149,18.653467466627,167.459139430716,19.7708913267549,10
1050473,48362062,3,7,15:19:19,-79.535789,43.734259,,,30.4919435339149,9.62804860394051,177.087188034657,20.9076169977714,10
1050473,48362062,3,8,15:19:25,-79.5363987539175,43.734130754862,,,30.4919435339149,51.0807334167958,228.167921451453,26.9384113318856,10
1050473,48362062,3,9,15:19:31,-79.5370085052234,43.7340025064827,,,30.4919435339149,51.0807334163133,279.248654867766,32.9692056659429,10
1050473,48362062,3,10,15:19:37,-79.5376182539175,43.733874254862,2295,2,30.4919435339149,51.0807334163123,330.329388284078,39,10
1050473,48362062,3,11,15:19:37,-79.5376182539175,43.733874254862,2295,2,1e-12,0,330.329388284078,39,10
1050473,48362062,3,12,15:19:43,-79.538228,43.733746,,,30.2666694373983,51.0807334156124,381.410121699691,45.0756813919203,10
1050473,48362062,3,13,15:19:55,-79.5384454968056,43.7346255002062,,,30.2666694373983,99.4562116440882,480.866333343779,56.9052737644564,10
1050473,48362062,3,14,15:20:07,-79.538663,43.735505,,,30.2666694373983,99.4562116407837,580.322544984563,68.7348661365995,10
1050473,48362062,3,15,15:20:15,-79.5387999958646,43.7361075002455,,,30.2666694373983,67.969136424934,648.291681409497,76.819300125475,10
1050473,48362062,3,16,15:20:23,-79.5389369944861,43.7367100003273,,,30.2666694373983,67.9691364227353,716.260817832232,84.9037341140889,10
1050473,48362062,3,17,15:20:31,-79.5390739958645,43.7373125002455,,,30.2666694373983,67.9691364230637,784.229954255296,92.988168102742,10
1050473,48362062,3,18,15:20:39,-79.539211,43.737915,,,30.2666694373983,67.9691364215257,852.199090676821,101.072602091212,10
1050473,48362062,3,19,15:20:46,-79.5393324989103,43.7384520000643,,,30.2666694373983,60.5720290681619,912.771119744983,108.277204008063,10
1050473,48362062,3,20,15:20:53,-79.539454,43.738989,,,30.2666694373983,60.5720290677451,973.343148812728,115.481805924865,10
1050473,48362062,3,21,15:21:00,-79.5388035015916,43.7391355018445,8041,3,30.2666694373983,54.8011181669216,1028.14426697965,122,10
1050473,48362062,3,22,15:21:00,-79.5388035015916,43.7391355018445,8041,3,1e-12,0,1028.14426697965,122,10
1050473,48362062,3,23,,-79.538153,43.739282,,,,54.8011181681195,1082.94538514777,,10
1050473,48362015,3,1,15:27:58,-79.533683,43.734722,1319,1,1e-12,0,0,0,11
1050473,48362015,3,2,15:27:58,-79.533683,43.734722,1319,1,1e-12,0,0,0,11
1050473,48362015,3,3,15:28:01,-79.533955,43.73467,,,30.4919435339149,22.6308201287467,22.6308201287467,2.67188453805417,11
1050473,48362015,3,4,15:28:08,-79.5347030021297,43.7344995024389,,,30.4919435339149,63.0874259180615,85.7182460468082,10.1202366922031,11
1050473,48362015,3,5,15:28:16,-79.535451,43.734329,,,30.4919435339149,63.087425917281,148.805671964089,17.5685888462598,11
1050473,48362015,3,6,15:28:18,-79.535674,43.734283,,,30.4919435339149,18.653467466627,167.459139430716,19.7708913267549,11
1050473,48362015,3,7,15:28:19,-79.535789,43.734259,,,30.4919435339149,9.62804860394051,177.087188034657,20.9076169977714,11
1050473,48362015,3,8,15:28:25,-79.5363987539175,43.734130754862,,,30.4919435339149,51.0807334167958,228.167921451453,26.9384113318856,11
1050473,48362015,3,9,15:28:31,-79.5370085052234,43.7340025064827,,,30.4919435339149,51.0807334163133,279.248654867766,32.9692056659429,11
1050473,48362015,3,10,15:28:37,-79.5376182539175,43.733874254862,2295,2,30.4919435339149,51.0807334163123,330.329388284078,39,11
1050473,48362015,3,11,15:28:37,-79.5376182539175,43.733874254862,2295,2,1e-12,0,330.329388284078,39,11
1050473,48362015,3,12,15:28:43,-79.538228,43.733746,,,30.2666694373983,51.0807334156124,381.410121699691,45.0756813919203,11
1050473,48362015,3,13,15:28:55,-79.5384454968056,43.7346255002062,,,30.2666694373983,99.4562116440882,480.866333343779,56.9052737644564,11
1050473,48362015,3,14,15:29:07,-79.538663,43.735505,,,30.2666694373983,99.4562116407837,580.322544984563,68.7348661365995,11
1050473,48362015,3,15,15:29:15,-79.5387999958646,43.7361075002455,,,30.2666694373983,67.969136424934,648.291681409497,76.819300125475,11
1050473,48362015,3,16,15:29:23,-79.5389369944861,43.7367100003273,,,30.2666694373983,67.9691364227353,716.260817832232,84.9037341140889,11
1050473,48362015,3,17,15:29:31,-79.5390739958645,43.7373125002455,,,30.2666694373983,67.9691364230637,784.229954255296,92.988168102742,11
1050473,48362015,3,18,15:29:39,-79.539211,43.737915,,,30.2666694373983,67.9691364215257,852.199090676821,101.072602091212,11
1050473,48362015,3,19,15:29:46,-79.5393324989103,43.7384520000643,,,30.2666694373983,60.5720290681619,912.771119744983,108.277204008063,11
1050473,48362015,3,20,15:29:53,-79.539454,43.738989,,,30.2666694373983,60.5720290677451,973.343148812728,115.481805924865,11
1050473,48362015,3,21,15:30:00,-79.5388035015916,43.7391355018445,8041,3,30.2666694373983,54.8011181669216,1028.14426697965,122,11
1050473,48362015,3,22,15:30:00,-79.5388035015916,43.7391355018445,8041,3,1e-12,0,1028.14426697965,122,11
1050473,48362015,3,23,,-79.538153,43.739282,,,,54.8011181681195,1082.94538514777,,11
1050473,48362016,3,1,15:37:58,-79.533683,43.734722,1319,1,1e-12,0,0,0,12
1050473,48362016,3,2,15:37:58,-79.533683,43.734722,1319,1,1e-12,0,0,0,12
1050473,48362016,3,3,15:38:01,-79.533955,43.73467,,,30.4919435339149,22.6308201287467,22.6308201287467,2.67188453805417,12
1050473,48362016,3,4,15:38:08,-79.5347030021297,43.7344995024389,,,30.4919435339149,63.0874259180615,85.7182460468082,10.1202366922031,12
1050473,48362016,3,5,15:38:16,-79.535451,43.734329,,,30.4919435339149,63.087425917281,148.805671964089,17.5685888462598,12
1050473,48362016,3,6,15:38:18,-79.535674,43.734283,,,30.4919435339149,18.653467466627,167.459139430716,19.7708913267549,12
1050473,48362016,3,7,15:38:19,-79.535789,43.734259,,,30.4919435339149,9.62804860394051,177.087188034657,20.9076169977714,12
1050473,48362016,3,8,15:38:25,-79.5363987539175,43.734130754862,,,30.4919435339149,51.0807334167958,228.167921451453,26.9384113318856,12
1050473,48362016,3,9,15:38:31,-79.5370085052234,43.7340025064827,,,30.4919435339149,51.0807334163133,279.248654867766,32.9692056659429,12
1050473,48362016,3,10,15:38:37,-79.5376182539175,43.733874254862,2295,2,30.4919435339149,51.0807334163123,330.329388284078,39,12
1050473,48362016,3,11,15:38:37,-79.5376182539175,43.733874254862,2295,2,1e-12,0,330.329388284078,39,12
1050473,48362016,3,12,15:38:43,-79.538228,43.733746,,,30.2666694373983,51.0807334156124,381.410121699691,45.0756813919203,12
1050473,48362016,3,13,15:38:55,-79.5384454968056,43.7346255002062,,,30.2666694373983,99.4562116440882,480.866333343779,56.9052737644564,12
1050473,48362016,3,14,15:39:07,-79.538663,43.735505,,,30.2666694373983,99.4562116407837,580.322544984563,68.7348661365995,12
1050473,48362016,3,15,15:39:15,-79.5387999958646,43.7361075002455,,,30.2666694373983,67.969136424934,648.291681409497,76.819300125475,12
1050473,48362016,3,16,15:39:23,-79.5389369944861,43.7367100003273,,,30.2666694373983,67.9691364227353,716.260817832232,84.9037341140889,12
1050473,48362016,3,17,15:39:31,-79.5390739958645,43.7373125002455,,,30.2666694373983,67.9691364230637,784.229954255296,92.988168102742,12
1050473,48362016,3,18,15:39:39,-79.539211,43.737915,,,30.2666694373983,67.9691364215257,852.199090676821,101.072602091212,12
1050473,48362016,3,19,15:39:46,-79.5393324989103,43.7384520000643,,,30.2666694373983,60.5720290681619,912.771119744983,108.277204008063,12
1050473,48362016,3,20,15:39:53,-79.539454,43.738989,,,30.2666694373983,60.5720290677451,973.343148812728,115.481805924865,12
1050473,48362016,3,21,15:40:00,-79.5388035015916,43.7391355018445,8041,3,30.2666694373983,54.8011181669216,1028.14426697965,122,12
1050473,48362016,3,22,15:40:00,-79.5388035015916,43.7391355018445,8041,3,1e-12,0,1028.14426697965,122,12
1050473,48362016,3,23,,-79.538153,43.739282,,,,54.8011181681195,1082.94538514777,,12
