shape_id,trip_id,route_type,id,timestamp,shape_pt_lon,shape_pt_lat,stop_id,stop_sequence,speed,dist,cumdist,cumtime,trip_number
1052595,48459590,1,1,05:40:00,-79.264535,43.732238,14499,1,1e-12,0,0,0,1
1052595,48459590,1,2,05:40:00,-79.264535,43.732238,14499,1,1e-12,0,0,0,1
1052595,48459590,1,3,05:40:06,-79.2652780030271,43.7319940024064,,,42.5796367777209,65.6477229921869,65.6477229921869,5.55034802212145,1
1052595,48459590,1,4,05:40:11,-79.266021,43.73175,,,42.5796367777209,65.6477229910296,131.295445983216,11.1006960441451,1
1052595,48459590,1,5,05:40:20,-79.267142,43.731367,,,42.5796367777209,99.7425453323521,231.037991315569,19.5336745843553,1
1052595,48459590,1,6,05:40:26,-79.26782,43.730867,,,42.5796367777209,77.9251478484981,308.963139164067,26.1220476538357,1
1052595,48459590,1,7,05:40:33,-79.268405,43.730221,,,42.5796367777209,85.9404074604181,394.903546624485,33.3880905389029,1
1052595,48459590,1,8,05:40:42,-79.2690935081616,43.7295110020663,,,42.5796367777209,96.5098237948029,491.413370419288,41.5477506946486,1
1052595,48459590,1,9,05:40:50,-79.269782,43.728801,,,42.5796367777209,96.5098237951038,587.923194214392,49.7074108504196,1
1052595,48459590,1,10,05:40:51,-79.269923,43.72866,,,42.5796367777209,19.3652634117498,607.288457626141,51.3446946216794,1
1052595,48459590,1,11,05:40:52,-79.269994,43.728579,,,42.5796367777209,10.6735145247647,617.961972150906,52.2471131296094,1
1052595,48459590,1,12,05:41:01,-79.2706680084168,43.7278310019802,,,42.5796367777209,99.3631825178151,717.325154668721,60.6480175086552,1
1052595,48459590,1,13,05:41:09,-79.271342,43.727083,,,42.5796367777209,99.3631825197889,816.68833718851,69.0489218878679,1
1052595,48459590,1,14,05:41:15,-79.271795,43.726581,,,42.5796367777209,66.7143701046197,883.40270729313,74.6894522106229,1
1052595,48459590,1,15,05:41:21,-79.2722982640761,43.726022503312,,,42.5796367777209,74.1912809762019,957.593988269332,80.9621363321107,1
1052595,48459590,1,16,05:41:27,-79.2728015187679,43.7254640044159,,,42.5796367777209,74.1912809764322,1031.78526924576,87.234820453618,1
1052595,48459590,1,17,05:41:34,-79.2733047640758,43.7249055033119,,,42.5796367777209,74.1912809772371,1105.976550223,93.5075045751933,1
1052595,48459590,1,18,05:41:40,-79.273808,43.724347,,,42.5796367777209,74.1912809762083,1180.16783119921,99.7801886966816,1
1052595,48459590,1,19,05:41:40,-79.273855,43.724303,,,42.5796367777209,6.18766816808545,1186.35549936729,100.303340303667,1
1052595,48459590,1,20,05:41:41,-79.273901,43.724258,,,42.5796367777209,6.22802281813561,1192.58352218543,100.829903793683,1
1052595,48459590,1,21,05:41:41,-79.273947,43.724215,,,42.5796367777209,6.05039595549239,1198.63391814092,101.341449384207,1
1052595,48459590,1,22,05:41:42,-79.273992,43.724169,,,42.5796367777209,6.27112783470285,1204.90504597563,101.871657293748,1
1052595,48459590,1,23,05:41:42,-79.274034,43.724125,,,42.5796367777209,5.95040683510279,1210.85545281073,102.374749058438,1
1052595,48459590,1,24,05:41:43,-79.27408,43.724082,,,42.5796367777209,6.05040098329984,1216.90585379403,102.886295074051,1
1052595,48459590,1,25,05:41:43,-79.274121,43.724033,,,42.5796367777209,6.37436291476569,1223.28021670879,103.425231247061,1
1052595,48459590,1,26,05:41:44,-79.274164,43.723988,,,42.5796367777209,6.08772497065562,1229.36794167945,103.939932910882,1
1052595,48459590,1,27,05:41:44,-79.274205,43.723944,,,42.5796367777209,5.90510306899896,1235.27304474845,104.439194357365,1
1052595,48459590,1,28,05:41:45,-79.274246,43.723895,,,42.5796367777209,6.37436684688987,1241.64741159534,104.978130862827,1
1052595,48459590,1,29,05:41:45,-79.274286,43.72385,,,42.5796367777209,5.9539013097605,1247.6013129051,105.481518076462,1
1052595,48459590,1,30,05:41:46,-79.274324,43.723801,,,42.5796367777209,6.25289835686592,1253.85421126196,106.010184730014,1
1052595,48459590,1,31,05:41:47,-79.274363,43.723753,,,42.5796367777209,6.19637524191581,1260.05058650388,106.534072497947,1
1052595,48459590,1,32,05:41:47,-79.2744,43.723707,,,42.5796367777209,5.92297582509499,1265.97356232898,107.034845040504,1
1052595,48459590,1,33,05:41:48,-79.274438,43.723659,,,42.5796367777209,6.15603407411987,1272.1295964031,107.555322065297,1
1052595,48459590,1,34,05:41:48,-79.274474,43.72361,,,42.5796367777209,6.1758355510653,1278.30543195416,108.077473254606,1
1052595,48459590,1,35,05:41:49,-79.27451,43.72356,,,42.5796367777209,6.27437403446375,1284.57980598862,108.607955622081,1
1052595,48459590,1,36,05:41:49,-79.274543,43.723511,,,42.5796367777209,6.06640492145931,1290.64621091008,109.120854729964,1
1052595,48459590,1,37,05:41:50,-79.274577,43.723462,,,42.5796367777209,6.10204104231871,1296.7482519524,109.636766781234,1
1052595,48459590,1,38,05:41:50,-79.27461,43.723413,,,42.5796367777209,6.06640682138005,1302.81465877378,110.14966604975,1
1052595,48459590,1,39,05:41:51,-79.274644,43.723364,,,42.5796367777209,6.10204304549236,1308.91670181928,110.665578270384,1
1052595,48459590,1,40,05:41:51,-79.274676,43.723311,,,42.5796367777209,6.43712516603322,1315.35382698531,111.209820832121,1
1052595,48459590,1,41,05:41:52,-79.274706,43.723263,,,42.5796367777209,5.8631120018102,1321.21693898712,111.705532040666,1
1052595,48459590,1,42,05:41:52,-79.274738,43.723213,,,42.5796367777209,6.13249259745063,1327.34943158457,112.224018693478,1
1052595,48459590,1,43,05:41:53,-79.274767,43.723159,,,42.5796367777209,6.44811378033583,1333.7975453649,112.769190314607,1
1052595,48459590,1,44,05:41:59,-79.275047,43.722538,,,42.5796367777209,72.7068829530797,1406.50442831798,118.916372358397,1
1052595,48459590,1,45,05:42:02,-79.275247,43.722186,,,42.5796367777209,42.3593209235508,1448.86374924154,122.497745213239,1
1052595,48459590,1,46,05:42:05,-79.275361,43.721935,,,42.5796367777209,29.4078979537462,1478.27164719528,124.984108194355,1
1052595,48459590,1,47,05:42:12,-79.2756922622368,43.7211972514349,,,42.5796367777209,86.3417367541403,1564.61338394942,132.284082450536,1
1052595,48459590,1,48,05:42:20,-79.2760235163154,43.7204595019132,,,42.5796367777209,86.341736761928,1650.95512071135,139.584056707376,1
1052595,48459590,1,49,05:42:27,-79.2763547622364,43.7197217514349,,,42.5796367777209,86.3417367582272,1737.29685746958,146.884030963903,1
1052595,48459590,1,50,05:42:34,-79.276686,43.718984,,,42.5796367777209,86.3417367570992,1823.63859422668,154.184005220334,1
1052595,48459590,1,51,05:42:40,-79.2769370023312,43.7184275002746,,,42.5796367777209,65.1577109404788,1888.79630516715,159.692923969694,1
1052595,48459590,1,52,05:42:45,-79.277188,43.717871,,,42.5796367777209,65.1577109416811,1953.95401610884,165.201842719155,1
1052595,48459590,1,53,05:42:46,-79.277235,43.717777,,,42.5796367777209,11.1263354435396,1965.08035155238,166.142546084143,1
1052595,48459590,1,54,05:42:47,-79.277282,43.717687,,,42.5796367777209,10.7086344125106,1975.78898596489,167.047933889264,1
1052595,48459590,1,55,05:42:48,-79.277327,43.717598,,,42.5796367777209,10.5482528604584,1986.33723882534,167.939761842045,1
1052595,48459590,1,56,05:42:49,-79.277372,43.717504,,,42.5796367777209,11.0726864408037,1997.40992526615,168.875929320293,1
1052595,48459590,1,57,05:42:50,-79.277416,43.717415,,,42.5796367777209,10.5209122055491,2007.9308374717,169.765445690235,1
1052595,48459590,1,58,05:42:51,-79.277461,43.71732,,,42.5796367777209,11.1779496681469,2019.10878713984,170.710512906646,1
1052595,48459590,1,59,05:42:52,-79.277504,43.717231,,,42.5796367777209,10.4941168789862,2029.60290401883,171.597763799874,1
1052595,48459590,1,60,05:42:53,-79.277546,43.717137,,,42.5796367777209,10.9961354841449,2040.59903950298,172.527459089423,1
1052595,48459590,1,61,05:42:53,-79.277586,43.717047,,,42.5796367777209,10.5229682665007,2051.12200776948,173.417149294089,1
1052595,48459590,1,62,05:42:54,-79.277627,43.716954,,,42.5796367777209,10.8655631717436,2061.98757094122,174.335805026699,1
1052595,48459590,1,63,05:42:55,-79.277667,43.716861,,,42.5796367777209,10.8414089876453,2072.82897992887,175.252418584472,1
1052595,48459590,1,64,05:42:56,-79.277705,43.71677,,,42.5796367777209,10.5814014010221,2083.41038132989,176.147049162054,1
1052595,48459590,1,65,05:42:57,-79.277743,43.716677,,,42.5796367777209,10.7947371881793,2094.20511851807,177.059716737879,1
1052595,48459590,1,66,05:42:58,-79.277781,43.716582,,,42.5796367777209,11.0084414524386,2105.2135599705,177.99045246575,1
1052595,48459590,1,67,05:42:59,-79.277818,43.716489,,,42.5796367777209,10.772228011047,2115.98578798155,178.901216947894,1
1052595,48459590,1,68,05:43:00,-79.277855,43.716395,,,42.5796367777209,10.8792570221395,2126.86504500369,179.821030460728,1
1052595,48459590,1,69,05:43:01,-79.27789,43.716305,,,42.5796367777209,10.4069945604911,2137.27203956418,180.700915383499,1
1052595,48459590,1,70,05:43:02,-79.277924,43.716211,,,42.5796367777209,10.8157023396578,2148.08774190384,181.615355509563,1
1052595,48459590,1,71,05:43:03,-79.277957,43.716117,,,42.5796367777209,10.7956338327279,2158.88337573657,182.528098894404,1
1052595,48459590,1,72,05:43:03,-79.277991,43.716024,,,42.5796367777209,10.7080415786993,2169.59141731527,183.433436576934,1
1052595,48459590,1,73,05:43:04,-79.278023,43.71593,,,42.5796367777209,10.7761295358711,2180.36754685114,184.34453092308,1
1052595,48459590,1,74,05:43:05,-79.278031,43.715906,,,42.5796367777209,2.74811244369835,2183.11565929484,184.576876841129,1
1052595,48459590,1,75,05:43:05,-79.278055,43.715834,,,42.5796367777209,8.2443376858165,2191.35999698065,185.273914625267,1
1052595,48459590,1,76,05:43:06,-79.278085,43.715741,,,42.5796367777209,10.6303793350558,2201.99037631571,186.17268616261,1
1052595,48459590,1,77,05:43:07,-79.278121,43.715656,,,42.5796367777209,9.89557047503607,2211.88594679075,187.009331479621,1
1052595,48459590,1,78,05:43:08,-79.278157,43.715571,,,42.5796367777209,9.89557167429228,2221.78151846504,187.845976898027,1
1052595,48459590,1,79,05:43:09,-79.278191,43.715486,,,42.5796367777209,9.84967210343204,2231.63119056847,188.678741624449,1
1052595,48459590,1,80,05:43:10,-79.278225,43.715401,,,42.5796367777209,9.84967318126892,2241.48086374974,189.511506442,1
1052595,48459590,1,81,05:43:10,-79.278257,43.71532,,,42.5796367777209,9.37727242625588,2250.85813617599,190.304330977135,1
1052595,48459590,1,82,05:43:11,-79.278289,43.715236,,,42.5796367777209,9.69883038199976,2260.55696655799,191.124342419634,1
1052595,48459590,1,83,05:43:12,-79.27832,43.71515,,,42.5796367777209,9.89306676309261,2270.45003332109,191.960776054168,1
1052595,48459590,1,84,05:43:13,-79.278351,43.715066,,,42.5796367777209,9.67778371926995,2280.12781704036,192.77900805486,1
1052595,48459590,1,85,05:43:14,-79.278381,43.71498,,,42.5796367777209,9.87308974686847,2290.00090678723,193.613752683479,1
1052595,48459590,1,86,05:43:14,-79.278409,43.714895,,,42.5796367777209,9.72665992827083,2299.7275667155,194.436117043339,1
1052595,48459590,1,87,05:43:15,-79.278438,43.71481,,,42.5796367777209,9.74561125327405,2309.47317796877,195.26008368953,1
1052595,48459590,1,88,05:43:16,-79.278465,43.714721,,,42.5796367777209,10.1428166974843,2319.61599466625,196.117633045847,1
1052595,48459590,1,89,05:43:17,-79.278492,43.714636,,,42.5796367777209,9.70834136709062,2329.32433603335,196.938448617947,1
1052595,48459590,1,90,05:43:18,-79.278517,43.714549,,,42.5796367777209,9.89148495860865,2339.21582099195,197.774748514935,1
1052595,48459590,1,91,05:43:19,-79.278541,43.714465,,,42.5796367777209,9.54814913406877,2348.76397012602,198.582020241138,1
1052595,48459590,1,92,05:43:19,-79.278564,43.71438,,,42.5796367777209,9.64142825176462,2358.40539837779,199.397178479513,1
1052595,48459590,1,93,05:43:20,-79.278587,43.714295,,,42.5796367777209,9.6414287581797,2368.04682713597,200.212336760703,1
1052595,48459590,1,94,05:43:21,-79.278602,43.71424,,,42.5796367777209,6.24039567194429,2374.28722280791,200.739946344042,1
1052595,48459590,1,95,05:43:29,-79.2787800025381,43.7133855001381,,,42.5796367777209,96.1946943896318,2470.48191719754,208.872963110025,1
1052595,48459590,1,96,05:43:37,-79.278958,43.712531,,,42.5796367777209,96.1946943914261,2566.67661158897,217.00597987616,1
1052595,48459590,1,97,05:43:42,-79.2790600009684,43.7119620000453,,,42.5796367777209,63.8703092354332,2630.5469208244,222.406052085509,1
1052595,48459590,1,98,05:43:48,-79.279162,43.711393,,,42.5796367777209,63.8703092321425,2694.41723005654,227.80612429458,1
1052595,48459590,1,99,05:43:55,-79.279298,43.710635,14500,2,42.5796367777209,85.0868373780128,2779.50406743456,235,1
1052595,48459590,1,100,05:43:55,-79.279298,43.710635,14500,2,1e-12,0,2779.50406743456,235,1
1052595,48459590,1,101,05:44:00,-79.2794015009221,43.7101010000467,,,41.4934533937476,60.025179657604,2839.52924709216,240.207825068615,1
1052595,48459590,1,102,05:44:05,-79.279505,43.709567,,,41.4934533937476,60.0251796619167,2899.55442675408,245.415650137605,1
1052595,48459590,1,103,05:44:11,-79.2796180011246,43.7089705000557,,,41.4934533937476,67.0217641240969,2966.57619087818,251.230503593092,1
1052595,48459590,1,104,05:44:17,-79.279731,43.708374,,,41.4934533937476,67.0217641285191,3033.59795500669,257.045357048964,1
1052595,48459590,1,105,05:44:22,-79.279832,43.707825,,,41.4934533937476,61.652451874017,3095.25040688071,262.394365352522,1
1052595,48459590,1,106,05:44:29,-79.2799345011201,43.7071700000458,,,41.4934533937476,73.3793147919189,3168.62972167263,268.760804191539,1
1052595,48459590,1,107,05:44:35,-79.280037,43.706515,,,41.4934533937476,73.3793147934533,3242.00903646608,275.127243030689,1
1052595,48459590,1,108,05:44:43,-79.2801815020092,43.705681500091,,,41.4934533937476,93.5106185774856,3335.51965504357,283.240287362875,1
1052595,48459590,1,109,05:44:51,-79.280326,43.704848,,,41.4934533937476,93.5106185816023,3429.03027362517,291.353331695418,1
1052595,48459590,1,110,05:44:59,-79.280448,43.704103,,,41.4934533937476,83.5121334544681,3512.54240707964,298.598900715262,1
1052595,48459590,1,111,05:45:07,-79.280593,43.703231,,,41.4934533937476,97.7694462992016,3610.31185337884,307.081443812775,1
1052595,48459590,1,112,05:45:12,-79.280677,43.702719,,,41.4934533937476,57.3950679563658,3667.70692133521,312.06107861642,1
1052595,48459590,1,113,05:45:15,-79.280728,43.702418,,,41.4934533937476,33.7576017167116,3701.46452305192,314.989910907792,1
1052595,48459590,1,114,05:45:23,-79.280869,43.70157,,,41.4934533937476,95.0784937838413,3796.54301683576,323.23898515027,1
1052595,48459590,1,115,05:45:27,-79.280937,43.701171,,,41.4934533937476,44.7523416141769,3841.29535844994,327.121728490098,1
1052595,48459590,1,116,05:45:28,-79.280945,43.70108,,,41.4934533937476,10.1505128003477,3851.44587125028,328.002393826254,1
1052595,48459590,1,117,05:45:29,-79.280955,43.700995,,,41.4934533937476,9.49632010930241,3860.94219135959,328.826300963341,1
1052595,48459590,1,118,05:45:30,-79.280965,43.700909,,,41.4934533937476,9.60724385420002,3870.54943521379,329.659831919343,1
1052595,48459590,1,119,05:45:31,-79.280977,43.70082,,,41.4934533937476,9.95439275284216,3880.50382796663,330.523481747911,1
1052595,48459590,1,120,05:45:31,-79.28099,43.700734,,,41.4934533937476,9.63047482910294,3890.13430279573,331.359028238963,1
1052595,48459590,1,121,05:45:33,-79.281017,43.70056,,,41.4934533937476,19.4910944558094,3909.62539725154,333.050088738919,1
1052595,48459590,1,122,05:45:35,-79.281057,43.700335,,,41.4934533937476,25.2529136743377,3934.87831092588,335.241048560097,1
1052595,48459590,1,123,05:45:36,-79.281071,43.700228,,,41.4934533937476,11.9643569307931,3946.84266785667,336.279084236282,1
1052595,48459590,1,124,05:45:38,-79.281094,43.700097,,,41.4934533937476,14.6998628892835,3961.54253074596,337.554454254276,1
1052595,48459590,1,125,05:45:38,-79.281111,43.700017,,,41.4934533937476,9.01004214703919,3970.552572893,338.336171587407,1
1052595,48459590,1,126,05:45:39,-79.281136,43.699908,,,41.4934533937476,12.2995072865024,3982.8520801795,339.403285134482,1
1052595,48459590,1,127,05:45:40,-79.281165,43.699801,,,41.4934533937476,12.1376931271911,3994.98977330669,340.456359575967,1
1052595,48459590,1,128,05:45:41,-79.281197,43.699697,,,41.4934533937476,11.8602181947137,4006.8499915014,341.485360105178,1
1052595,48459590,1,129,05:45:43,-79.281231,43.699594,,,41.4934533937476,11.7879020113135,4018.63789351272,342.508086433547,1
1052595,48459590,1,130,05:45:44,-79.28127,43.699487,,,41.4934533937476,12.3177975435355,4030.95569105625,343.576786855658,1
1052595,48459590,1,131,05:45:45,-79.281311,43.699385,,,41.4934533937476,11.8243331032096,4042.78002415946,344.602673970129,1
1052595,48459590,1,132,05:45:46,-79.281356,43.699281,,,41.4934533937476,12.1304811657764,4054.91050532524,345.655122696977,1
1052595,48459590,1,133,05:45:47,-79.281404,43.699184,,,41.4934533937476,11.4682250207152,4066.37873034595,346.650113634049,1
1052595,48459590,1,134,05:45:48,-79.281451,43.699084,,,41.4934533937476,11.7570652207831,4078.13579556674,347.670164541674,1
1052595,48459590,1,135,05:45:49,-79.281499,43.698986,,,41.4934533937476,11.5731036969151,4089.70889926365,348.674254823424,1
1052595,48459590,1,136,05:45:50,-79.281551,43.698892,,,41.4934533937476,11.2698990241534,4100.9787982878,349.652038863281,1
1052595,48459590,1,137,05:45:51,-79.281605,43.698799,,,41.4934533937476,11.227936764171,4112.20673505197,350.626182229162,1
1052595,48459590,1,138,05:45:52,-79.281664,43.698705,,,41.4934533937476,11.4910242068702,4123.69775925885,351.623151239,1
1052595,48459590,1,139,05:45:52,-79.281693,43.69866,,,41.4934533937476,5.52642072256643,4129.22417998141,352.102627227958,1
1052595,48459590,1,140,05:45:53,-79.281724,43.698611,,,41.4934533937476,5.99816829764511,4135.22234827906,352.62303235468,1
1052595,48459590,1,141,05:45:53,-79.281755,43.698568,,,41.4934533937476,5.3979285367887,4140.62027681585,353.091360274944,1
1052595,48459590,1,142,05:45:54,-79.281787,43.698523,,,41.4934533937476,5.63264723044312,4146.25292404629,353.580052547365,1
1052595,48459590,1,143,05:45:54,-79.281819,43.698473,,,41.4934533937476,6.13293886325982,4152.38586290955,354.112150459251,1
1052595,48459590,1,144,05:45:55,-79.281853,43.69843,,,41.4934533937476,5.51368822148184,4157.89955113103,354.590521767827,1
1052595,48459590,1,145,05:45:55,-79.281888,43.698384,,,41.4934533937476,5.84434626090557,4163.74389739194,355.097581190903,1
1052595,48459590,1,146,05:45:56,-79.281923,43.69834,,,41.4934533937476,5.65029467501553,4169.39419206695,355.587804567517,1
1052595,48459590,1,147,05:45:56,-79.281957,43.698296,,,41.4934533937476,5.61060582081827,4175.00479788777,356.074584512374,1
1052595,48459590,1,148,05:45:57,-79.281994,43.698252,,,41.4934533937476,5.73224275790481,4180.73704064567,356.571917759926,1
1052595,48459590,1,149,05:45:57,-79.28203,43.698211,,,41.4934533937476,5.40608889507144,4186.14312954075,357.040953678378,1
1052595,48459590,1,150,05:45:58,-79.282069,43.698166,,,41.4934533937476,5.91152257941374,4192.05465212016,357.553841364152,1
1052595,48459590,1,151,05:45:58,-79.282107,43.698123,,,41.4934533937476,5.68034771757269,4197.73499983773,358.046672163006,1
1052595,48459590,1,152,05:45:59,-79.282146,43.698078,,,41.4934533937476,5.91152502539797,4203.64652486313,358.559560060995,1
1052595,48459590,1,153,05:45:59,-79.282184,43.698038,,,41.4934533937476,5.40192206218365,4209.04844692531,359.028234462215,1
1052595,48459590,1,154,05:46:00,-79.282226,43.697993,,,41.4934533937476,6.04319383402096,4215.09164075933,359.552546034839,1
1052595,48459590,1,155,05:46:00,-79.282266,43.697953,,,41.4934533937476,5.49465940392065,4220.58630016326,360.029266390371,1
1052595,48459590,1,156,05:46:00,-79.282306,43.697914,,,41.4934533937476,5.40484276229684,4225.99114292555,360.498194193502,1
1052595,48459590,1,157,05:46:01,-79.282348,43.697869,,,41.4934533937476,6.0431977441823,4232.03434066973,361.022506105375,1
1052595,48459590,1,158,05:46:01,-79.282386,43.697829,,,41.4934533937476,5.40192809582776,4237.43626876556,361.491181030078,1
1052595,48459590,1,159,05:46:02,-79.282425,43.697793,,,41.4934533937476,5.09042573110089,4242.52669449666,361.932829799537,1
1052595,48459590,1,160,05:46:02,-79.282463,43.697754,,,41.4934533937476,5.3105442675388,4247.8372387642,362.393576201667,1
1052595,48459590,1,161,05:46:03,-79.282504,43.697714,,,41.4934533937476,5.54220606397205,4253.37944482817,362.874421737491,1
1052595,48459590,1,162,05:46:03,-79.282544,43.697679,,,41.4934533937476,5.05414351190637,4258.43358834008,363.312922637144,1
1052595,48459590,1,163,05:46:04,-79.282586,43.697638,,,41.4934533937476,5.67956598726389,4264.11315432734,363.80568561255,1
1052595,48459590,1,164,05:46:04,-79.282627,43.697604,,,41.4934533937476,5.02135720484758,4269.13451153219,364.241341950091,1
1052595,48459590,1,165,05:46:05,-79.282668,43.697568,,,41.4934533937476,5.1912354013543,4274.32574693355,364.691737034528,1
1052595,48459590,1,166,05:46:05,-79.282712,43.697528,,,41.4934533937476,5.68928002133707,4280.01502695488,365.185342806081,1
1052595,48459590,1,167,05:46:06,-79.282755,43.697492,,,41.4934533937476,5.29501587392508,4285.31004282881,365.644741954309,1
1052595,48459590,1,168,05:46:06,-79.282799,43.697457,,,41.4934533937476,5.26506667142888,4290.57510950024,366.101542689531,1
1052595,48459590,1,169,05:46:07,-79.282844,43.697423,,,41.4934533937476,5.23854952858095,4295.81365902882,366.556042779555,1
1052595,48459590,1,170,05:46:07,-79.282889,43.697386,,,41.4934533937476,5.48469861714616,4301.29835764596,367.031898930509,1
1052595,48459590,1,171,05:46:07,-79.282934,43.697352,,,41.4934533937476,5.23855249605846,4306.53691014202,367.486399277994,1
1052595,48459590,1,172,05:46:08,-79.28298,43.697321,,,41.4934533937476,5.06117257721015,4311.59808271923,367.925510024093,1
1052595,48459590,1,173,05:46:08,-79.283028,43.697285,,,41.4934533937476,5.5663825115442,4317.16446523078,368.408453124813,1
1052595,48459590,1,174,05:46:09,-79.283073,43.69725,,,41.4934533937476,5.31954195984704,4322.48400719062,368.869980172796,1
1052595,48459590,1,175,05:46:09,-79.28312,43.69722,,,41.4934533937476,5.04599096913587,4327.52999815976,369.30777375234,1
1052595,48459590,1,176,05:46:10,-79.283168,43.697184,,,41.4934533937476,5.56638703098362,4333.09638519074,369.79071724517,1
1052595,48459590,1,177,05:46:10,-79.283217,43.697153,,,41.4934533937476,5.24039006058298,4338.33677525133,370.245377020992,1
1052595,48459590,1,178,05:46:11,-79.283245,43.697136,,,41.4934533937476,2.94275621365627,4341.27953146498,370.50069253471,1
1052595,48459590,1,179,05:46:11,-79.283264,43.697123,,,41.4934533937476,2.10539882403297,4343.38493028902,370.683358356584,1
1052595,48459590,1,180,05:46:11,-79.283314,43.697091,,,41.4934533937476,5.37435679704062,4348.75928708606,371.149641176809,1
1052595,48459590,1,181,05:46:12,-79.283364,43.697061,,,41.4934533937476,5.22944701926992,4353.98873410533,371.603351526987,1
1052595,48459590,1,182,05:46:12,-79.283414,43.697029,,,41.4934533937476,5.3743599106655,4359.36309401599,372.069634617353,1
1052595,48459590,1,183,05:46:13,-79.283465,43.696999,,,41.4934533937476,5.29163493385098,4364.65472894984,372.52874043294,1
1052595,48459590,1,184,05:46:13,-79.283515,43.696968,,,41.4934533937476,5.30123380418169,4369.95596275402,372.988679052991,1
1052595,48459590,1,185,05:46:13,-79.283566,43.696938,,,41.4934533937476,5.29163817391619,4375.24760092794,373.447785149688,1
1052595,48459590,1,186,05:46:14,-79.283618,43.696912,,,41.4934533937476,5.08850114579785,4380.33610207374,373.889266940829,1
1052595,48459590,1,187,05:46:14,-79.283671,43.696881,,,41.4934533937476,5.48677984498955,4385.82288191873,374.365303660514,1
1052595,48459590,1,188,05:46:15,-79.283724,43.696854,,,41.4934533937476,5.21821999733559,4391.04110191606,374.818039946697,1
1052595,48459590,1,189,05:46:15,-79.283779,43.696828,,,41.4934533937476,5.2888804217544,4396.32998233782,375.276906778957,1
1052595,48459590,1,190,05:46:16,-79.283833,43.696802,,,41.4934533937476,5.2217043105873,4401.55168664841,375.729945366508,1
1052595,48459590,1,191,05:46:16,-79.283888,43.696775,,,41.4934533937476,5.35061379258411,4406.90230044099,376.194168227655,1
1052595,48459590,1,192,05:46:17,-79.283941,43.69675,,,41.4934533937476,5.09324185930965,4411.9955423003,376.636061326297,1
1052595,48459590,1,193,05:46:17,-79.284008,43.696715,,,41.4934533937476,6.65274649005956,4418.64828879036,377.213258098446,1
1052595,48459590,1,194,05:46:18,-79.284074,43.696684,,,41.4934533937476,6.3345106443991,4424.98279943476,377.762844514005,1
1052595,48459590,1,195,05:46:18,-79.284141,43.696654,,,41.4934533937476,6.34284541851431,4431.32564485327,378.313154060188,1
1052595,48459590,1,196,05:46:19,-79.284209,43.696623,,,41.4934533937476,6.47009549823178,4437.7957403515,378.874503909105,1
1052595,48459590,1,197,05:46:19,-79.284277,43.696592,,,41.4934533937476,6.47009789095204,4444.26583824246,379.435853965616,1
1052595,48459590,1,198,05:46:20,-79.284293,43.696584,,,41.4934533937476,1.56569861372969,4445.83153685619,379.571695033265,1
1052595,48459590,1,199,05:46:20,-79.284345,43.696563,,,41.4934533937476,4.79384213655864,4450.62537899274,379.987612010043,1
1052595,48459590,1,200,05:46:21,-79.284414,43.696532,,,41.4934533937476,6.53832466382695,4457.16370365657,380.554881467381,1
1052595,48459590,1,201,05:46:21,-79.284483,43.696501,,,41.4934533937476,6.53832710089178,4463.70203075746,381.122151136161,1
1052595,48459590,1,202,05:46:22,-79.284554,43.696476,,,41.4934533937476,6.35608561855647,4470.05811637602,381.673609411029,1
1052595,48459590,1,203,05:46:22,-79.284623,43.696445,,,41.4934533937476,6.53833150839412,4476.59644788441,382.240879462207,1
1052595,48459590,1,204,05:46:23,-79.284693,43.696418,,,41.4934533937476,6.38555243283539,4482.98200031725,382.794894297754,1
1052595,48459590,1,205,05:46:23,-79.284766,43.696392,,,41.4934533937476,6.54962080969257,4489.53162112694,383.363143816326,1
1052595,48459590,1,206,05:46:24,-79.284835,43.696367,,,41.4934533937476,6.21177434192519,4495.74339546887,383.902081547508,1
1052595,48459590,1,207,05:46:27,-79.28528,43.696199,,,41.4934533937476,40.4046564950085,4536.14805196388,387.407616794279,1
1052595,48459590,1,208,05:46:32,-79.2858565021055,43.6959800014486,,,41.4934533937476,52.4146572289249,4588.5627091928,391.955147804377,1
1052595,48459590,1,209,05:46:37,-79.286433,43.695761,,,41.4934533937476,52.4146572278849,4640.97736642068,396.502678814385,1
1052595,48459590,1,210,05:46:41,-79.2869950020337,43.6955440013767,,,41.4934533937476,51.2794357569653,4692.25680217765,400.951717243972,1
1052595,48459590,1,211,05:46:45,-79.287557,43.695327,,,41.4934533937476,51.2794357572322,4743.53623793488,405.400755673583,1
1052595,48459590,1,212,05:46:49,-79.287952,43.695175,,,41.4934533937476,36.0146164630997,4779.55085439798,408.525408086503,1
1052595,48459590,1,213,05:46:55,-79.2888075046008,43.6948525031901,,,41.4934533937476,77.6537988276165,4857.2046532256,415.262704043207,1
1052595,48459590,1,214,05:47:02,-79.289663,43.69453,14501,3,41.4934533937476,77.653798828626,4934.85845205422,422,1
1052595,48459590,1,215,05:47:02,-79.289663,43.69453,14501,3,1e-12,0,4934.85845205422,422,1
1052595,48459590,1,216,05:47:03,-79.289736,43.694505,,,40.9423797953684,6.50136235630167,4941.35981441053,422.571654715717,1
1052595,48459590,1,217,05:47:03,-79.289807,43.694479,,,40.9423797953684,6.40577804152658,4947.76559245205,423.134904850779,1
1052595,48459590,1,218,05:47:04,-79.289879,43.694454,,,40.9423797953684,6.42871842904289,4954.1943108811,423.70017209856,1
1052595,48459590,1,219,05:47:09,-79.2905190081002,43.6942010053561,,,40.9423797953684,58.7090340408542,5012.90334492195,428.862366470344,1
1052595,48459590,1,220,05:47:14,-79.2911590108002,43.6939480071414,,,40.9423797953684,58.7090340423946,5071.61237896434,434.024560842263,1
1052595,48459590,1,221,05:47:19,-79.2917990081002,43.6936950053561,,,40.9423797953684,58.7090340421656,5130.32141300651,439.186755214162,1
1052595,48459590,1,222,05:47:24,-79.292439,43.693442,,,40.9423797953684,58.7090340421068,5189.03044704862,444.348949586055,1
1052595,48459590,1,223,05:47:30,-79.293146510883,43.6931345065455,,,40.9423797953684,66.4429420437056,5255.47338909232,450.19117450197,1
1052595,48459590,1,224,05:47:36,-79.2938540145106,43.6928270087273,,,40.9423797953684,66.4429420463134,5321.91633113864,456.033399418114,1
1052595,48459590,1,225,05:47:42,-79.294561510883,43.6925195065454,,,40.9423797953684,66.4429420442812,5388.35927318292,461.875624334079,1
1052595,48459590,1,226,05:47:48,-79.295269,43.692212,,,40.9423797953684,66.4429420456347,5454.80221522855,467.717849250163,1
1052595,48459590,1,227,05:47:53,-79.2958032694627,43.6918998837089,,,40.9423797953684,55.2858293357778,5510.08804456433,472.579046537755,1
1052595,48459590,1,228,05:47:57,-79.2963375333645,43.6915877649293,,,40.9423797953684,55.285829340266,5565.3738739046,477.440243825742,1
1052595,48459590,1,229,05:48:02,-79.2968717917054,43.6912756436615,,,40.9423797953684,55.2858293376601,5620.65970324226,482.301441113499,1
1052595,48459590,1,230,05:48:07,-79.2974060444856,43.6909635199055,,,40.9423797953684,55.2858293378214,5675.94553258008,487.16263840127,1
1052595,48459590,1,231,05:48:12,-79.297940291705,43.6906513936613,,,40.9423797953684,55.2858293384536,5731.23136191853,492.023835689098,1
1052595,48459590,1,232,05:48:17,-79.2984745333639,43.6903392649289,,,40.9423797953684,55.2858293353645,5786.51719125389,496.885032976653,1
1052595,48459590,1,233,05:48:22,-79.2990087694622,43.6900271337085,,,40.9423797953684,55.2858293394925,5841.80302059339,501.746230264572,1
1052595,48459590,1,234,05:48:27,-79.299543,43.689715,,,40.9423797953684,55.2858293378608,5897.08884993125,506.607427552347,1
1052595,48459590,1,235,05:48:32,-79.3001935023101,43.6895020018444,,,40.9423797953684,57.4800274774828,5954.56887740873,511.661557281814,1
1052595,48459590,1,236,05:48:37,-79.300844,43.689289,,,40.9423797953684,57.4800274751416,6012.04890488387,516.715687011077,1
1052595,48459590,1,237,05:48:42,-79.3015245020876,43.6891050020184,,,40.9423797953684,58.4811456019966,6070.53005048587,521.857843505629,1
1052595,48459590,1,238,05:48:47,-79.302205,43.688921,14502,4,40.9423797953684,58.4811455999335,6129.0111960858,527,1
1052595,48459590,1,239,05:48:47,-79.302205,43.688921,14502,4,1e-12,0,6129.0111960858,527,1
1052595,48459590,1,240,05:48:50,-79.302617,43.688809,,,43.012266758121,35.4302154917821,6164.44141157759,529.965404648113,1
1052595,48459590,1,241,05:48:56,-79.303507,43.688596,,,43.012266758121,75.4628772097599,6239.90428878735,536.281425133219,1
1052595,48459590,1,242,05:49:04,-79.3046180046584,43.6883445053801,,,43.012266758121,93.7109019962093,6333.61519078355,544.124751528535,1
1052595,48459590,1,243,05:49:12,-79.305729,43.688093,,,43.012266758121,93.7109019970062,6427.32609278056,551.968077923918,1
1052595,48459590,1,244,05:49:20,-79.3067995043725,43.687848004995,,,43.012266758121,90.3846566990942,6517.71074947965,559.53300738803,1
1052595,48459590,1,245,05:49:27,-79.30787,43.687603,,,43.012266758121,90.3846567001412,6608.0954061798,567.097936852229,1
1052595,48459590,1,246,05:49:31,-79.3084695013693,43.6874660015665,,,43.012266758121,50.6105222895308,6658.70592846933,571.33388845336,1
1052595,48459590,1,247,05:49:36,-79.309069,43.687329,,,43.012266758121,50.6105222879454,6709.31645075727,575.569840054357,1
1052595,48459590,1,248,05:49:43,-79.3101095036081,43.6871210047189,,,43.012266758121,86.8993291181024,6796.21577987537,582.843057868811,1
1052595,48459590,1,249,05:49:50,-79.31115,43.686913,,,43.012266758121,86.8993291158761,6883.11510899125,590.116275683077,1
1052595,48459590,1,250,05:49:52,-79.31142,43.686862,,,43.012266758121,22.4636960005536,6905.5788049918,591.996420853216,1
1052595,48459590,1,251,05:49:57,-79.312163,43.686698,,,43.012266758121,62.5343161370995,6968.1131211289,597.230358868144,1
1052595,48459590,1,252,05:49:59,-79.312442,43.68665,,,43.012266758121,23.0858845923666,6991.19900572127,599.162579390254,1
1052595,48459590,1,253,05:50:04,-79.313205,43.686496,,,43.012266758121,63.7678279952023,7054.96683371647,604.499758713392,1
1052595,48459590,1,254,05:50:12,-79.314277,43.686279,14503,5,43.012266758121,89.6117719360747,7144.57860565255,612,1
1052595,48459590,1,255,05:50:12,-79.314277,43.686279,14503,5,1e-12,0,7144.57860565255,612,1
1052595,48459590,1,256,05:50:17,-79.3150155023268,43.6860900023772,,,48.2031768862725,63.0617277881587,7207.64033344071,616.709694146778,1
1052595,48459590,1,257,05:50:21,-79.315754,43.685901,,,48.2031768862725,63.0617277866742,7270.70206122738,621.419388293445,1
1052595,48459590,1,258,05:50:27,-79.316708,43.685693,,,48.2031768862725,80.2110938623239,7350.9131550897,627.409863539208,1
1052595,48459590,1,259,05:50:33,-79.317659,43.685487,,,48.2031768862725,79.9159893417987,7430.8291444315,633.378299236076,1
1052595,48459590,1,260,05:50:36,-79.318151,43.685378,,,48.2031768862725,41.4229464273502,7472.25209085885,636.47192535724,1
1052595,48459590,1,261,05:50:40,-79.318703,43.685272,,,48.2031768862725,45.976041802074,7518.22813266093,639.905594280721,1
1052595,48459590,1,262,05:50:46,-79.319722,43.685035,,,48.2031768862725,86.1680351717026,7604.39616783263,646.340956982022,1
1052595,48459590,1,263,05:50:52,-79.320685,43.684834,,,48.2031768862725,80.6865297896482,7685.08269762228,652.366939624786,1
1052595,48459590,1,264,05:50:57,-79.321374,43.684696,,,48.2031768862725,57.5531433731501,7742.63584099543,656.665231345935,1
1052595,48459590,1,265,05:50:59,-79.321671,43.684614,,,48.2031768862725,25.5920607642608,7768.22790175969,658.576545593307,1
1052595,48459590,1,266,05:51:05,-79.3227455039226,43.6843950050324,,,48.2031768862725,89.8684926657302,7858.09639442542,665.288272796681,1
1052595,48459590,1,267,05:51:12,-79.32382,43.684176,14504,6,48.2031768862725,89.8684926650043,7947.96488709042,672,1
1052595,48459590,1,268,05:51:12,-79.32382,43.684176,14504,6,1e-12,0,7947.96488709042,672,1
1052595,48459590,1,269,05:51:17,-79.32412,43.684115,,,18.1117349717796,25.0869809660715,7973.05186805649,676.986442856997,1
1052595,48459590,1,270,05:51:36,-79.32525,43.683866,,,18.1117349717796,95.096392163653,8068.14826022015,695.888387498003,1
1052595,48459590,1,271,05:51:50,-79.326098,43.683688,,,18.1117349717796,71.0833788929241,8139.23163911307,710.017357716111,1
1052595,48459590,1,272,05:52:00,-79.326687,43.683563,,,18.1117349717796,49.4154767128557,8188.64711582593,719.839482236123,1
1052595,48459590,1,273,05:52:16,-79.327653,43.683337,,,18.1117349717796,81.7337262989274,8270.38084212486,736.085381104156,1
1052595,48459590,1,274,05:52:34,-79.328751,43.683107,,,18.1117349717796,92.0255796687453,8362.4064217936,754.376952139381,1
1052595,48459590,1,275,05:52:52,-79.329813,43.682896,14505,7,18.1117349717796,88.6622145129216,8451.06863630652,772,1
1052595,48459590,1,276,05:52:52,-79.329813,43.682896,14505,7,1e-12,0,8451.06863630652,772,1
1052595,48459590,1,277,05:52:56,-79.330427,43.682772,,,46.8136201086251,51.3202971590901,8502.38893346561,775.946566604848,1
1052595,48459590,1,278,05:53:00,-79.3311285018417,43.6826145021449,,,46.8136201086251,59.1323596364226,8561.52129310203,780.493886256632,1
1052595,48459590,1,279,05:53:05,-79.33183,43.682457,,,46.8136201086251,59.1323596366794,8620.65365273871,785.041205908436,1
1052595,48459590,1,280,05:53:12,-79.332863,43.682235,,,46.8136201086251,86.7549667546169,8707.40861949333,791.712723291453,1
1052595,48459590,1,281,05:53:16,-79.3334827541604,43.6821007550224,,,46.8136201086251,52.0828428100619,8759.49146230339,795.717930188103,1
1052595,48459590,1,282,05:53:20,-79.3341025055473,43.6819665066965,,,46.8136201086251,52.0828428103095,8811.5743051137,799.723137084772,1
1052595,48459590,1,283,05:53:24,-79.3347222541605,43.6818322550224,,,46.8136201086251,52.0828428089551,8863.65714792266,803.728343981337,1
1052595,48459590,1,284,05:53:28,-79.335342,43.681698,,,46.8136201086251,52.0828428098594,8915.73999073252,807.733550877972,1
1052595,48459590,1,285,05:53:31,-79.335848,43.681594,,,46.8136201086251,42.3487217760099,8958.08871250853,810.990197085632,1
1052595,48459590,1,286,05:53:37,-79.3368225034272,43.6813830041392,,,46.8136201086251,81.8931620259219,9039.98187453445,817.287838297938,1
1052595,48459590,1,287,05:53:44,-79.337797,43.681172,,,46.8136201086251,81.8931620250365,9121.87503655948,823.585479510177,1
1052595,48459590,1,288,05:53:47,-79.338299,43.681063,,,46.8136201086251,42.1960771800064,9164.07111373949,826.830387242062,1
1052595,48459590,1,289,05:53:52,-79.3391075020348,43.6809120028491,14506,8,46.8136201086251,67.2245243774499,9231.29563811694,832,1
1052595,48459590,1,290,05:53:52,-79.3391075020348,43.6809120028491,14506,8,1e-12,0,9231.29563811694,832,1
1052595,48459590,1,291,05:54:03,-79.339916,43.680761,,,22.4039105801938,67.2245243782913,9298.52016249523,842.802055600766,1
1052595,48459590,1,292,05:54:12,-79.340594,43.680636,,,22.4039105801938,56.3289838547885,9354.84914635002,851.853347836172,1
1052595,48459590,1,293,05:54:18,-79.34109,43.68054,,,22.4039105801938,41.3364621905631,9396.18560854058,858.495548239239,1
1052595,48459590,1,294,05:54:34,-79.342259,43.680318,,,22.4039105801938,97.3028153986248,9493.48842393921,874.130771125047,1
1052595,48459590,1,295,05:54:43,-79.3429120014421,43.6801855018586,,,22.4039105801938,54.6010077502421,9548.08943168945,882.90440138916,1
1052595,48459590,1,296,05:54:52,-79.343565,43.680053,,,22.4039105801938,54.6010077506336,9602.69043944009,891.678031653336,1
1052595,48459590,1,297,05:55:08,-79.344753,43.679814,,,22.4039105801938,99.2741554031359,9701.96459484322,907.630021738818,1
1052595,48459590,1,298,05:55:20,-79.3456755027983,43.6796320037093,14507,9,22.4039105801938,76.9821907895707,9778.94678563279,920,1
1052595,48459590,1,299,05:55:20,-79.3456755027983,43.6796320037093,14507,9,1e-12,0,9778.94678563279,920,1
1052595,48459590,1,300,05:55:32,-79.346598,43.67945,,,22.2732880849414,76.9821907899712,9855.92897642276,932.442522441546,1
1052595,48459590,1,301,05:55:34,-79.346746,43.679419,,,22.2732880849414,12.4048425636051,9868.33381898637,934.447499571939,1
1052595,48459590,1,302,05:55:49,-79.347826,43.67921,,,22.2732880849414,90.0076673261508,9958.34148631252,948.995311333653,1
1052595,48459590,1,303,05:56:02,-79.34879,43.679022,,,22.2732880849414,80.3822457619158,10038.7237320744,961.98737984367,1
1052595,48459590,1,304,05:56:04,-79.348964,43.678989,,,22.2732880849414,14.4821425709284,10053.2058746454,964.328108031467,1
1052595,48459590,1,305,05:56:05,-79.348989,43.678979,,,22.2732880849414,2.30004748810718,10055.5059221335,964.699861448636,1
1052595,48459590,1,306,05:56:20,-79.350104,43.678762,,,22.2732880849414,92.9606197060435,10148.4665418395,979.72495472025,1
1052595,48459590,1,307,05:56:21,-79.350212,43.67874,,,22.2732880849414,9.03327192388351,10157.4998137634,981.184989664438,1
1052595,48459590,1,308,05:56:35,-79.35123,43.678544,,,22.2732880849414,84.8126887284123,10242.3125024918,994.893144394799,1
1052595,48459590,1,309,05:56:43,-79.3518640013261,43.678418501752,,,22.2732880849414,52.9202671005931,10295.2327695924,1003.44657219745,1
1052595,48459590,1,310,05:56:52,-79.352498,43.678293,14508,10,22.2732880849414,52.9202671000015,10348.1530366924,1012,1
1052595,48459590,1,311,05:56:52,-79.352498,43.678293,14508,10,1e-12,0,10348.1530366924,1012,1
1052595,48459590,1,312,05:56:58,-79.35327,43.678137,,,38.4841266352786,64.5338372636278,10412.686873956,1018.03682178761,1
1052595,48459590,1,313,05:57:02,-79.353738,43.678054,,,38.4841266352786,38.7948725630641,10451.4817465191,1021.6658905346,1
1052595,48459590,1,314,05:57:08,-79.354537,43.677894,,,38.4841266352786,66.7476669734349,10518.2294134925,1027.90980515897,1
1052595,48459590,1,315,05:57:16,-79.35554,43.677691,,,38.4841266352786,83.8540103229149,10602.0834238154,1035.75393372718,1
1052595,48459590,1,316,05:57:21,-79.3561950013918,43.67756350187,,,38.4841266352786,54.6109759913286,10656.6943998068,1040.86252084498,1
1052595,48459590,1,317,05:57:26,-79.35685,43.677436,,,38.4841266352786,54.6109759885362,10711.3053757953,1045.97110796252,1
1052595,48459590,1,318,05:57:34,-79.357885,43.677252,,,38.4841266352786,85.809106124853,10797.1144819202,1053.99812608813,1
1052595,48459590,1,319,05:57:35,-79.358036,43.677226,,,38.4841266352786,12.4969250797206,10809.6114069999,1055.16715171559,1
1052595,48459590,1,320,05:57:36,-79.358185,43.677178,,,38.4841266352786,13.1323393201253,10822.74374632,1056.39561720736,1
1052595,48459590,1,321,05:57:38,-79.358318,43.677104,,,38.4841266352786,13.509968787226,10836.2537151072,1057.65940807093,1
1052595,48459590,1,322,05:57:43,-79.358876,43.676775,,,38.4841266352786,57.9621237761275,10894.2158388834,1063.08147851497,1
1052595,48459590,1,323,05:57:52,-79.359794,43.676234,14509,11,38.4841266352786,95.3393083970181,10989.5551472804,1072,1
1052595,48459590,1,324,05:57:52,-79.359794,43.676234,14509,11,1e-12,0,10989.5551472804,1072,1
1052595,48459590,1,325,05:57:53,-79.359985,43.676114,,,53.166132622242,20.3696716331365,11009.9248189135,1073.37927688667,1
1052595,48459590,1,326,05:57:55,-79.360183,43.676009,,,53.166132622242,19.767460509342,11029.6922794229,1074.71777668576,1
1052595,48459590,1,327,05:57:56,-79.360395,43.675921,,,53.166132622242,19.6800237751309,11049.372303198,1076.05035594433,1
1052595,48459590,1,328,05:57:58,-79.360647,43.675848,,,53.166132622242,21.8560919141338,11071.2283951121,1077.53028173562,1
1052595,48459590,1,329,05:58:02,-79.3613947626147,43.6757033920596,,,53.166132622242,62.3194716667866,11133.5478667789,1081.75007518184,1
1052595,48459590,1,330,05:58:06,-79.3621425216253,43.6755587792449,,,53.166132622242,62.3194716659004,11195.8673384448,1085.96986862801,1
1052595,48459590,1,331,05:58:10,-79.3628902770318,43.675414161556,,,53.166132622242,62.3194716686468,11258.1868101135,1090.18966207436,1
1052595,48459590,1,332,05:58:14,-79.3636380288342,43.6752695389929,,,53.166132622242,62.3194716657539,11320.5062817792,1094.40945552051,1
1052595,48459590,1,333,05:58:19,-79.3643857770323,43.6751249115557,,,53.166132622242,62.3194716672247,11382.8257534464,1098.62924896677,1
1052595,48459590,1,334,05:58:23,-79.365133521626,43.6749802792445,,,53.166132622242,62.3194716681862,11445.1452251146,1102.84904241309,1
1052595,48459590,1,335,05:58:27,-79.3658812626153,43.6748356420592,,,53.166132622242,62.3194716678313,11507.4646967825,1107.06883585938,1
1052595,48459590,1,336,05:58:31,-79.366629,43.674691,,,53.166132622242,62.3194716665258,11569.784168449,1111.28862930559,1
1052595,48459590,1,337,05:58:33,-79.366935,43.674615,,,53.166132622242,26.0495182764319,11595.8336867254,1113.05250155226,1
1052595,48459590,1,338,05:58:37,-79.3676180029535,43.6743555020333,,,53.166132622242,62.1172723156088,11657.950959041,1117.25860361962,1
1052595,48459590,1,339,05:58:41,-79.368301,43.674096,,,53.166132622242,62.1172723152255,11720.0682313562,1121.46470568696,1
1052595,48459590,1,340,05:58:43,-79.368589,43.673986,,,53.166132622242,26.2229674759515,11746.2911988322,1123.2403225742,1
1052595,48459590,1,341,05:58:48,-79.3693000032048,43.6737155022034,,,53.166132622242,64.6830794118164,11810.974278244,1127.62016128726,1
1052595,48459590,1,342,05:58:52,-79.370011,43.673445,14510,12,53.166132622242,64.6830794070671,11875.6573576511,1132,1
1052595,48459590,1,343,05:58:52,-79.370011,43.673445,14510,12,1e-12,0,11875.6573576511,1132,1
1052595,48459590,1,344,05:59:01,-79.3708850046312,43.6731270033295,,,30.4480458389739,78.7734462566975,11954.4308039078,1141.31371451632,1
1052595,48459590,1,345,05:59:11,-79.371759,43.672809,,,30.4480458389739,78.7734462540385,12033.2042501618,1150.62742903233,1
1052595,48459590,1,346,05:59:22,-79.372865,43.672497,,,30.4480458389739,95.5851437822625,12128.7893939441,1161.92886096777,1
1052595,48459590,1,347,05:59:33,-79.373995,43.672253,,,30.4480458389739,94.9525244027264,12223.7419183468,1173.15549566405,1
1052595,48459590,1,348,05:59:43,-79.375029,43.672184,,,30.4480458389739,83.6087874685935,12307.3507058154,1183.04091282608,1
1052595,48459590,1,349,05:59:52,-79.3759685006183,43.6721445038472,14511,13,30.4480458389739,75.7740824852478,12383.1247883006,1192,1
1052595,48459590,1,350,05:59:52,-79.3759685006183,43.6721445038472,14511,13,1e-12,0,12383.1247883006,1192,1
1052595,48459590,1,351,06:00:12,-79.376908,43.672105,,,13.6479624033365,75.7740824870367,12458.8988707877,1211.98735700552,1
1052595,48459590,1,352,06:00:32,-79.377822,43.672028,,,13.6479624033365,74.0907845270196,12532.9896553147,1231.53070101649,1
1052595,48459590,1,353,06:00:57,-79.378988,43.671865,,,13.6479624033365,95.6213519159192,12628.6110072306,1256.75328419222,1
1052595,48459590,1,354,06:01:15,-79.3797990020405,43.6717140028668,,,13.6479624033365,67.4291073410933,12696.0401145717,1274.53944004861,1
1052595,48459590,1,355,06:01:32,-79.38061,43.671563,,,13.6479624033365,67.4291073418298,12763.4692219135,1292.3255959052,1
1052595,48459590,1,356,06:01:52,-79.3815,43.67141,,,13.6479624033365,73.6577432359219,12837.1269651495,1311.75471417303,1
1052595,48459590,1,357,06:02:14,-79.38252,43.671195,,,13.6479624033365,85.5454890231808,12922.6724541726,1334.31953017869,1
1052595,48459590,1,358,06:02:28,-79.383178,43.671115,,,13.6479624033365,53.7247759938822,12976.3972301665,1348.4908172809,1
1052595,48459590,1,359,06:02:41,-79.38376,43.671057,,,13.6479624033365,47.3048271781603,13023.7020573447,1360.96867828379,1
1052595,48459590,1,360,06:02:49,-79.384116,43.67104,,,13.6479624033365,28.7272308172212,13052.4292881619,1368.5462219409,1
1052595,48459590,1,361,06:02:56,-79.384473,43.671051,,,13.6479624033365,28.7714204215338,13081.2007085834,1376.13542173912,1
1052595,48459590,1,362,06:03:04,-79.384866,43.671066,,,13.6479624033365,31.6880600516808,13112.8887686351,1384.49396001867,1
1052595,48459590,1,363,06:03:12,-79.385238,43.671065,,,13.6479624033365,29.9533356135317,13142.8421042487,1392.39492025156,1
1052595,48459590,1,364,06:03:32,-79.3861690005662,43.6710285037779,,,13.6479624033365,75.0734221357464,13217.9155263844,1412.19746012539,1
1052595,48459590,1,365,06:03:52,-79.3871,43.670992,14512,14,13.6479624033365,75.0734221386743,13292.9889485231,1432,1
1052595,48459590,1,366,06:03:52,-79.3871,43.670992,14512,14,1e-12,0,13292.9889485231,1432,1
1052595,48459590,1,367,06:04:01,-79.387713,43.670919,,,19.21809139931,50.0228209074776,13343.0117694306,1441.37044951682,1
1052595,48459590,1,368,06:04:12,-79.388381,43.670716,,,19.21809139931,58.3412975951904,13401.3530670257,1452.29914513902,1
1052595,48459590,1,369,06:04:26,-79.389168,43.670384,,,19.21809139931,73.3590152144961,13474.7120822402,1466.04101207497,1
1052595,48459590,1,370,06:04:39,-79.389995,43.670173,,,19.21809139931,70.6113524087224,13545.323434649,1479.26817721794,1
1052595,48459590,1,371,06:04:55,-79.391004,43.669969,,,19.21809139931,84.3592690791773,13629.6827037281,1495.07065012615,1
1052595,48459590,1,372,06:05:02,-79.391447,43.669881,14513,15,19.21809139931,36.9913553370751,13666.6740590652,1502,1
1052595,48459590,1,373,06:05:02,-79.391447,43.669881,14513,15,1e-12,0,13666.6740590652,1502,1
1052595,48459590,1,374,06:05:12,-79.3922180057998,43.6697305077728,,,22.1466329624707,64.3026738924156,13730.9767329576,1512.45258782249,1
1052595,48459590,1,375,06:05:23,-79.3929890077331,43.6695800103638,,,22.1466329624707,64.3026738899703,13795.2794068476,1522.90517564458,1
1052595,48459590,1,376,06:05:33,-79.3937600057999,43.6694295077728,,,22.1466329624707,64.302673887998,13859.5820807356,1533.35776346636,1
1052595,48459590,1,377,06:05:44,-79.394531,43.669279,,,22.1466329624707,64.3026738897012,13923.8847546253,1543.81035128841,1
1052595,48459590,1,378,06:05:56,-79.3953980027879,43.6690860032763,,,22.1466329624707,73.0435778368538,13996.9283324622,1555.68379862725,1
1052595,48459590,1,379,06:06:08,-79.396265,43.668893,,,22.1466329624707,73.0435778365015,14069.9719102987,1567.55724596604,1
1052595,48459590,1,380,06:06:18,-79.3970550020862,43.6687345027202,,,22.1466329624707,66.0142389219013,14135.9861492206,1578.28805369296,1
1052595,48459590,1,381,06:06:29,-79.397845,43.668576,,,22.1466329624707,66.0142389213956,14202.000388142,1589.01886141979,1
1052595,48459590,1,382,06:06:43,-79.398839,43.668374,,,22.1466329624707,83.1382364765682,14285.1386246185,1602.53322506247,1
1052595,48459590,1,383,06:06:52,-79.3995325017157,43.6682255020963,14514,16,22.1466329624707,58.2381082999669,14343.3767329185,1612,1
1052595,48459590,1,384,06:06:52,-79.3995325017157,43.6682255020963,14514,16,1e-12,0,14343.3767329185,1612,1
1052595,48459590,1,385,06:06:59,-79.400226,43.668077,,,31.253597029771,58.2381083019506,14401.6148412204,1618.70825792267,1
1052595,48459590,1,386,06:07:07,-79.4011015026328,43.6678965033409,,,31.253597029771,73.3057883088059,14474.9206295292,1627.15211280633,1
1052595,48459590,1,387,06:07:16,-79.401977,43.667716,,,31.253597029771,73.305788308541,14548.2264178378,1635.59596768996,1
1052595,48459590,1,388,06:07:26,-79.403097,43.667463,,,31.253597029771,94.4819542294918,14642.7083720673,1646.47903612212,1
1052595,48459590,1,389,06:07:38,-79.404261,43.667218,,,31.253597029771,97.6174548479028,14740.3258269152,1657.72327265328,1
1052595,48459590,1,390,06:07:44,-79.404909,43.667083,,,31.253597029771,54.3008146708534,14794.626641586,1663.97800655252,1
1052595,48459590,1,391,06:07:52,-79.405744,43.66692,14515,17,31.253597029771,69.6433751619711,14864.270016748,1672,1
1052595,48459590,1,392,06:07:52,-79.405744,43.66692,14515,17,1e-12,0,14864.270016748,1672,1
1052595,48459590,1,393,06:08:05,-79.406665,43.666724,,,22.2055152016075,77.3062803444347,14941.5762970924,1684.53303995486,1
1052595,48459590,1,394,06:08:10,-79.407062,43.666636,,,22.2055152016075,33.4356883348749,14975.0119854273,1689.95369680126,1
1052595,48459590,1,395,06:08:21,-79.407864,43.666472,,,22.2055152016075,67.1120732507799,15042.1240586781,1700.8340326777,1
1052595,48459590,1,396,06:08:29,-79.4084670011803,43.6663545015848,,,22.2055152016075,50.2877393585645,15092.4117980367,1708.98677581593,1
1052595,48459590,1,397,06:08:37,-79.40907,43.666237,,,22.2055152016075,50.2877393600299,15142.6995373967,1717.1395189544,1
1052595,48459590,1,398,06:08:48,-79.409854,43.666064,,,22.2055152016075,66.0042035805963,15208.7037409773,1727.84024491067,1
1052595,48459590,1,399,06:08:57,-79.410511,43.665929,,,22.2055152016075,54.9985709247128,15263.702311902,1736.75671694617,1
1052595,48459590,1,400,06:09:10,-79.411486,43.665716,,,22.2055152016075,82.0153140566784,15345.7176259587,1750.05319432683,1
1052595,48459590,1,401,06:09:20,-79.4122205017925,43.6655695023514,14516,18,22.2055152016075,61.3538734952904,15407.071499454,1760,1
1052595,48459590,1,402,06:09:20,-79.4122205017925,43.6655695023514,14516,18,1e-12,0,15407.071499454,1760,1
1052595,48459590,1,403,06:09:30,-79.412955,43.665423,,,21.759497853056,61.3538734964266,15468.4253729504,1770.15069125578,1
1052595,48459590,1,404,06:09:39,-79.4135615013488,43.6652895016033,,,21.759497853056,51.0505400999036,15519.4759130503,1778.59674757568,1
1052595,48459590,1,405,06:09:47,-79.414168,43.665156,,,21.759497853056,51.0505401031449,15570.5264531534,1787.04280389611,1
1052595,48459590,1,406,06:10:01,-79.415116,43.664846,,,21.759497853056,83.777390650611,15654.3038438041,1800.90335382144,1
1052595,48459590,1,407,06:10:12,-79.415883,43.664627,,,21.759497853056,66.4019093431912,15720.7057531472,1811.88921733951,1
1052595,48459590,1,408,06:10:21,-79.416533,43.664455,,,21.759497853056,55.735183338191,15776.4409364854,1821.11032443364,1
1052595,48459590,1,409,06:10:36,-79.417637,43.664218,,,21.759497853056,92.7351767896621,15869.1761132751,1836.45289523639,1
1052595,48459590,1,410,06:10:52,-79.418757,43.663981,14517,19,21.759497853056,93.9714424236347,15963.1475556987,1852,1
1052595,48459590,1,411,06:10:52,-79.418757,43.663981,14517,19,1e-12,0,15963.1475556987,1852,1
1052595,48459590,1,412,06:10:57,-79.41929,43.663859,,,31.3152436137122,45.0191722814418,16008.1667279802,1857.17540346205,1
1052595,48459590,1,413,06:11:08,-79.4203735041602,43.6636285051169,,,31.3152436137122,90.9479743091305,16099.1147022893,1867.63078140998,1
1052595,48459590,1,414,06:11:18,-79.421457,43.663398,,,31.3152436137122,90.9479743070781,16190.0626765964,1878.08615935767,1
1052595,48459590,1,415,06:11:29,-79.422602,43.663152,,,31.3152436137122,96.1869938011723,16286.2496703976,1889.14381491851,1
1052595,48459590,1,416,06:11:35,-79.4232065013443,43.6630185015927,,,31.3152436137122,50.8982443091363,16337.1479147067,1894.99507642467,1
1052595,48459590,1,417,06:11:41,-79.423811,43.662885,,,31.3152436137122,50.8982443079873,16388.0461590147,1900.84633793069,1
1052595,48459590,1,418,06:11:52,-79.424975,43.662622,,,31.3152436137122,98.2029679600046,16486.2491269747,1912.13574985471,1
1052595,48459590,1,419,06:11:54,-79.425188,43.662571,,,31.3152436137122,18.0681248367625,16504.3172518114,1914.21286125179,1
1052595,48459590,1,420,06:12:04,-79.426202,43.66236,,,31.3152436137122,84.969145669564,16589.286397481,1923.9809131368,1
1052595,48459590,1,421,06:12:06,-79.426388,43.662321,,,31.3152436137122,15.5952226883892,16604.8816201694,1925.77373973495,1
1052595,48459590,1,422,06:12:16,-79.427401,43.662111,,,31.3152436137122,84.8613486699585,16689.7429688394,1935.52939927828,1
1052595,48459590,1,423,06:12:22,-79.428073,43.661972,14518,20,31.3152436137122,56.285677202181,16746.0286460415,1942,1
1052595,48459590,1,424,06:12:22,-79.428073,43.661972,14518,20,1e-12,0,16746.0286460415,1942,1
1052595,48459590,1,425,06:12:26,-79.428768,43.661791,,,48.3274156135785,59.4856863410862,16805.5143323826,1946.43120055374,1
1052595,48459590,1,426,06:12:30,-79.42935,43.661602,,,48.3274156135785,51.3751173699217,16856.8894497525,1950.25822958444,1
1052595,48459590,1,427,06:12:35,-79.430144,43.661366,,,48.3274156135785,69.129007579974,16926.0184573325,1955.40777925782,1
1052595,48459590,1,428,06:12:40,-79.4308295019239,43.6611975020481,,,48.3274156135785,58.3045906868767,16984.3230480194,1959.75099777691,1
1052595,48459590,1,429,06:12:44,-79.431515,43.661029,,,48.3274156135785,58.3045906881718,17042.6276387076,1964.0942162961,1
1052595,48459590,1,430,06:12:48,-79.432055,43.660897,,,48.3274156135785,45.9031136633416,17088.5307523709,1967.51362548837,1
1052595,48459590,1,431,06:12:52,-79.432818,43.660727,,,48.3274156135785,64.294761233591,17152.8255136045,1972.30306306748,1
1052595,48459590,1,432,06:12:55,-79.4333,43.66063,,,48.3274156135785,40.2908479652465,17193.1163615698,1975.30440404203,1
1052595,48459590,1,433,06:13:00,-79.434128,43.660455,,,48.3274156135785,69.4689551989674,17262.5853167687,1980.47927705233,1
1052595,48459590,1,434,06:13:02,-79.434405,43.660414,,,48.3274156135785,22.7698725027654,17285.3551892715,1982.17544764141,1
1052595,48459590,1,435,06:13:06,-79.435031501367,43.6602830017108,,,48.3274156135785,52.5194991412955,17337.8746884128,1986.08772382063,1
1052595,48459590,1,436,06:13:10,-79.435658,43.660152,14519,21,48.3274156135785,52.5194991431408,17390.3941875559,1990,1
1052595,48459590,1,437,06:13:10,-79.435658,43.660152,14519,21,1e-12,0,17390.3941875559,1990,1
1052595,48459590,1,438,06:13:10,-79.435735,43.660136,,,46.6745753967057,6.4518250428107,17396.8460125987,1990.4976278832,1
1052595,48459590,1,439,06:13:17,-79.436733,43.659919,,,46.6745753967057,83.9245596126041,17480.7705722113,1996.97071118471,1
1052595,48459590,1,440,06:13:24,-79.4379,43.659696,,,46.6745753967057,97.2066828875315,17577.9772550989,2004.46824180863,1
1052595,48459590,1,441,06:13:30,-79.438801,43.659515,,,46.6745753967057,75.3071283084121,17653.2843834073,2010.27666447999,1
1052595,48459590,1,442,06:13:35,-79.439503,43.659409,,,46.6745753967057,57.7536665246773,17711.038049932,2014.73119240492,1
1052595,48459590,1,443,06:13:37,-79.439853,43.65939,,,46.6745753967057,28.2664269163263,17739.3044768483,2016.9113758567,1
1052595,48459590,1,444,06:13:39,-79.440129,43.659404,,,46.6745753967057,22.2821778688668,17761.5866547171,2018.62999546161,1
1052595,48459590,1,445,06:13:42,-79.440663,43.659387,,,46.6745753967057,43.047210308883,17804.633865026,2021.95021756958,1
1052595,48459590,1,446,06:13:46,-79.441379,43.659344,,,46.6745753967057,57.8612966939223,17862.49516172,2026.4130469864,1
1052595,48459590,1,447,06:13:52,-79.4422755007839,43.659291503503,14520,22,46.6745753967057,72.4357387975333,17934.9309005175,2032,1
1052595,48459590,1,448,06:13:52,-79.4422755007839,43.659291503503,14520,22,1e-12,0,17934.9309005175,2032,1
1052595,48459590,1,449,06:14:04,-79.443172,43.659239,,,21.8737345138609,72.4357388001638,18007.3666393176,2043.92154268469,1
1052595,48459590,1,450,06:14:11,-79.443692,43.659191,,,21.8737345138609,42.2177390861907,18049.5843784038,2050.86977827811,1
1052595,48459590,1,451,06:14:17,-79.444172,43.65915,,,21.8737345138609,38.9253598235908,18088.5097382274,2057.27615096569,1
1052595,48459590,1,452,06:14:25,-79.444757,43.659049,,,21.8737345138609,48.4360956440116,18136.9458338714,2065.24780958704,1
1052595,48459590,1,453,06:14:36,-79.4454985022353,43.6588680023964,,,21.8737345138609,63.0246489334311,18199.9704828049,2075.62046616365,1
1052595,48459590,1,454,06:14:46,-79.44624,43.658687,,,21.8737345138609,63.0246489349451,18262.9951317398,2085.99312274052,1
1052595,48459590,1,455,06:14:57,-79.4470240023503,43.658507002679,,,21.8737345138609,66.2434193285192,18329.2385510683,2096.89552760566,1
1052595,48459590,1,456,06:15:08,-79.447808,43.658327,,,21.8737345138609,66.243419330797,18395.4819703991,2107.79793247117,1
1052595,48459590,1,457,06:15:24,-79.44898000568,43.6580360059868,,,21.8737345138609,99.7929965171092,18495.2749669162,2124.22195861238,1
1052595,48459590,1,458,06:15:41,-79.450152,43.657745,,,21.8737345138609,99.7929965193217,18595.0679634356,2140.64598475396,1
1052595,48459590,1,459,06:15:56,-79.451275,43.657456,,,21.8737345138609,95.9947185354241,18691.062681971,2156.44488669768,1
1052595,48459590,1,460,06:16:09,-79.4521455033199,43.6572270033028,,,21.8737345138609,74.5988929632605,18765.6615749343,2168.72244334891,1
1052595,48459590,1,461,06:16:21,-79.453016,43.656998,14521,23,21.8737345138609,74.5988929624778,18840.2604678967,2181,1
1052595,48459590,1,462,06:16:21,-79.453016,43.656998,14521,23,1e-12,0,18840.2604678967,2181,1
1052595,48459590,1,463,06:16:28,-79.453457,43.656891,,,20.3828264349588,37.4613836439743,18877.7218515407,2187.61640236935,1
1052595,48459590,1,464,06:16:39,-79.454227,43.656714,,,20.3828264349588,65.0693983063793,18942.7912498471,2199.10891223546,1
1052595,48459590,1,465,06:16:56,-79.455369,43.656457,,,20.3828264349588,96.3218250509796,19039.1130748981,2216.12120301319,1
1052595,48459590,1,466,06:17:11,-79.4563415036278,43.6562330041221,,,20.3828264349588,82.1977393566451,19121.3108142547,2230.63890803453,1
1052595,48459590,1,467,06:17:25,-79.457314,43.656009,,,20.3828264349588,82.1977393578497,19203.5085536126,2245.15661305608,1
1052595,48459590,1,468,06:17:27,-79.45747,43.655972,,,20.3828264349588,13.2220423654322,19216.730595978,2247.49188057492,1
1052595,48459590,1,469,06:17:39,-79.4582720022304,43.6558050028034,,,20.3828264349588,67.2148001276104,19283.9453961056,2259.36330975239,1
1052595,48459590,1,470,06:17:51,-79.459074,43.655638,,,20.3828264349588,67.2148001292507,19351.1601962348,2271.23473893016,1
1052595,48459590,1,471,06:17:54,-79.459235,43.655609,,,20.3828264349588,13.3627361521198,19364.522932387,2273.5948556834,1
1052595,48459590,1,472,06:18:03,-79.459875,43.655461,,,20.3828264349588,54.1145417113765,19418.6374740983,2283.1525267347,1
1052595,48459590,1,473,06:18:12,-79.460467,43.655323,14522,24,20.3828264349588,50.0934755429436,19468.7309496413,2292,1
1052595,48459590,1,474,06:18:12,-79.460467,43.655323,14522,24,1e-12,0,19468.7309496413,2292,1
1052595,48459590,1,475,06:18:20,-79.461455,43.655112,,,35.4612386307733,82.96816830161,19551.6991179429,2300.42287008065,1
1052595,48459590,1,476,06:18:26,-79.4621075015919,43.6549655018557,,,35.4612386307733,55.0251072755134,19606.7242252184,2306.00898026293,1
1052595,48459590,1,477,06:18:32,-79.46276,43.654819,,,35.4612386307733,55.0251072734111,19661.7493324918,2311.59509044501,1
1052595,48459590,1,478,06:18:37,-79.4634420017149,43.6546680020273,,,35.4612386307733,57.4434802761037,19719.1928127679,2317.42671215307,1
1052595,48459590,1,479,06:18:43,-79.464124,43.654517,,,35.4612386307733,57.4434802787443,19776.6362930467,2323.2583338614,1
1052595,48459590,1,480,06:18:50,-79.4649210024022,43.6543360027686,,,35.4612386307733,67.279597862841,19843.9158909095,2330.08851130748,1
1052595,48459590,1,481,06:18:57,-79.465718,43.654155,,,35.4612386307733,67.2795978638795,19911.1954887734,2336.91868875368,1
1052595,48459590,1,482,06:19:04,-79.466551,43.65398,,,35.4612386307733,69.8625034760457,19981.0579922494,2344.01108096063,1
1052595,48459590,1,483,06:19:11,-79.467322,43.653817,,,35.4612386307733,64.6947374455758,20045.752729695,2350.57884519552,1
1052595,48459590,1,484,06:19:18,-79.4682275028724,43.6536265035737,,,35.4612386307733,75.9518403447211,20121.7045700397,2358.28942259773,1
1052595,48459590,1,485,06:19:26,-79.469133,43.653436,14523,25,35.4612386307733,75.9518403452296,20197.656410385,2366,1
1052595,48459590,1,486,06:19:26,-79.469133,43.653436,14523,25,1e-12,0,20197.656410385,2366,1
1052595,48459590,1,487,06:19:32,-79.4697915016009,43.6532900018899,,,32.039968971091,55.4719058441618,20253.1283162291,2372.23280444557,1
1052595,48459590,1,488,06:19:38,-79.47045,43.653144,,,32.039968971091,55.4719058431305,20308.6002220723,2378.46560889103,1
1052595,48459590,1,489,06:19:49,-79.4716,43.652876,,,32.039968971091,97.3109209441542,20405.9111430164,2389.39943082185,1
1052595,48459590,1,490,06:19:55,-79.472209,43.652744,,,32.039968971091,51.2047604361942,20457.1159034526,2395.15278026287,1
1052595,48459590,1,491,06:20:05,-79.47329,43.652496,,,32.039968971091,91.3399658329595,20548.4558692856,2405.41570771125,1
1052595,48459590,1,492,06:20:11,-79.4738995013752,43.6523605016191,,,32.039968971091,51.3567715043392,20599.8126407899,2411.18613706412,1
1052595,48459590,1,493,06:20:17,-79.474509,43.652225,,,32.039968971091,51.3567715039224,20651.1694122938,2416.95656641693,1
1052595,48459590,1,494,06:20:20,-79.474795,43.652156,,,32.039968971091,24.2825642562725,20675.4519765501,2419.68494706554,1
1052595,48459590,1,495,06:20:27,-79.475602,43.651979,,,32.039968971091,67.9203117922122,20743.3722883423,2427.3164501632,1
1052595,48459590,1,496,06:20:31,-79.47594,43.651902,,,32.039968971091,28.5416639528454,20771.9139522952,2430.52338180296,1
1052595,48459590,1,497,06:20:33,-79.476218,43.651846,,,32.039968971091,23.2430625009254,20795.1570147961,2433.13496438841,1
1052595,48459590,1,498,06:20:38,-79.476736,43.651742,14524,26,32.039968971091,43.2987750107051,20838.4557898068,2438,1
1052595,48459590,1,499,06:20:38,-79.476736,43.651742,14524,26,1e-12,0,20838.4557898068,2438,1
1052595,48459590,1,500,06:20:46,-79.477665,43.651519,,,33.6706506447142,78.8368662580109,20917.2926560648,2446.42908328454,1
1052595,48459590,1,501,06:20:50,-79.478112,43.651432,,,33.6706506447142,37.2836390565685,20954.5762951214,2450.41537692703,1
1052595,48459590,1,502,06:20:55,-79.478593,43.651316,,,33.6706506447142,40.8377574658049,20995.4140525872,2454.78166994667,1
1052595,48459590,1,503,06:21:03,-79.479516,43.651108,,,33.6706506447142,77.8660680677968,21073.280120655,2463.10695739068,1
1052595,48459590,1,504,06:21:09,-79.4802090016904,43.6509615020932,,,33.6706506447142,58.152060983204,21131.4321816382,2469.32446182054,1
1052595,48459590,1,505,06:21:16,-79.480902,43.650815,,,33.6706506447142,58.1520609832542,21189.5842426214,2475.5419662504,1
1052595,48459590,1,506,06:21:22,-79.481556,43.650644,,,33.6706506447142,56.0112567893457,21245.5954994108,2481.53058009007,1
1052595,48459590,1,507,06:21:26,-79.482044,43.65045,,,33.6706506447142,44.8487409782972,21290.4442403891,2486.32571960862,1
1052595,48459590,1,508,06:21:31,-79.482518,43.650257,,,33.6706506447142,43.8091996849369,21334.253440074,2491.00971340874,1
1052595,48459590,1,509,06:21:36,-79.483042,43.650123,,,33.6706506447142,44.7651426761479,21379.0185827502,2495.79591476061,1
1052595,48459590,1,510,06:21:45,-79.484045,43.649885,,,33.6706506447142,85.0223835195246,21464.0409662697,2504.88634143219,1
1052595,48459590,1,511,06:21:52,-79.48483,43.649699,14525,27,33.6706506447142,66.5337534562298,21530.5747197259,2512,1
1052595,48459590,1,512,06:21:52,-79.48483,43.649699,14525,27,1e-12,0,21530.5747197259,2512,1
1052595,48459590,1,513,06:21:54,-79.485071,43.649604,,,36.1857672148918,22.1057772096055,21552.6804969355,2514.19922925724,1
1052595,48459590,1,514,06:21:57,-79.485372,43.649441,,,36.1857672148918,30.2830347586143,21582.9635316941,2517.21198630295,1
1052595,48459590,1,515,06:22:01,-79.485698,43.649235,,,36.1857672148918,34.8624439299654,21617.8259756241,2520.68033333018,1
1052595,48459590,1,516,06:22:04,-79.485977,43.649065,,,36.1857672148918,29.3797128414683,21647.2056884656,2523.6032219234,1
1052595,48459590,1,517,06:22:06,-79.486184,43.648919,,,36.1857672148918,23.2842711222576,21670.4899595878,2525.91969556737,1
1052595,48459590,1,518,06:22:07,-79.486267,43.648838,,,36.1857672148918,11.2250088388535,21681.7149684267,2527.03643385786,1
1052595,48459590,1,519,06:22:08,-79.486397,43.648758,,,36.1857672148918,13.7462235075083,21695.4611919342,2528.40399929687,1
1052595,48459590,1,520,06:22:10,-79.48655,43.648694,,,36.1857672148918,14.2351373411861,21709.6963292754,2529.82020512509,1
1052595,48459590,1,521,06:22:11,-79.486697,43.648641,,,36.1857672148918,13.2292167327745,21722.9255460081,2531.13633530288,1
1052595,48459590,1,522,06:22:14,-79.487069,43.648543,,,36.1857672148918,31.8884753996106,21754.8140214078,2534.30881222611,1
1052595,48459590,1,523,06:22:18,-79.487444,43.648444,,,36.1857672148918,32.1536797501054,21786.9677011579,2537.50767343618,1
1052595,48459590,1,524,06:22:20,-79.487763,43.648389,,,36.1857672148918,26.4146653489801,21813.3823665068,2540.13557944938,1
1052595,48459590,1,525,06:22:23,-79.48812,43.648358,,,36.1857672148918,28.9625310483789,21842.3448975552,2543.0169640323,1
1052595,48459590,1,526,06:22:26,-79.488507,43.648342,,,36.1857672148918,31.2235497714963,21873.5684473267,2546.12328974622,1
1052595,48459590,1,527,06:22:32,-79.489268,43.64837,,,36.1857672148918,61.3774592969367,21934.9459066237,2552.22952627167,1
1052595,48459590,1,528,06:22:38,-79.490041,43.64838,,,36.1857672148918,62.2747899790068,21997.2206966027,2558.42503520182,1
1052595,48459590,1,529,06:22:46,-79.490968,43.64847,,,36.1857672148918,75.3385497656664,22072.5592463683,2565.92021355595,1
1052595,48459590,1,530,06:22:51,-79.491482,43.648651,,,36.1857672148918,46.0448819879676,22118.6041283563,2570.50106365019,1
1052595,48459590,1,531,06:22:56,-79.4921369919193,43.6488980056097,,,36.1857672148918,59.4942868252668,22178.0984151816,2576.4199496945,1
1052595,48459590,1,532,06:23:02,-79.4927919892257,43.6491450074796,,,36.1857672148918,59.4942868252561,22237.5927020068,2582.33883573881,1
1052595,48459590,1,533,06:23:08,-79.4934469919193,43.6493920056097,,,36.1857672148918,59.4942868257917,22297.0869888326,2588.25772178318,1
1052595,48459590,1,534,06:23:14,-79.494102,43.649639,,,36.1857672148918,59.494286826874,22356.5812756595,2594.17660782765,1
1052595,48459590,1,535,06:23:16,-79.494318,43.649715,,,36.1857672148918,19.3462776857977,22375.9275533453,2596.10130377939,1
1052595,48459590,1,536,06:23:22,-79.494989,43.649934,14526,28,36.1857672148918,59.2913467529275,22435.2189000982,2602,1
1052595,48459590,1,537,06:23:22,-79.494989,43.649934,14526,28,1e-12,0,22435.2189000982,2602,1
1052595,48459590,1,538,06:23:25,-79.49534,43.650053,,,34.2478853736339,31.2217525666132,22466.4406526648,2605.28190508738,1
1052595,48459590,1,539,06:23:30,-79.495876,43.650213,,,34.2478853736339,46.7030149338675,22513.1436675987,2610.19113822478,1
1052595,48459590,1,540,06:23:33,-79.496177,43.650284,,,34.2478853736339,25.5004388808422,22538.6441064795,2612.87164182287,1
1052595,48459590,1,541,06:23:37,-79.496691,43.650399,,,34.2478853736339,43.3351915158405,22581.9792979954,2617.42686290455,1
1052595,48459590,1,542,06:23:41,-79.49711,43.65049,,,34.2478853736339,35.2366488403346,22617.2159468357,2621.13079774436,1
1052595,48459590,1,543,06:23:45,-79.497487,43.650586,,,34.2478853736339,32.1916957900432,22649.4076426257,2624.51465936325,1
1052595,48459590,1,544,06:23:48,-79.497866,43.650645,,,34.2478853736339,31.2256960755333,22680.6333387013,2627.79697897644,1
1052595,48459590,1,545,06:23:52,-79.498402,43.65066,,,34.2478853736339,43.2052268062253,22723.8385655075,2632.33853869043,1
1052595,48459590,1,546,06:23:55,-79.498725,43.650678,,,34.2478853736339,26.0935753947008,22749.9321409022,2635.08139041386,1
1052595,48459590,1,547,06:23:58,-79.499106,43.650697,,,34.2478853736339,30.7610157945441,22780.6931566967,2638.31486470438,1
1052595,48459590,1,548,06:24:02,-79.499518,43.650689,,,34.2478853736339,33.1971011898591,22813.8902578866,2641.80441049618,1
1052595,48459590,1,549,06:24:04,-79.499716,43.650663,,,34.2478853736339,16.2087136718217,22830.0989715584,2643.50820530225,1
1052595,48459590,1,550,06:24:07,-79.500071,43.650602,,,34.2478853736339,29.3892743822747,22859.4882459407,2646.59748765128,1
1052595,48459590,1,551,06:24:17,-79.5012095048811,43.6503445056494,,,34.2478853736339,96.0783855435681,22955.5666314843,2656.69686120919,1
1052595,48459590,1,552,06:24:27,-79.502348,43.650087,,,34.2478853736339,96.0783855434522,23051.6450170277,2666.79623476709,1
1052595,48459590,1,553,06:24:37,-79.503508,43.649831,,,34.2478853736339,97.6843711339997,23149.3293881617,2677.06442307261,1
1052595,48459590,1,554,06:24:47,-79.504612,43.649563,,,34.2478853736339,93.7958691657328,23243.1252573275,2686.92386768686,1
1052595,48459590,1,555,06:24:57,-79.505758,43.649317,,,34.2478853736339,96.2845803465368,23339.409837674,2697.04491561335,1
1052595,48459590,1,556,06:25:03,-79.506433,43.649152,,,34.2478853736339,57.3889514505252,23396.7987891245,2703.07741142931,1
1052595,48459590,1,557,06:25:12,-79.507392,43.648898,,,34.2478853736339,82.2585196456021,23479.0573087701,2711.7240962536,1
1052595,48459590,1,558,06:25:18,-79.508035,43.648701,,,34.2478853736339,56.2444644447353,23535.3017732149,2717.63628819748,1
1052595,48459590,1,559,06:25:23,-79.508699,43.648571,,,34.2478853736339,55.407928467079,23590.7097016819,2723.4605468431,1
1052595,48459590,1,560,06:25:25,-79.50889,43.648549,,,34.2478853736339,15.5786292204706,23606.2883309024,2725.09810970521,1
1052595,48459590,1,561,06:25:33,-79.5098065022583,43.648401003661,,,34.2478853736339,75.639738339144,23681.9280692416,2733.04905485263,1
1052595,48459590,1,562,06:25:41,-79.510723,43.648253,14527,29,34.2478853736339,75.6397383386298,23757.5678075802,2741,1
1052595,48459590,1,563,06:25:41,-79.510723,43.648253,14527,29,1e-12,0,23757.5678075802,2741,1
1052595,48459590,1,564,06:25:46,-79.511291,43.648113,,,33.101393701601,48.3338224611556,23805.9016300413,2746.25662944675,1
1052595,48459590,1,565,06:25:51,-79.511843,43.647959,,,33.101393701601,47.6539997960622,23853.5556298374,2751.43932358985,1
1052595,48459590,1,566,06:26:00,-79.512756,43.647746,,,33.101393701601,77.2703175926471,23930.82594743,2759.84299220396,1
1052595,48459590,1,567,06:26:10,-79.513893,43.647499,,,33.101393701601,95.6244121507956,24026.4503595808,2770.24279249171,1
1052595,48459590,1,568,06:26:12,-79.514056,43.647457,,,33.101393701601,13.93738422174,24040.3877438026,2771.7585771034,1
1052595,48459590,1,569,06:26:16,-79.514537,43.647346,,,33.101393701601,40.6676289152559,24081.0553727178,2776.1814562551,1
1052595,48459590,1,570,06:26:19,-79.514874,43.647296,,,33.101393701601,27.7104423546702,24108.7658150725,2779.19515390711,1
1052595,48459590,1,571,06:26:25,-79.5154915014855,43.6471515016619,,,33.101393701601,52.2767165179275,24161.0425315904,2784.88059969713,1
1052595,48459590,1,572,06:26:31,-79.516109,43.647007,,,33.101393701601,52.2767165192155,24213.3192481097,2790.56604548729,1
1052595,48459590,1,573,06:26:36,-79.5167185013851,43.6468705016191,,,33.101393701601,51.3938636782507,24264.7131117879,2796.15547507172,1
1052595,48459590,1,574,06:26:42,-79.517328,43.646734,,,33.101393701601,51.3938636794431,24316.1069754673,2801.74490465628,1
1052595,48459590,1,575,06:26:42,-79.517364,43.646731,,,33.101393701601,2.91903141028697,24319.0260068776,2802.06236902566,1
1052595,48459590,1,576,06:26:51,-79.5183390027593,43.6465610041433,,,33.101393701601,80.7860339139781,24399.8120407916,2810.84839552086,1
1052595,48459590,1,577,06:27:00,-79.519314,43.646391,,,33.101393701601,80.7860339166581,24480.5980747083,2819.63442201635,1
1052595,48459590,1,578,06:27:05,-79.5199345009762,43.6462965016781,,,33.101393701601,51.07778146385,24531.6758561721,2825.18947552641,1
1052595,48459590,1,579,06:27:11,-79.520555,43.646202,,,33.101393701601,51.0777814616615,24582.7536376338,2830.74452903623,1
1052595,48459590,1,580,06:27:20,-79.521555,43.646012,,,33.101393701601,83.2831319085302,24666.0367695423,2839.80213179379,1
1052595,48459590,1,581,06:27:26,-79.5221900014324,43.6458765017574,,,33.101393701601,53.3287736830459,24719.3655432254,2845.60199590192,1
1052595,48459590,1,582,06:27:31,-79.522825,43.645741,,,33.101393701601,53.328773682207,24772.6943169076,2851.40186000996,1
1052595,48459590,1,583,06:27:42,-79.523966,43.645463,,,33.101393701601,96.9814366752024,24869.6757535828,2861.94924587467,1
1052595,48459590,1,584,06:27:48,-79.52468,43.645305,,,33.101393701601,60.1445070227738,24929.8202606055,2868.49036698981,1
1052595,48459590,1,585,06:27:52,-79.525063,43.64522,14528,30,33.101393701601,32.2704844495655,24962.0907450551,2872,1
1052595,48459590,1,586,06:27:52,-79.525063,43.64522,14528,30,1e-12,0,24962.0907450551,2872,1
1052595,48459590,1,587,06:28:08,-79.526163,43.645004,,,21.160235095478,91.8138511360474,25053.9045961912,2887.62033042631,1
1052595,48459590,1,588,06:28:16,-79.5267740014036,43.6448660016271,,,21.160235095478,51.5603747630309,25105.4649709542,2896.39231940986,1
1052595,48459590,1,589,06:28:25,-79.527385,43.644728,,,21.160235095478,51.5603747651791,25157.0253457194,2905.16430839378,1
1052595,48459590,1,590,06:28:30,-79.527736,43.644646,,,21.160235095478,29.7116063787157,25186.7369520981,2910.21915690944,1
1052595,48459590,1,591,06:28:39,-79.528322,43.644431,,,21.160235095478,52.9258073157279,25239.6627594138,2919.22344752705,1
1052595,48459590,1,592,06:28:46,-79.528702,43.644214,,,21.160235095478,38.9943100972414,25278.657069511,2925.85756646366,1
1052595,48459590,1,593,06:28:53,-79.529119,43.643969,,,21.160235095478,43.2692228796953,25321.9262923907,2933.21897817124,1
1052595,48459590,1,594,06:29:01,-79.529518,43.643644,,,21.160235095478,48.3942056883195,25370.3204980791,2941.45230543305,1
1052595,48459590,1,595,06:29:15,-79.5300570153689,43.6430730037987,,,21.160235095478,76.9782273679457,25447.298725447,2954.54864473524,1
1052595,48459590,1,596,06:29:28,-79.5305960204916,43.6425020050648,,,21.160235095478,76.9782273702423,25524.2769528173,2967.64498403783,1
1052595,48459590,1,597,06:29:41,-79.5311350153685,43.6419310037986,,,21.160235095478,76.9782273659529,25601.2551801832,2980.74132333969,1
1052595,48459590,1,598,06:29:54,-79.531674,43.64136,,,21.160235095478,76.9782273690645,25678.2334075523,2993.83766264207,1
1052595,48459590,1,599,06:30:07,-79.5322200151855,43.640803003898,,,21.160235095478,76.0222708546557,25754.2556784069,3006.77136464689,1
1052595,48459590,1,600,06:30:20,-79.5327660202471,43.6402460051972,,,21.160235095478,76.0222708561215,25830.277949263,3019.70506665195,1
1052595,48459590,1,601,06:30:33,-79.5333120151852,43.6396890038979,,,21.160235095478,76.0222708564369,25906.3002201195,3032.63876865707,1
1052595,48459590,1,602,06:30:46,-79.533858,43.639132,,,21.160235095478,76.0222708562104,25982.3224909757,3045.57247066215,1
1052595,48459590,1,603,06:31:02,-79.5346300085249,43.6384685025975,14529,31,21.160235095478,96.5584396740876,26078.8809306498,3062,1
1052595,48459590,1,604,06:31:02,-79.5346300085249,43.6384685025975,14529,31,1e-12,0,26078.8809306498,3062,1
1052595,48459590,1,605,,-79.535402,43.637805,,,,96.5584396736368,26175.4393703234,,1
