shape_id,trip_id,route_type,id,timestamp,shape_pt_lon,shape_pt_lat,stop_id,stop_sequence,speed,dist,cumdist,cumtime,trip_number
1052186,48456186,1,1,05:38:43,-79.406412,43.744217,14464,1,1e-12,0,0,0,1
1052186,48456186,1,2,05:38:43,-79.406412,43.744217,14464,1,1e-12,0,0,0,1
1052186,48456186,1,3,05:38:51,-79.4065837442417,43.7448860003858,,,32.5134789224234,75.7427223388836,75.7427223388836,8.38648491201375,1
1052186,48456186,1,4,05:39:00,-79.4067554923222,43.7455550005144,,,32.5134789224234,75.7427223388546,151.485444677738,16.7729698240243,1
1052186,48456186,1,5,05:39:08,-79.4069272442416,43.7462240003858,,,32.5134789224234,75.742722337014,227.228167014752,25.159454735831,1
1052186,48456186,1,6,05:39:17,-79.407099,43.746893,,,32.5134789224234,75.742722340051,302.970889354803,33.5459396479741,1
1052186,48456186,1,7,05:39:21,-79.407253,43.747223,,,32.5134789224234,38.7667557711122,341.737645125915,37.8383231578714,1
1052186,48456186,1,8,05:39:26,-79.407577,43.747607,,,32.5134789224234,50.0613819871951,391.79902711311,43.3812850655745,1
1052186,48456186,1,9,05:39:29,-79.407808,43.747774,,,32.5134789224234,26.2806989862156,418.079726099326,46.2911710416682,1
1052186,48456186,1,10,05:39:32,-79.407957,43.747973,,,32.5134789224234,25.185409341954,443.26513544128,49.0797829231394,1
1052186,48456186,1,11,05:39:41,-79.408172,43.748697,,,32.5134789224234,82.42890673137,525.69404217265,58.2065843011451,1
1052186,48456186,1,12,05:39:49,-79.4083544981568,43.7493015001452,,,32.5134789224234,68.8743125937824,594.568354766432,65.8325761529926,1
1052186,48456186,1,13,05:39:56,-79.408537,43.749906,,,32.5134789224234,68.8743125956813,663.442667362114,73.4585680050503,1
1052186,48456186,1,14,05:40:01,-79.408619,43.750249,,,32.5134789224234,38.7477609883269,702.190428350441,77.7488483497284,1
1052186,48456186,1,15,05:40:05,-79.408673,43.750623,,,32.5134789224234,41.8593221508444,744.049750501285,82.3836510450226,1
1052186,48456186,1,16,05:40:09,-79.408692,43.750899,,,32.5134789224234,30.762143463759,774.811893965044,85.789737386437,1
1052186,48456186,1,17,05:40:12,-79.40873,43.751161,,,32.5134789224234,29.3253376440111,804.137231609055,89.0367358319227,1
1052186,48456186,1,18,05:40:20,-79.408714,43.751815,,,32.5134789224234,72.8143143087987,876.951545917854,97.0989777143468,1
1052186,48456186,1,19,05:40:26,-79.408754,43.752328,,,32.5134789224234,57.1974056899794,934.148951607833,103.432063785365,1
1052186,48456186,1,20,05:40:31,-79.408825,43.752722,,,32.5134789224234,44.2298856867098,978.378837294543,108.329343121484,1
1052186,48456186,1,21,05:40:35,-79.408897,43.753031,,,32.5134789224234,34.8815323689652,1013.26036966351,112.191541836912,1
1052186,48456186,1,22,05:40:38,-79.408965,43.753247,,,32.5134789224234,24.6588615348577,1037.91923119837,114.921852602404,1
1052186,48456186,1,23,05:40:41,-79.409012,43.753464,,,32.5134789224234,24.4501670196757,1062.36939821804,117.629056020434,1
1052186,48456186,1,24,05:40:45,-79.409086,43.75378,,,32.5134789224234,35.6766522785652,1098.04605049661,121.579293043956,1
1052186,48456186,1,25,05:40:49,-79.40914,43.754155,,,32.5134789224234,41.970016148664,1140.01606664527,126.226352145065,1
1052186,48456186,1,26,05:40:54,-79.409193,43.754502,,,32.5134789224234,38.8622307339961,1178.87829737927,130.529306958858,1
1052186,48456186,1,27,05:40:58,-79.409284,43.754858,,,32.5134789224234,40.2995668375469,1219.17786421681,134.991408383357,1
1052186,48456186,1,28,05:41:02,-79.409394,43.755141,,,32.5134789224234,32.7214629734564,1251.89932719027,138.614437065877,1
1052186,48456186,1,29,05:41:06,-79.40953,43.75545,,,32.5134789224234,36.0940783177609,1287.99340550803,142.610892882062,1
1052186,48456186,1,30,05:41:10,-79.409657,43.7558,,,32.5134789224234,40.2777679987328,1328.27117350676,147.070580666978,1
1052186,48456186,1,31,05:41:16,-79.409786,43.756276,,,32.5134789224234,53.9937036654455,1382.26487717221,153.048942246167,1
1052186,48456186,1,32,05:41:18,-79.409838,43.756429,,,32.5134789224234,17.5375630882092,1399.80244026042,154.990759277442,1
1052186,48456186,1,33,05:41:20,-79.409892,43.756601,,,32.5134789224234,19.6330679319639,1419.43550819238,157.164597540758,1
1052186,48456186,1,34,05:41:27,-79.410048,43.757171,,,32.5134789224234,64.679961573996,1484.11546976638,164.326176965154,1
1052186,48456186,1,35,05:41:29,-79.410078,43.757284,,,32.5134789224234,12.8082811396806,1496.92375090606,165.744352246024,1
1052186,48456186,1,36,05:41:32,-79.410139,43.757532,,,32.5134789224234,28.0395154651825,1524.96326637124,168.848980204032,1
1052186,48456186,1,37,05:41:37,-79.410262,43.757962,,,32.5134789224234,48.8783101509329,1573.84157652217,174.260948482271,1
1052186,48456186,1,38,05:41:40,-79.41032,43.75817,,,32.5134789224234,23.6193871475918,1597.46096366977,176.876165203134,1
1052186,48456186,1,39,05:41:50,-79.410537,43.758996,,,32.5134789224234,93.5905302795596,1691.05149394933,187.238818483341,1
1052186,48456186,1,40,05:41:56,-79.4106469991764,43.7594440000528,,,32.5134789224234,50.6492556574375,1741.70074960676,192.846871709569,1
1052186,48456186,1,41,05:42:01,-79.410757,43.759892,,,32.5134789224234,50.6492556568204,1792.35000526358,198.454924935728,1
1052186,48456186,1,42,05:42:11,-79.410945,43.76066,,,32.5134789224234,86.8192482992097,1879.16925356279,208.067839463358,1
1052186,48456186,1,43,05:42:14,-79.411,43.760912,,,32.5134789224234,28.3988883604178,1907.56814192321,211.212258377785,1
1052186,48456186,1,44,05:42:21,-79.411135,43.761454,14465,2,32.5134789224234,61.303637267983,1968.87177919119,218,1
1052186,48456186,1,45,05:42:21,-79.411135,43.761454,14465,2,1e-12,0,1968.87177919119,218,1
1052186,48456186,1,46,05:42:32,-79.411354,43.762295,,,32.2348317248916,95.2609726597104,2064.13275185091,228.638786778904,1
1052186,48456186,1,47,05:42:37,-79.4114644991578,43.7627510000532,,,32.2348317248916,51.5331952204503,2115.66594707136,234.394036391402,1
1052186,48456186,1,48,05:42:43,-79.411575,43.763207,,,32.2348317248916,51.5331952221475,2167.1991422935,240.149286004089,1
1052186,48456186,1,49,05:42:51,-79.411736,43.763835,,,32.2348317248916,71.0967981530304,2238.29594044653,248.089407284551,1
1052186,48456186,1,50,05:42:52,-79.411762,43.763944,,,32.2348317248916,12.312549443334,2250.60848988987,249.464478151193,1
1052186,48456186,1,51,05:42:56,-79.411837,43.764246,,,32.2348317248916,34.1549163770936,2284.76340626696,253.278914038649,1
1052186,48456186,1,52,05:43:03,-79.411962,43.764761,,,32.2348317248916,58.2036301890604,2342.96703645602,259.779120724041,1
1052186,48456186,1,53,05:43:13,-79.412189,43.765601,,,32.2348317248916,95.2724914717801,2438.2395279278,270.419193928876,1
1052186,48456186,1,54,05:43:19,-79.4122989991642,43.7660555000527,,,32.2348317248916,51.3617031696245,2489.60123109743,276.155291234694,1
1052186,48456186,1,55,05:43:25,-79.412409,43.76651,,,32.2348317248916,51.3617031682553,2540.96293426568,281.891388540359,1
1052186,48456186,1,56,05:43:30,-79.412514,43.766885,,,32.2348317248916,42.5896706884453,2583.55260495413,286.647821450788,1
1052186,48456186,1,57,05:43:36,-79.412645,43.767417,,,32.2348317248916,60.1510254951882,2643.70363044931,293.365514089322,1
1052186,48456186,1,58,05:43:42,-79.412761,43.767898,,,32.2348317248916,54.3506316482711,2698.05426209759,299.435416225112,1
1052186,48456186,1,59,05:43:48,-79.412867,43.768339,14466,3,32.2348317248916,49.8259504451567,2747.88021254274,305,1
1052186,48456186,1,60,05:43:48,-79.412867,43.768339,14466,3,1e-12,0,2747.88021254274,305,1
1052186,48456186,1,61,05:44:08,-79.413102,43.769221,,,18.2244308808214,99.9846640291829,2847.86487657193,324.750673854175,1
1052186,48456186,1,62,05:44:27,-79.413307,43.770083,,,18.2244308808214,97.3621579835427,2945.22703455547,343.98330564569,1
1052186,48456186,1,63,05:44:37,-79.413411,43.770516,,,18.2244308808214,48.9209666685611,2994.14800122403,353.647008241317,1
1052186,48456186,1,64,05:44:46,-79.413512,43.770936,,,18.2244308808214,47.4538804011967,3041.60188162523,363.020906968881,1
1052186,48456186,1,65,05:44:57,-79.4136414989174,43.7714360000731,,,18.2244308808214,56.6248242659383,3098.22670589116,374.206406735126,1
1052186,48456186,1,66,05:45:08,-79.413771,43.771936,,,18.2244308808214,56.6248242625523,3154.85153015372,385.391906500702,1
1052186,48456186,1,67,05:45:14,-79.413835,43.772201,,,18.2244308808214,29.9448925896889,3184.79642274341,391.30713172929,1
1052186,48456186,1,68,05:45:31,-79.414029,43.772925,,,18.2244308808214,82.0901069416085,3266.88652968501,407.522967873769,1
1052186,48456186,1,69,05:45:48,-79.414227,43.773724,,,18.2244308808214,90.3570152541213,3357.24354493913,425.37182455643,1
1052186,48456186,1,70,05:46:04,-79.4144039979592,43.7744135001366,,,18.2244308808214,78.062247322554,3435.30579226169,440.792009263374,1
1052186,48456186,1,71,05:46:19,-79.414581,43.775103,,,18.2244308808214,78.0622473233569,3513.36803958505,456.212193970476,1
1052186,48456186,1,72,05:46:35,-79.4147659977926,43.7758165001492,,,18.2244308808214,80.8064326326648,3594.17447221771,472.174456900932,1
1052186,48456186,1,73,05:46:51,-79.414951,43.77653,,,18.2244308808214,80.8064326319591,3674.98090484967,488.136719831249,1
1052186,48456186,1,74,05:46:59,-79.415046,43.776891,,,18.2244308808214,40.905350621768,3715.88625547144,496.217041417221,1
1052186,48456186,1,75,05:47:10,-79.4151649990597,43.7773635000617,,,18.2244308808214,53.4610437746926,3769.34729924613,506.777577372911,1
1052186,48456186,1,76,05:47:20,-79.415284,43.777836,,,18.2244308808214,53.4610437757493,3822.80834302188,517.338113328809,1
1052186,48456186,1,77,05:47:38,-79.415483,43.778627,,,18.2244308808214,89.4946183773484,3912.30296139923,535.016614691367,1
1052186,48456186,1,78,05:47:50,-79.4156279986795,43.7791715000917,,,18.2244308808214,61.7236817366746,3974.0266431359,547.209327632865,1
1052186,48456186,1,79,05:48:02,-79.415773,43.779716,,,18.2244308808214,61.723681738274,4035.75032487418,559.40204057468,1
1052186,48456186,1,80,05:48:14,-79.4158909989728,43.7802365000607,14467,4,18.2244308808214,58.7128360848131,4094.46316095899,571,1
1052186,48456186,1,81,05:48:14,-79.4158909989728,43.7802365000607,14467,4,1e-12,0,4094.46316095899,571,1
1052186,48456186,1,82,,-79.416009,43.780757,,,,58.7128360828973,4153.17599704189,,1
