shape_id,trip_id,route_type,id,timestamp,shape_pt_lon,shape_pt_lat,stop_id,stop_sequence,speed,dist,cumdist,cumtime,trip_number
1052594,48459763,1,1,20:59:36,-79.264535,43.732238,14499,1,1e-12,0,0,0,1
1052594,48459763,1,2,20:59:36,-79.264535,43.732238,14499,1,1e-12,0,0,0,1
1052594,48459763,1,3,20:59:41,-79.2652780030271,43.7319940024064,,,46.1115882155042,65.6477229921869,65.6477229921869,5.12521498212917,1
1052594,48459763,1,4,20:59:46,-79.266021,43.73175,,,46.1115882155042,65.6477229910296,131.295445983216,10.250429964168,1
1052594,48459763,1,5,20:59:54,-79.267142,43.731367,,,46.1115882155042,99.7425453323521,231.037991315569,18.0374782332132,1
1052594,48459763,1,6,21:00:00,-79.26782,43.730867,,,46.1115882155042,77.9251478484981,308.963139164067,24.1212099612015,1
1052594,48459763,1,7,21:00:07,-79.268405,43.730221,,,46.1115882155042,85.9404074604181,394.903546624485,30.830704880604,1
1052594,48459763,1,8,21:00:14,-79.2690935081616,43.7295110020663,,,46.1115882155042,96.5098237948029,491.413370419288,38.3653697903776,1
1052594,48459763,1,9,21:00:22,-79.269782,43.728801,,,46.1115882155042,96.5098237951038,587.923194214392,45.9000347001747,1
1052594,48459763,1,10,21:00:23,-79.269923,43.72866,,,46.1115882155042,19.3652634117498,607.288457626141,47.411909501721,1
1052594,48459763,1,11,21:00:24,-79.269994,43.728579,,,46.1115882155042,10.6735145247647,617.961972150906,48.2452065920223,1
1052594,48459763,1,12,21:00:32,-79.2706680084168,43.7278310019802,,,46.1115882155042,99.3631825178151,717.325154668721,56.0026374441625,1
1052594,48459763,1,13,21:00:40,-79.271342,43.727083,,,46.1115882155042,99.3631825197889,816.68833718851,63.7600682964567,1
1052594,48459763,1,14,21:00:45,-79.271795,43.726581,,,46.1115882155042,66.7143701046197,883.40270729313,68.9685579987454,1
1052594,48459763,1,15,21:00:51,-79.2722982640761,43.726022503312,,,46.1115882155042,74.1912809762019,957.593988269332,74.7607812088001,1
1052594,48459763,1,16,21:00:57,-79.2728015187679,43.7254640044159,,,46.1115882155042,74.1912809764322,1031.78526924576,80.5530044188728,1
1052594,48459763,1,17,21:01:02,-79.2733047640758,43.7249055033119,,,46.1115882155042,74.1912809772371,1105.976550223,86.3452276290083,1
1052594,48459763,1,18,21:01:08,-79.273808,43.724347,,,46.1115882155042,74.1912809762083,1180.16783119921,92.1374508390634,1
1052594,48459763,1,19,21:01:09,-79.273855,43.724303,,,46.1115882155042,6.18766816808545,1186.35549936729,92.6205312591305,1
1052594,48459763,1,20,21:01:09,-79.273901,43.724258,,,46.1115882155042,6.22802281813561,1192.58352218543,93.106762226507,1
1052594,48459763,1,21,21:01:10,-79.273947,43.724215,,,46.1115882155042,6.05039595549239,1198.63391814092,93.5791256015869,1
1052594,48459763,1,22,21:01:10,-79.273992,43.724169,,,46.1115882155042,6.27112783470285,1204.90504597563,94.068721841461,1
1052594,48459763,1,23,21:01:11,-79.274034,43.724125,,,46.1115882155042,5.95040683510279,1210.85545281073,94.5332789177919,1
1052594,48459763,1,24,21:01:11,-79.27408,43.724082,,,46.1115882155042,6.05040098329984,1216.90585379403,95.0056426854002,1
1052594,48459763,1,25,21:01:12,-79.274121,43.724033,,,46.1115882155042,6.37436291476569,1223.28021670879,95.5032986409034,1
1052594,48459763,1,26,21:01:12,-79.274164,43.723988,,,46.1115882155042,6.08772497065562,1229.36794167945,95.978576347495,1
1052594,48459763,1,27,21:01:12,-79.274205,43.723944,,,46.1115882155042,5.90510306899896,1235.27304474845,96.4395964916949,1
1052594,48459763,1,28,21:01:13,-79.274246,43.723895,,,46.1115882155042,6.37436684688987,1241.64741159534,96.9372527541848,1
1052594,48459763,1,29,21:01:13,-79.274286,43.72385,,,46.1115882155042,5.9539013097605,1247.6013129051,97.4020826493288,1
1052594,48459763,1,30,21:01:14,-79.274324,43.723801,,,46.1115882155042,6.25289835686592,1253.85421126196,97.8902556868637,1
1052594,48459763,1,31,21:01:14,-79.274363,43.723753,,,46.1115882155042,6.19637524191581,1260.05058650388,98.3740158810831,1
1052594,48459763,1,32,21:01:15,-79.2744,43.723707,,,46.1115882155042,5.92297582509499,1265.97356232898,98.8364313778274,1
1052594,48459763,1,33,21:01:15,-79.274438,43.723659,,,46.1115882155042,6.15603407411987,1272.1295964031,99.317042077317,1
1052594,48459763,1,34,21:01:16,-79.274474,43.72361,,,46.1115882155042,6.1758355510653,1278.30543195416,99.799198707445,1
1052594,48459763,1,35,21:01:16,-79.27451,43.72356,,,46.1115882155042,6.27437403446375,1284.57980598862,100.289048382943,1
1052594,48459763,1,36,21:01:17,-79.274543,43.723511,,,46.1115882155042,6.06640492145931,1290.64621091008,100.762661601711,1
1052594,48459763,1,37,21:01:17,-79.274577,43.723462,,,46.1115882155042,6.10204104231871,1296.7482519524,101.239056985225,1
1052594,48459763,1,38,21:01:18,-79.27461,43.723413,,,46.1115882155042,6.06640682138005,1302.81465877378,101.712670352323,1
1052594,48459763,1,39,21:01:18,-79.274644,43.723364,,,46.1115882155042,6.10204304549236,1308.91670181928,102.189065892227,1
1052594,48459763,1,40,21:01:19,-79.274676,43.723311,,,46.1115882155042,6.43712516603322,1315.35382698531,102.69162178966,1
1052594,48459763,1,41,21:01:19,-79.274706,43.723263,,,46.1115882155042,5.8631120018102,1321.21693898712,103.149363629041,1
1052594,48459763,1,42,21:01:20,-79.274738,43.723213,,,46.1115882155042,6.13249259745063,1327.34943158457,103.628136410573,1
1052594,48459763,1,43,21:01:20,-79.274767,43.723159,,,46.1115882155042,6.44811378033583,1333.7975453649,104.131550205403,1
1052594,48459763,1,44,21:01:26,-79.275047,43.722538,,,46.1115882155042,72.7068829530797,1406.50442831798,109.80788426286,1
1052594,48459763,1,45,21:01:29,-79.275247,43.722186,,,46.1115882155042,42.3593209235508,1448.86374924154,113.114939196906,1
1052594,48459763,1,46,21:01:31,-79.275361,43.721935,,,46.1115882155042,29.4078979537462,1478.27164719528,115.410857353937,1
1052594,48459763,1,47,21:01:38,-79.2756922622368,43.7211972514349,,,46.1115882155042,86.3417367541403,1564.61338394942,122.151684645814,1
1052594,48459763,1,48,21:01:45,-79.2760235163154,43.7204595019132,,,46.1115882155042,86.341736761928,1650.95512071135,128.8925119383,1
1052594,48459763,1,49,21:01:52,-79.2763547622364,43.7197217514349,,,46.1115882155042,86.3417367582272,1737.29685746958,135.633339230497,1
1052594,48459763,1,50,21:01:58,-79.276686,43.718984,,,46.1115882155042,86.3417367570992,1823.63859422668,142.374166522606,1
1052594,48459763,1,51,21:02:03,-79.2769370023312,43.7184275002746,,,46.1115882155042,65.1577109404788,1888.79630516715,147.461125537973,1
1052594,48459763,1,52,21:02:09,-79.277188,43.717871,,,46.1115882155042,65.1577109416811,1953.95401610884,152.548084553433,1
1052594,48459763,1,53,21:02:09,-79.277235,43.717777,,,46.1115882155042,11.1263354435396,1965.08035155238,153.416734043655,1
1052594,48459763,1,54,21:02:10,-79.277282,43.717687,,,46.1115882155042,10.7086344125106,1975.78898596489,154.252772995618,1
1052594,48459763,1,55,21:02:11,-79.277327,43.717598,,,46.1115882155042,10.5482528604584,1986.33723882534,155.076290722229,1
1052594,48459763,1,56,21:02:12,-79.277372,43.717504,,,46.1115882155042,11.0726864408037,1997.40992526615,155.940751755334,1
1052594,48459763,1,57,21:02:13,-79.277416,43.717415,,,46.1115882155042,10.5209122055491,2007.9308374717,156.762134956515,1
1052594,48459763,1,58,21:02:14,-79.277461,43.71732,,,46.1115882155042,11.1779496681469,2019.10878713984,157.634814045712,1
1052594,48459763,1,59,21:02:14,-79.277504,43.717231,,,46.1115882155042,10.4941168789862,2029.60290401883,158.454105296054,1
1052594,48459763,1,60,21:02:15,-79.277546,43.717137,,,46.1115882155042,10.9961354841449,2040.59903950298,159.312589882573,1
1052594,48459763,1,61,21:02:16,-79.277586,43.717047,,,46.1115882155042,10.5229682665007,2051.12200776948,160.134133603478,1
1052594,48459763,1,62,21:02:17,-79.277627,43.716954,,,46.1115882155042,10.8655631717436,2061.98757094122,160.982424216143,1
1052594,48459763,1,63,21:02:18,-79.277667,43.716861,,,46.1115882155042,10.8414089876453,2072.82897992887,161.828829075874,1
1052594,48459763,1,64,21:02:19,-79.277705,43.71677,,,46.1115882155042,10.5814014010221,2083.41038132989,162.654934758152,1
1052594,48459763,1,65,21:02:19,-79.277743,43.716677,,,46.1115882155042,10.7947371881793,2094.20511851807,163.497695881361,1
1052594,48459763,1,66,21:02:20,-79.277781,43.716582,,,46.1115882155042,11.0084414524386,2105.2135599705,164.357141213054,1
1052594,48459763,1,67,21:02:21,-79.277818,43.716489,,,46.1115882155042,10.772228011047,2115.98578798155,165.19814501146,1
1052594,48459763,1,68,21:02:22,-79.277855,43.716395,,,46.1115882155042,10.8792570221395,2126.86504500369,166.047504723311,1
1052594,48459763,1,69,21:02:23,-79.27789,43.716305,,,46.1115882155042,10.4069945604911,2137.27203956418,166.859994205188,1
1052594,48459763,1,70,21:02:24,-79.277924,43.716211,,,46.1115882155042,10.8157023396578,2148.08774190384,167.70439210883,1
1052594,48459763,1,71,21:02:25,-79.277957,43.716117,,,46.1115882155042,10.7956338327279,2158.88337573657,168.547223234407,1
1052594,48459763,1,72,21:02:25,-79.277991,43.716024,,,46.1115882155042,10.7080415786993,2169.59141731527,169.383215902956,1
1052594,48459763,1,73,21:02:26,-79.278023,43.71593,,,46.1115882155042,10.7761295358711,2180.36754685114,170.224524299185,1
1052594,48459763,1,74,21:02:26,-79.278031,43.715906,,,46.1115882155042,2.74811244369835,2183.11565929484,170.439073508617,1
1052594,48459763,1,75,21:02:27,-79.278055,43.715834,,,46.1115882155042,8.2443376858165,2191.35999698065,171.082721164609,1
1052594,48459763,1,76,21:02:28,-79.278085,43.715741,,,46.1115882155042,10.6303793350558,2201.99037631571,171.912650626751,1
1052594,48459763,1,77,21:02:29,-79.278121,43.715656,,,46.1115882155042,9.89557047503607,2211.88594679075,172.685212472672,1
1052594,48459763,1,78,21:02:29,-79.278157,43.715571,,,46.1115882155042,9.89557167429228,2221.78151846504,173.457774412221,1
1052594,48459763,1,79,21:02:30,-79.278191,43.715486,,,46.1115882155042,9.84967210343204,2231.63119056847,174.226752904279,1
1052594,48459763,1,80,21:02:31,-79.278225,43.715401,,,46.1115882155042,9.84967318126892,2241.48086374974,174.995731480485,1
1052594,48459763,1,81,21:02:32,-79.278257,43.71532,,,46.1115882155042,9.37727242625588,2250.85813617599,175.72782902995,1
1052594,48459763,1,82,21:02:32,-79.278289,43.715236,,,46.1115882155042,9.69883038199976,2260.55696655799,176.485031085364,1
1052594,48459763,1,83,21:02:33,-79.27832,43.71515,,,46.1115882155042,9.89306676309261,2270.45003332109,177.257397462785,1
1052594,48459763,1,84,21:02:34,-79.278351,43.715066,,,46.1115882155042,9.67778371926995,2280.12781704036,178.012956374063,1
1052594,48459763,1,85,21:02:35,-79.278381,43.71498,,,46.1115882155042,9.87308974686847,2290.00090678723,178.783763116234,1
1052594,48459763,1,86,21:02:36,-79.278409,43.714895,,,46.1115882155042,9.72665992827083,2299.7275667155,179.543137865551,1
1052594,48459763,1,87,21:02:36,-79.278438,43.71481,,,46.1115882155042,9.74561125327405,2309.47317796877,180.303992172885,1
1052594,48459763,1,88,21:02:37,-79.278465,43.714721,,,46.1115882155042,10.1428166974843,2319.61599466625,181.095856897655,1
1052594,48459763,1,89,21:02:38,-79.278492,43.714636,,,46.1115882155042,9.70834136709062,2329.32433603335,181.853801489764,1
1052594,48459763,1,90,21:02:39,-79.278517,43.714549,,,46.1115882155042,9.89148495860865,2339.21582099195,182.626044373366,1
1052594,48459763,1,91,21:02:39,-79.278541,43.714465,,,46.1115882155042,9.54814913406877,2348.76397012602,183.37148252054,1
1052594,48459763,1,92,21:02:40,-79.278564,43.71438,,,46.1115882155042,9.64142825176462,2358.40539837779,184.124203106614,1
1052594,48459763,1,93,21:02:41,-79.278587,43.714295,,,46.1115882155042,9.6414287581797,2368.04682713597,184.876923732224,1
1052594,48459763,1,94,21:02:41,-79.278602,43.71424,,,46.1115882155042,6.24039567194429,2374.28722280791,185.364120666626,1
1052594,48459763,1,95,21:02:49,-79.2787800025381,43.7133855001381,,,46.1115882155042,96.1946943896318,2470.48191719754,192.874182956917,1
1052594,48459763,1,96,21:02:56,-79.278958,43.712531,,,46.1115882155042,96.1946943914261,2566.67661158897,200.384245247348,1
1052594,48459763,1,97,21:03:01,-79.2790600009684,43.7119620000453,,,46.1115882155042,63.8703092354332,2630.5469208244,205.370694904491,1
1052594,48459763,1,98,21:03:06,-79.279162,43.711393,,,46.1115882155042,63.8703092321425,2694.41723005654,210.357144561378,1
1052594,48459763,1,99,21:03:13,-79.279298,43.710635,14500,2,46.1115882155042,85.0868373780128,2779.50406743456,217,1
1052594,48459763,1,100,21:03:13,-79.279298,43.710635,14500,2,1e-12,0,2779.50406743456,217,1
1052594,48459763,1,101,21:03:18,-79.2794015009221,43.7101010000467,,,45.1120685152954,60.025179657604,2839.52924709216,221.790085089849,1
1052594,48459763,1,102,21:03:23,-79.279505,43.709567,,,45.1120685152954,60.0251796619167,2899.55442675408,226.580170180043,1
1052594,48459763,1,103,21:03:28,-79.2796180011246,43.7089705000557,,,45.1120685152954,67.0217641240969,2966.57619087818,231.92859154017,1
1052594,48459763,1,104,21:03:33,-79.279731,43.708374,,,45.1120685152954,67.0217641285191,3033.59795500669,237.277012900651,1
1052594,48459763,1,105,21:03:38,-79.279832,43.707825,,,45.1120685152954,61.652451874017,3095.25040688071,242.196956367025,1
1052594,48459763,1,106,21:03:44,-79.2799345011201,43.7071700000458,,,45.1120685152954,73.3793147919189,3168.62972167263,248.052718293822,1
1052594,48459763,1,107,21:03:50,-79.280037,43.706515,,,45.1120685152954,73.3793147934533,3242.00903646608,253.908480220741,1
1052594,48459763,1,108,21:03:57,-79.2801815020092,43.705681500091,,,45.1120685152954,93.5106185774856,3335.51965504357,261.370745595799,1
1052594,48459763,1,109,21:04:05,-79.280326,43.704848,,,45.1120685152954,93.5106185816023,3429.03027362517,268.833010971186,1
1052594,48459763,1,110,21:04:11,-79.280448,43.704103,,,45.1120685152954,83.5121334544681,3512.54240707964,275.497384615107,1
1052594,48459763,1,111,21:04:19,-79.280593,43.703231,,,45.1120685152954,97.7694462992016,3610.31185337884,283.299509817098,1
1052594,48459763,1,112,21:04:24,-79.280677,43.702719,,,45.1120685152954,57.3950679563658,3667.70692133521,287.879708673926,1
1052594,48459763,1,113,21:04:27,-79.280728,43.702418,,,45.1120685152954,33.7576017167116,3701.46452305192,290.573607893798,1
1052594,48459763,1,114,21:04:34,-79.280869,43.70157,,,45.1120685152954,95.0784937838413,3796.54301683576,298.160991689019,1
1052594,48459763,1,115,21:04:38,-79.280937,43.701171,,,45.1120685152954,44.7523416141769,3841.29535844994,301.732285028326,1
1052594,48459763,1,116,21:04:39,-79.280945,43.70108,,,45.1120685152954,10.1505128003477,3851.44587125028,302.542308759977,1
1052594,48459763,1,117,21:04:39,-79.280955,43.700995,,,45.1120685152954,9.49632010930241,3860.94219135959,303.300127089276,1
1052594,48459763,1,118,21:04:40,-79.280965,43.700909,,,45.1120685152954,9.60724385420002,3870.54943521379,304.066797273406,1
1052594,48459763,1,119,21:04:41,-79.280977,43.70082,,,45.1120685152954,9.95439275284216,3880.50382796663,304.861170377758,1
1052594,48459763,1,120,21:04:42,-79.28099,43.700734,,,45.1120685152954,9.63047482910294,3890.13430279573,305.629694423004,1
1052594,48459763,1,121,21:04:43,-79.281017,43.70056,,,45.1120685152954,19.4910944558094,3909.62539725154,307.185108358792,1
1052594,48459763,1,122,21:04:45,-79.281057,43.700335,,,45.1120685152954,25.2529136743377,3934.87831092588,309.200322739768,1
1052594,48459763,1,123,21:04:46,-79.281071,43.700228,,,45.1120685152954,11.9643569307931,3946.84266785667,310.155093522142,1
1052594,48459763,1,124,21:04:47,-79.281094,43.700097,,,45.1120685152954,14.6998628892835,3961.54253074596,311.328161132276,1
1052594,48459763,1,125,21:04:48,-79.281111,43.700017,,,45.1120685152954,9.01004214703919,3970.552572893,312.047173866492,1
1052594,48459763,1,126,21:04:49,-79.281136,43.699908,,,45.1120685152954,12.2995072865024,3982.8520801795,313.028690070219,1
1052594,48459763,1,127,21:04:50,-79.281165,43.699801,,,45.1120685152954,12.1376931271911,3994.98977330669,313.99729329982,1
1052594,48459763,1,128,21:04:51,-79.281197,43.699697,,,45.1120685152954,11.8602181947137,4006.8499915014,314.943753679629,1
1052594,48459763,1,129,21:04:52,-79.281231,43.699594,,,45.1120685152954,11.7879020113135,4018.63789351272,315.884443136738,1
1052594,48459763,1,130,21:04:53,-79.28127,43.699487,,,45.1120685152954,12.3177975435355,4030.95569105625,316.867418926059,1
1052594,48459763,1,131,21:04:54,-79.281311,43.699385,,,45.1120685152954,11.8243331032096,4042.78002415946,317.811015630279,1
1052594,48459763,1,132,21:04:55,-79.281356,43.699281,,,45.1120685152954,12.1304811657764,4054.91050532524,318.779043336257,1
1052594,48459763,1,133,21:04:56,-79.281404,43.699184,,,45.1120685152954,11.4682250207152,4066.37873034595,319.694222166077,1
1052594,48459763,1,134,21:04:57,-79.281451,43.699084,,,45.1120685152954,11.7570652207831,4078.13579556674,320.632450808385,1
1052594,48459763,1,135,21:04:58,-79.281499,43.698986,,,45.1120685152954,11.5731036969151,4089.70889926365,321.555999088925,1
1052594,48459763,1,136,21:04:58,-79.281551,43.698892,,,45.1120685152954,11.2698990241534,4100.9787982878,322.455351253927,1
1052594,48459763,1,137,21:04:59,-79.281605,43.698799,,,45.1120685152954,11.227936764171,4112.20673505197,323.351354777625,1
1052594,48459763,1,138,21:05:00,-79.281664,43.698705,,,45.1120685152954,11.4910242068702,4123.69775925885,324.268353011273,1
1052594,48459763,1,139,21:05:01,-79.281693,43.69866,,,45.1120685152954,5.52642072256643,4129.22417998141,324.709368359405,1
1052594,48459763,1,140,21:05:01,-79.281724,43.698611,,,45.1120685152954,5.99816829764511,4135.22234827906,325.188029759385,1
1052594,48459763,1,141,21:05:02,-79.281755,43.698568,,,45.1120685152954,5.3979285367887,4140.62027681585,325.618791268932,1
1052594,48459763,1,142,21:05:02,-79.281787,43.698523,,,45.1120685152954,5.63264723044312,4146.25292404629,326.068283626453,1
1052594,48459763,1,143,21:05:03,-79.281819,43.698473,,,45.1120685152954,6.13293886325982,4152.38586290955,326.557699887653,1
1052594,48459763,1,144,21:05:03,-79.281853,43.69843,,,45.1120685152954,5.51368822148184,4157.89955113103,326.99769916613,1
1052594,48459763,1,145,21:05:03,-79.281888,43.698384,,,45.1120685152954,5.84434626090557,4163.74389739194,327.464085373451,1
1052594,48459763,1,146,21:05:04,-79.281923,43.69834,,,45.1120685152954,5.65029467501553,4169.39419206695,327.914986019321,1
1052594,48459763,1,147,21:05:04,-79.281957,43.698296,,,45.1120685152954,5.61060582081827,4175.00479788777,328.362719444537,1
1052594,48459763,1,148,21:05:05,-79.281994,43.698252,,,45.1120685152954,5.73224275790481,4180.73704064567,328.820159650841,1
1052594,48459763,1,149,21:05:05,-79.28203,43.698211,,,45.1120685152954,5.40608889507144,4186.14312954075,329.251572367278,1
1052594,48459763,1,150,21:05:06,-79.282069,43.698166,,,45.1120685152954,5.91152257941374,4192.05465212016,329.723319329594,1
1052594,48459763,1,151,21:05:06,-79.282107,43.698123,,,45.1120685152954,5.68034771757269,4197.73499983773,330.176618246187,1
1052594,48459763,1,152,21:05:07,-79.282146,43.698078,,,45.1120685152954,5.91152502539797,4203.64652486313,330.648365403696,1
1052594,48459763,1,153,21:05:07,-79.282184,43.698038,,,45.1120685152954,5.40192206218365,4209.04844692531,331.07944560161,1
1052594,48459763,1,154,21:05:08,-79.282226,43.697993,,,45.1120685152954,6.04319383402096,4215.09164075933,331.561700096216,1
1052594,48459763,1,155,21:05:08,-79.282266,43.697953,,,45.1120685152954,5.49465940392065,4220.58630016326,332.000180851036,1
1052594,48459763,1,156,21:05:08,-79.282306,43.697914,,,45.1120685152954,5.40484276229684,4225.99114292555,332.431494124505,1
1052594,48459763,1,157,21:05:09,-79.282348,43.697869,,,45.1120685152954,6.0431977441823,4232.03434066973,332.913748931147,1
1052594,48459763,1,158,21:05:09,-79.282386,43.697829,,,45.1120685152954,5.40192809582776,4237.43626876556,333.344829610553,1
1052594,48459763,1,159,21:05:10,-79.282425,43.697793,,,45.1120685152954,5.09042573110089,4242.52669449666,333.75105200813,1
1052594,48459763,1,160,21:05:10,-79.282463,43.697754,,,45.1120685152954,5.3105442675388,4247.8372387642,334.17484014271,1
1052594,48459763,1,161,21:05:11,-79.282504,43.697714,,,45.1120685152954,5.54220606397205,4253.37944482817,334.617115181008,1
1052594,48459763,1,162,21:05:11,-79.282544,43.697679,,,45.1120685152954,5.05414351190637,4258.43358834008,335.020442211705,1
1052594,48459763,1,163,21:05:11,-79.282586,43.697638,,,45.1120685152954,5.67956598726389,4264.11315432734,335.473678745233,1
1052594,48459763,1,164,21:05:12,-79.282627,43.697604,,,45.1120685152954,5.02135720484758,4269.13451153219,335.874389387249,1
1052594,48459763,1,165,21:05:12,-79.282668,43.697568,,,45.1120685152954,5.1912354013543,4274.32574693355,336.288656523737,1
1052594,48459763,1,166,21:05:13,-79.282712,43.697528,,,45.1120685152954,5.68928002133707,4280.01502695488,336.742668249443,1
1052594,48459763,1,167,21:05:13,-79.282755,43.697492,,,45.1120685152954,5.29501587392508,4285.31004282881,337.165217198616,1
1052594,48459763,1,168,21:05:14,-79.282799,43.697457,,,45.1120685152954,5.26506667142888,4290.57510950024,337.585376163632,1
1052594,48459763,1,169,21:05:14,-79.282844,43.697423,,,45.1120685152954,5.23854952858095,4295.81365902882,338.003419027184,1
1052594,48459763,1,170,21:05:14,-79.282889,43.697386,,,45.1120685152954,5.48469861714616,4301.29835764596,338.44110489865,1
1052594,48459763,1,171,21:05:15,-79.282934,43.697352,,,45.1120685152954,5.23855249605846,4306.53691014202,338.85914799901,1
1052594,48459763,1,172,21:05:15,-79.28298,43.697321,,,45.1120685152954,5.06117257721015,4311.59808271923,339.263035957989,1
1052594,48459763,1,173,21:05:16,-79.283028,43.697285,,,45.1120685152954,5.5663825115442,4317.16446523078,339.707240307315,1
1052594,48459763,1,174,21:05:16,-79.283073,43.69725,,,45.1120685152954,5.31954195984704,4322.48400719062,340.131746469096,1
1052594,48459763,1,175,21:05:17,-79.28312,43.69722,,,45.1120685152954,5.04599096913587,4327.52999815976,340.534422916591,1
1052594,48459763,1,176,21:05:17,-79.283168,43.697184,,,45.1120685152954,5.56638703098362,4333.09638519074,340.978627626573,1
1052594,48459763,1,177,21:05:17,-79.283217,43.697153,,,45.1120685152954,5.24039006058298,4338.33677525133,341.396817366902,1
1052594,48459763,1,178,21:05:18,-79.283245,43.697136,,,45.1120685152954,2.94275621365627,4341.27953146498,341.631653026579,1
1052594,48459763,1,179,21:05:18,-79.283264,43.697123,,,45.1120685152954,2.10539882403297,4343.38493028902,341.799666509799,1
1052594,48459763,1,180,21:05:18,-79.283314,43.697091,,,45.1120685152954,5.37435679704062,4348.75928708606,342.228546964766,1
1052594,48459763,1,181,21:05:19,-79.283364,43.697061,,,45.1120685152954,5.22944701926992,4353.98873410533,342.645863436587,1
1052594,48459763,1,182,21:05:19,-79.283414,43.697029,,,45.1120685152954,5.3743599106655,4359.36309401599,343.074744140026,1
1052594,48459763,1,183,21:05:19,-79.283465,43.696999,,,45.1120685152954,5.29163493385098,4364.65472894984,343.497023285913,1
1052594,48459763,1,184,21:05:20,-79.283515,43.696968,,,45.1120685152954,5.30123380418169,4369.95596275402,343.920068433767,1
1052594,48459763,1,185,21:05:20,-79.283566,43.696938,,,45.1120685152954,5.29163817391619,4375.24760092794,344.342347838216,1
1052594,48459763,1,186,21:05:21,-79.283618,43.696912,,,45.1120685152954,5.08850114579785,4380.33610207374,344.748416651458,1
1052594,48459763,1,187,21:05:21,-79.283671,43.696881,,,45.1120685152954,5.48677984498955,4385.82288191873,345.186268607532,1
1052594,48459763,1,188,21:05:22,-79.283724,43.696854,,,45.1120685152954,5.21821999733559,4391.04110191606,345.602689148834,1
1052594,48459763,1,189,21:05:22,-79.283779,43.696828,,,45.1120685152954,5.2888804217544,4396.32998233782,346.02474848118,1
1052594,48459763,1,190,21:05:22,-79.283833,43.696802,,,45.1120685152954,5.2217043105873,4401.55168664841,346.441447075077,1
1052594,48459763,1,191,21:05:23,-79.283888,43.696775,,,45.1120685152954,5.35061379258411,4406.90230044099,346.868432808324,1
1052594,48459763,1,192,21:05:23,-79.283941,43.69675,,,45.1120685152954,5.09324185930965,4411.9955423003,347.274879936487,1
1052594,48459763,1,193,21:05:24,-79.284008,43.696715,,,45.1120685152954,6.65274649005956,4418.64828879036,347.805777502314,1
1052594,48459763,1,194,21:05:24,-79.284074,43.696684,,,45.1120685152954,6.3345106443991,4424.98279943476,348.311279446037,1
1052594,48459763,1,195,21:05:25,-79.284141,43.696654,,,45.1120685152954,6.34284541851431,4431.32564485327,348.817446515253,1
1052594,48459763,1,196,21:05:25,-79.284209,43.696623,,,45.1120685152954,6.47009549823178,4437.7957403515,349.333768301423,1
1052594,48459763,1,197,21:05:26,-79.284277,43.696592,,,45.1120685152954,6.47009789095204,4444.26583824246,349.850090278535,1
1052594,48459763,1,198,21:05:26,-79.284293,43.696584,,,45.1120685152954,1.56569861372969,4445.83153685619,349.975035003858,1
1052594,48459763,1,199,21:05:26,-79.284345,43.696563,,,45.1120685152954,4.79384213655864,4450.62537899274,350.357589656296,1
1052594,48459763,1,200,21:05:27,-79.284414,43.696532,,,45.1120685152954,6.53832466382695,4457.16370365657,350.879356215987,1
1052594,48459763,1,201,21:05:27,-79.284483,43.696501,,,45.1120685152954,6.53832710089178,4463.70203075746,351.401122970159,1
1052594,48459763,1,202,21:05:28,-79.284554,43.696476,,,45.1120685152954,6.35608561855647,4470.05811637602,351.908346624048,1
1052594,48459763,1,203,21:05:28,-79.284623,43.696445,,,45.1120685152954,6.53833150839412,4476.59644788441,352.430113729944,1
1052594,48459763,1,204,21:05:29,-79.284693,43.696418,,,45.1120685152954,6.38555243283539,4482.98200031725,352.9396888728,1
1052594,48459763,1,205,21:05:29,-79.284766,43.696392,,,45.1120685152954,6.54962080969257,4489.53162112694,353.462356879187,1
1052594,48459763,1,206,21:05:30,-79.284835,43.696367,,,45.1120685152954,6.21177434192519,4495.74339546887,353.958064311077,1
1052594,48459763,1,207,21:05:33,-79.28528,43.696199,,,45.1120685152954,40.4046564950085,4536.14805196388,357.182406890994,1
1052594,48459763,1,208,21:05:37,-79.2858565021055,43.6959800014486,,,45.1120685152954,52.4146572289249,4588.5627091928,361.365162686379,1
1052594,48459763,1,209,21:05:42,-79.286433,43.695761,,,45.1120685152954,52.4146572278849,4640.97736642068,365.54791848168,1
1052594,48459763,1,210,21:05:46,-79.2869950020337,43.6955440013767,,,45.1120685152954,51.2794357569653,4692.25680217765,369.640082170926,1
1052594,48459763,1,211,21:05:50,-79.287557,43.695327,,,45.1120685152954,51.2794357572322,4743.53623793488,373.732245860194,1
1052594,48459763,1,212,21:05:53,-79.287952,43.695175,,,45.1120685152954,36.0146164630997,4779.55085439798,376.606257705232,1
1052594,48459763,1,213,21:05:59,-79.2888075046008,43.6948525031901,,,45.1120685152954,77.6537988276165,4857.2046532256,382.803128852576,1
1052594,48459763,1,214,21:06:05,-79.289663,43.69453,14501,3,45.1120685152954,77.653798828626,4934.85845205422,389,1
1052594,48459763,1,215,21:06:05,-79.289663,43.69453,14501,3,1e-12,0,4934.85845205422,389,1
1052594,48459763,1,216,21:06:06,-79.289736,43.694505,,,44.3190709125122,6.50136235630167,4941.35981441053,389.52810007071,1
1052594,48459763,1,217,21:06:06,-79.289807,43.694479,,,44.3190709125122,6.40577804152658,4947.76559245205,390.048435909767,1
1052594,48459763,1,218,21:06:07,-79.289879,43.694454,,,44.3190709125122,6.42871842904289,4954.1943108811,390.570635176765,1
1052594,48459763,1,219,21:06:11,-79.2905190081002,43.6942010053561,,,44.3190709125122,58.7090340408542,5012.90334492195,395.339519501175,1
1052594,48459763,1,220,21:06:16,-79.2911590108002,43.6939480071414,,,44.3190709125122,58.7090340423946,5071.61237896434,400.108403825709,1
1052594,48459763,1,221,21:06:21,-79.2917990081002,43.6936950053561,,,44.3190709125122,58.7090340421656,5130.32141300651,404.877288150225,1
1052594,48459763,1,222,21:06:26,-79.292439,43.693442,,,44.3190709125122,58.7090340421068,5189.03044704862,409.646172474737,1
1052594,48459763,1,223,21:06:31,-79.293146510883,43.6931345065455,,,44.3190709125122,66.4429420437056,5255.47338909232,415.043275492296,1
1052594,48459763,1,224,21:06:36,-79.2938540145106,43.6928270087273,,,44.3190709125122,66.4429420463134,5321.91633113864,420.440378510067,1
1052594,48459763,1,225,21:06:42,-79.294561510883,43.6925195065454,,,44.3190709125122,66.4429420442812,5388.35927318292,425.837481527673,1
1052594,48459763,1,226,21:06:47,-79.295269,43.692212,,,44.3190709125122,66.4429420456347,5454.80221522855,431.234584545389,1
1052594,48459763,1,227,21:06:52,-79.2958032694627,43.6918998837089,,,44.3190709125122,55.2858293357778,5510.08804456433,435.725404896783,1
1052594,48459763,1,228,21:06:56,-79.2963375333645,43.6915877649293,,,44.3190709125122,55.285829340266,5565.3738739046,440.216225248542,1
1052594,48459763,1,229,21:07:01,-79.2968717917054,43.6912756436615,,,44.3190709125122,55.2858293376601,5620.65970324226,444.707045600089,1
1052594,48459763,1,230,21:07:05,-79.2974060444856,43.6909635199055,,,44.3190709125122,55.2858293378214,5675.94553258008,449.19786595165,1
1052594,48459763,1,231,21:07:10,-79.297940291705,43.6906513936613,,,44.3190709125122,55.2858293384536,5731.23136191853,453.688686303262,1
1052594,48459763,1,232,21:07:14,-79.2984745333639,43.6903392649289,,,44.3190709125122,55.2858293353645,5786.51719125389,458.179506654622,1
1052594,48459763,1,233,21:07:19,-79.2990087694622,43.6900271337085,,,44.3190709125122,55.2858293394925,5841.80302059339,462.670327006318,1
1052594,48459763,1,234,21:07:23,-79.299543,43.689715,,,44.3190709125122,55.2858293378608,5897.08884993125,467.161147357882,1
1052594,48459763,1,235,21:07:28,-79.3001935023101,43.6895020018444,,,44.3190709125122,57.4800274774828,5954.56887740873,471.830200536533,1
1052594,48459763,1,236,21:07:32,-79.300844,43.689289,,,44.3190709125122,57.4800274751416,6012.04890488387,476.499253714995,1
1052594,48459763,1,237,21:07:37,-79.3015245020876,43.6891050020184,,,44.3190709125122,58.4811456019966,6070.53005048587,481.249626857581,1
1052594,48459763,1,238,21:07:42,-79.302205,43.688921,14502,4,44.3190709125122,58.4811455999335,6129.0111960858,486,1
1052594,48459763,1,239,21:07:42,-79.302205,43.688921,14502,4,1e-12,0,6129.0111960858,486,1
1052594,48459763,1,240,21:07:45,-79.302617,43.688809,,,46.2790211954466,35.4302154917821,6164.44141157759,488.75608196707,1
1052594,48459763,1,241,21:07:51,-79.303507,43.688596,,,46.2790211954466,75.4628772097599,6239.90428878735,494.626265712051,1
1052594,48459763,1,242,21:07:58,-79.3046180046584,43.6883445053801,,,46.2790211954466,93.7109019962093,6333.61519078355,501.915945538286,1
1052594,48459763,1,243,21:08:05,-79.305729,43.688093,,,46.2790211954466,93.7109019970062,6427.32609278056,509.205625364583,1
1052594,48459763,1,244,21:08:12,-79.3067995043725,43.687848004995,,,46.2790211954466,90.3846566990942,6517.71074947965,516.236559807699,1
1052594,48459763,1,245,21:08:19,-79.30787,43.687603,,,46.2790211954466,90.3846567001412,6608.0954061798,523.267494250896,1
1052594,48459763,1,246,21:08:23,-79.3084695013693,43.6874660015665,,,46.2790211954466,50.6105222895308,6658.70592846933,527.204437503711,1
1052594,48459763,1,247,21:08:27,-79.309069,43.687329,,,46.2790211954466,50.6105222879454,6709.31645075727,531.141380756403,1
1052594,48459763,1,248,21:08:34,-79.3101095036081,43.6871210047189,,,46.2790211954466,86.8993291181024,6796.21577987537,537.901194960424,1
1052594,48459763,1,249,21:08:41,-79.31115,43.686913,,,46.2790211954466,86.8993291158761,6883.11510899125,544.661009164272,1
1052594,48459763,1,250,21:08:42,-79.31142,43.686862,,,46.2790211954466,22.4636960005536,6905.5788049918,546.408438204753,1
1052594,48459763,1,251,21:08:47,-79.312163,43.686698,,,46.2790211954466,62.5343161370995,6968.1131211289,551.272921771569,1
1052594,48459763,1,252,21:08:49,-79.312442,43.68665,,,46.2790211954466,23.0858845923666,6991.19900572127,553.068750256824,1
1052594,48459763,1,253,21:08:54,-79.313205,43.686496,,,46.2790211954466,63.7678279952023,7054.96683371647,558.029187510094,1
1052594,48459763,1,254,21:09:01,-79.314277,43.686279,14503,5,46.2790211954466,89.6117719360747,7144.57860565255,565,1
1052594,48459763,1,255,21:09:01,-79.314277,43.686279,14503,5,1e-12,0,7144.57860565255,565,1
1052594,48459763,1,256,21:09:06,-79.3150155023268,43.6860900023772,,,48.2031768862725,63.0617277881587,7207.64033344071,569.709694146778,1
1052594,48459763,1,257,21:09:10,-79.315754,43.685901,,,48.2031768862725,63.0617277866742,7270.70206122738,574.419388293445,1
1052594,48459763,1,258,21:09:16,-79.316708,43.685693,,,48.2031768862725,80.2110938623239,7350.9131550897,580.409863539208,1
1052594,48459763,1,259,21:09:22,-79.317659,43.685487,,,48.2031768862725,79.9159893417987,7430.8291444315,586.378299236076,1
1052594,48459763,1,260,21:09:25,-79.318151,43.685378,,,48.2031768862725,41.4229464273502,7472.25209085885,589.47192535724,1
1052594,48459763,1,261,21:09:29,-79.318703,43.685272,,,48.2031768862725,45.976041802074,7518.22813266093,592.905594280721,1
1052594,48459763,1,262,21:09:35,-79.319722,43.685035,,,48.2031768862725,86.1680351717026,7604.39616783263,599.340956982022,1
1052594,48459763,1,263,21:09:41,-79.320685,43.684834,,,48.2031768862725,80.6865297896482,7685.08269762228,605.366939624786,1
1052594,48459763,1,264,21:09:46,-79.321374,43.684696,,,48.2031768862725,57.5531433731501,7742.63584099543,609.665231345935,1
1052594,48459763,1,265,21:09:48,-79.321671,43.684614,,,48.2031768862725,25.5920607642608,7768.22790175969,611.576545593307,1
1052594,48459763,1,266,21:09:54,-79.3227455039226,43.6843950050324,,,48.2031768862725,89.8684926657302,7858.09639442542,618.288272796681,1
1052594,48459763,1,267,21:10:01,-79.32382,43.684176,14504,6,48.2031768862725,89.8684926650043,7947.96488709042,625,1
1052594,48459763,1,268,21:10:01,-79.32382,43.684176,14504,6,1e-12,0,7947.96488709042,625,1
1052594,48459763,1,269,21:10:05,-79.32412,43.684115,,,22.6396687147245,25.0869809660715,7973.05186805649,628.989154285598,1
1052594,48459763,1,270,21:10:20,-79.32525,43.683866,,,22.6396687147245,95.096392163653,8068.14826022015,644.110709998403,1
1052594,48459763,1,271,21:10:31,-79.326098,43.683688,,,22.6396687147245,71.0833788929241,8139.23163911307,655.413886172889,1
1052594,48459763,1,272,21:10:39,-79.326687,43.683563,,,22.6396687147245,49.4154767128557,8188.64711582593,663.271585788898,1
1052594,48459763,1,273,21:10:52,-79.327653,43.683337,,,22.6396687147245,81.7337262989274,8270.38084212486,676.268304883324,1
1052594,48459763,1,274,21:11:07,-79.328751,43.683107,,,22.6396687147245,92.0255796687453,8362.4064217936,690.901561711505,1
1052594,48459763,1,275,21:11:21,-79.329813,43.682896,14505,7,22.6396687147245,88.6622145129216,8451.06863630652,705,1
1052594,48459763,1,276,21:11:21,-79.329813,43.682896,14505,7,1e-12,0,8451.06863630652,705,1
1052594,48459763,1,277,21:11:25,-79.330427,43.682772,,,46.8136201086251,51.3202971590901,8502.38893346561,708.946566604848,1
1052594,48459763,1,278,21:11:29,-79.3311285018417,43.6826145021449,,,46.8136201086251,59.1323596364226,8561.52129310203,713.493886256632,1
1052594,48459763,1,279,21:11:34,-79.33183,43.682457,,,46.8136201086251,59.1323596366794,8620.65365273871,718.041205908436,1
1052594,48459763,1,280,21:11:41,-79.332863,43.682235,,,46.8136201086251,86.7549667546169,8707.40861949333,724.712723291453,1
1052594,48459763,1,281,21:11:45,-79.3334827541604,43.6821007550224,,,46.8136201086251,52.0828428100619,8759.49146230339,728.717930188103,1
1052594,48459763,1,282,21:11:49,-79.3341025055473,43.6819665066965,,,46.8136201086251,52.0828428103095,8811.5743051137,732.723137084772,1
1052594,48459763,1,283,21:11:53,-79.3347222541605,43.6818322550224,,,46.8136201086251,52.0828428089551,8863.65714792266,736.728343981337,1
1052594,48459763,1,284,21:11:57,-79.335342,43.681698,,,46.8136201086251,52.0828428098594,8915.73999073252,740.733550877971,1
1052594,48459763,1,285,21:12:00,-79.335848,43.681594,,,46.8136201086251,42.3487217760099,8958.08871250853,743.990197085632,1
1052594,48459763,1,286,21:12:06,-79.3368225034272,43.6813830041392,,,46.8136201086251,81.8931620259219,9039.98187453445,750.287838297938,1
1052594,48459763,1,287,21:12:13,-79.337797,43.681172,,,46.8136201086251,81.8931620250365,9121.87503655948,756.585479510177,1
1052594,48459763,1,288,21:12:16,-79.338299,43.681063,,,46.8136201086251,42.1960771800064,9164.07111373949,759.830387242062,1
1052594,48459763,1,289,21:12:21,-79.3391075020348,43.6809120028491,14506,8,46.8136201086251,67.2245243774499,9231.29563811694,765,1
1052594,48459763,1,290,21:12:21,-79.3391075020348,43.6809120028491,14506,8,1e-12,0,9231.29563811694,765,1
1052594,48459763,1,291,21:12:31,-79.339916,43.680761,,,24.9562548235071,67.2245243782913,9298.52016249523,774.697299914324,1
1052594,48459763,1,292,21:12:39,-79.340594,43.680636,,,24.9562548235071,56.3289838547885,9354.84914635002,782.822891807473,1
1052594,48459763,1,293,21:12:45,-79.34109,43.68054,,,24.9562548235071,41.3364621905631,9396.18560854058,788.785776260226,1
1052594,48459763,1,294,21:12:59,-79.342259,43.680318,,,24.9562548235071,97.3028153986248,9493.48842393921,802.821942259985,1
1052594,48459763,1,295,21:13:07,-79.3429120014421,43.6801855018586,,,24.9562548235071,54.6010077502421,9548.08943168945,810.698269428905,1
1052594,48459763,1,296,21:13:15,-79.343565,43.680053,,,24.9562548235071,54.6010077506336,9602.69043944009,818.574596597881,1
1052594,48459763,1,297,21:13:29,-79.344753,43.679814,,,24.9562548235071,99.2741554031359,9701.96459484322,832.895133151894,1
1052594,48459763,1,298,21:13:40,-79.3456755027983,43.6796320037093,14507,9,24.9562548235071,76.9821907895707,9778.94678563279,844,1
1052594,48459763,1,299,21:13:40,-79.3456755027983,43.6796320037093,14507,9,1e-12,0,9778.94678563279,844,1
1052594,48459763,1,300,21:13:51,-79.346598,43.67945,,,25.2980556026495,76.9821907899712,9855.92897642276,854.954829540926,1
1052594,48459763,1,301,21:13:53,-79.346746,43.679419,,,25.2980556026495,12.4048425636051,9868.33381898637,856.72008114486,1
1052594,48459763,1,302,21:14:06,-79.347826,43.67921,,,25.2980556026495,90.0076673261508,9958.34148631252,869.528480630716,1
1052594,48459763,1,303,21:14:17,-79.34879,43.679022,,,25.2980556026495,80.3822457619158,10038.7237320744,880.96714964497,1
1052594,48459763,1,304,21:14:19,-79.348964,43.678989,,,25.2980556026495,14.4821425709284,10053.2058746454,883.028008158139,1
1052594,48459763,1,305,21:14:19,-79.348989,43.678979,,,25.2980556026495,2.30004748810718,10055.5059221335,883.355312797169,1
1052594,48459763,1,306,21:14:33,-79.350104,43.678762,,,25.2980556026495,92.9606197060435,10148.4665418395,896.583927525437,1
1052594,48459763,1,307,21:14:34,-79.350212,43.67874,,,25.2980556026495,9.03327192388351,10157.4998137634,897.869393074124,1
1052594,48459763,1,308,21:14:46,-79.35123,43.678544,,,25.2980556026495,84.8126887284123,10242.3125024918,909.938529304116,1
1052594,48459763,1,309,21:14:53,-79.3518640013261,43.678418501752,,,25.2980556026495,52.9202671005931,10295.2327695924,917.4692646521,1
1052594,48459763,1,310,21:15:01,-79.352498,43.678293,14508,10,25.2980556026495,52.9202671000015,10348.1530366924,925,1
1052594,48459763,1,311,21:15:01,-79.352498,43.678293,14508,10,1e-12,0,10348.1530366924,925,1
1052594,48459763,1,312,21:15:07,-79.35327,43.678137,,,38.4841266352786,64.5338372636278,10412.686873956,931.036821787612,1
1052594,48459763,1,313,21:15:11,-79.353738,43.678054,,,38.4841266352786,38.7948725630641,10451.4817465191,934.665890534595,1
1052594,48459763,1,314,21:15:17,-79.354537,43.677894,,,38.4841266352786,66.7476669734349,10518.2294134925,940.909805158971,1
1052594,48459763,1,315,21:15:25,-79.35554,43.677691,,,38.4841266352786,83.8540103229149,10602.0834238154,948.753933727184,1
1052594,48459763,1,316,21:15:30,-79.3561950013918,43.67756350187,,,38.4841266352786,54.6109759913286,10656.6943998068,953.862520844984,1
1052594,48459763,1,317,21:15:35,-79.35685,43.677436,,,38.4841266352786,54.6109759885362,10711.3053757953,958.971107962523,1
1052594,48459763,1,318,21:15:43,-79.357885,43.677252,,,38.4841266352786,85.809106124853,10797.1144819202,966.998126088128,1
1052594,48459763,1,319,21:15:44,-79.358036,43.677226,,,38.4841266352786,12.4969250797206,10809.6114069999,968.167151715587,1
1052594,48459763,1,320,21:15:45,-79.358185,43.677178,,,38.4841266352786,13.1323393201253,10822.74374632,969.395617207359,1
1052594,48459763,1,321,21:15:47,-79.358318,43.677104,,,38.4841266352786,13.509968787226,10836.2537151072,970.659408070926,1
1052594,48459763,1,322,21:15:52,-79.358876,43.676775,,,38.4841266352786,57.9621237761275,10894.2158388834,976.081478514972,1
1052594,48459763,1,323,21:16:01,-79.359794,43.676234,14509,11,38.4841266352786,95.3393083970181,10989.5551472804,985,1
1052594,48459763,1,324,21:16:01,-79.359794,43.676234,14509,11,1e-12,0,10989.5551472804,985,1
1052594,48459763,1,325,21:16:02,-79.359985,43.676114,,,53.166132622242,20.3696716331365,11009.9248189135,986.379276886666,1
1052594,48459763,1,326,21:16:04,-79.360183,43.676009,,,53.166132622242,19.767460509342,11029.6922794229,987.717776685763,1
1052594,48459763,1,327,21:16:05,-79.360395,43.675921,,,53.166132622242,19.6800237751309,11049.372303198,989.050355944327,1
1052594,48459763,1,328,21:16:07,-79.360647,43.675848,,,53.166132622242,21.8560919141338,11071.2283951121,990.530281735619,1
1052594,48459763,1,329,21:16:11,-79.3613947626147,43.6757033920596,,,53.166132622242,62.3194716667866,11133.5478667789,994.750075181843,1
1052594,48459763,1,330,21:16:15,-79.3621425216253,43.6755587792449,,,53.166132622242,62.3194716659004,11195.8673384448,998.969868628008,1
1052594,48459763,1,331,21:16:19,-79.3628902770318,43.675414161556,,,53.166132622242,62.3194716686468,11258.1868101135,1003.18966207436,1
1052594,48459763,1,332,21:16:23,-79.3636380288342,43.6752695389929,,,53.166132622242,62.3194716657539,11320.5062817792,1007.40945552051,1
1052594,48459763,1,333,21:16:28,-79.3643857770323,43.6751249115557,,,53.166132622242,62.3194716672247,11382.8257534464,1011.62924896677,1
1052594,48459763,1,334,21:16:32,-79.365133521626,43.6749802792445,,,53.166132622242,62.3194716681862,11445.1452251146,1015.84904241309,1
1052594,48459763,1,335,21:16:36,-79.3658812626153,43.6748356420592,,,53.166132622242,62.3194716678313,11507.4646967825,1020.06883585938,1
1052594,48459763,1,336,21:16:40,-79.366629,43.674691,,,53.166132622242,62.3194716665258,11569.784168449,1024.28862930559,1
1052594,48459763,1,337,21:16:42,-79.366935,43.674615,,,53.166132622242,26.0495182764319,11595.8336867254,1026.05250155226,1
1052594,48459763,1,338,21:16:46,-79.3676180029535,43.6743555020333,,,53.166132622242,62.1172723156088,11657.950959041,1030.25860361962,1
1052594,48459763,1,339,21:16:50,-79.368301,43.674096,,,53.166132622242,62.1172723152255,11720.0682313562,1034.46470568696,1
1052594,48459763,1,340,21:16:52,-79.368589,43.673986,,,53.166132622242,26.2229674759515,11746.2911988322,1036.2403225742,1
1052594,48459763,1,341,21:16:57,-79.3693000032048,43.6737155022034,,,53.166132622242,64.6830794118164,11810.974278244,1040.62016128726,1
1052594,48459763,1,342,21:17:01,-79.370011,43.673445,14510,12,53.166132622242,64.6830794070671,11875.6573576511,1045,1
1052594,48459763,1,343,21:17:01,-79.370011,43.673445,14510,12,1e-12,0,11875.6573576511,1045,1
1052594,48459763,1,344,21:17:10,-79.3708850046312,43.6731270033295,,,30.4480458389739,78.7734462566975,11954.4308039078,1054.31371451632,1
1052594,48459763,1,345,21:17:20,-79.371759,43.672809,,,30.4480458389739,78.7734462540385,12033.2042501618,1063.62742903233,1
1052594,48459763,1,346,21:17:31,-79.372865,43.672497,,,30.4480458389739,95.5851437822625,12128.7893939441,1074.92886096777,1
1052594,48459763,1,347,21:17:42,-79.373995,43.672253,,,30.4480458389739,94.9525244027264,12223.7419183468,1086.15549566405,1
1052594,48459763,1,348,21:17:52,-79.375029,43.672184,,,30.4480458389739,83.6087874685935,12307.3507058154,1096.04091282608,1
1052594,48459763,1,349,21:18:01,-79.3759685006183,43.6721445038472,14511,13,30.4480458389739,75.7740824852478,12383.1247883006,1105,1
1052594,48459763,1,350,21:18:01,-79.3759685006183,43.6721445038472,14511,13,1e-12,0,12383.1247883006,1105,1
1052594,48459763,1,351,21:18:15,-79.376908,43.672105,,,19.2677116282398,75.7740824870367,12458.8988707877,1119.15771121224,1
1052594,48459763,1,352,21:18:29,-79.377822,43.672028,,,19.2677116282398,74.0907845270196,12532.9896553147,1133.00091322001,1
1052594,48459763,1,353,21:18:47,-79.378988,43.671865,,,19.2677116282398,95.6213519159192,12628.6110072306,1150.86690963615,1
1052594,48459763,1,354,21:18:59,-79.3797990020405,43.6717140028668,,,19.2677116282398,67.4291073410933,12696.0401145717,1163.4654367011,1
1052594,48459763,1,355,21:19:12,-79.38061,43.671563,,,19.2677116282398,67.4291073418298,12763.4692219135,1176.06396376618,1
1052594,48459763,1,356,21:19:26,-79.3815,43.67141,,,19.2677116282398,73.6577432359219,12837.1269651495,1189.82625587256,1
1052594,48459763,1,357,21:19:42,-79.38252,43.671195,,,19.2677116282398,85.5454890231808,12922.6724541726,1205.8096672099,1
1052594,48459763,1,358,21:19:52,-79.383178,43.671115,,,19.2677116282398,53.7247759938822,12976.3972301665,1215.84766224064,1
1052594,48459763,1,359,21:20:01,-79.38376,43.671057,,,19.2677116282398,47.3048271781603,13023.7020573447,1224.68614711768,1
1052594,48459763,1,360,21:20:06,-79.384116,43.67104,,,19.2677116282398,28.7272308172212,13052.4292881619,1230.05357387481,1
1052594,48459763,1,361,21:20:11,-79.384473,43.671051,,,19.2677116282398,28.7714204215338,13081.2007085834,1235.42925706521,1
1052594,48459763,1,362,21:20:17,-79.384866,43.671066,,,19.2677116282398,31.6880600516808,13112.8887686351,1241.34988834656,1
1052594,48459763,1,363,21:20:23,-79.385238,43.671065,,,19.2677116282398,29.9533356135317,13142.8421042487,1246.94640184485,1
1052594,48459763,1,364,21:20:37,-79.3861690005662,43.6710285037779,,,19.2677116282398,75.0734221357464,13217.9155263844,1260.97320092215,1
1052594,48459763,1,365,21:20:51,-79.3871,43.670992,14512,14,19.2677116282398,75.0734221386743,13292.9889485231,1275,1
1052594,48459763,1,366,21:20:51,-79.3871,43.670992,14512,14,1e-12,0,13292.9889485231,1275,1
1052594,48459763,1,367,21:21:00,-79.387713,43.670919,,,21.0197874679953,50.0228209074776,13343.0117694306,1283.56726812967,1
1052594,48459763,1,368,21:21:10,-79.388381,43.670716,,,21.0197874679953,58.3412975951904,13401.3530670257,1293.55921841282,1
1052594,48459763,1,369,21:21:22,-79.389168,43.670384,,,21.0197874679953,73.3590152144961,13474.7120822402,1306.12321103997,1
1052594,48459763,1,370,21:21:34,-79.389995,43.670173,,,21.0197874679953,70.6113524087224,13545.323434649,1318.21661917069,1
1052594,48459763,1,371,21:21:49,-79.391004,43.669969,,,21.0197874679953,84.3592690791773,13629.6827037281,1332.66459440105,1
1052594,48459763,1,372,21:21:55,-79.391447,43.669881,14513,15,21.0197874679953,36.9913553370751,13666.6740590652,1339,1
1052594,48459763,1,373,21:21:55,-79.391447,43.669881,14513,15,1e-12,0,13666.6740590652,1339,1
1052594,48459763,1,374,21:22:05,-79.3922180057998,43.6697305077728,,,24.1200953056612,64.3026738924156,13730.9767329576,1348.59737609156,1
1052594,48459763,1,375,21:22:14,-79.3929890077331,43.6695800103638,,,24.1200953056612,64.3026738899703,13795.2794068476,1358.19475218275,1
1052594,48459763,1,376,21:22:24,-79.3937600057999,43.6694295077728,,,24.1200953056612,64.302673887998,13859.5820807356,1367.79212827366,1
1052594,48459763,1,377,21:22:33,-79.394531,43.669279,,,24.1200953056612,64.3026738897012,13923.8847546253,1377.38950436481,1
1052594,48459763,1,378,21:22:44,-79.3953980027879,43.6690860032763,,,24.1200953056612,73.0435778368538,13996.9283324622,1388.29148783048,1
1052594,48459763,1,379,21:22:55,-79.396265,43.668893,,,24.1200953056612,73.0435778365015,14069.9719102987,1399.19347129609,1
1052594,48459763,1,380,21:23:05,-79.3970550020862,43.6687345027202,,,24.1200953056612,66.0142389219013,14135.9861492206,1409.04630384535,1
1052594,48459763,1,381,21:23:15,-79.397845,43.668576,,,24.1200953056612,66.0142389213956,14202.000388142,1418.89913639454,1
1052594,48459763,1,382,21:23:27,-79.398839,43.668374,,,24.1200953056612,83.1382364765682,14285.1386246185,1431.30777937554,1
1052594,48459763,1,383,21:23:36,-79.3995325017157,43.6682255020963,14514,16,24.1200953056612,58.2381082999669,14343.3767329185,1440,1
1052594,48459763,1,384,21:23:36,-79.3995325017157,43.6682255020963,14514,16,1e-12,0,14343.3767329185,1440,1
1052594,48459763,1,385,21:23:43,-79.400226,43.668077,,,31.253597029771,58.2381083019506,14401.6148412204,1446.70825792267,1
1052594,48459763,1,386,21:23:51,-79.4011015026328,43.6678965033409,,,31.253597029771,73.3057883088059,14474.9206295292,1455.15211280633,1
1052594,48459763,1,387,21:24:00,-79.401977,43.667716,,,31.253597029771,73.305788308541,14548.2264178378,1463.59596768996,1
1052594,48459763,1,388,21:24:10,-79.403097,43.667463,,,31.253597029771,94.4819542294918,14642.7083720673,1474.47903612212,1
1052594,48459763,1,389,21:24:22,-79.404261,43.667218,,,31.253597029771,97.6174548479028,14740.3258269152,1485.72327265328,1
1052594,48459763,1,390,21:24:28,-79.404909,43.667083,,,31.253597029771,54.3008146708534,14794.626641586,1491.97800655252,1
1052594,48459763,1,391,21:24:36,-79.405744,43.66692,14515,17,31.253597029771,69.6433751619711,14864.270016748,1500,1
1052594,48459763,1,392,21:24:36,-79.405744,43.66692,14515,17,1e-12,0,14864.270016748,1500,1
1052594,48459763,1,393,21:24:48,-79.406665,43.666724,,,23.5431968402586,77.3062803444347,14941.5762970924,1511.82093541197,1
1052594,48459763,1,394,21:24:53,-79.407062,43.666636,,,23.5431968402586,33.4356883348749,14975.0119854273,1516.9336003921,1
1052594,48459763,1,395,21:25:03,-79.407864,43.666472,,,23.5431968402586,67.1120732507799,15042.1240586781,1527.19573536647,1
1052594,48459763,1,396,21:25:11,-79.4084670011803,43.6663545015848,,,23.5431968402586,50.2877393585645,15092.4117980367,1534.88525446276,1
1052594,48459763,1,397,21:25:19,-79.40907,43.666237,,,23.5431968402586,50.2877393600299,15142.6995373967,1542.57477355927,1
1052594,48459763,1,398,21:25:29,-79.409854,43.666064,,,23.5431968402586,66.0042035805963,15208.7037409773,1552.66750372257,1
1052594,48459763,1,399,21:25:37,-79.410511,43.665929,,,23.5431968402586,54.9985709247128,15263.702311902,1561.07735802877,1
1052594,48459763,1,400,21:25:50,-79.411486,43.665716,,,23.5431968402586,82.0153140566784,15345.7176259587,1573.61835374008,1
1052594,48459763,1,401,21:25:59,-79.4122205017925,43.6655695023514,14516,18,23.5431968402586,61.3538734952904,15407.071499454,1583,1
1052594,48459763,1,402,21:25:59,-79.4122205017925,43.6655695023514,14516,18,1e-12,0,15407.071499454,1583,1
1052594,48459763,1,403,21:26:09,-79.412955,43.665423,,,23.0100437066799,61.3538734964266,15468.4253729504,1592.59902325275,1
1052594,48459763,1,404,21:26:17,-79.4135615013488,43.6652895016033,,,23.0100437066799,51.0505400999036,15519.4759130503,1600.58605477265,1
1052594,48459763,1,405,21:26:25,-79.414168,43.665156,,,23.0100437066799,51.0505401031449,15570.5264531534,1608.57308629306,1
1052594,48459763,1,406,21:26:38,-79.415116,43.664846,,,23.0100437066799,83.777390650611,15654.3038438041,1621.68034546157,1
1052594,48459763,1,407,21:26:48,-79.415883,43.664627,,,23.0100437066799,66.4019093431912,15720.7057531472,1632.06915117975,1
1052594,48459763,1,408,21:26:57,-79.416533,43.664455,,,23.0100437066799,55.735183338191,15776.4409364854,1640.7891111492,1
1052594,48459763,1,409,21:27:11,-79.417637,43.664218,,,23.0100437066799,92.7351767896621,15869.1761132751,1655.29784658224,1
1052594,48459763,1,410,21:27:26,-79.418757,43.663981,14517,19,23.0100437066799,93.9714424236347,15963.1475556987,1670,1
1052594,48459763,1,411,21:27:26,-79.418757,43.663981,14517,19,1e-12,0,15963.1475556987,1670,1
1052594,48459763,1,412,21:27:31,-79.41929,43.663859,,,31.3152436137122,45.0191722814418,16008.1667279802,1675.17540346205,1
1052594,48459763,1,413,21:27:42,-79.4203735041602,43.6636285051169,,,31.3152436137122,90.9479743091305,16099.1147022893,1685.63078140998,1
1052594,48459763,1,414,21:27:52,-79.421457,43.663398,,,31.3152436137122,90.9479743070781,16190.0626765964,1696.08615935767,1
1052594,48459763,1,415,21:28:03,-79.422602,43.663152,,,31.3152436137122,96.1869938011723,16286.2496703976,1707.14381491851,1
1052594,48459763,1,416,21:28:09,-79.4232065013443,43.6630185015927,,,31.3152436137122,50.8982443091363,16337.1479147067,1712.99507642467,1
1052594,48459763,1,417,21:28:15,-79.423811,43.662885,,,31.3152436137122,50.8982443079873,16388.0461590147,1718.84633793069,1
1052594,48459763,1,418,21:28:26,-79.424975,43.662622,,,31.3152436137122,98.2029679600046,16486.2491269747,1730.13574985471,1
1052594,48459763,1,419,21:28:28,-79.425188,43.662571,,,31.3152436137122,18.0681248367625,16504.3172518114,1732.21286125179,1
1052594,48459763,1,420,21:28:38,-79.426202,43.66236,,,31.3152436137122,84.969145669564,16589.286397481,1741.9809131368,1
1052594,48459763,1,421,21:28:40,-79.426388,43.662321,,,31.3152436137122,15.5952226883892,16604.8816201694,1743.77373973494,1
1052594,48459763,1,422,21:28:50,-79.427401,43.662111,,,31.3152436137122,84.8613486699585,16689.7429688394,1753.52939927828,1
1052594,48459763,1,423,21:28:56,-79.428073,43.661972,14518,20,31.3152436137122,56.285677202181,16746.0286460415,1760,1
1052594,48459763,1,424,21:28:56,-79.428073,43.661972,14518,20,1e-12,0,16746.0286460415,1760,1
1052594,48459763,1,425,21:29:00,-79.428768,43.661791,,,48.3274156135785,59.4856863410862,16805.5143323826,1764.43120055374,1
1052594,48459763,1,426,21:29:04,-79.42935,43.661602,,,48.3274156135785,51.3751173699217,16856.8894497525,1768.25822958444,1
1052594,48459763,1,427,21:29:09,-79.430144,43.661366,,,48.3274156135785,69.129007579974,16926.0184573325,1773.40777925782,1
1052594,48459763,1,428,21:29:14,-79.4308295019239,43.6611975020481,,,48.3274156135785,58.3045906868767,16984.3230480194,1777.75099777691,1
1052594,48459763,1,429,21:29:18,-79.431515,43.661029,,,48.3274156135785,58.3045906881718,17042.6276387076,1782.0942162961,1
1052594,48459763,1,430,21:29:22,-79.432055,43.660897,,,48.3274156135785,45.9031136633416,17088.5307523709,1785.51362548837,1
1052594,48459763,1,431,21:29:26,-79.432818,43.660727,,,48.3274156135785,64.294761233591,17152.8255136045,1790.30306306748,1
1052594,48459763,1,432,21:29:29,-79.4333,43.66063,,,48.3274156135785,40.2908479652465,17193.1163615698,1793.30440404203,1
1052594,48459763,1,433,21:29:34,-79.434128,43.660455,,,48.3274156135785,69.4689551989674,17262.5853167687,1798.47927705233,1
1052594,48459763,1,434,21:29:36,-79.434405,43.660414,,,48.3274156135785,22.7698725027654,17285.3551892715,1800.17544764141,1
1052594,48459763,1,435,21:29:40,-79.435031501367,43.6602830017108,,,48.3274156135785,52.5194991412955,17337.8746884128,1804.08772382063,1
1052594,48459763,1,436,21:29:44,-79.435658,43.660152,14519,21,48.3274156135785,52.5194991431408,17390.3941875559,1808,1
1052594,48459763,1,437,21:29:44,-79.435658,43.660152,14519,21,1e-12,0,17390.3941875559,1808,1
1052594,48459763,1,438,21:29:44,-79.435735,43.660136,,,46.6745753967057,6.4518250428107,17396.8460125987,1808.4976278832,1
1052594,48459763,1,439,21:29:51,-79.436733,43.659919,,,46.6745753967057,83.9245596126041,17480.7705722113,1814.97071118471,1
1052594,48459763,1,440,21:29:58,-79.4379,43.659696,,,46.6745753967057,97.2066828875315,17577.9772550989,1822.46824180863,1
1052594,48459763,1,441,21:30:04,-79.438801,43.659515,,,46.6745753967057,75.3071283084121,17653.2843834073,1828.27666447999,1
1052594,48459763,1,442,21:30:09,-79.439503,43.659409,,,46.6745753967057,57.7536665246773,17711.038049932,1832.73119240492,1
1052594,48459763,1,443,21:30:11,-79.439853,43.65939,,,46.6745753967057,28.2664269163263,17739.3044768483,1834.9113758567,1
1052594,48459763,1,444,21:30:13,-79.440129,43.659404,,,46.6745753967057,22.2821778688668,17761.5866547171,1836.62999546161,1
1052594,48459763,1,445,21:30:16,-79.440663,43.659387,,,46.6745753967057,43.047210308883,17804.633865026,1839.95021756958,1
1052594,48459763,1,446,21:30:20,-79.441379,43.659344,,,46.6745753967057,57.8612966939223,17862.49516172,1844.4130469864,1
1052594,48459763,1,447,21:30:26,-79.4422755007839,43.659291503503,14520,22,46.6745753967057,72.4357387975333,17934.9309005175,1850,1
1052594,48459763,1,448,21:30:26,-79.4422755007839,43.659291503503,14520,22,1e-12,0,17934.9309005175,1850,1
1052594,48459763,1,449,21:30:38,-79.443172,43.659239,,,21.8737345138609,72.4357388001638,18007.3666393176,1861.92154268469,1
1052594,48459763,1,450,21:30:45,-79.443692,43.659191,,,21.8737345138609,42.2177390861907,18049.5843784038,1868.86977827811,1
1052594,48459763,1,451,21:30:51,-79.444172,43.65915,,,21.8737345138609,38.9253598235908,18088.5097382274,1875.27615096569,1
1052594,48459763,1,452,21:30:59,-79.444757,43.659049,,,21.8737345138609,48.4360956440116,18136.9458338714,1883.24780958704,1
1052594,48459763,1,453,21:31:10,-79.4454985022353,43.6588680023964,,,21.8737345138609,63.0246489334311,18199.9704828049,1893.62046616365,1
1052594,48459763,1,454,21:31:20,-79.44624,43.658687,,,21.8737345138609,63.0246489349451,18262.9951317398,1903.99312274052,1
1052594,48459763,1,455,21:31:31,-79.4470240023503,43.658507002679,,,21.8737345138609,66.2434193285192,18329.2385510683,1914.89552760566,1
1052594,48459763,1,456,21:31:42,-79.447808,43.658327,,,21.8737345138609,66.243419330797,18395.4819703991,1925.79793247117,1
1052594,48459763,1,457,21:31:58,-79.44898000568,43.6580360059868,,,21.8737345138609,99.7929965171092,18495.2749669162,1942.22195861238,1
1052594,48459763,1,458,21:32:15,-79.450152,43.657745,,,21.8737345138609,99.7929965193217,18595.0679634356,1958.64598475396,1
1052594,48459763,1,459,21:32:30,-79.451275,43.657456,,,21.8737345138609,95.9947185354241,18691.062681971,1974.44488669768,1
1052594,48459763,1,460,21:32:43,-79.4521455033199,43.6572270033028,,,21.8737345138609,74.5988929632605,18765.6615749343,1986.72244334891,1
1052594,48459763,1,461,21:32:55,-79.453016,43.656998,14521,23,21.8737345138609,74.5988929624778,18840.2604678967,1999,1
1052594,48459763,1,462,21:32:55,-79.453016,43.656998,14521,23,1e-12,0,18840.2604678967,1999,1
1052594,48459763,1,463,21:33:02,-79.453457,43.656891,,,20.3828264349588,37.4613836439743,18877.7218515407,2005.61640236935,1
1052594,48459763,1,464,21:33:13,-79.454227,43.656714,,,20.3828264349588,65.0693983063793,18942.7912498471,2017.10891223546,1
1052594,48459763,1,465,21:33:30,-79.455369,43.656457,,,20.3828264349588,96.3218250509796,19039.1130748981,2034.12120301319,1
1052594,48459763,1,466,21:33:45,-79.4563415036278,43.6562330041221,,,20.3828264349588,82.1977393566451,19121.3108142547,2048.63890803453,1
1052594,48459763,1,467,21:33:59,-79.457314,43.656009,,,20.3828264349588,82.1977393578497,19203.5085536126,2063.15661305608,1
1052594,48459763,1,468,21:34:01,-79.45747,43.655972,,,20.3828264349588,13.2220423654322,19216.730595978,2065.49188057492,1
1052594,48459763,1,469,21:34:13,-79.4582720022304,43.6558050028034,,,20.3828264349588,67.2148001276104,19283.9453961056,2077.36330975239,1
1052594,48459763,1,470,21:34:25,-79.459074,43.655638,,,20.3828264349588,67.2148001292507,19351.1601962348,2089.23473893016,1
1052594,48459763,1,471,21:34:28,-79.459235,43.655609,,,20.3828264349588,13.3627361521198,19364.522932387,2091.5948556834,1
1052594,48459763,1,472,21:34:37,-79.459875,43.655461,,,20.3828264349588,54.1145417113765,19418.6374740983,2101.1525267347,1
1052594,48459763,1,473,21:34:46,-79.460467,43.655323,14522,24,20.3828264349588,50.0934755429436,19468.7309496413,2110,1
1052594,48459763,1,474,21:34:46,-79.460467,43.655323,14522,24,1e-12,0,19468.7309496413,2110,1
1052594,48459763,1,475,21:34:54,-79.461455,43.655112,,,35.4612386307733,82.96816830161,19551.6991179429,2118.42287008065,1
1052594,48459763,1,476,21:35:00,-79.4621075015919,43.6549655018557,,,35.4612386307733,55.0251072755134,19606.7242252184,2124.00898026293,1
1052594,48459763,1,477,21:35:06,-79.46276,43.654819,,,35.4612386307733,55.0251072734111,19661.7493324918,2129.59509044501,1
1052594,48459763,1,478,21:35:11,-79.4634420017149,43.6546680020273,,,35.4612386307733,57.4434802761037,19719.1928127679,2135.42671215307,1
1052594,48459763,1,479,21:35:17,-79.464124,43.654517,,,35.4612386307733,57.4434802787443,19776.6362930467,2141.2583338614,1
1052594,48459763,1,480,21:35:24,-79.4649210024022,43.6543360027686,,,35.4612386307733,67.279597862841,19843.9158909095,2148.08851130748,1
1052594,48459763,1,481,21:35:31,-79.465718,43.654155,,,35.4612386307733,67.2795978638795,19911.1954887734,2154.91868875368,1
1052594,48459763,1,482,21:35:38,-79.466551,43.65398,,,35.4612386307733,69.8625034760457,19981.0579922494,2162.01108096063,1
1052594,48459763,1,483,21:35:45,-79.467322,43.653817,,,35.4612386307733,64.6947374455758,20045.752729695,2168.57884519552,1
1052594,48459763,1,484,21:35:52,-79.4682275028724,43.6536265035737,,,35.4612386307733,75.9518403447211,20121.7045700397,2176.28942259773,1
1052594,48459763,1,485,21:36:00,-79.469133,43.653436,14523,25,35.4612386307733,75.9518403452296,20197.656410385,2184,1
1052594,48459763,1,486,21:36:00,-79.469133,43.653436,14523,25,1e-12,0,20197.656410385,2184,1
1052594,48459763,1,487,21:36:06,-79.4697915016009,43.6532900018899,,,32.039968971091,55.4719058441618,20253.1283162291,2190.23280444557,1
1052594,48459763,1,488,21:36:12,-79.47045,43.653144,,,32.039968971091,55.4719058431305,20308.6002220723,2196.46560889103,1
1052594,48459763,1,489,21:36:23,-79.4716,43.652876,,,32.039968971091,97.3109209441542,20405.9111430164,2207.39943082185,1
1052594,48459763,1,490,21:36:29,-79.472209,43.652744,,,32.039968971091,51.2047604361942,20457.1159034526,2213.15278026287,1
1052594,48459763,1,491,21:36:39,-79.47329,43.652496,,,32.039968971091,91.3399658329595,20548.4558692856,2223.41570771125,1
1052594,48459763,1,492,21:36:45,-79.4738995013752,43.6523605016191,,,32.039968971091,51.3567715043392,20599.8126407899,2229.18613706412,1
1052594,48459763,1,493,21:36:51,-79.474509,43.652225,,,32.039968971091,51.3567715039224,20651.1694122938,2234.95656641693,1
1052594,48459763,1,494,21:36:54,-79.474795,43.652156,,,32.039968971091,24.2825642562725,20675.4519765501,2237.68494706554,1
1052594,48459763,1,495,21:37:01,-79.475602,43.651979,,,32.039968971091,67.9203117922122,20743.3722883423,2245.3164501632,1
1052594,48459763,1,496,21:37:05,-79.47594,43.651902,,,32.039968971091,28.5416639528454,20771.9139522952,2248.52338180296,1
1052594,48459763,1,497,21:37:07,-79.476218,43.651846,,,32.039968971091,23.2430625009254,20795.1570147961,2251.13496438841,1
1052594,48459763,1,498,21:37:12,-79.476736,43.651742,14524,26,32.039968971091,43.2987750107051,20838.4557898068,2256,1
1052594,48459763,1,499,21:37:12,-79.476736,43.651742,14524,26,1e-12,0,20838.4557898068,2256,1
1052594,48459763,1,500,21:37:20,-79.477665,43.651519,,,33.6706506447142,78.8368662580109,20917.2926560648,2264.42908328454,1
1052594,48459763,1,501,21:37:24,-79.478112,43.651432,,,33.6706506447142,37.2836390565685,20954.5762951214,2268.41537692703,1
1052594,48459763,1,502,21:37:29,-79.478593,43.651316,,,33.6706506447142,40.8377574658049,20995.4140525872,2272.78166994667,1
1052594,48459763,1,503,21:37:37,-79.479516,43.651108,,,33.6706506447142,77.8660680677968,21073.280120655,2281.10695739068,1
1052594,48459763,1,504,21:37:43,-79.4802090016904,43.6509615020932,,,33.6706506447142,58.152060983204,21131.4321816382,2287.32446182054,1
1052594,48459763,1,505,21:37:50,-79.480902,43.650815,,,33.6706506447142,58.1520609832542,21189.5842426214,2293.5419662504,1
1052594,48459763,1,506,21:37:56,-79.481556,43.650644,,,33.6706506447142,56.0112567893457,21245.5954994108,2299.53058009007,1
1052594,48459763,1,507,21:38:00,-79.482044,43.65045,,,33.6706506447142,44.8487409782972,21290.4442403891,2304.32571960862,1
1052594,48459763,1,508,21:38:05,-79.482518,43.650257,,,33.6706506447142,43.8091996849369,21334.253440074,2309.00971340874,1
1052594,48459763,1,509,21:38:10,-79.483042,43.650123,,,33.6706506447142,44.7651426761479,21379.0185827502,2313.79591476061,1
1052594,48459763,1,510,21:38:19,-79.484045,43.649885,,,33.6706506447142,85.0223835195246,21464.0409662697,2322.88634143219,1
1052594,48459763,1,511,21:38:26,-79.48483,43.649699,14525,27,33.6706506447142,66.5337534562298,21530.5747197259,2330,1
1052594,48459763,1,512,21:38:26,-79.48483,43.649699,14525,27,1e-12,0,21530.5747197259,2330,1
1052594,48459763,1,513,21:38:28,-79.485071,43.649604,,,36.1857672148918,22.1057772096055,21552.6804969355,2332.19922925724,1
1052594,48459763,1,514,21:38:31,-79.485372,43.649441,,,36.1857672148918,30.2830347586143,21582.9635316941,2335.21198630295,1
1052594,48459763,1,515,21:38:35,-79.485698,43.649235,,,36.1857672148918,34.8624439299654,21617.8259756241,2338.68033333018,1
1052594,48459763,1,516,21:38:38,-79.485977,43.649065,,,36.1857672148918,29.3797128414683,21647.2056884656,2341.6032219234,1
1052594,48459763,1,517,21:38:40,-79.486184,43.648919,,,36.1857672148918,23.2842711222576,21670.4899595878,2343.91969556737,1
1052594,48459763,1,518,21:38:41,-79.486267,43.648838,,,36.1857672148918,11.2250088388535,21681.7149684267,2345.03643385786,1
1052594,48459763,1,519,21:38:42,-79.486397,43.648758,,,36.1857672148918,13.7462235075083,21695.4611919342,2346.40399929687,1
1052594,48459763,1,520,21:38:44,-79.48655,43.648694,,,36.1857672148918,14.2351373411861,21709.6963292754,2347.82020512509,1
1052594,48459763,1,521,21:38:45,-79.486697,43.648641,,,36.1857672148918,13.2292167327745,21722.9255460081,2349.13633530288,1
1052594,48459763,1,522,21:38:48,-79.487069,43.648543,,,36.1857672148918,31.8884753996106,21754.8140214078,2352.30881222611,1
1052594,48459763,1,523,21:38:52,-79.487444,43.648444,,,36.1857672148918,32.1536797501054,21786.9677011579,2355.50767343618,1
1052594,48459763,1,524,21:38:54,-79.487763,43.648389,,,36.1857672148918,26.4146653489801,21813.3823665068,2358.13557944938,1
1052594,48459763,1,525,21:38:57,-79.48812,43.648358,,,36.1857672148918,28.9625310483789,21842.3448975552,2361.0169640323,1
1052594,48459763,1,526,21:39:00,-79.488507,43.648342,,,36.1857672148918,31.2235497714963,21873.5684473267,2364.12328974622,1
1052594,48459763,1,527,21:39:06,-79.489268,43.64837,,,36.1857672148918,61.3774592969367,21934.9459066237,2370.22952627167,1
1052594,48459763,1,528,21:39:12,-79.490041,43.64838,,,36.1857672148918,62.2747899790068,21997.2206966027,2376.42503520182,1
1052594,48459763,1,529,21:39:20,-79.490968,43.64847,,,36.1857672148918,75.3385497656664,22072.5592463683,2383.92021355595,1
1052594,48459763,1,530,21:39:25,-79.491482,43.648651,,,36.1857672148918,46.0448819879676,22118.6041283563,2388.50106365019,1
1052594,48459763,1,531,21:39:30,-79.4921369919193,43.6488980056097,,,36.1857672148918,59.4942868252668,22178.0984151816,2394.4199496945,1
1052594,48459763,1,532,21:39:36,-79.4927919892257,43.6491450074796,,,36.1857672148918,59.4942868252561,22237.5927020068,2400.33883573881,1
1052594,48459763,1,533,21:39:42,-79.4934469919193,43.6493920056097,,,36.1857672148918,59.4942868257917,22297.0869888326,2406.25772178318,1
1052594,48459763,1,534,21:39:48,-79.494102,43.649639,,,36.1857672148918,59.494286826874,22356.5812756595,2412.17660782765,1
1052594,48459763,1,535,21:39:50,-79.494318,43.649715,,,36.1857672148918,19.3462776857977,22375.9275533453,2414.10130377939,1
1052594,48459763,1,536,21:39:56,-79.494989,43.649934,14526,28,36.1857672148918,59.2913467529275,22435.2189000982,2420,1
1052594,48459763,1,537,21:39:56,-79.494989,43.649934,14526,28,1e-12,0,22435.2189000982,2420,1
1052594,48459763,1,538,21:39:59,-79.49534,43.650053,,,34.4960584560515,31.2217525666132,22466.4406526648,2423.25829425942,1
1052594,48459763,1,539,21:40:04,-79.495876,43.650213,,,34.4960584560515,46.7030149338675,22513.1436675987,2428.1322091728,1
1052594,48459763,1,540,21:40:07,-79.496177,43.650284,,,34.4960584560515,25.5004388808422,22538.6441064795,2430.79342857234,1
1052594,48459763,1,541,21:40:11,-79.496691,43.650399,,,34.4960584560515,43.3351915158405,22581.9792979954,2435.31587827934,1
1052594,48459763,1,542,21:40:15,-79.49711,43.65049,,,34.4960584560515,35.2366488403346,22617.2159468357,2438.99316610591,1
1052594,48459763,1,543,21:40:18,-79.497487,43.650586,,,34.4960584560515,32.1916957900432,22649.4076426257,2442.35268339661,1
1052594,48459763,1,544,21:40:22,-79.497866,43.650645,,,34.4960584560515,31.2256960755333,22680.6333387013,2445.61138919963,1
1052594,48459763,1,545,21:40:26,-79.498402,43.65066,,,34.4960584560515,43.2052268062253,22723.8385655075,2450.12027582216,1
1052594,48459763,1,546,21:40:29,-79.498725,43.650678,,,34.4960584560515,26.0935753947008,22749.9321409022,2452.84339479937,1
1052594,48459763,1,547,21:40:32,-79.499106,43.650697,,,34.4960584560515,30.7610157945441,22780.6931566967,2456.05360668493,1
1052594,48459763,1,548,21:40:36,-79.499518,43.650689,,,34.4960584560515,33.1971011898591,22813.8902578866,2459.51804783074,1
1052594,48459763,1,549,21:40:37,-79.499716,43.650663,,,34.4960584560515,16.2087136718217,22830.0989715584,2461.20958512022,1
1052594,48459763,1,550,21:40:40,-79.500071,43.650602,,,34.4960584560515,29.3892743822747,22859.4882459407,2464.27664241638,1
1052594,48459763,1,551,21:40:50,-79.5012095048811,43.6503445056494,,,34.4960584560515,96.0783855435681,22955.5666314843,2474.30335861056,1
1052594,48459763,1,552,21:41:00,-79.502348,43.650087,,,34.4960584560515,96.0783855434522,23051.6450170277,2484.33007480473,1
1052594,48459763,1,553,21:41:11,-79.503508,43.649831,,,34.4960584560515,97.6843711339997,23149.3293881617,2494.52439125194,1
1052594,48459763,1,554,21:41:20,-79.504612,43.649563,,,34.4960584560515,93.7958691657328,23243.1252573275,2504.31290460998,1
1052594,48459763,1,555,21:41:30,-79.505758,43.649317,,,34.4960584560515,96.2845803465368,23339.409837674,2514.36113924204,1
1052594,48459763,1,556,21:41:36,-79.506433,43.649152,,,34.4960584560515,57.3889514505252,23396.7987891245,2520.35023580752,1
1052594,48459763,1,557,21:41:45,-79.507392,43.648898,,,34.4960584560515,82.2585196456021,23479.0573087701,2528.93471426617,1
1052594,48459763,1,558,21:41:51,-79.508035,43.648701,,,34.4960584560515,56.2444644447353,23535.3017732149,2534.80437245506,1
1052594,48459763,1,559,21:41:57,-79.508699,43.648571,,,34.4960584560515,55.407928467079,23590.7097016819,2540.58672995934,1
1052594,48459763,1,560,21:41:58,-79.50889,43.648549,,,34.4960584560515,15.5786292204706,23606.2883309024,2542.21251179366,1
1052594,48459763,1,561,21:42:06,-79.5098065022583,43.648401003661,,,34.4960584560515,75.639738339144,23681.9280692416,2550.10625589686,1
1052594,48459763,1,562,21:42:14,-79.510723,43.648253,14527,29,34.4960584560515,75.6397383386298,23757.5678075802,2558,1
1052594,48459763,1,563,21:42:14,-79.510723,43.648253,14527,29,1e-12,0,23757.5678075802,2558,1
1052594,48459763,1,564,21:42:19,-79.511291,43.648113,,,33.3560198069979,48.3338224611556,23805.9016300413,2563.2165025044,1
1052594,48459763,1,565,21:42:24,-79.511843,43.647959,,,33.3560198069979,47.6539997960622,23853.5556298374,2568.3596340968,1
1052594,48459763,1,566,21:42:33,-79.512756,43.647746,,,33.3560198069979,77.2703175926471,23930.82594743,2576.69915256882,1
1052594,48459763,1,567,21:42:43,-79.513893,43.647499,,,33.3560198069979,95.6244121507956,24026.4503595808,2587.01956506811,1
1052594,48459763,1,568,21:42:45,-79.514056,43.647457,,,33.3560198069979,13.93738422174,24040.3877438026,2588.5237788049,1
1052594,48459763,1,569,21:42:49,-79.514537,43.647346,,,33.3560198069979,40.6676289152559,24081.0553727178,2592.91289552032,1
1052594,48459763,1,570,21:42:52,-79.514874,43.647296,,,33.3560198069979,27.7104423546702,24108.7658150725,2595.90358784675,1
1052594,48459763,1,571,21:42:58,-79.5154915014855,43.6471515016619,,,33.3560198069979,52.2767165179275,24161.0425315904,2601.54563328722,1
1052594,48459763,1,572,21:43:03,-79.516109,43.647007,,,33.3560198069979,52.2767165192155,24213.3192481097,2607.18767872784,1
1052594,48459763,1,573,21:43:09,-79.5167185013851,43.6468705016191,,,33.3560198069979,51.3938636782507,24264.7131117879,2612.73444091087,1
1052594,48459763,1,574,21:43:14,-79.517328,43.646734,,,33.3560198069979,51.3938636794431,24316.1069754673,2618.28120309402,1
1052594,48459763,1,575,21:43:15,-79.517364,43.646731,,,33.3560198069979,2.91903141028697,24319.0260068776,2618.59624407127,1
1052594,48459763,1,576,21:43:23,-79.5183390027593,43.6465610041433,,,33.3560198069979,80.7860339139781,24399.8120407916,2627.31520166192,1
1052594,48459763,1,577,21:43:32,-79.519314,43.646391,,,33.3560198069979,80.7860339166581,24480.5980747083,2636.03415925287,1
1052594,48459763,1,578,21:43:38,-79.5199345009762,43.6462965016781,,,33.3560198069979,51.07778146385,24531.6758561721,2641.5468077743,1
1052594,48459763,1,579,21:43:43,-79.520555,43.646202,,,33.3560198069979,51.0777814616615,24582.7536376338,2647.05945629549,1
1052594,48459763,1,580,21:43:52,-79.521555,43.646012,,,33.3560198069979,83.2831319085302,24666.0367695423,2656.04791704727,1
1052594,48459763,1,581,21:43:58,-79.5221900014324,43.6458765017574,,,33.3560198069979,53.3287736830459,24719.3655432254,2661.80350738358,1
1052594,48459763,1,582,21:44:04,-79.522825,43.645741,,,33.3560198069979,53.328773682207,24772.6943169076,2667.5590977198,1
1052594,48459763,1,583,21:44:14,-79.523966,43.645463,,,33.3560198069979,96.9814366752024,24869.6757535828,2678.02596918861,1
1052594,48459763,1,584,21:44:21,-79.52468,43.645305,,,33.3560198069979,60.1445070227738,24929.8202606055,2684.51715808149,1
1052594,48459763,1,585,21:44:24,-79.525063,43.64522,14528,30,33.3560198069979,32.2704844495655,24962.0907450551,2688,1
1052594,48459763,1,586,21:44:24,-79.525063,43.64522,14528,30,1e-12,0,24962.0907450551,2688,1
1052594,48459763,1,587,21:44:40,-79.526163,43.645004,,,21.160235095478,91.8138511360474,25053.9045961912,2703.62033042631,1
1052594,48459763,1,588,21:44:48,-79.5267740014036,43.6448660016271,,,21.160235095478,51.5603747630309,25105.4649709542,2712.39231940986,1
1052594,48459763,1,589,21:44:57,-79.527385,43.644728,,,21.160235095478,51.5603747651791,25157.0253457194,2721.16430839378,1
1052594,48459763,1,590,21:45:02,-79.527736,43.644646,,,21.160235095478,29.7116063787157,25186.7369520981,2726.21915690944,1
1052594,48459763,1,591,21:45:11,-79.528322,43.644431,,,21.160235095478,52.9258073157279,25239.6627594138,2735.22344752705,1
1052594,48459763,1,592,21:45:18,-79.528702,43.644214,,,21.160235095478,38.9943100972414,25278.657069511,2741.85756646366,1
1052594,48459763,1,593,21:45:25,-79.529119,43.643969,,,21.160235095478,43.2692228796953,25321.9262923907,2749.21897817124,1
1052594,48459763,1,594,21:45:33,-79.529518,43.643644,,,21.160235095478,48.3942056883195,25370.3204980791,2757.45230543305,1
1052594,48459763,1,595,21:45:47,-79.5300570153689,43.6430730037987,,,21.160235095478,76.9782273679457,25447.298725447,2770.54864473524,1
1052594,48459763,1,596,21:46:00,-79.5305960204916,43.6425020050648,,,21.160235095478,76.9782273702423,25524.2769528173,2783.64498403783,1
1052594,48459763,1,597,21:46:13,-79.5311350153685,43.6419310037986,,,21.160235095478,76.9782273659529,25601.2551801832,2796.74132333969,1
1052594,48459763,1,598,21:46:26,-79.531674,43.64136,,,21.160235095478,76.9782273690645,25678.2334075523,2809.83766264207,1
1052594,48459763,1,599,21:46:39,-79.5322200151855,43.640803003898,,,21.160235095478,76.0222708546557,25754.2556784069,2822.77136464689,1
1052594,48459763,1,600,21:46:52,-79.5327660202471,43.6402460051972,,,21.160235095478,76.0222708561215,25830.277949263,2835.70506665195,1
1052594,48459763,1,601,21:47:05,-79.5333120151852,43.6396890038979,,,21.160235095478,76.0222708564369,25906.3002201195,2848.63876865707,1
1052594,48459763,1,602,21:47:18,-79.533858,43.639132,,,21.160235095478,76.0222708562104,25982.3224909757,2861.57247066215,1
1052594,48459763,1,603,21:47:34,-79.5346300085249,43.6384685025975,14529,31,21.160235095478,96.5584396740876,26078.8809306498,2878,1
1052594,48459763,1,604,21:47:34,-79.5346300085249,43.6384685025975,14529,31,1e-12,0,26078.8809306498,2878,1
1052594,48459763,1,605,,-79.535402,43.637805,,,,96.5584396736368,26175.4393703234,,1
