shape_id,trip_id,route_type,id,timestamp,shape_pt_lon,shape_pt_lat,stop_id,stop_sequence,speed,dist,cumdist,cumtime,trip_number
1052543,48459745,1,1,14:35:31,-79.264535,43.732238,14499,1,1e-12,0,0,0,1
1052543,48459745,1,2,14:35:31,-79.264535,43.732238,14499,1,1e-12,0,0,0,1
1052543,48459745,1,3,14:35:37,-79.2652780030271,43.7319940024064,,,42.5796367777209,65.6477229921869,65.6477229921869,5.55034802212145,1
1052543,48459745,1,4,14:35:42,-79.266021,43.73175,,,42.5796367777209,65.6477229910296,131.295445983216,11.1006960441451,1
1052543,48459745,1,5,14:35:51,-79.267142,43.731367,,,42.5796367777209,99.7425453323521,231.037991315569,19.5336745843553,1
1052543,48459745,1,6,14:35:57,-79.26782,43.730867,,,42.5796367777209,77.9251478484981,308.963139164067,26.1220476538357,1
1052543,48459745,1,7,14:36:04,-79.268405,43.730221,,,42.5796367777209,85.9404074604181,394.903546624485,33.3880905389029,1
1052543,48459745,1,8,14:36:13,-79.2690935081616,43.7295110020663,,,42.5796367777209,96.5098237948029,491.413370419288,41.5477506946486,1
1052543,48459745,1,9,14:36:21,-79.269782,43.728801,,,42.5796367777209,96.5098237951038,587.923194214392,49.7074108504196,1
1052543,48459745,1,10,14:36:22,-79.269923,43.72866,,,42.5796367777209,19.3652634117498,607.288457626141,51.3446946216794,1
1052543,48459745,1,11,14:36:23,-79.269994,43.728579,,,42.5796367777209,10.6735145247647,617.961972150906,52.2471131296094,1
1052543,48459745,1,12,14:36:32,-79.2706680084168,43.7278310019802,,,42.5796367777209,99.3631825178151,717.325154668721,60.6480175086552,1
1052543,48459745,1,13,14:36:40,-79.271342,43.727083,,,42.5796367777209,99.3631825197889,816.68833718851,69.0489218878679,1
1052543,48459745,1,14,14:36:46,-79.271795,43.726581,,,42.5796367777209,66.7143701046197,883.40270729313,74.6894522106229,1
1052543,48459745,1,15,14:36:52,-79.2722982640761,43.726022503312,,,42.5796367777209,74.1912809762019,957.593988269332,80.9621363321107,1
1052543,48459745,1,16,14:36:58,-79.2728015187679,43.7254640044159,,,42.5796367777209,74.1912809764322,1031.78526924576,87.234820453618,1
1052543,48459745,1,17,14:37:05,-79.2733047640758,43.7249055033119,,,42.5796367777209,74.1912809772371,1105.976550223,93.5075045751933,1
1052543,48459745,1,18,14:37:11,-79.273808,43.724347,,,42.5796367777209,74.1912809762083,1180.16783119921,99.7801886966816,1
1052543,48459745,1,19,14:37:11,-79.273855,43.724303,,,42.5796367777209,6.18766816808545,1186.35549936729,100.303340303667,1
1052543,48459745,1,20,14:37:12,-79.273901,43.724258,,,42.5796367777209,6.22802281813561,1192.58352218543,100.829903793683,1
1052543,48459745,1,21,14:37:12,-79.273947,43.724215,,,42.5796367777209,6.05039595549239,1198.63391814092,101.341449384207,1
1052543,48459745,1,22,14:37:13,-79.273992,43.724169,,,42.5796367777209,6.27112783470285,1204.90504597563,101.871657293748,1
1052543,48459745,1,23,14:37:13,-79.274034,43.724125,,,42.5796367777209,5.95040683510279,1210.85545281073,102.374749058438,1
1052543,48459745,1,24,14:37:14,-79.27408,43.724082,,,42.5796367777209,6.05040098329984,1216.90585379403,102.886295074051,1
1052543,48459745,1,25,14:37:14,-79.274121,43.724033,,,42.5796367777209,6.37436291476569,1223.28021670879,103.425231247061,1
1052543,48459745,1,26,14:37:15,-79.274164,43.723988,,,42.5796367777209,6.08772497065562,1229.36794167945,103.939932910882,1
1052543,48459745,1,27,14:37:15,-79.274205,43.723944,,,42.5796367777209,5.90510306899896,1235.27304474845,104.439194357365,1
1052543,48459745,1,28,14:37:16,-79.274246,43.723895,,,42.5796367777209,6.37436684688987,1241.64741159534,104.978130862827,1
1052543,48459745,1,29,14:37:16,-79.274286,43.72385,,,42.5796367777209,5.9539013097605,1247.6013129051,105.481518076462,1
1052543,48459745,1,30,14:37:17,-79.274324,43.723801,,,42.5796367777209,6.25289835686592,1253.85421126196,106.010184730014,1
1052543,48459745,1,31,14:37:18,-79.274363,43.723753,,,42.5796367777209,6.19637524191581,1260.05058650388,106.534072497947,1
1052543,48459745,1,32,14:37:18,-79.2744,43.723707,,,42.5796367777209,5.92297582509499,1265.97356232898,107.034845040504,1
1052543,48459745,1,33,14:37:19,-79.274438,43.723659,,,42.5796367777209,6.15603407411987,1272.1295964031,107.555322065297,1
1052543,48459745,1,34,14:37:19,-79.274474,43.72361,,,42.5796367777209,6.1758355510653,1278.30543195416,108.077473254606,1
1052543,48459745,1,35,14:37:20,-79.27451,43.72356,,,42.5796367777209,6.27437403446375,1284.57980598862,108.607955622081,1
1052543,48459745,1,36,14:37:20,-79.274543,43.723511,,,42.5796367777209,6.06640492145931,1290.64621091008,109.120854729964,1
1052543,48459745,1,37,14:37:21,-79.274577,43.723462,,,42.5796367777209,6.10204104231871,1296.7482519524,109.636766781234,1
1052543,48459745,1,38,14:37:21,-79.27461,43.723413,,,42.5796367777209,6.06640682138005,1302.81465877378,110.14966604975,1
1052543,48459745,1,39,14:37:22,-79.274644,43.723364,,,42.5796367777209,6.10204304549236,1308.91670181928,110.665578270384,1
1052543,48459745,1,40,14:37:22,-79.274676,43.723311,,,42.5796367777209,6.43712516603322,1315.35382698531,111.209820832121,1
1052543,48459745,1,41,14:37:23,-79.274706,43.723263,,,42.5796367777209,5.8631120018102,1321.21693898712,111.705532040666,1
1052543,48459745,1,42,14:37:23,-79.274738,43.723213,,,42.5796367777209,6.13249259745063,1327.34943158457,112.224018693478,1
1052543,48459745,1,43,14:37:24,-79.274767,43.723159,,,42.5796367777209,6.44811378033583,1333.7975453649,112.769190314607,1
1052543,48459745,1,44,14:37:30,-79.275047,43.722538,,,42.5796367777209,72.7068829530797,1406.50442831798,118.916372358397,1
1052543,48459745,1,45,14:37:33,-79.275247,43.722186,,,42.5796367777209,42.3593209235508,1448.86374924154,122.497745213239,1
1052543,48459745,1,46,14:37:36,-79.275361,43.721935,,,42.5796367777209,29.4078979537462,1478.27164719528,124.984108194355,1
1052543,48459745,1,47,14:37:43,-79.2756922622368,43.7211972514349,,,42.5796367777209,86.3417367541403,1564.61338394942,132.284082450536,1
1052543,48459745,1,48,14:37:51,-79.2760235163154,43.7204595019132,,,42.5796367777209,86.341736761928,1650.95512071135,139.584056707376,1
1052543,48459745,1,49,14:37:58,-79.2763547622364,43.7197217514349,,,42.5796367777209,86.3417367582272,1737.29685746958,146.884030963903,1
1052543,48459745,1,50,14:38:05,-79.276686,43.718984,,,42.5796367777209,86.3417367570992,1823.63859422668,154.184005220334,1
1052543,48459745,1,51,14:38:11,-79.2769370023312,43.7184275002746,,,42.5796367777209,65.1577109404788,1888.79630516715,159.692923969694,1
1052543,48459745,1,52,14:38:16,-79.277188,43.717871,,,42.5796367777209,65.1577109416811,1953.95401610884,165.201842719155,1
1052543,48459745,1,53,14:38:17,-79.277235,43.717777,,,42.5796367777209,11.1263354435396,1965.08035155238,166.142546084143,1
1052543,48459745,1,54,14:38:18,-79.277282,43.717687,,,42.5796367777209,10.7086344125106,1975.78898596489,167.047933889264,1
1052543,48459745,1,55,14:38:19,-79.277327,43.717598,,,42.5796367777209,10.5482528604584,1986.33723882534,167.939761842045,1
1052543,48459745,1,56,14:38:20,-79.277372,43.717504,,,42.5796367777209,11.0726864408037,1997.40992526615,168.875929320293,1
1052543,48459745,1,57,14:38:21,-79.277416,43.717415,,,42.5796367777209,10.5209122055491,2007.9308374717,169.765445690235,1
1052543,48459745,1,58,14:38:22,-79.277461,43.71732,,,42.5796367777209,11.1779496681469,2019.10878713984,170.710512906646,1
1052543,48459745,1,59,14:38:23,-79.277504,43.717231,,,42.5796367777209,10.4941168789862,2029.60290401883,171.597763799874,1
1052543,48459745,1,60,14:38:24,-79.277546,43.717137,,,42.5796367777209,10.9961354841449,2040.59903950298,172.527459089423,1
1052543,48459745,1,61,14:38:24,-79.277586,43.717047,,,42.5796367777209,10.5229682665007,2051.12200776948,173.417149294089,1
1052543,48459745,1,62,14:38:25,-79.277627,43.716954,,,42.5796367777209,10.8655631717436,2061.98757094122,174.335805026699,1
1052543,48459745,1,63,14:38:26,-79.277667,43.716861,,,42.5796367777209,10.8414089876453,2072.82897992887,175.252418584472,1
1052543,48459745,1,64,14:38:27,-79.277705,43.71677,,,42.5796367777209,10.5814014010221,2083.41038132989,176.147049162054,1
1052543,48459745,1,65,14:38:28,-79.277743,43.716677,,,42.5796367777209,10.7947371881793,2094.20511851807,177.059716737879,1
1052543,48459745,1,66,14:38:29,-79.277781,43.716582,,,42.5796367777209,11.0084414524386,2105.2135599705,177.99045246575,1
1052543,48459745,1,67,14:38:30,-79.277818,43.716489,,,42.5796367777209,10.772228011047,2115.98578798155,178.901216947894,1
1052543,48459745,1,68,14:38:31,-79.277855,43.716395,,,42.5796367777209,10.8792570221395,2126.86504500369,179.821030460728,1
1052543,48459745,1,69,14:38:32,-79.27789,43.716305,,,42.5796367777209,10.4069945604911,2137.27203956418,180.700915383499,1
1052543,48459745,1,70,14:38:33,-79.277924,43.716211,,,42.5796367777209,10.8157023396578,2148.08774190384,181.615355509563,1
1052543,48459745,1,71,14:38:34,-79.277957,43.716117,,,42.5796367777209,10.7956338327279,2158.88337573657,182.528098894404,1
1052543,48459745,1,72,14:38:34,-79.277991,43.716024,,,42.5796367777209,10.7080415786993,2169.59141731527,183.433436576934,1
1052543,48459745,1,73,14:38:35,-79.278023,43.71593,,,42.5796367777209,10.7761295358711,2180.36754685114,184.34453092308,1
1052543,48459745,1,74,14:38:36,-79.278031,43.715906,,,42.5796367777209,2.74811244369835,2183.11565929484,184.576876841129,1
1052543,48459745,1,75,14:38:36,-79.278055,43.715834,,,42.5796367777209,8.2443376858165,2191.35999698065,185.273914625267,1
1052543,48459745,1,76,14:38:37,-79.278085,43.715741,,,42.5796367777209,10.6303793350558,2201.99037631571,186.17268616261,1
1052543,48459745,1,77,14:38:38,-79.278121,43.715656,,,42.5796367777209,9.89557047503607,2211.88594679075,187.009331479621,1
1052543,48459745,1,78,14:38:39,-79.278157,43.715571,,,42.5796367777209,9.89557167429228,2221.78151846504,187.845976898027,1
1052543,48459745,1,79,14:38:40,-79.278191,43.715486,,,42.5796367777209,9.84967210343204,2231.63119056847,188.678741624449,1
1052543,48459745,1,80,14:38:41,-79.278225,43.715401,,,42.5796367777209,9.84967318126892,2241.48086374974,189.511506442,1
1052543,48459745,1,81,14:38:41,-79.278257,43.71532,,,42.5796367777209,9.37727242625588,2250.85813617599,190.304330977135,1
1052543,48459745,1,82,14:38:42,-79.278289,43.715236,,,42.5796367777209,9.69883038199976,2260.55696655799,191.124342419634,1
1052543,48459745,1,83,14:38:43,-79.27832,43.71515,,,42.5796367777209,9.89306676309261,2270.45003332109,191.960776054168,1
1052543,48459745,1,84,14:38:44,-79.278351,43.715066,,,42.5796367777209,9.67778371926995,2280.12781704036,192.77900805486,1
1052543,48459745,1,85,14:38:45,-79.278381,43.71498,,,42.5796367777209,9.87308974686847,2290.00090678723,193.613752683479,1
1052543,48459745,1,86,14:38:45,-79.278409,43.714895,,,42.5796367777209,9.72665992827083,2299.7275667155,194.436117043339,1
1052543,48459745,1,87,14:38:46,-79.278438,43.71481,,,42.5796367777209,9.74561125327405,2309.47317796877,195.26008368953,1
1052543,48459745,1,88,14:38:47,-79.278465,43.714721,,,42.5796367777209,10.1428166974843,2319.61599466625,196.117633045847,1
1052543,48459745,1,89,14:38:48,-79.278492,43.714636,,,42.5796367777209,9.70834136709062,2329.32433603335,196.938448617947,1
1052543,48459745,1,90,14:38:49,-79.278517,43.714549,,,42.5796367777209,9.89148495860865,2339.21582099195,197.774748514935,1
1052543,48459745,1,91,14:38:50,-79.278541,43.714465,,,42.5796367777209,9.54814913406877,2348.76397012602,198.582020241138,1
1052543,48459745,1,92,14:38:50,-79.278564,43.71438,,,42.5796367777209,9.64142825176462,2358.40539837779,199.397178479513,1
1052543,48459745,1,93,14:38:51,-79.278587,43.714295,,,42.5796367777209,9.6414287581797,2368.04682713597,200.212336760703,1
1052543,48459745,1,94,14:38:52,-79.278602,43.71424,,,42.5796367777209,6.24039567194429,2374.28722280791,200.739946344042,1
1052543,48459745,1,95,14:39:00,-79.2787800025381,43.7133855001381,,,42.5796367777209,96.1946943896318,2470.48191719754,208.872963110025,1
1052543,48459745,1,96,14:39:08,-79.278958,43.712531,,,42.5796367777209,96.1946943914261,2566.67661158897,217.00597987616,1
1052543,48459745,1,97,14:39:13,-79.2790600009684,43.7119620000453,,,42.5796367777209,63.8703092354332,2630.5469208244,222.406052085509,1
1052543,48459745,1,98,14:39:19,-79.279162,43.711393,,,42.5796367777209,63.8703092321425,2694.41723005654,227.80612429458,1
1052543,48459745,1,99,14:39:26,-79.279298,43.710635,14500,2,42.5796367777209,85.0868373780128,2779.50406743456,235,1
1052543,48459745,1,100,14:39:26,-79.279298,43.710635,14500,2,1e-12,0,2779.50406743456,235,1
1052543,48459745,1,101,14:39:31,-79.2794015009221,43.7101010000467,,,41.7165364765097,60.025179657604,2839.52924709216,240.179975736697,1
1052543,48459745,1,102,14:39:36,-79.279505,43.709567,,,41.7165364765097,60.0251796619167,2899.55442675408,245.359951473767,1
1052543,48459745,1,103,14:39:42,-79.2796180011246,43.7089705000557,,,41.7165364765097,67.0217641240969,2966.57619087818,251.143709456231,1
1052543,48459745,1,104,14:39:48,-79.279731,43.708374,,,41.7165364765097,67.0217641285191,3033.59795500669,256.927467439076,1
1052543,48459745,1,105,14:39:53,-79.279832,43.707825,,,41.7165364765097,61.652451874017,3095.25040688071,262.247871420155,1
1052543,48459745,1,106,14:40:00,-79.2799345011201,43.7071700000458,,,41.7165364765097,73.3793147919189,3168.62972167263,268.580265131691,1
1052543,48459745,1,107,14:40:06,-79.280037,43.706515,,,41.7165364765097,73.3793147934533,3242.00903646608,274.91265884336,1
1052543,48459745,1,108,14:40:14,-79.2801815020092,43.705681500091,,,41.7165364765097,93.5106185774856,3335.51965504357,282.982317911737,1
1052543,48459745,1,109,14:40:22,-79.280326,43.704848,,,41.7165364765097,93.5106185816023,3429.03027362517,291.051976980469,1
1052543,48459745,1,110,14:40:29,-79.280448,43.704103,,,41.7165364765097,83.5121334544681,3512.54240707964,298.258799641918,1
1052543,48459745,1,111,14:40:38,-79.280593,43.703231,,,41.7165364765097,97.7694462992016,3610.31185337884,306.695981546397,1
1052543,48459745,1,112,14:40:43,-79.280677,43.702719,,,41.7165364765097,57.3950679563658,3667.70692133521,311.64898728692,1
1052543,48459745,1,113,14:40:46,-79.280728,43.702418,,,41.7165364765097,33.7576017167116,3701.46452305192,314.562157373526,1
1052543,48459745,1,114,14:40:54,-79.280869,43.70157,,,41.7165364765097,95.0784937838413,3796.54301683576,322.76711891952,1
1052543,48459745,1,115,14:40:58,-79.280937,43.701171,,,41.7165364765097,44.7523416141769,3841.29535844994,326.62909892598,1
1052543,48459745,1,116,14:40:59,-79.280945,43.70108,,,41.7165364765097,10.1505128003477,3851.44587125028,327.505054821835,1
1052543,48459745,1,117,14:40:59,-79.280955,43.700995,,,41.7165364765097,9.49632010930241,3860.94219135959,328.324556038403,1
1052543,48459745,1,118,14:41:00,-79.280965,43.700909,,,41.7165364765097,9.60724385420002,3870.54943521379,329.153629609614,1
1052543,48459745,1,119,14:41:01,-79.280977,43.70082,,,41.7165364765097,9.95439275284216,3880.50382796663,330.012660989901,1
1052543,48459745,1,120,14:41:02,-79.28099,43.700734,,,41.7165364765097,9.63047482910294,3890.13430279573,330.843739317899,1
1052543,48459745,1,121,14:41:04,-79.281017,43.70056,,,41.7165364765097,19.4910944558094,3909.62539725154,332.525756713577,1
1052543,48459745,1,122,14:41:06,-79.281057,43.700335,,,41.7165364765097,25.2529136743377,3934.87831092588,334.705000172075,1
1052543,48459745,1,123,14:41:07,-79.281071,43.700228,,,41.7165364765097,11.9643569307931,3946.84266785667,335.73748485534,1
1052543,48459745,1,124,14:41:08,-79.281094,43.700097,,,41.7165364765097,14.6998628892835,3961.54253074596,337.00603471281,1
1052543,48459745,1,125,14:41:09,-79.281111,43.700017,,,41.7165364765097,9.01004214703919,3970.552572893,337.783571739346,1
1052543,48459745,1,126,14:41:10,-79.281136,43.699908,,,41.7165364765097,12.2995072865024,3982.8520801795,338.844978796865,1
1052543,48459745,1,127,14:41:11,-79.281165,43.699801,,,41.7165364765097,12.1376931271911,3994.98977330669,339.892421824224,1
1052543,48459745,1,128,14:41:12,-79.281197,43.699697,,,41.7165364765097,11.8602181947137,4006.8499915014,340.915919676808,1
1052543,48459745,1,129,14:41:13,-79.281231,43.699594,,,41.7165364765097,11.7879020113135,4018.63789351272,341.933176880426,1
1052543,48459745,1,130,14:41:14,-79.28127,43.699487,,,41.7165364765097,12.3177975435355,4030.95569105625,342.996162327018,1
1052543,48459745,1,131,14:41:15,-79.281311,43.699385,,,41.7165364765097,11.8243331032096,4042.78002415946,344.016563414139,1
1052543,48459745,1,132,14:41:16,-79.281356,43.699281,,,41.7165364765097,12.1304811657764,4054.91050532524,345.063384072929,1
1052543,48459745,1,133,14:41:17,-79.281404,43.699184,,,41.7165364765097,11.4682250207152,4066.37873034595,346.053054202851,1
1052543,48459745,1,134,14:41:18,-79.281451,43.699084,,,41.7165364765097,11.7570652207831,4078.13579556674,347.067650292788,1
1052543,48459745,1,135,14:41:19,-79.281499,43.698986,,,41.7165364765097,11.5731036969151,4089.70889926365,348.066371107791,1
1052543,48459745,1,136,14:41:20,-79.281551,43.698892,,,41.7165364765097,11.2698990241534,4100.9787982878,349.038926355991,1
1052543,48459745,1,137,14:41:21,-79.281605,43.698799,,,41.7165364765097,11.227936764171,4112.20673505197,350.00786039906,1
1052543,48459745,1,138,14:41:22,-79.281664,43.698705,,,41.7165364765097,11.4910242068702,4123.69775925885,350.999498023818,1
1052543,48459745,1,139,14:41:22,-79.281693,43.69866,,,41.7165364765097,5.52642072256643,4129.22417998141,351.476409970054,1
1052543,48459745,1,140,14:41:23,-79.281724,43.698611,,,41.7165364765097,5.99816829764511,4135.22234827906,351.994032181661,1
1052543,48459745,1,141,14:41:23,-79.281755,43.698568,,,41.7165364765097,5.3979285367887,4140.62027681585,352.459855674543,1
1052543,48459745,1,142,14:41:24,-79.281787,43.698523,,,41.7165364765097,5.63264723044312,4146.25292404629,352.945934619304,1
1052543,48459745,1,143,14:41:24,-79.281819,43.698473,,,41.7165364765097,6.13293886325982,4152.38586290955,353.475187087811,1
1052543,48459745,1,144,14:41:25,-79.281853,43.69843,,,41.7165364765097,5.51368822148184,4157.89955113103,353.951000261047,1
1052543,48459745,1,145,14:41:25,-79.281888,43.698384,,,41.7165364765097,5.84434626090557,4163.74389739194,354.455348136406,1
1052543,48459745,1,146,14:41:26,-79.281923,43.69834,,,41.7165364765097,5.65029467501553,4169.39419206695,354.942949997637,1
1052543,48459745,1,147,14:41:26,-79.281957,43.698296,,,41.7165364765097,5.61060582081827,4175.00479788777,355.427126841185,1
1052543,48459745,1,148,14:41:27,-79.281994,43.698252,,,41.7165364765097,5.73224275790481,4180.73704064567,355.921800552654,1
1052543,48459745,1,149,14:41:27,-79.28203,43.698211,,,41.7165364765097,5.40608889507144,4186.14312954075,356.388328257638,1
1052543,48459745,1,150,14:41:28,-79.282069,43.698166,,,41.7165364765097,5.91152257941374,4192.05465212016,356.898473228515,1
1052543,48459745,1,151,14:41:28,-79.282107,43.698123,,,41.7165364765097,5.68034771757269,4197.73499983773,357.388668568551,1
1052543,48459745,1,152,14:41:29,-79.282146,43.698078,,,41.7165364765097,5.91152502539797,4203.64652486313,357.898813750509,1
1052543,48459745,1,153,14:41:29,-79.282184,43.698038,,,41.7165364765097,5.40192206218365,4209.04844692531,358.364981871508,1
1052543,48459745,1,154,14:41:30,-79.282226,43.697993,,,41.7165364765097,6.04319383402096,4215.09164075933,358.886489638931,1
1052543,48459745,1,155,14:41:30,-79.282266,43.697953,,,41.7165364765097,5.49465940392065,4220.58630016326,359.360660687749,1
1052543,48459745,1,156,14:41:31,-79.282306,43.697914,,,41.7165364765097,5.40484276229684,4225.99114292555,359.827080855569,1
1052543,48459745,1,157,14:41:31,-79.282348,43.697869,,,41.7165364765097,6.0431977441823,4232.03434066973,360.348588960426,1
1052543,48459745,1,158,14:41:32,-79.282386,43.697829,,,41.7165364765097,5.40192809582776,4237.43626876556,360.814757602109,1
1052543,48459745,1,159,14:41:32,-79.282425,43.697793,,,41.7165364765097,5.09042573110089,4242.52669449666,361.254044613443,1
1052543,48459745,1,160,14:41:33,-79.282463,43.697754,,,41.7165364765097,5.3105442675388,4247.8372387642,361.71232713107,1
1052543,48459745,1,161,14:41:33,-79.282504,43.697714,,,41.7165364765097,5.54220606397205,4253.37944482817,362.190601300392,1
1052543,48459745,1,162,14:41:34,-79.282544,43.697679,,,41.7165364765097,5.05414351190637,4258.43358834008,362.626757275448,1
1052543,48459745,1,163,14:41:34,-79.282586,43.697638,,,41.7165364765097,5.67956598726389,4264.11315432734,363.116885154729,1
1052543,48459745,1,164,14:41:35,-79.282627,43.697604,,,41.7165364765097,5.02135720484758,4269.13451153219,363.550211779235,1
1052543,48459745,1,165,14:41:35,-79.282668,43.697568,,,41.7165364765097,5.1912354013543,4274.32574693355,363.998198333809,1
1052543,48459745,1,166,14:41:35,-79.282712,43.697528,,,41.7165364765097,5.68928002133707,4280.01502695488,364.489164502305,1
1052543,48459745,1,167,14:41:36,-79.282755,43.697492,,,41.7165364765097,5.29501587392508,4285.31004282881,364.946106970596,1
1052543,48459745,1,168,14:41:36,-79.282799,43.697457,,,41.7165364765097,5.26506667142888,4290.57510950024,365.400464921137,1
1052543,48459745,1,169,14:41:37,-79.282844,43.697423,,,41.7165364765097,5.23854952858095,4295.81365902882,365.852534529397,1
1052543,48459745,1,170,14:41:37,-79.282889,43.697386,,,41.7165364765097,5.48469861714616,4301.29835764596,366.325845995052,1
1052543,48459745,1,171,14:41:38,-79.282934,43.697352,,,41.7165364765097,5.23855249605846,4306.53691014202,366.777915859395,1
1052543,48459745,1,172,14:41:38,-79.28298,43.697321,,,41.7165364765097,5.06117257721015,4311.59808271923,367.214678419686,1
1052543,48459745,1,173,14:41:39,-79.283028,43.697285,,,41.7165364765097,5.5663825115442,4317.16446523078,367.69503893698,1
1052543,48459745,1,174,14:41:39,-79.283073,43.69725,,,41.7165364765097,5.31954195984704,4322.48400719062,368.154097925883,1
1052543,48459745,1,175,14:41:40,-79.28312,43.69722,,,41.7165364765097,5.04599096913587,4327.52999815976,368.58955036329,1
1052543,48459745,1,176,14:41:40,-79.283168,43.697184,,,41.7165364765097,5.56638703098362,4333.09638519074,369.069911270597,1
1052543,48459745,1,177,14:41:41,-79.283217,43.697153,,,41.7165364765097,5.24039006058298,4338.33677525133,369.52213971072,1
1052543,48459745,1,178,14:41:41,-79.283245,43.697136,,,41.7165364765097,2.94275621365627,4341.27953146498,369.776089900835,1
1052543,48459745,1,179,14:41:41,-79.283264,43.697123,,,41.7165364765097,2.10539882403297,4343.38493028902,369.957778900131,1
1052543,48459745,1,180,14:41:41,-79.283314,43.697091,,,41.7165364765097,5.37435679704062,4348.75928708606,370.42156822934,1
1052543,48459745,1,181,14:41:42,-79.283364,43.697061,,,41.7165364765097,5.22944701926992,4353.98873410533,370.872852320961,1
1052543,48459745,1,182,14:41:42,-79.283414,43.697029,,,41.7165364765097,5.3743599106655,4359.36309401599,371.336641918865,1
1052543,48459745,1,183,14:41:43,-79.283465,43.696999,,,41.7165364765097,5.29163493385098,4364.65472894984,371.793292623139,1
1052543,48459745,1,184,14:41:43,-79.283515,43.696968,,,41.7165364765097,5.30123380418169,4369.95596275402,372.250771678376,1
1052543,48459745,1,185,14:41:44,-79.283566,43.696938,,,41.7165364765097,5.29163817391619,4375.24760092794,372.707422662257,1
1052543,48459745,1,186,14:41:44,-79.283618,43.696912,,,41.7165364765097,5.08850114579785,4380.33610207374,373.146543588204,1
1052543,48459745,1,187,14:41:45,-79.283671,43.696881,,,41.7165364765097,5.48677984498955,4385.82288191873,373.620034656982,1
1052543,48459745,1,188,14:41:45,-79.283724,43.696854,,,41.7165364765097,5.21821999733559,4391.04110191606,374.070349893506,1
1052543,48459745,1,189,14:41:46,-79.283779,43.696828,,,41.7165364765097,5.2888804217544,4396.32998233782,374.526762892439,1
1052543,48459745,1,190,14:41:46,-79.283833,43.696802,,,41.7165364765097,5.2217043105873,4401.55168664841,374.977378813746,1
1052543,48459745,1,191,14:41:46,-79.283888,43.696775,,,41.7165364765097,5.35061379258411,4406.90230044099,375.4391191997,1
1052543,48459745,1,192,14:41:47,-79.283941,43.69675,,,41.7165364765097,5.09324185930965,4411.9955423003,375.878649233643,1
1052543,48459745,1,193,14:41:47,-79.284008,43.696715,,,41.7165364765097,6.65274649005956,4418.64828879036,376.452759392038,1
1052543,48459745,1,194,14:41:48,-79.284074,43.696684,,,41.7165364765097,6.3345106443991,4424.98279943476,376.999406842808,1
1052543,48459745,1,195,14:41:49,-79.284141,43.696654,,,41.7165364765097,6.34284541851431,4431.32564485327,377.546773557192,1
1052543,48459745,1,196,14:41:49,-79.284209,43.696623,,,41.7165364765097,6.47009549823178,4437.7957403515,378.10512153526,1
1052543,48459745,1,197,14:41:50,-79.284277,43.696592,,,41.7165364765097,6.47009789095204,4444.26583824246,378.663469719811,1
1052543,48459745,1,198,14:41:50,-79.284293,43.696584,,,41.7165364765097,1.56569861372969,4445.83153685619,378.798584364638,1
1052543,48459745,1,199,14:41:50,-79.284345,43.696563,,,41.7165364765097,4.79384213655864,4450.62537899274,379.21227718646,1
1052543,48459745,1,200,14:41:51,-79.284414,43.696532,,,41.7165364765097,6.53832466382695,4457.16370365657,379.776513117289,1
1052543,48459745,1,201,14:41:51,-79.284483,43.696501,,,41.7165364765097,6.53832710089178,4463.70203075746,380.340749258428,1
1052543,48459745,1,202,14:41:52,-79.284554,43.696476,,,41.7165364765097,6.35608561855647,4470.05811637602,380.889258558563,1
1052543,48459745,1,203,14:41:52,-79.284623,43.696445,,,41.7165364765097,6.53833150839412,4476.59644788441,381.453495080056,1
1052543,48459745,1,204,14:41:53,-79.284693,43.696418,,,41.7165364765097,6.38555243283539,4482.98200031725,382.004547269423,1
1052543,48459745,1,205,14:41:54,-79.284766,43.696392,,,41.7165364765097,6.54962080969257,4489.53162112694,382.569758020516,1
1052543,48459745,1,206,14:41:54,-79.284835,43.696367,,,41.7165364765097,6.21177434192519,4495.74339546887,383.105813731746,1
1052543,48459745,1,207,14:41:58,-79.28528,43.696199,,,41.7165364765097,40.4046564950085,4536.14805196388,386.592602800726,1
1052543,48459745,1,208,14:42:02,-79.2858565021055,43.6959800014486,,,41.7165364765097,52.4146572289249,4588.5627091928,391.115815463177,1
1052543,48459745,1,209,14:42:07,-79.286433,43.695761,,,41.7165364765097,52.4146572278849,4640.97736642068,395.639028125538,1
1052543,48459745,1,210,14:42:11,-79.2869950020337,43.6955440013767,,,41.7165364765097,51.2794357569653,4692.25680217765,400.064274905769,1
1052543,48459745,1,211,14:42:15,-79.287557,43.695327,,,41.7165364765097,51.2794357572322,4743.53623793488,404.489521686023,1
1052543,48459745,1,212,14:42:19,-79.287952,43.695175,,,41.7165364765097,36.0146164630997,4779.55085439798,407.597464727751,1
1052543,48459745,1,213,14:42:25,-79.2888075046008,43.6948525031901,,,41.7165364765097,77.6537988276165,4857.2046532256,414.298732363832,1
1052543,48459745,1,214,14:42:32,-79.289663,43.69453,14501,3,41.7165364765097,77.653798828626,4934.85845205422,421,1
1052543,48459745,1,215,14:42:32,-79.289663,43.69453,14501,3,1e-12,0,4934.85845205422,421,1
1052543,48459745,1,216,14:42:33,-79.289736,43.694505,,,41.33605652417,6.50136235630167,4941.35981441053,421.566210385091,1
1052543,48459745,1,217,14:42:33,-79.289807,43.694479,,,41.33605652417,6.40577804152658,4947.76559245205,422.124096233152,1
1052543,48459745,1,218,14:42:34,-79.289879,43.694454,,,41.33605652417,6.42871842904289,4954.1943108811,422.683979983336,1
1052543,48459745,1,219,14:42:39,-79.2905190081002,43.6942010053561,,,41.33605652417,58.7090340408542,5012.90334492195,427.797010599198,1
1052543,48459745,1,220,14:42:44,-79.2911590108002,43.6939480071414,,,41.33605652417,58.7090340423946,5071.61237896434,432.910041215194,1
1052543,48459745,1,221,14:42:49,-79.2917990081002,43.6936950053561,,,41.33605652417,58.7090340421656,5130.32141300651,438.023071831169,1
1052543,48459745,1,222,14:42:54,-79.292439,43.693442,,,41.33605652417,58.7090340421068,5189.03044704862,443.13610244714,1
1052543,48459745,1,223,14:43:00,-79.293146510883,43.6931345065455,,,41.33605652417,66.4429420437056,5255.47338909232,448.922687125761,1
1052543,48459745,1,224,14:43:06,-79.2938540145106,43.6928270087273,,,41.33605652417,66.4429420463134,5321.91633113864,454.709271804608,1
1052543,48459745,1,225,14:43:11,-79.294561510883,43.6925195065454,,,41.33605652417,66.4429420442812,5388.35927318292,460.495856483278,1
1052543,48459745,1,226,14:43:17,-79.295269,43.692212,,,41.33605652417,66.4429420456347,5454.80221522855,466.282441162066,1
1052543,48459745,1,227,14:43:22,-79.2958032694627,43.6918998837089,,,41.33605652417,55.2858293357778,5510.08804456433,471.097341332634,1
1052543,48459745,1,228,14:43:27,-79.2963375333645,43.6915877649293,,,41.33605652417,55.285829340266,5565.3738739046,475.912241503592,1
1052543,48459745,1,229,14:43:32,-79.2968717917054,43.6912756436615,,,41.33605652417,55.2858293376601,5620.65970324226,480.727141674323,1
1052543,48459745,1,230,14:43:37,-79.2974060444856,43.6909635199055,,,41.33605652417,55.2858293378214,5675.94553258008,485.542041845068,1
1052543,48459745,1,231,14:43:41,-79.297940291705,43.6906513936613,,,41.33605652417,55.2858293384536,5731.23136191853,490.356942015868,1
1052543,48459745,1,232,14:43:46,-79.2984745333639,43.6903392649289,,,41.33605652417,55.2858293353645,5786.51719125389,495.171842186399,1
1052543,48459745,1,233,14:43:51,-79.2990087694622,43.6900271337085,,,41.33605652417,55.2858293394925,5841.80302059339,499.98674235729,1
1052543,48459745,1,234,14:43:56,-79.299543,43.689715,,,41.33605652417,55.2858293378608,5897.08884993125,504.801642528039,1
1052543,48459745,1,235,14:44:01,-79.3001935023101,43.6895020018444,,,41.33605652417,57.4800274774828,5954.56887740873,509.807637688654,1
1052543,48459745,1,236,14:44:06,-79.300844,43.689289,,,41.33605652417,57.4800274751416,6012.04890488387,514.813632849066,1
1052543,48459745,1,237,14:44:11,-79.3015245020876,43.6891050020184,,,41.33605652417,58.4811456019966,6070.53005048587,519.906816424623,1
1052543,48459745,1,238,14:44:16,-79.302205,43.688921,14502,4,41.33605652417,58.4811455999335,6129.0111960858,525,1
1052543,48459745,1,239,14:44:16,-79.302205,43.688921,14502,4,1e-12,0,6129.0111960858,525,1
1052543,48459745,1,240,14:44:19,-79.302617,43.688809,,,43.012266758121,35.4302154917821,6164.44141157759,527.965404648113,1
1052543,48459745,1,241,14:44:25,-79.303507,43.688596,,,43.012266758121,75.4628772097599,6239.90428878735,534.281425133219,1
1052543,48459745,1,242,14:44:33,-79.3046180046584,43.6883445053801,,,43.012266758121,93.7109019962093,6333.61519078355,542.124751528535,1
1052543,48459745,1,243,14:44:41,-79.305729,43.688093,,,43.012266758121,93.7109019970062,6427.32609278056,549.968077923918,1
1052543,48459745,1,244,14:44:49,-79.3067995043725,43.687848004995,,,43.012266758121,90.3846566990942,6517.71074947965,557.53300738803,1
1052543,48459745,1,245,14:44:56,-79.30787,43.687603,,,43.012266758121,90.3846567001412,6608.0954061798,565.097936852229,1
1052543,48459745,1,246,14:45:00,-79.3084695013693,43.6874660015665,,,43.012266758121,50.6105222895308,6658.70592846933,569.33388845336,1
1052543,48459745,1,247,14:45:05,-79.309069,43.687329,,,43.012266758121,50.6105222879454,6709.31645075727,573.569840054357,1
1052543,48459745,1,248,14:45:12,-79.3101095036081,43.6871210047189,,,43.012266758121,86.8993291181024,6796.21577987537,580.84305786881,1
1052543,48459745,1,249,14:45:19,-79.31115,43.686913,,,43.012266758121,86.8993291158761,6883.11510899125,588.116275683077,1
1052543,48459745,1,250,14:45:21,-79.31142,43.686862,,,43.012266758121,22.4636960005536,6905.5788049918,589.996420853216,1
1052543,48459745,1,251,14:45:26,-79.312163,43.686698,,,43.012266758121,62.5343161370995,6968.1131211289,595.230358868144,1
1052543,48459745,1,252,14:45:28,-79.312442,43.68665,,,43.012266758121,23.0858845923666,6991.19900572127,597.162579390254,1
1052543,48459745,1,253,14:45:33,-79.313205,43.686496,,,43.012266758121,63.7678279952023,7054.96683371647,602.499758713392,1
1052543,48459745,1,254,14:45:41,-79.314277,43.686279,14503,5,43.012266758121,89.6117719360747,7144.57860565255,610,1
1052543,48459745,1,255,14:45:41,-79.314277,43.686279,14503,5,1e-12,0,7144.57860565255,610,1
1052543,48459745,1,256,14:45:46,-79.3150155023268,43.6860900023772,,,48.2031768862725,63.0617277881587,7207.64033344071,614.709694146778,1
1052543,48459745,1,257,14:45:50,-79.315754,43.685901,,,48.2031768862725,63.0617277866742,7270.70206122738,619.419388293445,1
1052543,48459745,1,258,14:45:56,-79.316708,43.685693,,,48.2031768862725,80.2110938623239,7350.9131550897,625.409863539208,1
1052543,48459745,1,259,14:46:02,-79.317659,43.685487,,,48.2031768862725,79.9159893417987,7430.8291444315,631.378299236076,1
1052543,48459745,1,260,14:46:05,-79.318151,43.685378,,,48.2031768862725,41.4229464273502,7472.25209085885,634.47192535724,1
1052543,48459745,1,261,14:46:09,-79.318703,43.685272,,,48.2031768862725,45.976041802074,7518.22813266093,637.905594280721,1
1052543,48459745,1,262,14:46:15,-79.319722,43.685035,,,48.2031768862725,86.1680351717026,7604.39616783263,644.340956982022,1
1052543,48459745,1,263,14:46:21,-79.320685,43.684834,,,48.2031768862725,80.6865297896482,7685.08269762228,650.366939624786,1
1052543,48459745,1,264,14:46:26,-79.321374,43.684696,,,48.2031768862725,57.5531433731501,7742.63584099543,654.665231345935,1
1052543,48459745,1,265,14:46:28,-79.321671,43.684614,,,48.2031768862725,25.5920607642608,7768.22790175969,656.576545593307,1
1052543,48459745,1,266,14:46:34,-79.3227455039226,43.6843950050324,,,48.2031768862725,89.8684926657302,7858.09639442542,663.288272796681,1
1052543,48459745,1,267,14:46:41,-79.32382,43.684176,14504,6,48.2031768862725,89.8684926650043,7947.96488709042,670,1
1052543,48459745,1,268,14:46:41,-79.32382,43.684176,14504,6,1e-12,0,7947.96488709042,670,1
1052543,48459745,1,269,14:46:46,-79.32412,43.684115,,,18.1117349717796,25.0869809660715,7973.05186805649,674.986442856997,1
1052543,48459745,1,270,14:47:05,-79.32525,43.683866,,,18.1117349717796,95.096392163653,8068.14826022015,693.888387498003,1
1052543,48459745,1,271,14:47:19,-79.326098,43.683688,,,18.1117349717796,71.0833788929241,8139.23163911307,708.017357716111,1
1052543,48459745,1,272,14:47:29,-79.326687,43.683563,,,18.1117349717796,49.4154767128557,8188.64711582593,717.839482236123,1
1052543,48459745,1,273,14:47:45,-79.327653,43.683337,,,18.1117349717796,81.7337262989274,8270.38084212486,734.085381104156,1
1052543,48459745,1,274,14:48:03,-79.328751,43.683107,,,18.1117349717796,92.0255796687453,8362.4064217936,752.376952139381,1
1052543,48459745,1,275,14:48:21,-79.329813,43.682896,14505,7,18.1117349717796,88.6622145129216,8451.06863630652,770,1
1052543,48459745,1,276,14:48:21,-79.329813,43.682896,14505,7,1e-12,0,8451.06863630652,770,1
1052543,48459745,1,277,14:48:25,-79.330427,43.682772,,,46.8136201086251,51.3202971590901,8502.38893346561,773.946566604848,1
1052543,48459745,1,278,14:48:29,-79.3311285018417,43.6826145021449,,,46.8136201086251,59.1323596364226,8561.52129310203,778.493886256632,1
1052543,48459745,1,279,14:48:34,-79.33183,43.682457,,,46.8136201086251,59.1323596366794,8620.65365273871,783.041205908436,1
1052543,48459745,1,280,14:48:41,-79.332863,43.682235,,,46.8136201086251,86.7549667546169,8707.40861949333,789.712723291453,1
1052543,48459745,1,281,14:48:45,-79.3334827541604,43.6821007550224,,,46.8136201086251,52.0828428100619,8759.49146230339,793.717930188103,1
1052543,48459745,1,282,14:48:49,-79.3341025055473,43.6819665066965,,,46.8136201086251,52.0828428103095,8811.5743051137,797.723137084772,1
1052543,48459745,1,283,14:48:53,-79.3347222541605,43.6818322550224,,,46.8136201086251,52.0828428089551,8863.65714792266,801.728343981337,1
1052543,48459745,1,284,14:48:57,-79.335342,43.681698,,,46.8136201086251,52.0828428098594,8915.73999073252,805.733550877971,1
1052543,48459745,1,285,14:49:00,-79.335848,43.681594,,,46.8136201086251,42.3487217760099,8958.08871250853,808.990197085632,1
1052543,48459745,1,286,14:49:06,-79.3368225034272,43.6813830041392,,,46.8136201086251,81.8931620259219,9039.98187453445,815.287838297938,1
1052543,48459745,1,287,14:49:13,-79.337797,43.681172,,,46.8136201086251,81.8931620250365,9121.87503655948,821.585479510176,1
1052543,48459745,1,288,14:49:16,-79.338299,43.681063,,,46.8136201086251,42.1960771800064,9164.07111373949,824.830387242062,1
1052543,48459745,1,289,14:49:21,-79.3391075020348,43.6809120028491,14506,8,46.8136201086251,67.2245243774499,9231.29563811694,830,1
1052543,48459745,1,290,14:49:21,-79.3391075020348,43.6809120028491,14506,8,1e-12,0,9231.29563811694,830,1
1052543,48459745,1,291,14:49:32,-79.339916,43.680761,,,22.4039105801938,67.2245243782913,9298.52016249523,840.802055600766,1
1052543,48459745,1,292,14:49:41,-79.340594,43.680636,,,22.4039105801938,56.3289838547885,9354.84914635002,849.853347836172,1
1052543,48459745,1,293,14:49:47,-79.34109,43.68054,,,22.4039105801938,41.3364621905631,9396.18560854058,856.495548239239,1
1052543,48459745,1,294,14:50:03,-79.342259,43.680318,,,22.4039105801938,97.3028153986248,9493.48842393921,872.130771125047,1
1052543,48459745,1,295,14:50:12,-79.3429120014421,43.6801855018586,,,22.4039105801938,54.6010077502421,9548.08943168945,880.90440138916,1
1052543,48459745,1,296,14:50:21,-79.343565,43.680053,,,22.4039105801938,54.6010077506336,9602.69043944009,889.678031653336,1
1052543,48459745,1,297,14:50:37,-79.344753,43.679814,,,22.4039105801938,99.2741554031359,9701.96459484322,905.630021738818,1
1052543,48459745,1,298,14:50:49,-79.3456755027983,43.6796320037093,14507,9,22.4039105801938,76.9821907895707,9778.94678563279,918,1
1052543,48459745,1,299,14:50:49,-79.3456755027983,43.6796320037093,14507,9,1e-12,0,9778.94678563279,918,1
1052543,48459745,1,300,14:51:01,-79.346598,43.67945,,,22.2732880849414,76.9821907899712,9855.92897642276,930.442522441546,1
1052543,48459745,1,301,14:51:03,-79.346746,43.679419,,,22.2732880849414,12.4048425636051,9868.33381898637,932.447499571939,1
1052543,48459745,1,302,14:51:18,-79.347826,43.67921,,,22.2732880849414,90.0076673261508,9958.34148631252,946.995311333653,1
1052543,48459745,1,303,14:51:31,-79.34879,43.679022,,,22.2732880849414,80.3822457619158,10038.7237320744,959.98737984367,1
1052543,48459745,1,304,14:51:33,-79.348964,43.678989,,,22.2732880849414,14.4821425709284,10053.2058746454,962.328108031467,1
1052543,48459745,1,305,14:51:34,-79.348989,43.678979,,,22.2732880849414,2.30004748810718,10055.5059221335,962.699861448636,1
1052543,48459745,1,306,14:51:49,-79.350104,43.678762,,,22.2732880849414,92.9606197060435,10148.4665418395,977.72495472025,1
1052543,48459745,1,307,14:51:50,-79.350212,43.67874,,,22.2732880849414,9.03327192388351,10157.4998137634,979.184989664438,1
1052543,48459745,1,308,14:52:04,-79.35123,43.678544,,,22.2732880849414,84.8126887284123,10242.3125024918,992.893144394799,1
1052543,48459745,1,309,14:52:12,-79.3518640013261,43.678418501752,,,22.2732880849414,52.9202671005931,10295.2327695924,1001.44657219745,1
1052543,48459745,1,310,14:52:21,-79.352498,43.678293,14508,10,22.2732880849414,52.9202671000015,10348.1530366924,1010,1
1052543,48459745,1,311,14:52:21,-79.352498,43.678293,14508,10,1e-12,0,10348.1530366924,1010,1
1052543,48459745,1,312,14:52:27,-79.35327,43.678137,,,38.4841266352786,64.5338372636278,10412.686873956,1016.03682178761,1
1052543,48459745,1,313,14:52:31,-79.353738,43.678054,,,38.4841266352786,38.7948725630641,10451.4817465191,1019.6658905346,1
1052543,48459745,1,314,14:52:37,-79.354537,43.677894,,,38.4841266352786,66.7476669734349,10518.2294134925,1025.90980515897,1
1052543,48459745,1,315,14:52:45,-79.35554,43.677691,,,38.4841266352786,83.8540103229149,10602.0834238154,1033.75393372718,1
1052543,48459745,1,316,14:52:50,-79.3561950013918,43.67756350187,,,38.4841266352786,54.6109759913286,10656.6943998068,1038.86252084498,1
1052543,48459745,1,317,14:52:55,-79.35685,43.677436,,,38.4841266352786,54.6109759885362,10711.3053757953,1043.97110796252,1
1052543,48459745,1,318,14:53:03,-79.357885,43.677252,,,38.4841266352786,85.809106124853,10797.1144819202,1051.99812608813,1
1052543,48459745,1,319,14:53:04,-79.358036,43.677226,,,38.4841266352786,12.4969250797206,10809.6114069999,1053.16715171559,1
1052543,48459745,1,320,14:53:05,-79.358185,43.677178,,,38.4841266352786,13.1323393201253,10822.74374632,1054.39561720736,1
1052543,48459745,1,321,14:53:07,-79.358318,43.677104,,,38.4841266352786,13.509968787226,10836.2537151072,1055.65940807093,1
1052543,48459745,1,322,14:53:12,-79.358876,43.676775,,,38.4841266352786,57.9621237761275,10894.2158388834,1061.08147851497,1
1052543,48459745,1,323,14:53:21,-79.359794,43.676234,14509,11,38.4841266352786,95.3393083970181,10989.5551472804,1070,1
1052543,48459745,1,324,14:53:21,-79.359794,43.676234,14509,11,1e-12,0,10989.5551472804,1070,1
1052543,48459745,1,325,14:53:22,-79.359985,43.676114,,,53.166132622242,20.3696716331365,11009.9248189135,1071.37927688667,1
1052543,48459745,1,326,14:53:24,-79.360183,43.676009,,,53.166132622242,19.767460509342,11029.6922794229,1072.71777668576,1
1052543,48459745,1,327,14:53:25,-79.360395,43.675921,,,53.166132622242,19.6800237751309,11049.372303198,1074.05035594433,1
1052543,48459745,1,328,14:53:27,-79.360647,43.675848,,,53.166132622242,21.8560919141338,11071.2283951121,1075.53028173562,1
1052543,48459745,1,329,14:53:31,-79.3613947626147,43.6757033920596,,,53.166132622242,62.3194716667866,11133.5478667789,1079.75007518184,1
1052543,48459745,1,330,14:53:35,-79.3621425216253,43.6755587792449,,,53.166132622242,62.3194716659004,11195.8673384448,1083.96986862801,1
1052543,48459745,1,331,14:53:39,-79.3628902770318,43.675414161556,,,53.166132622242,62.3194716686468,11258.1868101135,1088.18966207436,1
1052543,48459745,1,332,14:53:43,-79.3636380288342,43.6752695389929,,,53.166132622242,62.3194716657539,11320.5062817792,1092.40945552051,1
1052543,48459745,1,333,14:53:48,-79.3643857770323,43.6751249115557,,,53.166132622242,62.3194716672247,11382.8257534464,1096.62924896677,1
1052543,48459745,1,334,14:53:52,-79.365133521626,43.6749802792445,,,53.166132622242,62.3194716681862,11445.1452251146,1100.84904241309,1
1052543,48459745,1,335,14:53:56,-79.3658812626153,43.6748356420592,,,53.166132622242,62.3194716678313,11507.4646967825,1105.06883585938,1
1052543,48459745,1,336,14:54:00,-79.366629,43.674691,,,53.166132622242,62.3194716665258,11569.784168449,1109.28862930559,1
1052543,48459745,1,337,14:54:02,-79.366935,43.674615,,,53.166132622242,26.0495182764319,11595.8336867254,1111.05250155226,1
1052543,48459745,1,338,14:54:06,-79.3676180029535,43.6743555020333,,,53.166132622242,62.1172723156088,11657.950959041,1115.25860361962,1
1052543,48459745,1,339,14:54:10,-79.368301,43.674096,,,53.166132622242,62.1172723152255,11720.0682313562,1119.46470568696,1
1052543,48459745,1,340,14:54:12,-79.368589,43.673986,,,53.166132622242,26.2229674759515,11746.2911988322,1121.2403225742,1
1052543,48459745,1,341,14:54:17,-79.3693000032048,43.6737155022034,,,53.166132622242,64.6830794118164,11810.974278244,1125.62016128726,1
1052543,48459745,1,342,14:54:21,-79.370011,43.673445,14510,12,53.166132622242,64.6830794070671,11875.6573576511,1130,1
1052543,48459745,1,343,14:54:21,-79.370011,43.673445,14510,12,1e-12,0,11875.6573576511,1130,1
1052543,48459745,1,344,14:54:30,-79.3708850046312,43.6731270033295,,,30.4480458389739,78.7734462566975,11954.4308039078,1139.31371451632,1
1052543,48459745,1,345,14:54:40,-79.371759,43.672809,,,30.4480458389739,78.7734462540385,12033.2042501618,1148.62742903233,1
1052543,48459745,1,346,14:54:51,-79.372865,43.672497,,,30.4480458389739,95.5851437822625,12128.7893939441,1159.92886096777,1
1052543,48459745,1,347,14:55:02,-79.373995,43.672253,,,30.4480458389739,94.9525244027264,12223.7419183468,1171.15549566405,1
1052543,48459745,1,348,14:55:12,-79.375029,43.672184,,,30.4480458389739,83.6087874685935,12307.3507058154,1181.04091282608,1
1052543,48459745,1,349,14:55:21,-79.3759685006183,43.6721445038472,14511,13,30.4480458389739,75.7740824852478,12383.1247883006,1190,1
1052543,48459745,1,350,14:55:21,-79.3759685006183,43.6721445038472,14511,13,1e-12,0,12383.1247883006,1190,1
1052543,48459745,1,351,14:55:41,-79.376908,43.672105,,,13.6479624033365,75.7740824870367,12458.8988707877,1209.98735700552,1
1052543,48459745,1,352,14:56:01,-79.377822,43.672028,,,13.6479624033365,74.0907845270196,12532.9896553147,1229.53070101649,1
1052543,48459745,1,353,14:56:26,-79.378988,43.671865,,,13.6479624033365,95.6213519159192,12628.6110072306,1254.75328419222,1
1052543,48459745,1,354,14:56:44,-79.3797990020405,43.6717140028668,,,13.6479624033365,67.4291073410933,12696.0401145717,1272.53944004861,1
1052543,48459745,1,355,14:57:01,-79.38061,43.671563,,,13.6479624033365,67.4291073418298,12763.4692219135,1290.3255959052,1
1052543,48459745,1,356,14:57:21,-79.3815,43.67141,,,13.6479624033365,73.6577432359219,12837.1269651495,1309.75471417303,1
1052543,48459745,1,357,14:57:43,-79.38252,43.671195,,,13.6479624033365,85.5454890231808,12922.6724541726,1332.31953017869,1
1052543,48459745,1,358,14:57:57,-79.383178,43.671115,,,13.6479624033365,53.7247759938822,12976.3972301665,1346.4908172809,1
1052543,48459745,1,359,14:58:10,-79.38376,43.671057,,,13.6479624033365,47.3048271781603,13023.7020573447,1358.96867828379,1
1052543,48459745,1,360,14:58:18,-79.384116,43.67104,,,13.6479624033365,28.7272308172212,13052.4292881619,1366.5462219409,1
1052543,48459745,1,361,14:58:25,-79.384473,43.671051,,,13.6479624033365,28.7714204215338,13081.2007085834,1374.13542173912,1
1052543,48459745,1,362,14:58:33,-79.384866,43.671066,,,13.6479624033365,31.6880600516808,13112.8887686351,1382.49396001867,1
1052543,48459745,1,363,14:58:41,-79.385238,43.671065,,,13.6479624033365,29.9533356135317,13142.8421042487,1390.39492025156,1
1052543,48459745,1,364,14:59:01,-79.3861690005662,43.6710285037779,,,13.6479624033365,75.0734221357464,13217.9155263844,1410.19746012539,1
1052543,48459745,1,365,14:59:21,-79.3871,43.670992,14512,14,13.6479624033365,75.0734221386743,13292.9889485231,1430,1
1052543,48459745,1,366,14:59:21,-79.3871,43.670992,14512,14,1e-12,0,13292.9889485231,1430,1
1052543,48459745,1,367,14:59:30,-79.387713,43.670919,,,19.21809139931,50.0228209074776,13343.0117694306,1439.37044951682,1
1052543,48459745,1,368,14:59:41,-79.388381,43.670716,,,19.21809139931,58.3412975951904,13401.3530670257,1450.29914513902,1
1052543,48459745,1,369,14:59:55,-79.389168,43.670384,,,19.21809139931,73.3590152144961,13474.7120822402,1464.04101207497,1
1052543,48459745,1,370,15:00:08,-79.389995,43.670173,,,19.21809139931,70.6113524087224,13545.323434649,1477.26817721794,1
1052543,48459745,1,371,15:00:24,-79.391004,43.669969,,,19.21809139931,84.3592690791773,13629.6827037281,1493.07065012615,1
1052543,48459745,1,372,15:00:31,-79.391447,43.669881,14513,15,19.21809139931,36.9913553370751,13666.6740590652,1500,1
1052543,48459745,1,373,15:00:31,-79.391447,43.669881,14513,15,1e-12,0,13666.6740590652,1500,1
1052543,48459745,1,374,15:00:41,-79.3922180057998,43.6697305077728,,,22.1466329624707,64.3026738924156,13730.9767329576,1510.45258782249,1
1052543,48459745,1,375,15:00:52,-79.3929890077331,43.6695800103638,,,22.1466329624707,64.3026738899703,13795.2794068476,1520.90517564458,1
1052543,48459745,1,376,15:01:02,-79.3937600057999,43.6694295077728,,,22.1466329624707,64.302673887998,13859.5820807356,1531.35776346636,1
1052543,48459745,1,377,15:01:13,-79.394531,43.669279,,,22.1466329624707,64.3026738897012,13923.8847546253,1541.81035128841,1
1052543,48459745,1,378,15:01:25,-79.3953980027879,43.6690860032763,,,22.1466329624707,73.0435778368538,13996.9283324622,1553.68379862725,1
1052543,48459745,1,379,15:01:37,-79.396265,43.668893,,,22.1466329624707,73.0435778365015,14069.9719102987,1565.55724596604,1
1052543,48459745,1,380,15:01:47,-79.3970550020862,43.6687345027202,,,22.1466329624707,66.0142389219013,14135.9861492206,1576.28805369296,1
1052543,48459745,1,381,15:01:58,-79.397845,43.668576,,,22.1466329624707,66.0142389213956,14202.000388142,1587.01886141979,1
1052543,48459745,1,382,15:02:12,-79.398839,43.668374,,,22.1466329624707,83.1382364765682,14285.1386246185,1600.53322506247,1
1052543,48459745,1,383,15:02:21,-79.3995325017157,43.6682255020963,14514,16,22.1466329624707,58.2381082999669,14343.3767329185,1610,1
1052543,48459745,1,384,15:02:21,-79.3995325017157,43.6682255020963,14514,16,1e-12,0,14343.3767329185,1610,1
1052543,48459745,1,385,15:02:28,-79.400226,43.668077,,,31.253597029771,58.2381083019506,14401.6148412204,1616.70825792267,1
1052543,48459745,1,386,15:02:36,-79.4011015026328,43.6678965033409,,,31.253597029771,73.3057883088059,14474.9206295292,1625.15211280633,1
1052543,48459745,1,387,15:02:45,-79.401977,43.667716,,,31.253597029771,73.305788308541,14548.2264178378,1633.59596768996,1
1052543,48459745,1,388,15:02:55,-79.403097,43.667463,,,31.253597029771,94.4819542294918,14642.7083720673,1644.47903612212,1
1052543,48459745,1,389,15:03:07,-79.404261,43.667218,,,31.253597029771,97.6174548479028,14740.3258269152,1655.72327265328,1
1052543,48459745,1,390,15:03:13,-79.404909,43.667083,,,31.253597029771,54.3008146708534,14794.626641586,1661.97800655252,1
1052543,48459745,1,391,15:03:21,-79.405744,43.66692,14515,17,31.253597029771,69.6433751619711,14864.270016748,1670,1
1052543,48459745,1,392,15:03:21,-79.405744,43.66692,14515,17,1e-12,0,14864.270016748,1670,1
1052543,48459745,1,393,15:03:34,-79.406665,43.666724,,,22.2055152016075,77.3062803444347,14941.5762970924,1682.53303995486,1
1052543,48459745,1,394,15:03:39,-79.407062,43.666636,,,22.2055152016075,33.4356883348749,14975.0119854273,1687.95369680126,1
1052543,48459745,1,395,15:03:50,-79.407864,43.666472,,,22.2055152016075,67.1120732507799,15042.1240586781,1698.8340326777,1
1052543,48459745,1,396,15:03:58,-79.4084670011803,43.6663545015848,,,22.2055152016075,50.2877393585645,15092.4117980367,1706.98677581593,1
1052543,48459745,1,397,15:04:06,-79.40907,43.666237,,,22.2055152016075,50.2877393600299,15142.6995373967,1715.1395189544,1
1052543,48459745,1,398,15:04:17,-79.409854,43.666064,,,22.2055152016075,66.0042035805963,15208.7037409773,1725.84024491067,1
1052543,48459745,1,399,15:04:26,-79.410511,43.665929,,,22.2055152016075,54.9985709247128,15263.702311902,1734.75671694617,1
1052543,48459745,1,400,15:04:39,-79.411486,43.665716,,,22.2055152016075,82.0153140566784,15345.7176259587,1748.05319432683,1
1052543,48459745,1,401,15:04:49,-79.4122205017925,43.6655695023514,14516,18,22.2055152016075,61.3538734952904,15407.071499454,1758,1
1052543,48459745,1,402,15:04:49,-79.4122205017925,43.6655695023514,14516,18,1e-12,0,15407.071499454,1758,1
1052543,48459745,1,403,15:04:59,-79.412955,43.665423,,,21.759497853056,61.3538734964266,15468.4253729504,1768.15069125578,1
1052543,48459745,1,404,15:05:08,-79.4135615013488,43.6652895016033,,,21.759497853056,51.0505400999036,15519.4759130503,1776.59674757568,1
1052543,48459745,1,405,15:05:16,-79.414168,43.665156,,,21.759497853056,51.0505401031449,15570.5264531534,1785.04280389611,1
1052543,48459745,1,406,15:05:30,-79.415116,43.664846,,,21.759497853056,83.777390650611,15654.3038438041,1798.90335382144,1
1052543,48459745,1,407,15:05:41,-79.415883,43.664627,,,21.759497853056,66.4019093431912,15720.7057531472,1809.88921733951,1
1052543,48459745,1,408,15:05:50,-79.416533,43.664455,,,21.759497853056,55.735183338191,15776.4409364854,1819.11032443364,1
1052543,48459745,1,409,15:06:05,-79.417637,43.664218,,,21.759497853056,92.7351767896621,15869.1761132751,1834.45289523639,1
1052543,48459745,1,410,15:06:21,-79.418757,43.663981,14517,19,21.759497853056,93.9714424236347,15963.1475556987,1850,1
1052543,48459745,1,411,15:06:21,-79.418757,43.663981,14517,19,1e-12,0,15963.1475556987,1850,1
1052543,48459745,1,412,15:06:26,-79.41929,43.663859,,,31.3152436137122,45.0191722814418,16008.1667279802,1855.17540346205,1
1052543,48459745,1,413,15:06:37,-79.4203735041602,43.6636285051169,,,31.3152436137122,90.9479743091305,16099.1147022893,1865.63078140998,1
1052543,48459745,1,414,15:06:47,-79.421457,43.663398,,,31.3152436137122,90.9479743070781,16190.0626765964,1876.08615935767,1
1052543,48459745,1,415,15:06:58,-79.422602,43.663152,,,31.3152436137122,96.1869938011723,16286.2496703976,1887.14381491851,1
1052543,48459745,1,416,15:07:04,-79.4232065013443,43.6630185015927,,,31.3152436137122,50.8982443091363,16337.1479147067,1892.99507642467,1
1052543,48459745,1,417,15:07:10,-79.423811,43.662885,,,31.3152436137122,50.8982443079873,16388.0461590147,1898.84633793069,1
1052543,48459745,1,418,15:07:21,-79.424975,43.662622,,,31.3152436137122,98.2029679600046,16486.2491269747,1910.13574985471,1
1052543,48459745,1,419,15:07:23,-79.425188,43.662571,,,31.3152436137122,18.0681248367625,16504.3172518114,1912.21286125179,1
1052543,48459745,1,420,15:07:33,-79.426202,43.66236,,,31.3152436137122,84.969145669564,16589.286397481,1921.9809131368,1
1052543,48459745,1,421,15:07:35,-79.426388,43.662321,,,31.3152436137122,15.5952226883892,16604.8816201694,1923.77373973495,1
1052543,48459745,1,422,15:07:45,-79.427401,43.662111,,,31.3152436137122,84.8613486699585,16689.7429688394,1933.52939927828,1
1052543,48459745,1,423,15:07:51,-79.428073,43.661972,14518,20,31.3152436137122,56.285677202181,16746.0286460415,1940,1
1052543,48459745,1,424,15:07:51,-79.428073,43.661972,14518,20,1e-12,0,16746.0286460415,1940,1
1052543,48459745,1,425,15:07:55,-79.428768,43.661791,,,48.3274156135785,59.4856863410862,16805.5143323826,1944.43120055374,1
1052543,48459745,1,426,15:07:59,-79.42935,43.661602,,,48.3274156135785,51.3751173699217,16856.8894497525,1948.25822958444,1
1052543,48459745,1,427,15:08:04,-79.430144,43.661366,,,48.3274156135785,69.129007579974,16926.0184573325,1953.40777925782,1
1052543,48459745,1,428,15:08:09,-79.4308295019239,43.6611975020481,,,48.3274156135785,58.3045906868767,16984.3230480194,1957.75099777691,1
1052543,48459745,1,429,15:08:13,-79.431515,43.661029,,,48.3274156135785,58.3045906881718,17042.6276387076,1962.0942162961,1
1052543,48459745,1,430,15:08:17,-79.432055,43.660897,,,48.3274156135785,45.9031136633416,17088.5307523709,1965.51362548837,1
1052543,48459745,1,431,15:08:21,-79.432818,43.660727,,,48.3274156135785,64.294761233591,17152.8255136045,1970.30306306748,1
1052543,48459745,1,432,15:08:24,-79.4333,43.66063,,,48.3274156135785,40.2908479652465,17193.1163615698,1973.30440404203,1
1052543,48459745,1,433,15:08:29,-79.434128,43.660455,,,48.3274156135785,69.4689551989674,17262.5853167687,1978.47927705233,1
1052543,48459745,1,434,15:08:31,-79.434405,43.660414,,,48.3274156135785,22.7698725027654,17285.3551892715,1980.17544764141,1
1052543,48459745,1,435,15:08:35,-79.435031501367,43.6602830017108,,,48.3274156135785,52.5194991412955,17337.8746884128,1984.08772382063,1
1052543,48459745,1,436,15:08:39,-79.435658,43.660152,14519,21,48.3274156135785,52.5194991431408,17390.3941875559,1988,1
1052543,48459745,1,437,15:08:39,-79.435658,43.660152,14519,21,1e-12,0,17390.3941875559,1988,1
1052543,48459745,1,438,15:08:39,-79.435735,43.660136,,,46.6745753967057,6.4518250428107,17396.8460125987,1988.4976278832,1
1052543,48459745,1,439,15:08:46,-79.436733,43.659919,,,46.6745753967057,83.9245596126041,17480.7705722113,1994.97071118471,1
1052543,48459745,1,440,15:08:53,-79.4379,43.659696,,,46.6745753967057,97.2066828875315,17577.9772550989,2002.46824180863,1
1052543,48459745,1,441,15:08:59,-79.438801,43.659515,,,46.6745753967057,75.3071283084121,17653.2843834073,2008.27666447999,1
1052543,48459745,1,442,15:09:04,-79.439503,43.659409,,,46.6745753967057,57.7536665246773,17711.038049932,2012.73119240492,1
1052543,48459745,1,443,15:09:06,-79.439853,43.65939,,,46.6745753967057,28.2664269163263,17739.3044768483,2014.9113758567,1
1052543,48459745,1,444,15:09:08,-79.440129,43.659404,,,46.6745753967057,22.2821778688668,17761.5866547171,2016.62999546161,1
1052543,48459745,1,445,15:09:11,-79.440663,43.659387,,,46.6745753967057,43.047210308883,17804.633865026,2019.95021756958,1
1052543,48459745,1,446,15:09:15,-79.441379,43.659344,,,46.6745753967057,57.8612966939223,17862.49516172,2024.4130469864,1
1052543,48459745,1,447,15:09:21,-79.4422755007839,43.659291503503,14520,22,46.6745753967057,72.4357387975333,17934.9309005175,2030,1
1052543,48459745,1,448,15:09:21,-79.4422755007839,43.659291503503,14520,22,1e-12,0,17934.9309005175,2030,1
1052543,48459745,1,449,15:09:33,-79.443172,43.659239,,,22.3231948120909,72.4357388001638,18007.3666393176,2041.68151162393,1
1052543,48459745,1,450,15:09:39,-79.443692,43.659191,,,22.3231948120909,42.2177390861907,18049.5843784038,2048.48984985641,1
1052543,48459745,1,451,15:09:46,-79.444172,43.65915,,,22.3231948120909,38.9253598235908,18088.5097382274,2054.76723517444,1
1052543,48459745,1,452,15:09:54,-79.444757,43.659049,,,22.3231948120909,48.4360956440116,18136.9458338714,2062.57839060206,1
1052543,48459745,1,453,15:10:04,-79.4454985022353,43.6588680023964,,,22.3231948120909,63.0246489334311,18199.9704828049,2072.74220174425,1
1052543,48459745,1,454,15:10:14,-79.44624,43.658687,,,22.3231948120909,63.0246489349451,18262.9951317398,2082.90601288668,1
1052543,48459745,1,455,15:10:25,-79.4470240023503,43.658507002679,,,22.3231948120909,66.2434193285192,18329.2385510683,2093.58890624447,1
1052543,48459745,1,456,15:10:35,-79.447808,43.658327,,,22.3231948120909,66.243419330797,18395.4819703991,2104.27179960262,1
1052543,48459745,1,457,15:10:51,-79.44898000568,43.6580360059868,,,22.3231948120909,99.7929965171092,18495.2749669162,2120.36514065374,1
1052543,48459745,1,458,15:11:07,-79.450152,43.657745,,,22.3231948120909,99.7929965193217,18595.0679634356,2136.45848170522,1
1052543,48459745,1,459,15:11:23,-79.451275,43.657456,,,22.3231948120909,95.9947185354241,18691.062681971,2151.93928495209,1
1052543,48459745,1,460,15:11:35,-79.4521455033199,43.6572270033028,,,22.3231948120909,74.5988929632605,18765.6615749343,2163.96964247611,1
1052543,48459745,1,461,15:11:47,-79.453016,43.656998,14521,23,22.3231948120909,74.5988929624778,18840.2604678967,2176,1
1052543,48459745,1,462,15:11:47,-79.453016,43.656998,14521,23,1e-12,0,18840.2604678967,2176,1
1052543,48459745,1,463,15:11:54,-79.453457,43.656891,,,20.5681248570948,37.4613836439743,18877.7218515407,2182.5567951408,1
1052543,48459745,1,464,15:12:05,-79.454227,43.656714,,,20.5681248570948,65.0693983063793,18942.7912498471,2193.94576888199,1
1052543,48459745,1,465,15:12:22,-79.455369,43.656457,,,20.5681248570948,96.3218250509796,19039.1130748981,2210.80479577884,1
1052543,48459745,1,466,15:12:36,-79.4563415036278,43.6562330041221,,,20.5681248570948,82.1977393566451,19121.3108142547,2225.19171066485,1
1052543,48459745,1,467,15:12:51,-79.457314,43.656009,,,20.5681248570948,82.1977393578497,19203.5085536126,2239.57862555107,1
1052543,48459745,1,468,15:12:53,-79.45747,43.655972,,,20.5681248570948,13.2220423654322,19216.730595978,2241.89285462379,1
1052543,48459745,1,469,15:13:05,-79.4582720022304,43.6558050028034,,,20.5681248570948,67.2148001276104,19283.9453961056,2253.65733398886,1
1052543,48459745,1,470,15:13:16,-79.459074,43.655638,,,20.5681248570948,67.2148001292507,19351.1601962348,2265.42181335421,1
1052543,48459745,1,471,15:13:19,-79.459235,43.655609,,,20.5681248570948,13.3627361521198,19364.522932387,2267.76066779436,1
1052543,48459745,1,472,15:13:28,-79.459875,43.655461,,,20.5681248570948,54.1145417113765,19418.6374740983,2277.23223370105,1
1052543,48459745,1,473,15:13:37,-79.460467,43.655323,14522,24,20.5681248570948,50.0934755429436,19468.7309496413,2286,1
1052543,48459745,1,474,15:13:37,-79.460467,43.655323,14522,24,1e-12,0,19468.7309496413,2286,1
1052543,48459745,1,475,15:13:45,-79.461455,43.655112,,,35.4612386307733,82.96816830161,19551.6991179429,2294.42287008065,1
1052543,48459745,1,476,15:13:51,-79.4621075015919,43.6549655018557,,,35.4612386307733,55.0251072755134,19606.7242252184,2300.00898026293,1
1052543,48459745,1,477,15:13:57,-79.46276,43.654819,,,35.4612386307733,55.0251072734111,19661.7493324918,2305.59509044501,1
1052543,48459745,1,478,15:14:02,-79.4634420017149,43.6546680020273,,,35.4612386307733,57.4434802761037,19719.1928127679,2311.42671215307,1
1052543,48459745,1,479,15:14:08,-79.464124,43.654517,,,35.4612386307733,57.4434802787443,19776.6362930467,2317.2583338614,1
1052543,48459745,1,480,15:14:15,-79.4649210024022,43.6543360027686,,,35.4612386307733,67.279597862841,19843.9158909095,2324.08851130748,1
1052543,48459745,1,481,15:14:22,-79.465718,43.654155,,,35.4612386307733,67.2795978638795,19911.1954887734,2330.91868875368,1
1052543,48459745,1,482,15:14:29,-79.466551,43.65398,,,35.4612386307733,69.8625034760457,19981.0579922494,2338.01108096063,1
1052543,48459745,1,483,15:14:36,-79.467322,43.653817,,,35.4612386307733,64.6947374455758,20045.752729695,2344.57884519552,1
1052543,48459745,1,484,15:14:43,-79.4682275028724,43.6536265035737,,,35.4612386307733,75.9518403447211,20121.7045700397,2352.28942259773,1
1052543,48459745,1,485,15:14:51,-79.469133,43.653436,14523,25,35.4612386307733,75.9518403452296,20197.656410385,2360,1
1052543,48459745,1,486,15:14:51,-79.469133,43.653436,14523,25,1e-12,0,20197.656410385,2360,1
1052543,48459745,1,487,15:14:57,-79.4697915016009,43.6532900018899,,,32.039968971091,55.4719058441618,20253.1283162291,2366.23280444557,1
1052543,48459745,1,488,15:15:03,-79.47045,43.653144,,,32.039968971091,55.4719058431305,20308.6002220723,2372.46560889103,1
1052543,48459745,1,489,15:15:14,-79.4716,43.652876,,,32.039968971091,97.3109209441542,20405.9111430164,2383.39943082185,1
1052543,48459745,1,490,15:15:20,-79.472209,43.652744,,,32.039968971091,51.2047604361942,20457.1159034526,2389.15278026287,1
1052543,48459745,1,491,15:15:30,-79.47329,43.652496,,,32.039968971091,91.3399658329595,20548.4558692856,2399.41570771125,1
1052543,48459745,1,492,15:15:36,-79.4738995013752,43.6523605016191,,,32.039968971091,51.3567715043392,20599.8126407899,2405.18613706412,1
1052543,48459745,1,493,15:15:42,-79.474509,43.652225,,,32.039968971091,51.3567715039224,20651.1694122938,2410.95656641693,1
1052543,48459745,1,494,15:15:45,-79.474795,43.652156,,,32.039968971091,24.2825642562725,20675.4519765501,2413.68494706554,1
1052543,48459745,1,495,15:15:52,-79.475602,43.651979,,,32.039968971091,67.9203117922122,20743.3722883423,2421.3164501632,1
1052543,48459745,1,496,15:15:56,-79.47594,43.651902,,,32.039968971091,28.5416639528454,20771.9139522952,2424.52338180296,1
1052543,48459745,1,497,15:15:58,-79.476218,43.651846,,,32.039968971091,23.2430625009254,20795.1570147961,2427.13496438841,1
1052543,48459745,1,498,15:16:03,-79.476736,43.651742,14524,26,32.039968971091,43.2987750107051,20838.4557898068,2432,1
1052543,48459745,1,499,15:16:03,-79.476736,43.651742,14524,26,1e-12,0,20838.4557898068,2432,1
1052543,48459745,1,500,15:16:11,-79.477665,43.651519,,,33.6706506447142,78.8368662580109,20917.2926560648,2440.42908328454,1
1052543,48459745,1,501,15:16:15,-79.478112,43.651432,,,33.6706506447142,37.2836390565685,20954.5762951214,2444.41537692703,1
1052543,48459745,1,502,15:16:20,-79.478593,43.651316,,,33.6706506447142,40.8377574658049,20995.4140525872,2448.78166994668,1
1052543,48459745,1,503,15:16:28,-79.479516,43.651108,,,33.6706506447142,77.8660680677968,21073.280120655,2457.10695739068,1
1052543,48459745,1,504,15:16:34,-79.4802090016904,43.6509615020932,,,33.6706506447142,58.152060983204,21131.4321816382,2463.32446182054,1
1052543,48459745,1,505,15:16:41,-79.480902,43.650815,,,33.6706506447142,58.1520609832542,21189.5842426214,2469.5419662504,1
1052543,48459745,1,506,15:16:47,-79.481556,43.650644,,,33.6706506447142,56.0112567893457,21245.5954994108,2475.53058009007,1
1052543,48459745,1,507,15:16:51,-79.482044,43.65045,,,33.6706506447142,44.8487409782972,21290.4442403891,2480.32571960862,1
1052543,48459745,1,508,15:16:56,-79.482518,43.650257,,,33.6706506447142,43.8091996849369,21334.253440074,2485.00971340874,1
1052543,48459745,1,509,15:17:01,-79.483042,43.650123,,,33.6706506447142,44.7651426761479,21379.0185827502,2489.79591476061,1
1052543,48459745,1,510,15:17:10,-79.484045,43.649885,,,33.6706506447142,85.0223835195246,21464.0409662697,2498.88634143219,1
1052543,48459745,1,511,15:17:17,-79.48483,43.649699,14525,27,33.6706506447142,66.5337534562298,21530.5747197259,2506,1
1052543,48459745,1,512,15:17:17,-79.48483,43.649699,14525,27,1e-12,0,21530.5747197259,2506,1
1052543,48459745,1,513,15:17:19,-79.485071,43.649604,,,36.1857672148918,22.1057772096055,21552.6804969355,2508.19922925724,1
1052543,48459745,1,514,15:17:22,-79.485372,43.649441,,,36.1857672148918,30.2830347586143,21582.9635316941,2511.21198630295,1
1052543,48459745,1,515,15:17:26,-79.485698,43.649235,,,36.1857672148918,34.8624439299654,21617.8259756241,2514.68033333018,1
1052543,48459745,1,516,15:17:29,-79.485977,43.649065,,,36.1857672148918,29.3797128414683,21647.2056884656,2517.6032219234,1
1052543,48459745,1,517,15:17:31,-79.486184,43.648919,,,36.1857672148918,23.2842711222576,21670.4899595878,2519.91969556737,1
1052543,48459745,1,518,15:17:32,-79.486267,43.648838,,,36.1857672148918,11.2250088388535,21681.7149684267,2521.03643385786,1
1052543,48459745,1,519,15:17:33,-79.486397,43.648758,,,36.1857672148918,13.7462235075083,21695.4611919342,2522.40399929687,1
1052543,48459745,1,520,15:17:35,-79.48655,43.648694,,,36.1857672148918,14.2351373411861,21709.6963292754,2523.82020512509,1
1052543,48459745,1,521,15:17:36,-79.486697,43.648641,,,36.1857672148918,13.2292167327745,21722.9255460081,2525.13633530288,1
1052543,48459745,1,522,15:17:39,-79.487069,43.648543,,,36.1857672148918,31.8884753996106,21754.8140214078,2528.30881222611,1
1052543,48459745,1,523,15:17:43,-79.487444,43.648444,,,36.1857672148918,32.1536797501054,21786.9677011579,2531.50767343618,1
1052543,48459745,1,524,15:17:45,-79.487763,43.648389,,,36.1857672148918,26.4146653489801,21813.3823665068,2534.13557944938,1
1052543,48459745,1,525,15:17:48,-79.48812,43.648358,,,36.1857672148918,28.9625310483789,21842.3448975552,2537.0169640323,1
1052543,48459745,1,526,15:17:51,-79.488507,43.648342,,,36.1857672148918,31.2235497714963,21873.5684473267,2540.12328974622,1
1052543,48459745,1,527,15:17:57,-79.489268,43.64837,,,36.1857672148918,61.3774592969367,21934.9459066237,2546.22952627167,1
1052543,48459745,1,528,15:18:03,-79.490041,43.64838,,,36.1857672148918,62.2747899790068,21997.2206966027,2552.42503520182,1
1052543,48459745,1,529,15:18:11,-79.490968,43.64847,,,36.1857672148918,75.3385497656664,22072.5592463683,2559.92021355595,1
1052543,48459745,1,530,15:18:16,-79.491482,43.648651,,,36.1857672148918,46.0448819879676,22118.6041283563,2564.50106365019,1
1052543,48459745,1,531,15:18:21,-79.4921369919193,43.6488980056097,,,36.1857672148918,59.4942868252668,22178.0984151816,2570.4199496945,1
1052543,48459745,1,532,15:18:27,-79.4927919892257,43.6491450074796,,,36.1857672148918,59.4942868252561,22237.5927020068,2576.33883573881,1
1052543,48459745,1,533,15:18:33,-79.4934469919193,43.6493920056097,,,36.1857672148918,59.4942868257917,22297.0869888326,2582.25772178318,1
1052543,48459745,1,534,15:18:39,-79.494102,43.649639,,,36.1857672148918,59.494286826874,22356.5812756595,2588.17660782765,1
1052543,48459745,1,535,15:18:41,-79.494318,43.649715,,,36.1857672148918,19.3462776857977,22375.9275533453,2590.10130377938,1
1052543,48459745,1,536,15:18:47,-79.494989,43.649934,14526,28,36.1857672148918,59.2913467529275,22435.2189000982,2596,1
1052543,48459745,1,537,15:18:47,-79.494989,43.649934,14526,28,1e-12,0,22435.2189000982,2596,1
1052543,48459745,1,538,15:18:50,-79.49534,43.650053,,,34.2478853736339,31.2217525666132,22466.4406526648,2599.28190508738,1
1052543,48459745,1,539,15:18:55,-79.495876,43.650213,,,34.2478853736339,46.7030149338675,22513.1436675987,2604.19113822478,1
1052543,48459745,1,540,15:18:58,-79.496177,43.650284,,,34.2478853736339,25.5004388808422,22538.6441064795,2606.87164182287,1
1052543,48459745,1,541,15:19:02,-79.496691,43.650399,,,34.2478853736339,43.3351915158405,22581.9792979954,2611.42686290455,1
1052543,48459745,1,542,15:19:06,-79.49711,43.65049,,,34.2478853736339,35.2366488403346,22617.2159468357,2615.13079774436,1
1052543,48459745,1,543,15:19:10,-79.497487,43.650586,,,34.2478853736339,32.1916957900432,22649.4076426257,2618.51465936325,1
1052543,48459745,1,544,15:19:13,-79.497866,43.650645,,,34.2478853736339,31.2256960755333,22680.6333387013,2621.79697897644,1
1052543,48459745,1,545,15:19:17,-79.498402,43.65066,,,34.2478853736339,43.2052268062253,22723.8385655075,2626.33853869043,1
1052543,48459745,1,546,15:19:20,-79.498725,43.650678,,,34.2478853736339,26.0935753947008,22749.9321409022,2629.08139041386,1
1052543,48459745,1,547,15:19:23,-79.499106,43.650697,,,34.2478853736339,30.7610157945441,22780.6931566967,2632.31486470438,1
1052543,48459745,1,548,15:19:27,-79.499518,43.650689,,,34.2478853736339,33.1971011898591,22813.8902578866,2635.80441049618,1
1052543,48459745,1,549,15:19:29,-79.499716,43.650663,,,34.2478853736339,16.2087136718217,22830.0989715584,2637.50820530225,1
1052543,48459745,1,550,15:19:32,-79.500071,43.650602,,,34.2478853736339,29.3892743822747,22859.4882459407,2640.59748765128,1
1052543,48459745,1,551,15:19:42,-79.5012095048811,43.6503445056494,,,34.2478853736339,96.0783855435681,22955.5666314843,2650.69686120919,1
1052543,48459745,1,552,15:19:52,-79.502348,43.650087,,,34.2478853736339,96.0783855434522,23051.6450170277,2660.79623476709,1
1052543,48459745,1,553,15:20:02,-79.503508,43.649831,,,34.2478853736339,97.6843711339997,23149.3293881617,2671.06442307261,1
1052543,48459745,1,554,15:20:12,-79.504612,43.649563,,,34.2478853736339,93.7958691657328,23243.1252573275,2680.92386768686,1
1052543,48459745,1,555,15:20:22,-79.505758,43.649317,,,34.2478853736339,96.2845803465368,23339.409837674,2691.04491561335,1
1052543,48459745,1,556,15:20:28,-79.506433,43.649152,,,34.2478853736339,57.3889514505252,23396.7987891245,2697.07741142931,1
1052543,48459745,1,557,15:20:37,-79.507392,43.648898,,,34.2478853736339,82.2585196456021,23479.0573087701,2705.7240962536,1
1052543,48459745,1,558,15:20:43,-79.508035,43.648701,,,34.2478853736339,56.2444644447353,23535.3017732149,2711.63628819749,1
1052543,48459745,1,559,15:20:48,-79.508699,43.648571,,,34.2478853736339,55.407928467079,23590.7097016819,2717.4605468431,1
1052543,48459745,1,560,15:20:50,-79.50889,43.648549,,,34.2478853736339,15.5786292204706,23606.2883309024,2719.09810970521,1
1052543,48459745,1,561,15:20:58,-79.5098065022583,43.648401003661,,,34.2478853736339,75.639738339144,23681.9280692416,2727.04905485263,1
1052543,48459745,1,562,15:21:06,-79.510723,43.648253,14527,29,34.2478853736339,75.6397383386298,23757.5678075802,2735,1
1052543,48459745,1,563,15:21:06,-79.510723,43.648253,14527,29,1e-12,0,23757.5678075802,2735,1
1052543,48459745,1,564,15:21:11,-79.511291,43.648113,,,33.101393701601,48.3338224611556,23805.9016300413,2740.25662944675,1
1052543,48459745,1,565,15:21:16,-79.511843,43.647959,,,33.101393701601,47.6539997960622,23853.5556298374,2745.43932358985,1
1052543,48459745,1,566,15:21:25,-79.512756,43.647746,,,33.101393701601,77.2703175926471,23930.82594743,2753.84299220396,1
1052543,48459745,1,567,15:21:35,-79.513893,43.647499,,,33.101393701601,95.6244121507956,24026.4503595808,2764.24279249171,1
1052543,48459745,1,568,15:21:37,-79.514056,43.647457,,,33.101393701601,13.93738422174,24040.3877438026,2765.7585771034,1
1052543,48459745,1,569,15:21:41,-79.514537,43.647346,,,33.101393701601,40.6676289152559,24081.0553727178,2770.1814562551,1
1052543,48459745,1,570,15:21:44,-79.514874,43.647296,,,33.101393701601,27.7104423546702,24108.7658150725,2773.19515390711,1
1052543,48459745,1,571,15:21:50,-79.5154915014855,43.6471515016619,,,33.101393701601,52.2767165179275,24161.0425315904,2778.88059969713,1
1052543,48459745,1,572,15:21:56,-79.516109,43.647007,,,33.101393701601,52.2767165192155,24213.3192481097,2784.56604548729,1
1052543,48459745,1,573,15:22:01,-79.5167185013851,43.6468705016191,,,33.101393701601,51.3938636782507,24264.7131117879,2790.15547507172,1
1052543,48459745,1,574,15:22:07,-79.517328,43.646734,,,33.101393701601,51.3938636794431,24316.1069754673,2795.74490465628,1
1052543,48459745,1,575,15:22:07,-79.517364,43.646731,,,33.101393701601,2.91903141028697,24319.0260068776,2796.06236902566,1
1052543,48459745,1,576,15:22:16,-79.5183390027593,43.6465610041433,,,33.101393701601,80.7860339139781,24399.8120407916,2804.84839552086,1
1052543,48459745,1,577,15:22:25,-79.519314,43.646391,,,33.101393701601,80.7860339166581,24480.5980747083,2813.63442201635,1
1052543,48459745,1,578,15:22:30,-79.5199345009762,43.6462965016781,,,33.101393701601,51.07778146385,24531.6758561721,2819.18947552641,1
1052543,48459745,1,579,15:22:36,-79.520555,43.646202,,,33.101393701601,51.0777814616615,24582.7536376338,2824.74452903623,1
1052543,48459745,1,580,15:22:45,-79.521555,43.646012,,,33.101393701601,83.2831319085302,24666.0367695423,2833.80213179379,1
1052543,48459745,1,581,15:22:51,-79.5221900014324,43.6458765017574,,,33.101393701601,53.3287736830459,24719.3655432254,2839.60199590192,1
1052543,48459745,1,582,15:22:56,-79.522825,43.645741,,,33.101393701601,53.328773682207,24772.6943169076,2845.40186000996,1
1052543,48459745,1,583,15:23:07,-79.523966,43.645463,,,33.101393701601,96.9814366752024,24869.6757535828,2855.94924587467,1
1052543,48459745,1,584,15:23:13,-79.52468,43.645305,,,33.101393701601,60.1445070227738,24929.8202606055,2862.49036698981,1
1052543,48459745,1,585,15:23:17,-79.525063,43.64522,14528,30,33.101393701601,32.2704844495655,24962.0907450551,2866,1
1052543,48459745,1,586,15:23:17,-79.525063,43.64522,14528,30,1e-12,0,24962.0907450551,2866,1
1052543,48459745,1,587,15:23:33,-79.526163,43.645004,,,21.160235095478,91.8138511360474,25053.9045961912,2881.62033042631,1
1052543,48459745,1,588,15:23:41,-79.5267740014036,43.6448660016271,,,21.160235095478,51.5603747630309,25105.4649709542,2890.39231940986,1
1052543,48459745,1,589,15:23:50,-79.527385,43.644728,,,21.160235095478,51.5603747651791,25157.0253457194,2899.16430839378,1
1052543,48459745,1,590,15:23:55,-79.527736,43.644646,,,21.160235095478,29.7116063787157,25186.7369520981,2904.21915690944,1
1052543,48459745,1,591,15:24:04,-79.528322,43.644431,,,21.160235095478,52.9258073157279,25239.6627594138,2913.22344752705,1
1052543,48459745,1,592,15:24:11,-79.528702,43.644214,,,21.160235095478,38.9943100972414,25278.657069511,2919.85756646366,1
1052543,48459745,1,593,15:24:18,-79.529119,43.643969,,,21.160235095478,43.2692228796953,25321.9262923907,2927.21897817124,1
1052543,48459745,1,594,15:24:26,-79.529518,43.643644,,,21.160235095478,48.3942056883195,25370.3204980791,2935.45230543305,1
1052543,48459745,1,595,15:24:40,-79.5300570153689,43.6430730037987,,,21.160235095478,76.9782273679457,25447.298725447,2948.54864473524,1
1052543,48459745,1,596,15:24:53,-79.5305960204916,43.6425020050648,,,21.160235095478,76.9782273702423,25524.2769528173,2961.64498403783,1
1052543,48459745,1,597,15:25:06,-79.5311350153685,43.6419310037986,,,21.160235095478,76.9782273659529,25601.2551801832,2974.74132333969,1
1052543,48459745,1,598,15:25:19,-79.531674,43.64136,,,21.160235095478,76.9782273690645,25678.2334075523,2987.83766264207,1
1052543,48459745,1,599,15:25:32,-79.5322200151855,43.640803003898,,,21.160235095478,76.0222708546557,25754.2556784069,3000.77136464689,1
1052543,48459745,1,600,15:25:45,-79.5327660202471,43.6402460051972,,,21.160235095478,76.0222708561215,25830.277949263,3013.70506665195,1
1052543,48459745,1,601,15:25:58,-79.5333120151852,43.6396890038979,,,21.160235095478,76.0222708564369,25906.3002201195,3026.63876865707,1
1052543,48459745,1,602,15:26:11,-79.533858,43.639132,,,21.160235095478,76.0222708562104,25982.3224909757,3039.57247066215,1
1052543,48459745,1,603,15:26:27,-79.5346300085249,43.6384685025975,14529,31,21.160235095478,96.5584396740876,26078.8809306498,3056,1
1052543,48459745,1,604,15:26:27,-79.5346300085249,43.6384685025975,14529,31,1e-12,0,26078.8809306498,3056,1
1052543,48459745,1,605,,-79.535402,43.637805,,,,96.5584396736368,26175.4393703234,,1
