shape_id,trip_id,route_type,id,timestamp,shape_pt_lon,shape_pt_lat,stop_id,stop_sequence,speed,dist,cumdist,cumtime,trip_number
1052389,48459467,1,1,21:51:49,-79.535402,43.637805,14468,1,1e-12,0,0,0,1
1052389,48459467,1,2,21:51:49,-79.535402,43.637805,14468,1,1e-12,0,0,0,1
1052389,48459467,1,3,21:51:58,-79.5346300085249,43.6384685025975,,,39.762851907851,96.5584396736368,96.5584396736368,8.74208881271061,1
1052389,48459467,1,4,21:52:06,-79.533858,43.639132,,,39.762851907851,96.5584396740876,193.116879347724,17.484177625462,1
1052389,48459467,1,5,21:52:13,-79.5333120151852,43.6396890038979,,,39.762851907851,76.0222708562104,269.139150203935,24.3669881370572,1
1052389,48459467,1,6,21:52:20,-79.5327660202471,43.6402460051972,,,39.762851907851,76.0222708564369,345.161421060372,31.2497986486728,1
1052389,48459467,1,7,21:52:27,-79.5322200151855,43.640803003898,,,39.762851907851,76.0222708561215,421.183691916493,38.1326091602599,1
1052389,48459467,1,8,21:52:34,-79.531674,43.64136,,,39.762851907851,76.0222708546557,497.205962771149,45.0154196717143,1
1052389,48459467,1,9,21:52:41,-79.5311350153685,43.6419310037986,,,39.762851907851,76.9782273690645,574.184190140213,51.9847793939709,1
1052389,48459467,1,10,21:52:48,-79.5305960204916,43.6425020050648,,,39.762851907851,76.9782273659529,651.162417506166,58.9541391159459,1
1052389,48459467,1,11,21:52:55,-79.5300570153689,43.6430730037987,,,39.762851907851,76.9782273702423,728.140644876409,65.9234988383091,1
1052389,48459467,1,12,21:53:02,-79.529518,43.643644,,,39.762851907851,76.9782273679457,805.118872244355,72.8928585604645,1
1052389,48459467,1,13,21:53:06,-79.529119,43.643969,,,39.762851907851,48.3942056883195,853.513077932674,77.2743134138965,1
1052389,48459467,1,14,21:53:10,-79.528702,43.644214,,,39.762851907851,43.2692228796953,896.782300812369,81.1917689004368,1
1052389,48459467,1,15,21:53:14,-79.528322,43.644431,,,39.762851907851,38.9943100972414,935.776610909611,84.7221876107294,1
1052389,48459467,1,16,21:53:19,-79.527736,43.644646,,,39.762851907851,52.9258073157279,988.702418225339,89.5139190181791,1
1052389,48459467,1,17,21:53:21,-79.527385,43.644728,,,39.762851907851,29.7116063787157,1018.41402460405,92.2039117584196,1
1052389,48459467,1,18,21:53:26,-79.5267740014036,43.6448660016271,,,39.762851907851,51.5603747651791,1069.97439936923,96.8720213191927,1
1052389,48459467,1,19,21:53:31,-79.526163,43.645004,,,39.762851907851,51.5603747630309,1121.53477413226,101.540130879771,1
1052389,48459467,1,20,21:53:39,-79.525063,43.64522,,,39.762851907851,91.8138511360474,1213.34862526831,109.852659992516,1
1052389,48459467,1,21,21:53:42,-79.52468,43.645305,,,39.762851907851,32.2704844495655,1245.61910971788,112.774325276678,1
1052389,48459467,1,22,21:53:47,-79.523966,43.645463,,,39.762851907851,60.1445070227738,1305.76361674065,118.219614406939,1
1052389,48459467,1,23,21:53:56,-79.522825,43.645741,14469,2,39.762851907851,96.9814366752024,1402.74505341585,127,1
1052389,48459467,1,24,21:53:56,-79.522825,43.645741,14469,2,1e-12,0,1402.74505341585,127,1
1052389,48459467,1,25,21:54:01,-79.5221900014324,43.6458765017574,,,37.3258299544934,53.328773682207,1456.07382709806,132.143451210328,1
1052389,48459467,1,26,21:54:06,-79.521555,43.646012,,,37.3258299544934,53.3287736830459,1509.40260078111,137.286902420737,1
1052389,48459467,1,27,21:54:14,-79.520555,43.646202,,,37.3258299544934,83.2831319085302,1592.68573268964,145.319390251182,1
1052389,48459467,1,28,21:54:19,-79.5199345009762,43.6462965016781,,,37.3258299544934,51.0777814616615,1643.7635141513,150.245737863175,1
1052389,48459467,1,29,21:54:24,-79.519314,43.646391,,,37.3258299544934,51.07778146385,1694.84129561515,155.172085475379,1
1052389,48459467,1,30,21:54:32,-79.5183390027593,43.6465610041433,,,37.3258299544934,80.7860339166581,1775.62732953181,162.963733308918,1
1052389,48459467,1,31,21:54:40,-79.517364,43.646731,,,37.3258299544934,80.7860339139781,1856.41336344578,170.755381142199,1
1052389,48459467,1,32,21:54:40,-79.517328,43.646734,,,37.3258299544934,2.91903141028697,1859.33239485607,171.036915754821,1
1052389,48459467,1,33,21:54:45,-79.5167185013851,43.6468705016191,,,37.3258299544934,51.3938636794431,1910.72625853551,175.993748850603,1
1052389,48459467,1,34,21:54:50,-79.516109,43.647007,,,37.3258299544934,51.3938636782507,1962.12012221376,180.950581946271,1
1052389,48459467,1,35,21:54:55,-79.5154915014855,43.6471515016619,,,37.3258299544934,52.2767165192155,2014.39683873298,185.992564393778,1
1052389,48459467,1,36,21:55:00,-79.514874,43.647296,,,37.3258299544934,52.2767165179275,2066.67355525091,191.03454684116,1
1052389,48459467,1,37,21:55:03,-79.514537,43.647346,,,37.3258299544934,27.7104423546702,2094.38399760558,193.707162362327,1
1052389,48459467,1,38,21:55:07,-79.514056,43.647457,,,37.3258299544934,40.6676289152559,2135.05162652083,197.629472040998,1
1052389,48459467,1,39,21:55:08,-79.513893,43.647499,,,37.3258299544934,13.93738422174,2148.98901074257,198.973704259261,1
1052389,48459467,1,40,21:55:17,-79.512756,43.647746,,,37.3258299544934,95.6244121507956,2244.61342289337,208.196483341805,1
1052389,48459467,1,41,21:55:25,-79.511843,43.647959,,,37.3258299544934,77.2703175926471,2321.88374048602,215.649047522499,1
1052389,48459467,1,42,21:55:29,-79.511291,43.648113,,,37.3258299544934,47.6539997960622,2369.53774028208,220.245178391524,1
1052389,48459467,1,43,21:55:34,-79.510723,43.648253,,,37.3258299544934,48.3338224611556,2417.87156274323,224.906876766946,1
1052389,48459467,1,44,21:55:41,-79.5098065022583,43.648401003661,,,37.3258299544934,75.6397383386298,2493.51130108186,232.202174911717,1
1052389,48459467,1,45,21:55:48,-79.50889,43.648549,,,37.3258299544934,75.639738339144,2569.15103942101,239.497473056538,1
1052389,48459467,1,46,21:55:50,-79.508699,43.648571,14470,3,37.3258299544934,15.5786292204706,2584.72966864148,241,1
1052389,48459467,1,47,21:55:50,-79.508699,43.648571,14470,3,1e-12,0,2584.72966864148,241,1
1052389,48459467,1,48,21:55:55,-79.508035,43.648701,,,38.4879484814677,55.407928467079,2640.13759710856,246.182623401648,1
1052389,48459467,1,49,21:56:00,-79.507392,43.648898,,,38.4879484814677,56.2444644447353,2696.38206155329,251.443492842339,1
1052389,48459467,1,50,21:56:08,-79.506433,43.649152,,,38.4879484814677,82.2585196456021,2778.6405811989,259.137607036728,1
1052389,48459467,1,51,21:56:14,-79.505758,43.649317,,,38.4879484814677,57.3889514505252,2836.02953264942,264.505526953826,1
1052389,48459467,1,52,21:56:23,-79.504612,43.649563,,,38.4879484814677,96.2845803465368,2932.31411299596,273.511579573503,1
1052389,48459467,1,53,21:56:31,-79.503508,43.649831,,,38.4879484814677,93.7958691657328,3026.10998216169,282.284848669912,1
1052389,48459467,1,54,21:56:40,-79.502348,43.650087,,,38.4879484814677,97.6843711339997,3123.79435329569,291.421831802482,1
1052389,48459467,1,55,21:56:49,-79.5012095048811,43.6503445056494,,,38.4879484814677,96.0783855434522,3219.87273883914,300.408597831931,1
1052389,48459467,1,56,21:56:58,-79.500071,43.650602,,,38.4879484814677,96.0783855435681,3315.95112438271,309.39536386139,1
1052389,48459467,1,57,21:57:01,-79.499716,43.650663,,,38.4879484814677,29.3892743822747,3345.34039876498,312.144312349178,1
1052389,48459467,1,58,21:57:03,-79.499518,43.650689,,,38.4879484814677,16.2087136718217,3361.54911243681,313.660406906587,1
1052389,48459467,1,59,21:57:06,-79.499106,43.650697,,,38.4879484814677,33.1971011898591,3394.74621362667,316.765523417045,1
1052389,48459467,1,60,21:57:09,-79.498725,43.650678,,,38.4879484814677,30.7610157945441,3425.50722942121,319.642778797744,1
1052389,48459467,1,61,21:57:11,-79.498402,43.65066,,,38.4879484814677,26.0935753947008,3451.60080481591,322.083461534216,1
1052389,48459467,1,62,21:57:15,-79.497866,43.650645,,,38.4879484814677,43.2052268062253,3494.80603162214,326.124695807258,1
1052389,48459467,1,63,21:57:18,-79.497487,43.650586,,,38.4879484814677,31.2256960755333,3526.03172769767,329.045415417087,1
1052389,48459467,1,64,21:57:21,-79.49711,43.65049,,,38.4879484814677,32.1916957900432,3558.22342348771,332.05649055662,1
1052389,48459467,1,65,21:57:24,-79.496691,43.650399,,,38.4879484814677,35.2366488403346,3593.46007232805,335.352377732479,1
1052389,48459467,1,66,21:57:28,-79.496177,43.650284,,,38.4879484814677,43.3351915158405,3636.79526384389,339.405768355057,1
1052389,48459467,1,67,21:57:31,-79.495876,43.650213,,,38.4879484814677,25.5004388808422,3662.29570272473,341.790971609401,1
1052389,48459467,1,68,21:57:35,-79.49534,43.650053,,,38.4879484814677,46.7030149338675,3708.9987176586,346.159374197626,1
1052389,48459467,1,69,21:57:38,-79.494989,43.649934,,,38.4879484814677,31.2217525666132,3740.22047022521,349.079724948302,1
1052389,48459467,1,70,21:57:44,-79.494318,43.649715,,,38.4879484814677,59.2913467529275,3799.51181697814,354.625586879948,1
1052389,48459467,1,71,21:57:45,-79.494102,43.649639,,,38.4879484814677,19.3462776857977,3818.85809466394,356.43515591173,1
1052389,48459467,1,72,21:57:51,-79.4934469919193,43.6493920056097,14471,4,38.4879484814677,59.494286826874,3878.35238149081,362,1
1052389,48459467,1,73,21:57:51,-79.4934469919193,43.6493920056097,14471,4,1e-12,0,3878.35238149081,362,1
1052389,48459467,1,74,21:57:57,-79.4927919892257,43.6491450074796,,,37.5573438851912,59.4942868257917,3937.8466683166,367.702731088428,1
1052389,48459467,1,75,21:58:02,-79.4921369919193,43.6488980056097,,,37.5573438851912,59.4942868252561,3997.34095514186,373.405462176804,1
1052389,48459467,1,76,21:58:08,-79.491482,43.648651,,,37.5573438851912,59.4942868252668,4056.83524196712,379.108193265182,1
1052389,48459467,1,77,21:58:13,-79.490968,43.64847,,,37.5573438851912,46.0448819879676,4102.88012395509,383.521752851914,1
1052389,48459467,1,78,21:58:20,-79.490041,43.64838,,,37.5573438851912,75.3385497656664,4178.21867372076,390.743210790619,1
1052389,48459467,1,79,21:58:26,-79.489268,43.64837,,,37.5573438851912,62.2747899790068,4240.49346369976,396.712462626152,1
1052389,48459467,1,80,21:58:32,-79.488507,43.648342,,,37.5573438851912,61.3774592969367,4301.8709229967,402.595702243533,1
1052389,48459467,1,81,21:58:35,-79.48812,43.648358,,,37.5573438851912,31.2235497714963,4333.0944727682,405.58858639213,1
1052389,48459467,1,82,21:58:37,-79.487763,43.648389,,,37.5573438851912,28.9625310483789,4362.05700381658,408.364744154854,1
1052389,48459467,1,83,21:58:40,-79.487444,43.648444,,,37.5573438851912,26.4146653489801,4388.47166916556,410.896680266924,1
1052389,48459467,1,84,21:58:43,-79.487069,43.648543,,,37.5573438851912,32.1536797501054,4420.62534891566,413.978720558543,1
1052389,48459467,1,85,21:58:46,-79.486697,43.648641,,,37.5573438851912,31.8884753996106,4452.51382431527,417.035340105163,1
1052389,48459467,1,86,21:58:47,-79.48655,43.648694,,,37.5573438851912,13.2292167327745,4465.74304104805,418.303405823111,1
1052389,48459467,1,87,21:58:49,-79.486397,43.648758,,,37.5573438851912,14.2351373411861,4479.97817838923,419.66789247544,1
1052389,48459467,1,88,21:58:50,-79.486267,43.648838,,,37.5573438851912,13.7462235075083,4493.72440189674,420.985515062871,1
1052389,48459467,1,89,21:58:51,-79.486184,43.648919,,,37.5573438851912,11.2250088388535,4504.94941073559,422.061470592191,1
1052389,48459467,1,90,21:58:53,-79.485977,43.649065,,,37.5573438851912,23.2842711222576,4528.23368185785,424.293347699805,1
1052389,48459467,1,91,21:58:56,-79.485698,43.649235,,,37.5573438851912,29.3797128414683,4557.61339469932,427.109493765741,1
1052389,48459467,1,92,21:58:59,-79.485372,43.649441,,,37.5573438851912,34.8624439299654,4592.47583862929,430.451178378251,1
1052389,48459467,1,93,21:59:02,-79.485071,43.649604,,,37.5573438851912,30.2830347586143,4622.7588733879,433.353910942733,1
1052389,48459467,1,94,21:59:04,-79.48483,43.649699,,,37.5573438851912,22.1057772096055,4644.86465059751,435.472825373899,1
1052389,48459467,1,95,21:59:11,-79.484045,43.649885,,,37.5573438851912,66.5337534562298,4711.39840405374,441.850313440537,1
1052389,48459467,1,96,21:59:19,-79.483042,43.650123,14472,5,37.5573438851912,85.0223835195246,4796.42078757326,450,1
1052389,48459467,1,97,21:59:19,-79.483042,43.650123,14472,5,1e-12,0,4796.42078757326,450,1
1052389,48459467,1,98,21:59:23,-79.482518,43.650257,,,42.2139963720033,44.7651426761479,4841.18593024941,453.817561176014,1
1052389,48459467,1,99,21:59:27,-79.482044,43.65045,,,42.2139963720033,43.8091996849369,4884.99512993435,457.55359975137,1
1052389,48459467,1,100,21:59:30,-79.481556,43.650644,,,42.2139963720033,44.8487409782972,4929.84387091264,461.378290171559,1
1052389,48459467,1,101,21:59:35,-79.480902,43.650815,,,42.2139963720033,56.0112567893457,4985.85512770199,466.154917398811,1
1052389,48459467,1,102,21:59:40,-79.4802090016904,43.6509615020932,,,42.2139963720033,58.1520609832542,5044.00718868524,471.114111920336,1
1052389,48459467,1,103,21:59:45,-79.479516,43.651108,,,42.2139963720033,58.152060983204,5102.15924966845,476.073306441857,1
1052389,48459467,1,104,21:59:52,-79.478593,43.651316,,,42.2139963720033,77.8660680677968,5180.02531773624,482.713706999383,1
1052389,48459467,1,105,21:59:55,-79.478112,43.651432,,,42.2139963720033,40.8377574658049,5220.86307520205,486.196341658783,1
1052389,48459467,1,106,21:59:58,-79.477665,43.651519,,,42.2139963720033,37.2836390565685,5258.14671425862,489.375881909387,1
1052389,48459467,1,107,22:00:05,-79.476736,43.651742,,,42.2139963720033,78.8368662580109,5336.98358051663,496.099071915559,1
1052389,48459467,1,108,22:00:09,-79.476218,43.651846,,,42.2139963720033,43.2987750107051,5380.28235552733,499.791581590902,1
1052389,48459467,1,109,22:00:11,-79.47594,43.651902,,,42.2139963720033,23.2430625009254,5403.52541802826,501.773744669374,1
1052389,48459467,1,110,22:00:13,-79.475602,43.651979,,,42.2139963720033,28.5416639528454,5432.0670819811,504.207771273365,1
1052389,48459467,1,111,22:00:19,-79.474795,43.652156,14473,6,42.2139963720033,67.9203117922122,5499.98739377332,510,1
1052389,48459467,1,112,22:00:19,-79.474795,43.652156,14473,6,1e-12,0,5499.98739377332,510,1
1052389,48459467,1,113,22:00:22,-79.474509,43.652225,,,27.6453327887598,24.2825642562725,5524.26995802959,513.162097269385,1
1052389,48459467,1,114,22:00:29,-79.4738995013752,43.6523605016191,,,27.6453327887598,51.3567715039224,5575.62672953351,519.849822059202,1
1052389,48459467,1,115,22:00:36,-79.47329,43.652496,,,27.6453327887598,51.3567715043392,5626.98350103785,526.537546849073,1
1052389,48459467,1,116,22:00:47,-79.472209,43.652744,,,27.6453327887598,91.3399658329595,5718.32346687081,538.431919020724,1
1052389,48459467,1,117,22:00:54,-79.4716,43.652876,,,27.6453327887598,51.2047604361942,5769.528227307,545.099848793132,1
1052389,48459467,1,118,22:01:07,-79.47045,43.653144,,,27.6453327887598,97.3109209441542,5866.83914825116,557.771764088049,1
1052389,48459467,1,119,22:01:14,-79.4697915016009,43.6532900018899,,,27.6453327887598,55.4719058431305,5922.31105409429,564.995365357789,1
1052389,48459467,1,120,22:01:21,-79.469133,43.653436,,,27.6453327887598,55.4719058441618,5977.78295993845,572.218966627663,1
1052389,48459467,1,121,22:01:31,-79.4682275028724,43.6536265035737,,,27.6453327887598,75.9518403452296,6053.73480028368,582.109483313865,1
1052389,48459467,1,122,22:01:41,-79.467322,43.653817,14474,7,27.6453327887598,75.9518403447211,6129.6866406284,592,1
1052389,48459467,1,123,22:01:41,-79.467322,43.653817,14474,7,1e-12,0,6129.6866406284,592,1
1052389,48459467,1,124,22:01:49,-79.466551,43.65398,,,29.0759665169371,64.6947374455758,6194.38137807398,600.01008814852,1
1052389,48459467,1,125,22:01:58,-79.465718,43.654155,,,29.0759665169371,69.8625034760457,6264.24388155002,608.660015997599,1
1052389,48459467,1,126,22:02:06,-79.4649210024022,43.6543360027686,,,29.0759665169371,67.2795978638795,6331.5234794139,616.990145012189,1
1052389,48459467,1,127,22:02:14,-79.464124,43.654517,,,29.0759665169371,67.279597862841,6398.80307727674,625.32027402665,1
1052389,48459467,1,128,22:02:21,-79.4634420017149,43.6546680020273,,,29.0759665169371,57.4434802787443,6456.24655755549,632.43255794275,1
1052389,48459467,1,129,22:02:29,-79.46276,43.654819,,,29.0759665169371,57.4434802761037,6513.69003783159,639.544841858523,1
1052389,48459467,1,130,22:02:35,-79.4621075015919,43.6549655018557,,,29.0759665169371,55.0251072734111,6568.715145105,646.357698314005,1
1052389,48459467,1,131,22:02:42,-79.461455,43.655112,,,29.0759665169371,55.0251072755134,6623.74025238051,653.170554769746,1
1052389,48459467,1,132,22:02:52,-79.460467,43.655323,,,29.0759665169371,82.96816830161,6706.70842068213,663.443142121634,1
1052389,48459467,1,133,22:02:59,-79.459875,43.655461,,,29.0759665169371,50.0934755429436,6756.80189622507,669.645395513608,1
1052389,48459467,1,134,22:03:05,-79.459235,43.655609,,,29.0759665169371,54.1145417113765,6810.91643793645,676.345511571572,1
1052389,48459467,1,135,22:03:07,-79.459074,43.655638,14475,8,29.0759665169371,13.3627361521198,6824.27917408857,678,1
1052389,48459467,1,136,22:03:07,-79.459074,43.655638,14475,8,1e-12,0,6824.27917408857,678,1
1052389,48459467,1,137,22:03:14,-79.4582720022304,43.6558050028034,,,33.004875713193,67.2148001292507,6891.49397421782,685.331440438316,1
1052389,48459467,1,138,22:03:22,-79.45747,43.655972,,,33.004875713193,67.2148001276104,6958.70877434543,692.662880876454,1
1052389,48459467,1,139,22:03:23,-79.457314,43.656009,,,33.004875713193,13.2220423654322,6971.93081671086,694.105072415946,1
1052389,48459467,1,140,22:03:32,-79.4563415036278,43.6562330041221,,,33.004875713193,82.1977393578497,7054.12855606871,703.070773855323,1
1052389,48459467,1,141,22:03:41,-79.455369,43.656457,,,33.004875713193,82.1977393566451,7136.32629542535,712.03647529457,1
1052389,48459467,1,142,22:03:52,-79.454227,43.656714,,,33.004875713193,96.3218250509796,7232.64812047633,722.542758463057,1
1052389,48459467,1,143,22:03:59,-79.453457,43.656891,,,33.004875713193,65.0693983063793,7297.71751878271,729.640189640758,1
1052389,48459467,1,144,22:04:03,-79.453016,43.656998,,,33.004875713193,37.4613836439743,7335.17890242669,733.726282322646,1
1052389,48459467,1,145,22:04:11,-79.4521455033199,43.6572270033028,,,33.004875713193,74.5988929624778,7409.77779538916,741.86314116128,1
1052389,48459467,1,146,22:04:19,-79.451275,43.657456,14476,9,33.004875713193,74.5988929632605,7484.37668835242,750,1
1052389,48459467,1,147,22:04:19,-79.451275,43.657456,14476,9,1e-12,0,7484.37668835242,750,1
1052389,48459467,1,148,22:04:29,-79.450152,43.657745,,,33.196029429666,95.9947185354241,7580.37140688785,760.41031089154,1
1052389,48459467,1,149,22:04:40,-79.44898000568,43.6580360059868,,,33.196029429666,99.7929965193217,7680.16440340717,771.23253251388,1
1052389,48459467,1,150,22:04:51,-79.447808,43.658327,,,33.196029429666,99.7929965171092,7779.95739992428,782.054754135979,1
1052389,48459467,1,151,22:04:58,-79.4470240023503,43.658507002679,,,33.196029429666,66.243419330797,7846.20081925508,789.238634668925,1
1052389,48459467,1,152,22:05:05,-79.44624,43.658687,,,33.196029429666,66.2434193285192,7912.4442385836,796.422515201624,1
1052389,48459467,1,153,22:05:12,-79.4454985022353,43.6588680023964,,,33.196029429666,63.0246489349451,7975.46888751854,803.257330692028,1
1052389,48459467,1,154,22:05:19,-79.444757,43.659049,,,33.196029429666,63.0246489334311,8038.49353645197,810.092146182269,1
1052389,48459467,1,155,22:05:24,-79.444172,43.65915,,,33.196029429666,48.4360956440116,8086.92963209598,815.34488114227,1
1052389,48459467,1,156,22:05:29,-79.443692,43.659191,,,33.196029429666,38.9253598235908,8125.85499191957,819.566208143495,1
1052389,48459467,1,157,22:05:33,-79.443172,43.659239,,,33.196029429666,42.2177390861907,8168.07273100577,824.144582826296,1
1052389,48459467,1,158,22:05:41,-79.4422755007839,43.659291503503,14477,10,33.196029429666,72.4357388001638,8240.50846980593,832,1
1052389,48459467,1,159,22:05:41,-79.4422755007839,43.659291503503,14477,10,1e-12,0,8240.50846980593,832,1
1052389,48459467,1,160,22:05:50,-79.441379,43.659344,,,29.8820259443897,72.4357387975333,8312.94420860346,840.726605758137,1
1052389,48459467,1,161,22:05:57,-79.440663,43.659387,,,29.8820259443897,57.8612966939223,8370.80550529738,847.69737368685,1
1052389,48459467,1,162,22:06:02,-79.440129,43.659404,,,29.8820259443897,43.047210308883,8413.85271560627,852.883432938669,1
1052389,48459467,1,163,22:06:05,-79.439853,43.65939,,,29.8820259443897,22.2821778688668,8436.13489347513,855.567850671161,1
1052389,48459467,1,164,22:06:08,-79.439503,43.659409,,,29.8820259443897,28.2664269163263,8464.40132039146,858.973213382784,1
1052389,48459467,1,165,22:06:15,-79.438801,43.659515,,,29.8820259443897,57.7536665246773,8522.15498691614,865.931014700398,1
1052389,48459467,1,166,22:06:24,-79.4379,43.659696,,,29.8820259443897,75.3071283084121,8597.46211522455,875.003547547227,1
1052389,48459467,1,167,22:06:36,-79.436733,43.659919,,,29.8820259443897,97.2066828875315,8694.66879811208,886.714402060451,1
1052389,48459467,1,168,22:06:46,-79.435735,43.660136,,,29.8820259443897,83.9245596126041,8778.59335772469,896.825109251711,1
1052389,48459467,1,169,22:06:47,-79.435658,43.660152,,,29.8820259443897,6.4518250428107,8785.0451827675,897.602384868744,1
1052389,48459467,1,170,22:06:53,-79.435031501367,43.6602830017108,,,29.8820259443897,52.5194991431408,8837.56468191064,903.929606365277,1
1052389,48459467,1,171,22:06:59,-79.434405,43.660414,,,29.8820259443897,52.5194991412955,8890.08418105193,910.256827861588,1
1052389,48459467,1,172,22:07:02,-79.434128,43.660455,14478,11,29.8820259443897,22.7698725027654,8912.8540535547,913,1
1052389,48459467,1,173,22:07:02,-79.434128,43.660455,14478,11,1e-12,0,8912.8540535547,913,1
1052389,48459467,1,174,22:07:10,-79.4333,43.66063,,,32.3183481258099,69.4689551989674,8982.32300875367,920.738274176104,1
1052389,48459467,1,175,22:07:14,-79.432818,43.660727,,,32.3183481258099,40.2908479652465,9022.61385671891,925.226345537618,1
1052389,48459467,1,176,22:07:21,-79.432055,43.660897,,,32.3183481258099,64.294761233591,9086.9086179525,932.388256769587,1
1052389,48459467,1,177,22:07:27,-79.431515,43.661029,,,32.3183481258099,45.9031136633416,9132.81173161584,937.501488688023,1
1052389,48459467,1,178,22:07:33,-79.4308295019239,43.6611975020481,,,32.3183481258099,58.3045906881718,9191.11632230402,943.996143849863,1
1052389,48459467,1,179,22:07:39,-79.430144,43.661366,,,32.3183481258099,58.3045906868767,9249.42091299089,950.490799011558,1
1052389,48459467,1,180,22:07:47,-79.42935,43.661602,,,32.3183481258099,69.129007579974,9318.54992057087,958.19120579965,1
1052389,48459467,1,181,22:07:53,-79.428768,43.661791,,,32.3183481258099,51.3751173699217,9369.92503794079,963.913974234836,1
1052389,48459467,1,182,22:08:00,-79.428073,43.661972,,,32.3183481258099,59.4856863410862,9429.41072428187,970.540193805039,1
1052389,48459467,1,183,22:08:06,-79.427401,43.662111,,,32.3183481258099,56.285677202181,9485.69640148406,976.809958495334,1
1052389,48459467,1,184,22:08:15,-79.426388,43.662321,,,32.3183481258099,84.8613486699585,9570.55775015401,986.26281957668,1
1052389,48459467,1,185,22:08:17,-79.426202,43.66236,14479,12,32.3183481258099,15.5952226883892,9586.1529728424,988,1
1052389,48459467,1,186,22:08:17,-79.426202,43.66236,14479,12,1e-12,0,9586.1529728424,988,1
1052389,48459467,1,187,22:08:28,-79.425188,43.662571,,,27.5786917355456,84.969145669564,9671.12211851197,999.091495105846,1
1052389,48459467,1,188,22:08:30,-79.424975,43.662622,,,27.5786917355456,18.0681248367625,9689.19024334873,1001.45002791937,1
1052389,48459467,1,189,22:08:43,-79.423811,43.662885,,,27.5786917355456,98.2029679600046,9787.39321130873,1014.26900744335,1
1052389,48459467,1,190,22:08:50,-79.4232065013443,43.6630185015927,,,27.5786917355456,50.8982443079873,9838.29145561672,1020.9130383229,1
1052389,48459467,1,191,22:08:57,-79.422602,43.663152,,,27.5786917355456,50.8982443091363,9889.18969992586,1027.55706920261,1
1052389,48459467,1,192,22:09:09,-79.421457,43.663398,,,27.5786917355456,96.1869938011723,9985.37669372703,1040.11289240861,1
1052389,48459467,1,193,22:09:21,-79.4203735041602,43.6636285051169,,,27.5786917355456,90.9479743070781,10076.3246680341,1051.98483726535,1
1052389,48459467,1,194,22:09:33,-79.41929,43.663859,,,27.5786917355456,90.9479743091305,10167.2726423432,1063.85678212236,1
1052389,48459467,1,195,22:09:39,-79.418757,43.663981,,,27.5786917355456,45.0191722814418,10212.2918146247,1069.73338503621,1
1052389,48459467,1,196,22:09:51,-79.417637,43.664218,14480,13,27.5786917355456,93.9714424236347,10306.2632570483,1082,1
1052389,48459467,1,197,22:09:51,-79.417637,43.664218,14480,13,1e-12,0,10306.2632570483,1082,1
1052389,48459467,1,198,22:10:02,-79.416533,43.664455,,,30.7000800696219,92.7351767896621,10398.998433838,1092.87445490975,1
1052389,48459467,1,199,22:10:08,-79.415883,43.664627,,,30.7000800696219,55.735183338191,10454.7336171762,1099.41015968845,1
1052389,48459467,1,200,22:10:16,-79.415116,43.664846,,,30.7000800696219,66.4019093431912,10521.1355265194,1107.19668249534,1
1052389,48459467,1,201,22:10:26,-79.414168,43.665156,,,30.7000800696219,83.777390650611,10604.91291717,1117.02071571148,1
1052389,48459467,1,202,22:10:32,-79.4135615013488,43.6652895016033,,,30.7000800696219,51.0505401031449,10655.9634572731,1123.00708265106,1
1052389,48459467,1,203,22:10:38,-79.412955,43.665423,,,30.7000800696219,51.0505400999036,10707.013997373,1128.99344959027,1
1052389,48459467,1,204,22:10:45,-79.4122205017925,43.6655695023514,,,30.7000800696219,61.3538734964266,10768.3678708694,1136.18802185478,1
1052389,48459467,1,205,22:10:52,-79.411486,43.665716,,,30.7000800696219,61.3538734952904,10829.7217443647,1143.38259411915,1
1052389,48459467,1,206,22:11:02,-79.410511,43.665929,14481,14,30.7000800696219,82.0153140566784,10911.7370584214,1153,1
1052389,48459467,1,207,22:11:02,-79.410511,43.665929,14481,14,1e-12,0,10911.7370584214,1153,1
1052389,48459467,1,208,22:11:09,-79.409854,43.666064,,,26.9165049421792,54.9985709247128,10966.7356293461,1160.3558902151,1
1052389,48459467,1,209,22:11:18,-79.40907,43.666237,,,26.9165049421792,66.0042035805963,11032.7398329267,1169.18375005057,1
1052389,48459467,1,210,22:11:25,-79.4084670011803,43.6663545015848,,,26.9165049421792,50.2877393600299,11083.0275722868,1175.90958098906,1
1052389,48459467,1,211,22:11:32,-79.407864,43.666472,,,26.9165049421792,50.2877393585645,11133.3153116453,1182.63541192735,1
1052389,48459467,1,212,22:11:41,-79.407062,43.666636,,,26.9165049421792,67.1120732507799,11200.4273848961,1191.61144593406,1
1052389,48459467,1,213,22:11:45,-79.406665,43.666724,,,26.9165049421792,33.4356883348749,11233.863073231,1196.08336672259,1
1052389,48459467,1,214,22:11:55,-79.405744,43.66692,,,26.9165049421792,77.3062803444347,11311.1693535754,1206.42284466885,1
1052389,48459467,1,215,22:12:05,-79.404909,43.667083,,,26.9165049421792,69.6433751619711,11380.8127287374,1215.73743254427,1
1052389,48459467,1,216,22:12:12,-79.404261,43.667218,14482,15,26.9165049421792,54.3008146708534,11435.1135434082,1223,1
1052389,48459467,1,217,22:12:12,-79.404261,43.667218,14482,15,1e-12,0,11435.1135434082,1223,1
1052389,48459467,1,218,22:12:24,-79.403097,43.667463,,,29.8149473782095,97.6174548479028,11532.7309982561,1234.78680052641,1
1052389,48459467,1,219,22:12:35,-79.401977,43.667716,,,29.8149473782095,94.4819542294918,11627.2129524856,1246.19500564284,1
1052389,48459467,1,220,22:12:44,-79.4011015026328,43.6678965033409,,,29.8149473782095,73.305788308541,11700.5187407942,1255.04629873966,1
1052389,48459467,1,221,22:12:53,-79.400226,43.668077,,,29.8149473782095,73.3057883088059,11773.824529103,1263.89759183651,1
1052389,48459467,1,222,22:13:00,-79.3995325017157,43.6682255020963,,,29.8149473782095,58.2381083019506,11832.0626374049,1270.9295408528,1
1052389,48459467,1,223,22:13:07,-79.398839,43.668374,,,29.8149473782095,58.2381082999669,11890.3007457049,1277.96148986886,1
1052389,48459467,1,224,22:13:17,-79.397845,43.668576,14483,16,29.8149473782095,83.1382364765682,11973.4389821815,1288,1
1052389,48459467,1,225,22:13:17,-79.397845,43.668576,14483,16,1e-12,0,11973.4389821815,1288,1
1052389,48459467,1,226,22:13:28,-79.3970550020862,43.6687345027202,,,21.4912457506797,66.0142389213956,12039.4532211029,1299.05804953673,1
1052389,48459467,1,227,22:13:39,-79.396265,43.668893,,,21.4912457506797,66.0142389219013,12105.4674600248,1310.11609907354,1
1052389,48459467,1,228,22:13:51,-79.3953980027879,43.6690860032763,,,21.4912457506797,73.0435778365015,12178.5110378613,1322.3516336378,1
1052389,48459467,1,229,22:14:04,-79.394531,43.669279,,,21.4912457506797,73.0435778368538,12251.5546156981,1334.58716820212,1
1052389,48459467,1,230,22:14:14,-79.3937600057999,43.6694295077728,,,21.4912457506797,64.3026738897012,12315.8572895878,1345.35851336696,1
1052389,48459467,1,231,22:14:25,-79.3929890077331,43.6695800103638,,,21.4912457506797,64.302673887998,12380.1599634758,1356.12985853151,1
1052389,48459467,1,232,22:14:36,-79.3922180057998,43.6697305077728,,,21.4912457506797,64.3026738899703,12444.4626373658,1366.90120369639,1
1052389,48459467,1,233,22:14:47,-79.391447,43.669881,,,21.4912457506797,64.3026738924156,12508.7653112582,1377.67254886168,1
1052389,48459467,1,234,22:14:53,-79.391004,43.669969,,,21.4912457506797,36.9913553370751,12545.7566665953,1383.86897324575,1
1052389,48459467,1,235,22:15:07,-79.389995,43.670173,14484,17,21.4912457506797,84.3592690791773,12630.1159356744,1398,1
1052389,48459467,1,236,22:15:07,-79.389995,43.670173,14484,17,1e-12,0,12630.1159356744,1398,1
1052389,48459467,1,237,22:15:20,-79.389168,43.670384,,,19.6444744958736,70.6113524087224,12700.7272880832,1410.94006967327,1
1052389,48459467,1,238,22:15:33,-79.388381,43.670716,,,19.6444744958736,73.3590152144961,12774.0863032977,1424.38366954293,1
1052389,48459467,1,239,22:15:44,-79.387713,43.670919,,,19.6444744958736,58.3412975951904,12832.4276008929,1435.07515795036,1
1052389,48459467,1,240,22:15:53,-79.3871,43.670992,,,19.6444744958736,50.0228209074776,12882.4504218003,1444.24222196649,1
1052389,48459467,1,241,22:16:07,-79.3861690005662,43.6710285037779,14485,18,19.6444744958736,75.0734221386743,12957.523843939,1458,1
1052389,48459467,1,242,22:16:07,-79.3861690005662,43.6710285037779,14485,18,1e-12,0,12957.523843939,1458,1
1052389,48459467,1,243,22:16:15,-79.385238,43.671065,,,32.6657245337122,75.0734221357464,13032.5972660748,1466.27363615982,1
1052389,48459467,1,244,22:16:19,-79.384866,43.671066,,,32.6657245337122,29.9533356135317,13062.5506016883,1469.5747112086,1
1052389,48459467,1,245,22:16:22,-79.384473,43.671051,,,32.6657245337122,31.6880600516808,13094.23866174,1473.06696548474,1
1052389,48459467,1,246,22:16:25,-79.384116,43.67104,,,32.6657245337122,28.7714204215338,13123.0100821615,1476.23778489855,1
1052389,48459467,1,247,22:16:28,-79.38376,43.671057,,,32.6657245337122,28.7272308172212,13151.7373129787,1479.40373429713,1
1052389,48459467,1,248,22:16:34,-79.383178,43.671115,,,32.6657245337122,47.3048271781603,13199.0421401569,1484.61706968988,1
1052389,48459467,1,249,22:16:40,-79.38252,43.671195,,,32.6657245337122,53.7247759938822,13252.7669161508,1490.53793005159,1
1052389,48459467,1,250,22:16:49,-79.3815,43.67141,,,32.6657245337122,85.5454890231808,13338.3124051739,1499.96566401064,1
1052389,48459467,1,251,22:16:57,-79.38061,43.671563,,,32.6657245337122,73.6577432359219,13411.9701484099,1508.08328207772,1
1052389,48459467,1,252,22:17:05,-79.3797990020405,43.6717140028668,,,32.6657245337122,67.4291073418298,13479.3992557517,1515.51445924877,1
1052389,48459467,1,253,22:17:12,-79.378988,43.671865,,,32.6657245337122,67.4291073410933,13546.8283630928,1522.94563641973,1
1052389,48459467,1,254,22:17:22,-79.377822,43.672028,,,32.6657245337122,95.6213519159192,13642.4497150087,1533.48380362132,1
1052389,48459467,1,255,22:17:31,-79.376908,43.672105,,,32.6657245337122,74.0907845270196,13716.5404995357,1541.64914598261,1
1052389,48459467,1,256,22:17:39,-79.3759685006183,43.6721445038472,14486,19,32.6657245337122,75.7740824870367,13792.3145820228,1550,1
1052389,48459467,1,257,22:17:39,-79.3759685006183,43.6721445038472,14486,19,1e-12,0,13792.3145820228,1550,1
1052389,48459467,1,258,22:17:48,-79.375029,43.672184,,,29.8375450624981,75.7740824852478,13868.088664508,1559.1423974853,1
1052389,48459467,1,259,22:17:58,-79.373995,43.672253,,,29.8375450624981,83.6087874685935,13951.6974519766,1569.23007843413,1
1052389,48459467,1,260,22:18:10,-79.372865,43.672497,,,29.8375450624981,94.9525244027264,14046.6499763793,1580.68641933396,1
1052389,48459467,1,261,22:18:21,-79.371759,43.672809,,,29.8375450624981,95.5851437822625,14142.2351201616,1592.21908788612,1
1052389,48459467,1,262,22:18:31,-79.3708850046312,43.6731270033295,,,29.8375450624981,78.7734462540385,14221.0085664156,1601.72336868136,1
1052389,48459467,1,263,22:18:40,-79.370011,43.673445,,,29.8375450624981,78.7734462566975,14299.7820126723,1611.22764947692,1
1052389,48459467,1,264,22:18:48,-79.3693000032048,43.6737155022034,,,29.8375450624981,64.6830794070671,14364.4650920794,1619.03188019958,1
1052389,48459467,1,265,22:18:56,-79.368589,43.673986,,,29.8375450624981,64.6830794118164,14429.1481714912,1626.83611092281,1
1052389,48459467,1,266,22:18:59,-79.368301,43.674096,14487,20,29.8375450624981,26.2229674759515,14455.3711389672,1630,1
1052389,48459467,1,267,22:18:59,-79.368301,43.674096,14487,20,1e-12,0,14455.3711389672,1630,1
1052389,48459467,1,268,22:19:06,-79.3676180029535,43.6743555020333,,,31.3627975352471,62.1172723152255,14517.4884112824,1637.13017325969,1
1052389,48459467,1,269,22:19:13,-79.366935,43.674615,,,31.3627975352471,62.1172723156088,14579.605683598,1644.26034651942,1
1052389,48459467,1,270,22:19:16,-79.366629,43.674691,,,31.3627975352471,26.0495182764319,14605.6552018744,1647.25045815375,1
1052389,48459467,1,271,22:19:23,-79.3658812626153,43.6748356420592,,,31.3627975352471,62.3194716665258,14667.974673541,1654.4038410032,1
1052389,48459467,1,272,22:19:31,-79.365133521626,43.6749802792445,,,31.3627975352471,62.3194716678313,14730.2941452088,1661.5572238528,1
1052389,48459467,1,273,22:19:38,-79.3643857770323,43.6751249115557,,,31.3627975352471,62.3194716681862,14792.613616877,1668.71060670244,1
1052389,48459467,1,274,22:19:45,-79.3636380288342,43.6752695389929,,,31.3627975352471,62.3194716672247,14854.9330885442,1675.86398955198,1
1052389,48459467,1,275,22:19:52,-79.3628902770318,43.675414161556,,,31.3627975352471,62.3194716657539,14917.25256021,1683.01737240134,1
1052389,48459467,1,276,22:19:59,-79.3621425216253,43.6755587792449,,,31.3627975352471,62.3194716686468,14979.5720318786,1690.17075525104,1
1052389,48459467,1,277,22:20:06,-79.3613947626147,43.6757033920596,,,31.3627975352471,62.3194716659004,15041.8915035445,1697.32413810042,1
1052389,48459467,1,278,22:20:13,-79.360647,43.675848,,,31.3627975352471,62.3194716667866,15104.2109752113,1704.4775209499,1
1052389,48459467,1,279,22:20:16,-79.360395,43.675921,,,31.3627975352471,21.8560919141338,15126.0670671254,1706.98628729329,1
1052389,48459467,1,280,22:20:18,-79.360183,43.676009,,,31.3627975352471,19.6800237751309,15145.7470909006,1709.24527217851,1
1052389,48459467,1,281,22:20:21,-79.359985,43.676114,,,31.3627975352471,19.767460509342,15165.5145514099,1711.51429354861,1
1052389,48459467,1,282,22:20:23,-79.359794,43.676234,,,31.3627975352471,20.3696716331365,15185.884223043,1713.85244013126,1
1052389,48459467,1,283,22:20:34,-79.358876,43.676775,,,31.3627975352471,95.3393083970181,15281.2235314401,1724.79602734932,1
1052389,48459467,1,284,22:20:40,-79.358318,43.677104,,,31.3627975352471,57.9621237761275,15339.1856552162,1731.44924906398,1
1052389,48459467,1,285,22:20:42,-79.358185,43.677178,14488,21,31.3627975352471,13.509968787226,15352.6956240034,1733,1
1052389,48459467,1,286,22:20:42,-79.358185,43.677178,14488,21,1e-12,0,15352.6956240034,1733,1
1052389,48459467,1,287,22:20:44,-79.358036,43.677226,,,27.556879913861,13.1323393201253,15365.8279633235,1734.71559413476,1
1052389,48459467,1,288,22:20:45,-79.357885,43.677252,,,27.556879913861,12.4969250797206,15378.3248884033,1736.34817846316,1
1052389,48459467,1,289,22:20:57,-79.35685,43.677436,,,27.556879913861,85.809106124853,15464.1339945281,1747.55818420456,1
1052389,48459467,1,290,22:21:04,-79.3561950013918,43.67756350187,,,27.556879913861,54.6109759885362,15518.7449705166,1754.69250108562,1
1052389,48459467,1,291,22:21:11,-79.35554,43.677691,,,27.556879913861,54.6109759913286,15573.355946508,1761.82681796704,1
1052389,48459467,1,292,22:21:22,-79.354537,43.677894,,,27.556879913861,83.8540103229149,15657.2099568309,1772.78141217749,1
1052389,48459467,1,293,22:21:31,-79.353738,43.678054,,,27.556879913861,66.7476669734349,15723.9576238043,1781.50125280733,1
1052389,48459467,1,294,22:21:36,-79.35327,43.678137,,,27.556879913861,38.7948725630641,15762.7524963674,1786.56937160973,1
1052389,48459467,1,295,22:21:44,-79.352498,43.678293,14489,22,27.556879913861,64.5338372636278,15827.286333631,1795,1
1052389,48459467,1,296,22:21:44,-79.352498,43.678293,14489,22,1e-12,0,15827.286333631,1795,1
1052389,48459467,1,297,22:21:50,-79.3518640013261,43.678418501752,,,29.4908280231687,52.9202671000015,15880.206600731,1801.46007502435,1
1052389,48459467,1,298,22:21:57,-79.35123,43.678544,,,29.4908280231687,52.9202671005931,15933.1268678316,1807.92015004878,1
1052389,48459467,1,299,22:22:07,-79.350212,43.67874,,,29.4908280231687,84.8126887284123,16017.93955656,1818.27339205278,1
1052389,48459467,1,300,22:22:08,-79.350104,43.678762,,,29.4908280231687,9.03327192388351,16026.9728284839,1819.37610028805,1
1052389,48459467,1,301,22:22:20,-79.348989,43.678979,,,29.4908280231687,92.9606197060435,16119.9334481899,1830.72397531817,1
1052389,48459467,1,302,22:22:20,-79.348964,43.678989,,,29.4908280231687,2.30004748810718,16122.2334956781,1831.00474637522,1
1052389,48459467,1,303,22:22:22,-79.34879,43.679022,,,29.4908280231687,14.4821425709284,16136.715638249,1832.77260834282,1
1052389,48459467,1,304,22:22:32,-79.347826,43.67921,,,29.4908280231687,80.3822457619158,16217.0978840109,1842.58501796779,1
1052389,48459467,1,305,22:22:43,-79.346746,43.679419,,,29.4908280231687,90.0076673261508,16307.105551337,1853.57242063141,1
1052389,48459467,1,306,22:22:44,-79.346598,43.67945,,,29.4908280231687,12.4048425636051,16319.5103939007,1855.08670273953,1
1052389,48459467,1,307,22:22:53,-79.3456755027983,43.6796320037093,,,29.4908280231687,76.9821907899712,16396.4925846906,1864.48406135646,1
1052389,48459467,1,308,22:23:03,-79.344753,43.679814,,,29.4908280231687,76.9821907895707,16473.4747754802,1873.88141997334,1
1052389,48459467,1,309,22:23:15,-79.343565,43.680053,14490,23,29.4908280231687,99.2741554031359,16572.7489308833,1886,1
1052389,48459467,1,310,22:23:15,-79.343565,43.680053,14490,23,1e-12,0,16572.7489308833,1886,1
1052389,48459467,1,311,22:23:23,-79.3429120014421,43.6801855018586,,,24.0407701440299,54.6010077506336,16627.349938634,1894.17626168898,1
1052389,48459467,1,312,22:23:31,-79.342259,43.680318,,,24.0407701440299,54.6010077502421,16681.9509463842,1902.35252337791,1
1052389,48459467,1,313,22:23:46,-79.34109,43.68054,,,24.0407701440299,97.3028153986248,16779.2537617828,1916.92319367409,1
1052389,48459467,1,314,22:23:52,-79.340594,43.680636,,,24.0407701440299,41.3364621905631,16820.5902239734,1923.11314778099,1
1052389,48459467,1,315,22:24:01,-79.339916,43.680761,,,24.0407701440299,56.3289838547885,16876.9192078282,1931.54816632084,1
1052389,48459467,1,316,22:24:11,-79.3391075020348,43.6809120028491,,,24.0407701440299,67.2245243782913,16944.1437322065,1941.6147443178,1
1052389,48459467,1,317,22:24:21,-79.338299,43.681063,,,24.0407701440299,67.2245243774499,17011.3682565839,1951.68132231464,1
1052389,48459467,1,318,22:24:27,-79.337797,43.681172,14491,24,24.0407701440299,42.1960771800064,17053.5643337639,1958,1
1052389,48459467,1,319,22:24:27,-79.337797,43.681172,14491,24,1e-12,0,17053.5643337639,1958,1
1052389,48459467,1,320,22:24:37,-79.3368225034272,43.6813830041392,,,30.0732830292463,81.8931620250365,17135.457495789,1967.80323242406,1
1052389,48459467,1,321,22:24:47,-79.335848,43.681594,,,30.0732830292463,81.8931620259219,17217.3506578149,1977.60646484822,1
1052389,48459467,1,322,22:24:52,-79.335342,43.681698,,,30.0732830292463,42.3487217760099,17259.6993795909,1982.67592794094,1
1052389,48459467,1,323,22:24:58,-79.3347222541605,43.6818322550224,,,30.0732830292463,52.0828428098594,17311.7822224008,1988.91063912738,1
1052389,48459467,1,324,22:25:04,-79.3341025055473,43.6819665066965,,,30.0732830292463,52.0828428089551,17363.8650652097,1995.14535031371,1
1052389,48459467,1,325,22:25:10,-79.3334827541604,43.6821007550224,,,30.0732830292463,52.0828428103095,17415.94790802,2001.38006150021,1
1052389,48459467,1,326,22:25:17,-79.332863,43.682235,,,30.0732830292463,52.0828428100619,17468.0307508301,2007.61477268668,1
1052389,48459467,1,327,22:25:27,-79.33183,43.682457,14492,25,30.0732830292463,86.7549667546169,17554.7857175847,2018,1
1052389,48459467,1,328,22:25:27,-79.33183,43.682457,14492,25,1e-12,0,17554.7857175847,2018,1
1052389,48459467,1,329,22:25:31,-79.3311285018417,43.6826145021449,,,51.1455450587416,59.1323596366794,17613.9180772214,2022.16217080975,1
1052389,48459467,1,330,22:25:35,-79.330427,43.682772,,,51.1455450587416,59.1323596364226,17673.0504368578,2026.32434161947,1
1052389,48459467,1,331,22:25:39,-79.329813,43.682896,,,51.1455450587416,51.3202971590901,17724.3707340169,2029.93664195884,1
1052389,48459467,1,332,22:25:45,-79.328751,43.683107,,,51.1455450587416,88.6622145129216,17813.0329485298,2036.17734135661,1
1052389,48459467,1,333,22:25:52,-79.327653,43.683337,,,51.1455450587416,92.0255796687453,17905.0585281986,2042.65477915548,1
1052389,48459467,1,334,22:25:57,-79.326687,43.683563,,,51.1455450587416,81.7337262989274,17986.7922544975,2048.4078005445,1
1052389,48459467,1,335,22:26:01,-79.326098,43.683688,,,51.1455450587416,49.4154767128557,18036.2077312103,2051.88602559738,1
1052389,48459467,1,336,22:26:06,-79.32525,43.683866,,,51.1455450587416,71.0833788929241,18107.2911101033,2056.88939712701,1
1052389,48459467,1,337,22:26:13,-79.32412,43.684115,,,51.1455450587416,95.096392163653,18202.3875022669,2063.58298131691,1
1052389,48459467,1,338,22:26:14,-79.32382,43.684176,,,51.1455450587416,25.0869809660715,18227.474483233,2065.34878773024,1
1052389,48459467,1,339,22:26:21,-79.3227455039226,43.6843950050324,,,51.1455450587416,89.8684926650043,18317.342975898,2071.6743938651,1
1052389,48459467,1,340,22:26:27,-79.321671,43.684614,14493,26,51.1455450587416,89.8684926657302,18407.2114685637,2078,1
1052389,48459467,1,341,22:26:27,-79.321671,43.684614,14493,26,1e-12,0,18407.2114685637,2078,1
1052389,48459467,1,342,22:26:31,-79.321374,43.684696,,,22.157024694391,25.5920607642608,18432.803529328,2082.15811328561,1
1052389,48459467,1,343,22:26:41,-79.320685,43.684834,,,22.157024694391,57.5531433731501,18490.3566727011,2091.50915743531,1
1052389,48459467,1,344,22:26:54,-79.319722,43.685035,,,22.157024694391,80.6865297896482,18571.0432024908,2104.61883760443,1
1052389,48459467,1,345,22:27:08,-79.318703,43.685272,,,22.157024694391,86.1680351717026,18657.2112376625,2118.61913461618,1
1052389,48459467,1,346,22:27:15,-79.318151,43.685378,,,22.157024694391,45.976041802074,18703.1872794646,2126.08916963985,1
1052389,48459467,1,347,22:27:22,-79.317659,43.685487,,,22.157024694391,41.4229464273502,18744.6102258919,2132.81943280448,1
1052389,48459467,1,348,22:27:35,-79.316708,43.685693,,,22.157024694391,79.9159893417987,18824.5262152337,2145.80391811326,1
1052389,48459467,1,349,22:27:48,-79.315754,43.685901,,,22.157024694391,80.2110938623239,18904.737309096,2158.8363510273,1
1052389,48459467,1,350,22:27:58,-79.3150155023268,43.6860900023772,,,22.157024694391,63.0617277866742,18967.7990368827,2169.08241173099,1
1052389,48459467,1,351,22:28:08,-79.314277,43.686279,,,22.157024694391,63.0617277881587,19030.8607646709,2179.32847243493,1
1052389,48459467,1,352,22:28:23,-79.313205,43.686496,,,22.157024694391,89.6117719360747,19120.4725366069,2193.88829639232,1
1052389,48459467,1,353,22:28:33,-79.312442,43.68665,,,22.157024694391,63.7678279952023,19184.2403646021,2204.24908191967,1
1052389,48459467,1,354,22:28:37,-79.312163,43.686698,14494,27,22.157024694391,23.0858845923666,19207.3262491945,2208,1
1052389,48459467,1,355,22:28:37,-79.312163,43.686698,14494,27,1e-12,0,19207.3262491945,2208,1
1052389,48459467,1,356,22:28:43,-79.31142,43.686862,,,38.6722604323833,62.5343161370995,19269.8605653316,2213.82131831904,1
1052389,48459467,1,357,22:28:45,-79.31115,43.686913,,,38.6722604323833,22.4636960005536,19292.3242613322,2215.91246335938,1
1052389,48459467,1,358,22:28:53,-79.3101095036081,43.6871210047189,,,38.6722604323833,86.8993291158761,19379.223590448,2224.00192028068,1
1052389,48459467,1,359,22:29:01,-79.309069,43.687329,,,38.6722604323833,86.8993291181024,19466.1229195661,2232.09137720219,1
1052389,48459467,1,360,22:29:06,-79.3084695013693,43.6874660015665,,,38.6722604323833,50.6105222879454,19516.7334418541,2236.80270977493,1
1052389,48459467,1,361,22:29:11,-79.30787,43.687603,,,38.6722604323833,50.6105222895308,19567.3439641436,2241.51404234782,1
1052389,48459467,1,362,22:29:19,-79.3067995043725,43.687848004995,,,38.6722604323833,90.3846567001412,19657.7286208438,2249.92794834872,1
1052389,48459467,1,363,22:29:27,-79.305729,43.688093,,,38.6722604323833,90.3846566990942,19748.1132775429,2258.34185434953,1
1052389,48459467,1,364,22:29:36,-79.3046180046584,43.6883445053801,,,38.6722604323833,93.7109019970062,19841.8241795399,2267.06540046287,1
1052389,48459467,1,365,22:29:45,-79.303507,43.688596,,,38.6722604323833,93.7109019962093,19935.5350815361,2275.78894657615,1
1052389,48459467,1,366,22:29:52,-79.302617,43.688809,,,38.6722604323833,75.4628772097599,20010.9979587458,2282.81378440351,1
1052389,48459467,1,367,22:29:55,-79.302205,43.688921,,,38.6722604323833,35.4302154917821,20046.4281742376,2286.11198250066,1
1052389,48459467,1,368,22:30:01,-79.3015245020876,43.6891050020184,,,38.6722604323833,58.4811455999335,20104.9093198375,2291.55599125023,1
1052389,48459467,1,369,22:30:06,-79.300844,43.689289,14495,28,38.6722604323833,58.4811456019966,20163.3904654395,2297,1
1052389,48459467,1,370,22:30:06,-79.300844,43.689289,14495,28,1e-12,0,20163.3904654395,2297,1
1052389,48459467,1,371,22:30:11,-79.3001935023101,43.6895020018444,,,39.9729097454883,57.4800274751416,20220.8704929147,2302.17670843149,1
1052389,48459467,1,372,22:30:16,-79.299543,43.689715,,,39.9729097454883,57.4800274774828,20278.3505203922,2307.35341686318,1
1052389,48459467,1,373,22:30:21,-79.2990087694622,43.6900271337085,,,39.9729097454883,55.2858293378608,20333.63634973,2312.33251362856,1
1052389,48459467,1,374,22:30:26,-79.2984745333639,43.6903392649289,,,39.9729097454883,55.2858293394925,20388.9221790695,2317.31161039408,1
1052389,48459467,1,375,22:30:31,-79.297940291705,43.6906513936613,,,39.9729097454883,55.2858293353645,20444.2080084049,2322.29070715922,1
1052389,48459467,1,376,22:30:36,-79.2974060444856,43.6909635199055,,,39.9729097454883,55.2858293384536,20499.4938377433,2327.26980392465,1
1052389,48459467,1,377,22:30:41,-79.2968717917054,43.6912756436615,,,39.9729097454883,55.2858293378214,20554.7796670812,2332.24890069002,1
1052389,48459467,1,378,22:30:46,-79.2963375333645,43.6915877649293,,,39.9729097454883,55.2858293376601,20610.0654964188,2337.22799745537,1
1052389,48459467,1,379,22:30:51,-79.2958032694627,43.6918998837089,,,39.9729097454883,55.285829340266,20665.3513257591,2342.20709422096,1
1052389,48459467,1,380,22:30:56,-79.295269,43.692212,,,39.9729097454883,55.2858293357778,20720.6371550949,2347.18619098615,1
1052389,48459467,1,381,22:31:02,-79.294561510883,43.6925195065454,,,39.9729097454883,66.4429420456347,20787.0800971405,2353.17010841641,1
1052389,48459467,1,382,22:31:08,-79.2938540145106,43.6928270087273,,,39.9729097454883,66.4429420442812,20853.5230391848,2359.15402584655,1
1052389,48459467,1,383,22:31:14,-79.293146510883,43.6931345065455,,,39.9729097454883,66.4429420463134,20919.9659812311,2365.13794327687,1
1052389,48459467,1,384,22:31:20,-79.292439,43.693442,,,39.9729097454883,66.4429420437056,20986.4089232748,2371.12186070696,1
1052389,48459467,1,385,22:31:25,-79.2917990081002,43.6936950053561,,,39.9729097454883,58.7090340421068,21045.1179573169,2376.40925469197,1
1052389,48459467,1,386,22:31:31,-79.2911590108002,43.6939480071414,,,39.9729097454883,58.7090340421656,21103.8269913591,2381.69664867698,1
1052389,48459467,1,387,22:31:36,-79.2905190081002,43.6942010053561,,,39.9729097454883,58.7090340423946,21162.5360254015,2386.98404266202,1
1052389,48459467,1,388,22:31:41,-79.289879,43.694454,,,39.9729097454883,58.7090340408542,21221.2450594423,2392.27143664691,1
1052389,48459467,1,389,22:31:42,-79.289807,43.694479,,,39.9729097454883,6.42871842904289,21227.6737778714,2392.85041342123,1
1052389,48459467,1,390,22:31:42,-79.289736,43.694505,,,39.9729097454883,6.40577804152658,21234.0795559129,2393.42732416144,1
1052389,48459467,1,391,22:31:43,-79.289663,43.69453,,,39.9729097454883,6.50136235630167,21240.5809182692,2394.01284332008,1
1052389,48459467,1,392,22:31:50,-79.2888075046008,43.6948525031901,,,39.9729097454883,77.653798828626,21318.2347170978,2401.00642166009,1
1052389,48459467,1,393,22:31:57,-79.287952,43.695175,14496,29,39.9729097454883,77.6537988276165,21395.8885159254,2408,1
1052389,48459467,1,394,22:31:57,-79.287952,43.695175,14496,29,1e-12,0,21395.8885159254,2408,1
1052389,48459467,1,395,22:32:00,-79.287557,43.695327,,,38.6820708043244,36.0146164630997,21431.9031323885,2411.35174970138,1
1052389,48459467,1,396,22:32:05,-79.2869950020337,43.6955440013767,,,38.6820708043244,51.2794357572322,21483.1825681458,2416.12414075717,1
1052389,48459467,1,397,22:32:10,-79.286433,43.695761,,,38.6820708043244,51.2794357569653,21534.4620039027,2420.89653181294,1
1052389,48459467,1,398,22:32:15,-79.2858565021055,43.6959800014486,,,38.6820708043244,52.4146572278849,21586.8766611306,2425.77457381268,1
1052389,48459467,1,399,22:32:20,-79.28528,43.696199,,,38.6820708043244,52.4146572289249,21639.2913183595,2430.65261581251,1
1052389,48459467,1,400,22:32:23,-79.284835,43.696367,,,38.6820708043244,40.4046564950085,21679.6959748545,2434.4129306136,1
1052389,48459467,1,401,22:32:24,-79.284766,43.696392,,,38.6820708043244,6.21177434192519,21685.9077491965,2434.99103791669,1
1052389,48459467,1,402,22:32:25,-79.284693,43.696418,,,38.6820708043244,6.54962080969257,21692.4573700062,2435.60058736492,1
1052389,48459467,1,403,22:32:25,-79.284623,43.696445,,,38.6820708043244,6.38555243283539,21698.842922439,2436.19486756451,1
1052389,48459467,1,404,22:32:26,-79.284554,43.696476,,,38.6820708043244,6.53833150839412,21705.3812539474,2436.80336635841,1
1052389,48459467,1,405,22:32:26,-79.284483,43.696501,,,38.6820708043244,6.35608561855647,21711.737339566,2437.3949041885,1
1052389,48459467,1,406,22:32:27,-79.284414,43.696532,,,38.6820708043244,6.53832710089178,21718.2756666668,2438.00340257222,1
1052389,48459467,1,407,22:32:28,-79.284345,43.696563,,,38.6820708043244,6.53832466382695,21724.8139913307,2438.61190072912,1
1052389,48459467,1,408,22:32:28,-79.284293,43.696584,,,38.6820708043244,4.79384213655864,21729.6078334672,2439.0580462258,1
1052389,48459467,1,409,22:32:28,-79.284277,43.696592,,,38.6820708043244,1.56569861372969,21731.173532081,2439.20376011578,1
1052389,48459467,1,410,22:32:29,-79.284209,43.696623,,,38.6820708043244,6.47009789095204,21737.6436299719,2439.80590865445,1
1052389,48459467,1,411,22:32:29,-79.284141,43.696654,,,38.6820708043244,6.47009549823178,21744.1137254701,2440.40805697044,1
1052389,48459467,1,412,22:32:30,-79.284074,43.696684,,,38.6820708043244,6.34284541851431,21750.4565708887,2440.99836258314,1
1052389,48459467,1,413,22:32:31,-79.284008,43.696715,,,38.6820708043244,6.3345106443991,21756.7910815331,2441.58789250865,1
1052389,48459467,1,414,22:32:31,-79.283941,43.69675,,,38.6820708043244,6.65274649005956,21763.4438280231,2442.20703948982,1
1052389,48459467,1,415,22:32:32,-79.283888,43.696775,,,38.6820708043244,5.09324185930965,21768.5370698824,2442.68104903255,1
1052389,48459467,1,416,22:32:32,-79.283833,43.696802,,,38.6820708043244,5.35061379258411,21773.887683675,2443.17901124741,1
1052389,48459467,1,417,22:32:33,-79.283779,43.696828,,,38.6820708043244,5.2217043105873,21779.1093879856,2443.66497632444,1
1052389,48459467,1,418,22:32:33,-79.283724,43.696854,,,38.6820708043244,5.2888804217544,21784.3982684074,2444.15719323844,1
1052389,48459467,1,419,22:32:34,-79.283671,43.696881,,,38.6820708043244,5.21821999733559,21789.6164884047,2444.64283404307,1
1052389,48459467,1,420,22:32:34,-79.283618,43.696912,,,38.6820708043244,5.48677984498955,21795.1032682497,2445.15346873846,1
1052389,48459467,1,421,22:32:35,-79.283566,43.696938,,,38.6820708043244,5.08850114579785,21800.1917693955,2445.62703708017,1
1052389,48459467,1,422,22:32:35,-79.283515,43.696968,,,38.6820708043244,5.29163817391619,21805.4834075694,2446.11951064816,1
1052389,48459467,1,423,22:32:36,-79.283465,43.696999,,,38.6820708043244,5.30123380418169,21810.7846413736,2446.61287724664,1
1052389,48459467,1,424,22:32:36,-79.283414,43.697029,,,38.6820708043244,5.29163493385098,21816.0762763074,2447.10535051309,1
1052389,48459467,1,425,22:32:37,-79.283364,43.697061,,,38.6820708043244,5.3743599106655,21821.4506362181,2447.60552269302,1
1052389,48459467,1,426,22:32:37,-79.283314,43.697091,,,38.6820708043244,5.22944701926992,21826.6800832374,2448.09220835586,1
1052389,48459467,1,427,22:32:38,-79.283264,43.697123,,,38.6820708043244,5.37435679704062,21832.0544400344,2448.59238024601,1
1052389,48459467,1,428,22:32:38,-79.283245,43.697136,,,38.6820708043244,2.10539882403297,21834.1598388584,2448.78832207666,1
1052389,48459467,1,429,22:32:38,-79.283217,43.697153,,,38.6820708043244,2.94275621365627,21837.1025950721,2449.06219372181,1
1052389,48459467,1,430,22:32:39,-79.283168,43.697184,,,38.6820708043244,5.24039006058298,21842.3429851327,2449.54989781381,1
1052389,48459467,1,431,22:32:39,-79.28312,43.69722,,,38.6820708043244,5.56638703098362,21847.9093721637,2450.06794126119,1
1052389,48459467,1,432,22:32:40,-79.283073,43.69725,,,38.6820708043244,5.04599096913587,21852.9553631328,2450.53755333498,1
1052389,48459467,1,433,22:32:40,-79.283028,43.697285,,,38.6820708043244,5.31954195984704,21858.2749050926,2451.0326238071,1
1052389,48459467,1,434,22:32:41,-79.28298,43.697321,,,38.6820708043244,5.5663825115442,21863.8412876042,2451.55066683388,1
1052389,48459467,1,435,22:32:41,-79.282934,43.697352,,,38.6820708043244,5.06117257721015,21868.9024601814,2452.02169180485,1
1052389,48459467,1,436,22:32:42,-79.282889,43.697386,,,38.6820708043244,5.23855249605846,21874.1410126775,2452.50922488138,1
1052389,48459467,1,437,22:32:42,-79.282844,43.697423,,,38.6820708043244,5.48469861714616,21879.6257112946,2453.01966588444,1
1052389,48459467,1,438,22:32:43,-79.282799,43.697457,,,38.6820708043244,5.23854952858095,21884.8642608232,2453.5071986848,1
1052389,48459467,1,439,22:32:43,-79.282755,43.697492,,,38.6820708043244,5.26506667142888,21890.1293274946,2453.99719933944,1
1052389,48459467,1,440,22:32:43,-79.282712,43.697528,,,38.6820708043244,5.29501587392508,21895.4243433685,2454.48998725772,1
1052389,48459467,1,441,22:32:44,-79.282668,43.697568,,,38.6820708043244,5.68928002133707,21901.1136233899,2455.01946790989,1
1052389,48459467,1,442,22:32:45,-79.282627,43.697604,,,38.6820708043244,5.1912354013543,21906.3048587912,2455.50259735607,1
1052389,48459467,1,443,22:32:45,-79.282586,43.697638,,,38.6820708043244,5.02135720484758,21911.3262159961,2455.96991685478,1
1052389,48459467,1,444,22:32:45,-79.282544,43.697679,,,38.6820708043244,5.67956598726389,21917.0057819833,2456.49849345704,1
1052389,48459467,1,445,22:32:46,-79.282504,43.697714,,,38.6820708043244,5.05414351190637,21922.0599254952,2456.96886425841,1
1052389,48459467,1,446,22:32:46,-79.282463,43.697754,,,38.6820708043244,5.54220606397205,21927.6021315592,2457.48465727092,1
1052389,48459467,1,447,22:32:47,-79.282425,43.697793,,,38.6820708043244,5.3105442675388,21932.9126758268,2457.97889036046,1
1052389,48459467,1,448,22:32:47,-79.282386,43.697829,,,38.6820708043244,5.09042573110089,21938.0031015579,2458.45263781634,1
1052389,48459467,1,449,22:32:48,-79.282348,43.697869,,,38.6820708043244,5.40192809582776,21943.4050296537,2458.95537566725,1
1052389,48459467,1,450,22:32:49,-79.282306,43.697914,,,38.6820708043244,6.0431977441823,21949.4482273979,2459.51779415796,1
1052389,48459467,1,451,22:32:49,-79.282266,43.697953,,,38.6820708043244,5.40484276229684,21954.8530701602,2460.0208032663,1
1052389,48459467,1,452,22:32:50,-79.282226,43.697993,,,38.6820708043244,5.49465940392065,21960.3477295641,2460.53217128365,1
1052389,48459467,1,453,22:32:50,-79.282184,43.698038,,,38.6820708043244,6.04319383402096,21966.3909233981,2461.09458941045,1
1052389,48459467,1,454,22:32:51,-79.282146,43.698078,,,38.6820708043244,5.40192206218365,21971.7928454603,2461.59732669983,1
1052389,48459467,1,455,22:32:51,-79.282107,43.698123,,,38.6820708043244,5.91152502539797,21977.7043704857,2462.14749088828,1
1052389,48459467,1,456,22:32:52,-79.282069,43.698166,,,38.6820708043244,5.68034771757269,21983.3847182033,2462.67614024334,1
1052389,48459467,1,457,22:32:52,-79.28203,43.698211,,,38.6820708043244,5.91152257941374,21989.2962407827,2463.22630420415,1
1052389,48459467,1,458,22:32:53,-79.281994,43.698252,,,38.6820708043244,5.40608889507144,21994.7023296777,2463.72942928555,1
1052389,48459467,1,459,22:32:53,-79.281957,43.698296,,,38.6820708043244,5.73224275790481,22000.4345724356,2464.26290832376,1
1052389,48459467,1,460,22:32:54,-79.281923,43.69834,,,38.6820708043244,5.61060582081827,22006.0451782565,2464.7850670535,1
1052389,48459467,1,461,22:32:54,-79.281888,43.698384,,,38.6820708043244,5.65029467501553,22011.6954729315,2465.31091948092,1
1052389,48459467,1,462,22:32:55,-79.281853,43.69843,,,38.6820708043244,5.84434626090557,22017.5398191924,2465.85483158546,1
1052389,48459467,1,463,22:32:55,-79.281819,43.698473,,,38.6820708043244,5.51368822148184,22023.0535074139,2466.36797054583,1
1052389,48459467,1,464,22:32:56,-79.281787,43.698523,,,38.6820708043244,6.13293886325982,22029.1864462771,2466.93874091692,1
1052389,48459467,1,465,22:32:56,-79.281755,43.698568,,,38.6820708043244,5.63264723044312,22034.8190935076,2467.4629509607,1
1052389,48459467,1,466,22:32:57,-79.281724,43.698611,,,38.6820708043244,5.3979285367887,22040.2170220444,2467.96531658716,1
1052389,48459467,1,467,22:32:58,-79.281693,43.69866,,,38.6820708043244,5.99816829764511,22046.215190342,2468.52354435063,1
1052389,48459467,1,468,22:32:58,-79.281664,43.698705,,,38.6820708043244,5.52642072256643,22051.7416110646,2469.03786827868,1
1052389,48459467,1,469,22:32:59,-79.281605,43.698799,,,38.6820708043244,11.4910242068702,22063.2326352714,2470.10729621479,1
1052389,48459467,1,470,22:33:00,-79.281551,43.698892,,,38.6820708043244,11.227936764171,22074.4605720356,2471.15223955703,1
1052389,48459467,1,471,22:33:01,-79.281499,43.698986,,,38.6820708043244,11.2698990241534,22085.7304710598,2472.20108817458,1
1052389,48459467,1,472,22:33:02,-79.281451,43.699084,,,38.6820708043244,11.5731036969151,22097.3035747567,2473.27815495106,1
1052389,48459467,1,473,22:33:03,-79.281404,43.699184,,,38.6820708043244,11.7570652207831,22109.0606399775,2474.3723423592,1
1052389,48459467,1,474,22:33:04,-79.281356,43.699281,,,38.6820708043244,11.4682250207152,22120.5288649982,2475.43964845776,1
1052389,48459467,1,475,22:33:06,-79.281311,43.699385,,,38.6820708043244,12.1304811657764,22132.659346164,2476.56858833323,1
1052389,48459467,1,476,22:33:07,-79.28127,43.699487,,,38.6820708043244,11.8243331032096,22144.4836792672,2477.66903611916,1
1052389,48459467,1,477,22:33:08,-79.281231,43.699594,,,38.6820708043244,12.3177975435355,22156.8014768107,2478.81540885036,1
1052389,48459467,1,478,22:33:09,-79.281197,43.699697,,,38.6820708043244,11.7879020113135,22168.589378822,2479.91246612673,1
1052389,48459467,1,479,22:33:10,-79.281165,43.699801,,,38.6820708043244,11.8602181947137,22180.4495970167,2481.01625360794,1
1052389,48459467,1,480,22:33:11,-79.281136,43.699908,,,38.6820708043244,12.1376931271911,22192.5872901439,2482.14586467449,1
1052389,48459467,1,481,22:33:12,-79.281111,43.700017,,,38.6820708043244,12.2995072865024,22204.8867974304,2483.29053519783,1
1052389,48459467,1,482,22:33:13,-79.281094,43.700097,,,38.6820708043244,9.01004214703919,22213.8968395775,2484.12906713407,1
1052389,48459467,1,483,22:33:14,-79.281071,43.700228,,,38.6820708043244,14.6998628892835,22228.5967024667,2485.49713004542,1
1052389,48459467,1,484,22:33:16,-79.281057,43.700335,,,38.6820708043244,11.9643569307931,22240.5610593975,2486.610609341,1
1052389,48459467,1,485,22:33:18,-79.281017,43.70056,,,38.6820708043244,25.2529136743377,22265.8139730719,2488.96080640484,1
1052389,48459467,1,486,22:33:20,-79.28099,43.700734,,,38.6820708043244,19.4910944558094,22285.3050675277,2490.77477185658,1
1052389,48459467,1,487,22:33:21,-79.280977,43.70082,,,38.6820708043244,9.63047482910294,22294.9355423568,2491.67104521175,1
1052389,48459467,1,488,22:33:22,-79.280965,43.700909,,,38.6820708043244,9.95439275284216,22304.8899351096,2492.59746443299,1
1052389,48459467,1,489,22:33:22,-79.280955,43.700995,,,38.6820708043244,9.60724385420002,22314.4971789638,2493.4915757656,1
1052389,48459467,1,490,22:33:23,-79.280945,43.70108,,,38.6820708043244,9.49632010930241,22323.9934990731,2494.37536382768,1
1052389,48459467,1,491,22:33:24,-79.280937,43.701171,,,38.6820708043244,10.1505128003477,22334.1440118735,2495.32003523026,1
1052389,48459467,1,492,22:33:28,-79.280869,43.70157,,,38.6820708043244,44.7523416141769,22378.8963534877,2499.48497331297,1
1052389,48459467,1,493,22:33:37,-79.280728,43.702418,,,38.6820708043244,95.0784937838413,22473.9748472715,2508.33358380627,1
1052389,48459467,1,494,22:33:40,-79.280677,43.702719,,,38.6820708043244,33.7576017167116,22507.7324489882,2511.47528133314,1
1052389,48459467,1,495,22:33:46,-79.280593,43.703231,,,38.6820708043244,57.3950679563658,22565.1275169446,2516.81683209158,1
1052389,48459467,1,496,22:33:55,-79.280448,43.704103,,,38.6820708043244,97.7694462992016,22662.8969632438,2525.91587977333,1
1052389,48459467,1,497,22:34:03,-79.280326,43.704848,,,38.6820708043244,83.5121334544681,22746.4090966982,2533.6880510709,1
1052389,48459467,1,498,22:34:11,-79.2801815020092,43.705681500091,,,38.6820708043244,93.5106185816023,22839.9197152798,2542.39074510703,1
1052389,48459467,1,499,22:34:20,-79.280037,43.706515,,,38.6820708043244,93.5106185774856,22933.4303338573,2551.09343914277,1
1052389,48459467,1,500,22:34:27,-79.2799345011201,43.7071700000458,,,38.6820708043244,73.3793147934533,23006.8096486508,2557.92258576712,1
1052389,48459467,1,501,22:34:34,-79.279832,43.707825,,,38.6820708043244,73.3793147919189,23080.1889634427,2564.75173239134,1
1052389,48459467,1,502,22:34:39,-79.279731,43.708374,,,38.6820708043244,61.652451874017,23141.8414153167,2570.48950242617,1
1052389,48459467,1,503,22:34:46,-79.2796180011246,43.7089705000557,,,38.6820708043244,67.0217641285191,23208.8631794452,2576.72697487389,1
1052389,48459467,1,504,22:34:52,-79.279505,43.709567,,,38.6820708043244,67.0217641240969,23275.8849435693,2582.9644473212,1
1052389,48459467,1,505,22:34:58,-79.2794015009221,43.7101010000467,,,38.6820708043244,60.0251796619167,23335.9101232313,2588.55077303463,1
1052389,48459467,1,506,22:35:03,-79.279298,43.710635,,,38.6820708043244,60.025179657604,23395.9353028889,2594.13709874766,1
1052389,48459467,1,507,22:35:11,-79.279162,43.711393,,,38.6820708043244,85.0868373780128,23481.0221402669,2602.05582202673,1
1052389,48459467,1,508,22:35:17,-79.2790600009684,43.7119620000453,14497,30,38.6820708043244,63.8703092321425,23544.892449499,2608,1
1052389,48459467,1,509,22:35:17,-79.2790600009684,43.7119620000453,14497,30,1e-12,0,23544.892449499,2608,1
1052389,48459467,1,510,22:35:23,-79.278958,43.712531,,,41.0383871653155,63.8703092354332,23608.7627587344,2613.60287889291,1
1052389,48459467,1,511,22:35:31,-79.2787800025381,43.7133855001381,,,41.0383871653155,96.1946943914261,23704.9574531259,2622.04134160379,1
1052389,48459467,1,512,22:35:39,-79.278602,43.71424,,,41.0383871653155,96.1946943896318,23801.1521475155,2630.47980431451,1
1052389,48459467,1,513,22:35:40,-79.278587,43.714295,,,41.0383871653155,6.24039567194429,23807.3925431874,2631.02722895692,1
1052389,48459467,1,514,22:35:41,-79.278564,43.71438,,,41.0383871653155,9.6414287581797,23817.0339719456,2631.87300155977,1
1052389,48459467,1,515,22:35:42,-79.278541,43.714465,,,41.0383871653155,9.64142825176462,23826.6754001974,2632.71877411819,1
1052389,48459467,1,516,22:35:43,-79.278517,43.714549,,,41.0383871653155,9.54814913406877,23836.2235493315,2633.55636397629,1
1052389,48459467,1,517,22:35:43,-79.278492,43.714636,,,41.0383871653155,9.89148495860865,23846.1150342901,2634.42407219561,1
1052389,48459467,1,518,22:35:44,-79.278465,43.714721,,,41.0383871653155,9.70834136709062,23855.8233756572,2635.27571455623,1
1052389,48459467,1,519,22:35:45,-79.278438,43.71481,,,41.0383871653155,10.1428166974843,23865.9661923546,2636.16547028576,1
1052389,48459467,1,520,22:35:46,-79.278409,43.714895,,,41.0383871653155,9.74561125327405,23875.7118036079,2637.02038206313,1
1052389,48459467,1,521,22:35:47,-79.278381,43.71498,,,41.0383871653155,9.72665992827083,23885.4384635362,2637.87363137823,1
1052389,48459467,1,522,22:35:48,-79.278351,43.715066,,,41.0383871653155,9.87308974686847,23895.3115532831,2638.73972591907,1
1052389,48459467,1,523,22:35:49,-79.27832,43.71515,,,41.0383871653155,9.67778371926995,23904.9893370023,2639.58868767892,1
1052389,48459467,1,524,22:35:49,-79.278289,43.715236,,,41.0383871653155,9.89306676309261,23914.8824037654,2640.45653465848,1
1052389,48459467,1,525,22:35:50,-79.278257,43.71532,,,41.0383871653155,9.69883038199976,23924.5812341474,2641.30734268937,1
1052389,48459467,1,526,22:35:51,-79.278225,43.715401,,,41.0383871653155,9.37727242625588,23933.9585065737,2642.1299427735,1
1052389,48459467,1,527,22:35:52,-79.278191,43.715486,,,41.0383871653155,9.84967318126892,23943.8081797549,2642.99398314891,1
1052389,48459467,1,528,22:35:53,-79.278157,43.715571,,,41.0383871653155,9.84967210343204,23953.6578518584,2643.85802342977,1
1052389,48459467,1,529,22:35:54,-79.278121,43.715656,,,41.0383871653155,9.89557167429228,23963.5534235327,2644.72609014701,1
1052389,48459467,1,530,22:35:55,-79.278085,43.715741,,,41.0383871653155,9.89557047503607,23973.4489940077,2645.59415675905,1
1052389,48459467,1,531,22:35:56,-79.278055,43.715834,,,41.0383871653155,10.6303793350558,23984.0793733428,2646.52668282183,1
1052389,48459467,1,532,22:35:56,-79.278031,43.715906,,,41.0383871653155,8.2443376858165,23992.3237110286,2647.24989875986,1
1052389,48459467,1,533,22:35:56,-79.278023,43.71593,,,41.0383871653155,2.74811244369835,23995.0718234723,2647.49097072883,1
1052389,48459467,1,534,22:35:57,-79.277991,43.716024,,,41.0383871653155,10.7761295358711,24005.8479530082,2648.43628239941,1
1052389,48459467,1,535,22:35:58,-79.277957,43.716117,,,41.0383871653155,10.7080415786993,24016.5559945868,2649.37562120744,1
1052389,48459467,1,536,22:35:59,-79.277924,43.716211,,,41.0383871653155,10.7956338327279,24027.3516284196,2650.32264384849,1
1052389,48459467,1,537,22:36:00,-79.27789,43.716305,,,41.0383871653155,10.8157023396578,24038.1673307592,2651.27142695407,1
1052389,48459467,1,538,22:36:01,-79.277855,43.716395,,,41.0383871653155,10.4069945604911,24048.5743253197,2652.18435709109,1
1052389,48459467,1,539,22:36:02,-79.277818,43.716489,,,41.0383871653155,10.8792570221395,24059.4535823419,2653.13871538792,1
1052389,48459467,1,540,22:36:03,-79.277781,43.716582,,,41.0383871653155,10.772228011047,24070.2258103529,2654.08368480603,1
1052389,48459467,1,541,22:36:04,-79.277743,43.716677,,,41.0383871653155,11.0084414524386,24081.2342518053,2655.04937551578,1
1052389,48459467,1,542,22:36:05,-79.277705,43.71677,,,41.0383871653155,10.7947371881793,24092.0289889935,2655.99631950071,1
1052389,48459467,1,543,22:36:06,-79.277667,43.716861,,,41.0383871653155,10.5814014010221,24102.6103903946,2656.92454908464,1
1052389,48459467,1,544,22:36:07,-79.277627,43.716954,,,41.0383871653155,10.8414089876453,24113.4517993822,2657.87558724797,1
1052389,48459467,1,545,22:36:08,-79.277586,43.717047,,,41.0383871653155,10.8655631717436,24124.3173625539,2658.82874428264,1
1052389,48459467,1,546,22:36:09,-79.277546,43.717137,,,41.0383871653155,10.5229682665007,24134.8403308204,2659.75184795157,1
1052389,48459467,1,547,22:36:10,-79.277504,43.717231,,,41.0383871653155,10.9961354841449,24145.8364663046,2660.716459148,1
1052389,48459467,1,548,22:36:11,-79.277461,43.71732,,,41.0383871653155,10.4941168789862,24156.3305831836,2661.637031894,1
1052389,48459467,1,549,22:36:12,-79.277416,43.717415,,,41.0383871653155,11.1779496681469,24167.5085328517,2662.61759232985,1
1052389,48459467,1,550,22:36:13,-79.277372,43.717504,,,41.0383871653155,10.5209122055491,24178.0294450573,2663.54051563547,1
1052389,48459467,1,551,22:36:14,-79.277327,43.717598,,,41.0383871653155,11.0726864408037,24189.1021314981,2664.511842092,1
1052389,48459467,1,552,22:36:14,-79.277282,43.717687,,,41.0383871653155,10.5482528604584,24199.6503843585,2665.43716379494,1
1052389,48459467,1,553,22:36:15,-79.277235,43.717777,,,41.0383871653155,10.7086344125106,24210.359018771,2666.37655460798,1
1052389,48459467,1,554,22:36:16,-79.277188,43.717871,,,41.0383871653155,11.1263354435396,24221.4853542146,2667.35258730233,1
1052389,48459467,1,555,22:36:22,-79.2769370023312,43.7184275002746,,,41.0383871653155,65.1577109416811,24286.6430651563,2673.06840060769,1
1052389,48459467,1,556,22:36:28,-79.276686,43.718984,,,41.0383871653155,65.1577109404788,24351.8007760967,2678.78421391294,1
1052389,48459467,1,557,22:36:35,-79.2763547622364,43.7197217514349,,,41.0383871653155,86.3417367570992,24438.1425128538,2686.35834812717,1
1052389,48459467,1,558,22:36:43,-79.2760235163154,43.7204595019132,,,41.0383871653155,86.3417367582272,24524.4842496121,2693.9324823415,1
1052389,48459467,1,559,22:36:51,-79.2756922622368,43.7211972514349,,,41.0383871653155,86.341736761928,24610.825986374,2701.50661655615,1
1052389,48459467,1,560,22:36:58,-79.275361,43.721935,,,41.0383871653155,86.3417367541403,24697.1677231281,2709.08075077012,1
1052389,48459467,1,561,22:37:01,-79.275247,43.722186,,,41.0383871653155,29.4078979537462,24726.5756210819,2711.660492323,1
1052389,48459467,1,562,22:37:04,-79.275047,43.722538,,,41.0383871653155,42.3593209235508,24768.9349420054,2715.37636825912,1
1052389,48459467,1,563,22:37:11,-79.274767,43.723159,,,41.0383871653155,72.7068829530797,24841.6418249585,2721.75441566085,1
1052389,48459467,1,564,22:37:11,-79.274738,43.723213,,,41.0383871653155,6.44811378033583,24848.0899387388,2722.32006190605,1
1052389,48459467,1,565,22:37:12,-79.274706,43.723263,,,41.0383871653155,6.13249259745063,24854.2224313363,2722.8580209945,1
1052389,48459467,1,566,22:37:12,-79.274676,43.723311,,,41.0383871653155,5.8631120018102,24860.0855433381,2723.37234927747,1
1052389,48459467,1,567,22:37:13,-79.274644,43.723364,,,41.0383871653155,6.43712516603322,24866.5226685041,2723.93703157125,1
1052389,48459467,1,568,22:37:13,-79.27461,43.723413,,,41.0383871653155,6.10204304549236,24872.6247115496,2724.4723195414,1
1052389,48459467,1,569,22:37:14,-79.274577,43.723462,,,41.0383871653155,6.06640682138005,24878.691118371,2725.00448140412,1
1052389,48459467,1,570,22:37:15,-79.274543,43.723511,,,41.0383871653155,6.10204104231871,24884.7931594133,2725.53976919854,1
1052389,48459467,1,571,22:37:15,-79.27451,43.72356,,,41.0383871653155,6.06640492145931,24890.8595643348,2726.0719308946,1
1052389,48459467,1,572,22:37:16,-79.274474,43.72361,,,41.0383871653155,6.27437403446375,24897.1339383693,2726.62233621226,1
1052389,48459467,1,573,22:37:16,-79.274438,43.723659,,,41.0383871653155,6.1758355510653,24903.3097739203,2727.1640974636,1
1052389,48459467,1,574,22:37:17,-79.2744,43.723707,,,41.0383871653155,6.15603407411987,24909.4658079944,2727.70412167502,1
1052389,48459467,1,575,22:37:17,-79.274363,43.723753,,,41.0383871653155,5.92297582509499,24915.3887838195,2728.22370137693,1
1052389,48459467,1,576,22:37:18,-79.274324,43.723801,,,41.0383871653155,6.19637524191581,24921.5851590615,2728.76726442636,1
1052389,48459467,1,577,22:37:18,-79.274286,43.72385,,,41.0383871653155,6.25289835686592,24927.8380574183,2729.31578583861,1
1052389,48459467,1,578,22:37:19,-79.274246,43.723895,,,41.0383871653155,5.9539013097605,24933.7919587281,2729.83807840895,1
1052389,48459467,1,579,22:37:19,-79.274205,43.723944,,,41.0383871653155,6.37436684688987,24940.166325575,2730.39725537067,1
1052389,48459467,1,580,22:37:20,-79.274164,43.723988,,,41.0383871653155,5.90510306899896,24946.071428644,2730.91526722534,1
1052389,48459467,1,581,22:37:20,-79.274121,43.724033,,,41.0383871653155,6.08772497065562,24952.1591536146,2731.44929917465,1
1052389,48459467,1,582,22:37:21,-79.27408,43.724082,,,41.0383871653155,6.37436291476569,24958.5335165294,2732.00847579143,1
1052389,48459467,1,583,22:37:22,-79.274034,43.724125,,,41.0383871653155,6.05040098329984,24964.5839175127,2732.53923357809,1
1052389,48459467,1,584,22:37:22,-79.273992,43.724169,,,41.0383871653155,5.95040683510279,24970.5343243478,2733.06121960352,1
1052389,48459467,1,585,22:37:23,-79.273947,43.724215,,,41.0383871653155,6.27112783470285,24976.8054521825,2733.61134015562,1
1052389,48459467,1,586,22:37:23,-79.273901,43.724258,,,41.0383871653155,6.05039595549239,24982.855848138,2734.14209750123,1
1052389,48459467,1,587,22:37:24,-79.273855,43.724303,,,41.0383871653155,6.22802281813561,24989.0838709561,2734.68843676293,1
1052389,48459467,1,588,22:37:24,-79.273808,43.724347,,,41.0383871653155,6.18766816808545,24995.2715391242,2735.23123600393,1
1052389,48459467,1,589,22:37:31,-79.2733047640758,43.7249055033119,,,41.0383871653155,74.1912809762083,25069.4628201004,2741.73949887591,1
1052389,48459467,1,590,22:37:37,-79.2728015187679,43.7254640044159,,,41.0383871653155,74.1912809772371,25143.6541010777,2748.24776174799,1
1052389,48459467,1,591,22:37:44,-79.2722982640761,43.726022503312,,,41.0383871653155,74.1912809764322,25217.8453820541,2754.75602462,1
1052389,48459467,1,592,22:37:50,-79.271795,43.726581,,,41.0383871653155,74.1912809762019,25292.0366630303,2761.26428749199,1
1052389,48459467,1,593,22:37:56,-79.271342,43.727083,,,41.0383871653155,66.7143701046197,25358.7510331349,2767.1166552132,1
1052389,48459467,1,594,22:38:05,-79.2706680084168,43.7278310019802,,,41.0383871653155,99.3631825197889,25458.1142156547,2775.83306640232,1
1052389,48459467,1,595,22:38:14,-79.269994,43.728579,,,41.0383871653155,99.3631825178151,25557.4773981725,2784.54947759127,1
1052389,48459467,1,596,22:38:14,-79.269923,43.72866,,,41.0383871653155,10.6735145247647,25568.1509126973,2785.48578759133,1
1052389,48459467,1,597,22:38:16,-79.269782,43.728801,,,41.0383871653155,19.3652634117498,25587.516176109,2787.18456166842,1
1052389,48459467,1,598,22:38:25,-79.2690935081616,43.7295110020663,,,41.0383871653155,96.5098237951038,25684.0259999041,2795.65066839583,1
1052389,48459467,1,599,22:38:33,-79.268405,43.730221,,,41.0383871653155,96.5098237948029,25780.5358236989,2804.11677512322,1
1052389,48459467,1,600,22:38:41,-79.26782,43.730867,,,41.0383871653155,85.9404074604181,25866.4762311593,2811.65570362962,1
1052389,48459467,1,601,22:38:47,-79.267142,43.731367,,,41.0383871653155,77.9251478484981,25944.4013790078,2818.49151155562,1
1052389,48459467,1,602,22:38:56,-79.266021,43.73175,,,41.0383871653155,99.7425453323521,26044.1439243402,2827.24120149226,1
1052389,48459467,1,603,22:39:02,-79.2652780030271,43.7319940024064,14498,31,41.0383871653155,65.6477229910296,26109.7916473312,2833,1
1052389,48459467,1,604,22:39:02,-79.2652780030271,43.7319940024064,14498,31,1e-12,0,26109.7916473312,2833,1
1052389,48459467,1,605,,-79.264535,43.732238,,,,65.6477229921869,26175.4393703234,,1
