shape_id,trip_id,route_type,id,timestamp,shape_pt_lon,shape_pt_lat,stop_id,stop_sequence,speed,dist,cumdist,cumtime,trip_number
1052154,48456328,1,1,,-79.528129,43.796772,,,1e-12,0,0,0,1
1052154,48456328,1,2,,-79.5279746143713,43.7961842507273,,,,66.5935472030478,66.5935472030478,,1
1052154,48456328,1,3,,-79.5278202317796,43.7955965012468,,,,66.5935471970017,133.18709440005,,1
1052154,48456328,1,4,,-79.5276658522248,43.7950087515584,,,,66.5935472022735,199.780641602323,,1
1052154,48456328,1,5,,-79.5275114757068,43.7944210016623,,,,66.5935471986212,266.374188800944,,1
1052154,48456328,1,6,01:10:15,-79.5273571022254,43.7938332515584,15703,1,,66.5935472025519,332.967736003496,,1
1052154,48456328,1,7,01:10:15,-79.5273571022254,43.7938332515584,15703,1,1e-12,0,332.967736003496,0,1
1052154,48456328,1,8,01:10:22,-79.5272027317806,43.7932455012467,,,36.3738722526786,66.5935472009129,399.561283204409,6.59090591889436,1
1052154,48456328,1,9,01:10:28,-79.5270483643721,43.7926577507272,,,36.3738722526786,66.5935472004049,466.154830404814,13.1818118377384,1
1052154,48456328,1,10,01:10:35,-79.526894,43.79207,,,36.3738722526786,66.5935472003984,532.748377605212,19.7727177565819,1
1052154,48456328,1,11,01:10:43,-79.526683997449,43.7913440001923,,,36.3738722526786,82.5609477595921,615.309325364804,27.9439514891313,1
1052154,48456328,1,12,01:10:51,-79.526474,43.790618,,,36.3738722526786,82.5609477618992,697.870273126704,36.1151852219091,1
1052154,48456328,1,13,01:10:56,-79.52632,43.790174,,,36.3738722526786,50.9515685267863,748.82184165349,41.1579710276717,1
1052154,48456328,1,14,01:11:01,-79.526171,43.789769,,,36.3738722526786,46.6472797483888,795.469121401879,45.7747521591289,1
1052154,48456328,1,15,01:11:05,-79.526021,43.789374,,,36.3738722526786,45.5934782188768,841.062599620755,50.2872362974068,1
1052154,48456328,1,16,01:11:11,-79.525843,43.788906,,,36.3738722526786,54.0255628420501,895.088162462805,55.6342619008482,1
1052154,48456328,1,17,01:11:17,-79.525616,43.788366,,,36.3738722526786,62.8194751306874,957.907637593493,61.8516398280449,1
1052154,48456328,1,18,01:11:23,-79.5253939981894,43.7878785002148,,,36.3738722526786,57.1255104967222,1015.03314809022,67.5054738867229,1
1052154,48456328,1,19,01:11:28,-79.525172,43.787391,,,36.3738722526786,57.1255104953235,1072.15865858554,73.1593079452626,1
1052154,48456328,1,20,01:11:35,-79.5248739971259,43.7868145003871,,,36.3738722526786,68.4984956139622,1140.6571541995,79.938750686394,1
1052154,48456328,1,21,01:11:42,-79.524576,43.786238,,,36.3738722526786,68.4984956106661,1209.15564981017,86.7181934271993,1
1052154,48456328,1,22,01:11:48,-79.5242872420516,43.7856895010904,,,36.3738722526786,65.3197747809652,1274.47542459113,93.1830313630107,1
1052154,48456328,1,23,01:11:55,-79.5239984894023,43.7851410014539,,,36.3738722526786,65.3197747784201,1339.79519936955,99.6478692985702,1
1052154,48456328,1,24,01:12:01,-79.5237097420518,43.7845925010904,,,36.3738722526786,65.3197747809061,1405.11497415046,106.112707234376,1
1052154,48456328,1,25,01:12:08,-79.523421,43.784044,,,36.3738722526786,65.3197747809725,1470.43474893143,112.577545170188,1
1052154,48456328,1,26,01:12:16,-79.5230499955566,43.7833280006,15701,2,36.3738722526786,85.0992488982056,1555.53399782964,121,1
1052154,48456328,1,27,01:12:16,-79.5230499955566,43.7833280006,15701,2,1e-12,0,1555.53399782964,121,1
1052154,48456328,1,28,01:12:24,-79.522679,43.782612,,,40.0649287141203,85.0992488969227,1640.63324672656,128.646520432244,1
1052154,48456328,1,29,01:12:27,-79.522495,43.78226,,,40.0649287141203,41.8820615308303,1682.51530825739,132.409797351737,1
1052154,48456328,1,30,01:12:31,-79.522341,43.781966,,,40.0649287141203,34.9901010514275,1717.50540930882,135.553803040202,1
1052154,48456328,1,31,01:12:38,-79.52184,43.781286,,,40.0649287141203,85.740316636751,1803.24572594557,143.25792606747,1
1052154,48456328,1,32,01:12:42,-79.521589,43.781016,,,40.0649287141203,36.1985774305285,1839.4443033761,146.510518370323,1
1052154,48456328,1,33,01:12:44,-79.521348,43.780818,,,40.0649287141203,29.3427529435532,1868.78705631965,149.147086410929,1
1052154,48456328,1,34,01:12:47,-79.521134,43.780626,,,40.0649287141203,27.4343861368215,1896.22144245647,151.612179779677,1
1052154,48456328,1,35,01:12:49,-79.52088,43.780451,,,40.0649287141203,28.2180569495662,1924.43949940604,154.147689220947,1
1052154,48456328,1,36,01:12:53,-79.520504,43.780225,,,40.0649287141203,39.3215642325783,1963.76106363862,157.68089483944,1
1052154,48456328,1,37,01:12:57,-79.52005,43.779988,,,40.0649287141203,45.0278908159333,2008.78895445455,161.726837566408,1
1052154,48456328,1,38,01:13:00,-79.519727,43.779834,,,40.0649287141203,31.1100575194094,2039.89901197396,164.522205252421,1
1052154,48456328,1,39,01:13:02,-79.519481,43.779733,,,40.0649287141203,22.7450012527964,2062.64401322675,166.565937941785,1
1052154,48456328,1,40,01:13:03,-79.51925,43.779655,,,40.0649287141203,20.4962908316604,2083.14030405842,168.407614674083,1
1052154,48456328,1,41,01:13:08,-79.518724,43.779487,,,40.0649287141203,46.2282323930871,2129.3685364515,172.561413069747,1
1052154,48456328,1,42,01:13:14,-79.517947,43.779284,,,40.0649287141203,66.4131835321869,2195.78171998369,178.528913035162,1
1052154,48456328,1,43,01:13:20,-79.5171144898395,43.7790407590639,,,40.0649287141203,72.1832882327706,2267.96500821646,185.014880837381,1
1052154,48456328,1,44,01:13:27,-79.5162819864526,43.7787975120851,,,40.0649287141203,72.18328823148,2340.14829644794,191.500848639484,1
1052154,48456328,1,45,01:13:33,-79.5154494898394,43.7785542590638,,,40.0649287141203,72.183288232612,2412.33158468055,197.986816441688,1
1052154,48456328,1,46,01:13:39,-79.514617,43.778311,,,40.0649287141203,72.1832882327489,2484.5148729133,204.472784243905,1
1052154,48456328,1,47,01:13:47,-79.5136184953994,43.7780355043463,,,40.0649287141203,85.9151611419,2570.4300340552,212.192617775066,1
1052154,48456328,1,48,01:13:55,-79.51262,43.77776,,,40.0649287141203,85.9151611408336,2656.34519519603,219.912451306131,1
1052154,48456328,1,49,01:14:03,-79.511583734884,43.7774692640435,,,40.0649287141203,89.3579556777558,2745.70315087379,227.941634204104,1
1052154,48456328,1,50,01:14:11,-79.5105474798452,43.7771785187245,,,40.0649287141203,89.3579556769416,2835.06110655073,235.970817102004,1
1052154,48456328,1,51,01:14:19,-79.5095112348839,43.7768877640433,15692,3,40.0649287141203,89.3579556780157,2924.41906222875,244,1
1052154,48456328,1,52,01:14:19,-79.5095112348839,43.7768877640433,15692,3,1e-12,0,2924.41906222875,244,1
1052154,48456328,1,53,01:14:31,-79.508475,43.776597,,,27.5357565945682,89.3579556768728,3013.77701790562,255.682578589477,1
1052154,48456328,1,54,01:14:39,-79.5077554975574,43.7763940022568,,,27.5357565945682,62.090068262323,3075.86708616794,263.800178154126,1
1052154,48456328,1,55,01:14:47,-79.507036,43.776191,,,27.5357565945682,62.0900682644758,3137.95715443242,271.917777719057,1
1052154,48456328,1,56,01:14:59,-79.5059309942808,43.7758815053229,,,27.5357565945682,95.2664558091682,3233.22361024159,284.372828290671,1
1052154,48456328,1,57,01:15:12,-79.504826,43.775572,,,27.5357565945682,95.2664558107174,3328.4900660523,296.827878862488,1
1052154,48456328,1,58,01:15:19,-79.5042034946129,43.7753995050678,,,27.5357565945682,53.5943303809973,3382.0843964333,303.834753313494,1
1052154,48456328,1,59,01:15:26,-79.5035809928172,43.7752270067571,,,27.5357565945682,53.5943303797325,3435.67872681303,310.841627764334,1
1052154,48456328,1,60,01:15:33,-79.5029584946129,43.7750545050678,,,27.5357565945682,53.5943303798132,3489.27305719285,317.848502215185,1
1052154,48456328,1,61,01:15:40,-79.502336,43.774882,,,27.5357565945682,53.5943303804046,3542.86738757325,324.855376666113,1
1052154,48456328,1,62,01:15:50,-79.5014209960371,43.7746230036497,,,27.5357565945682,78.9971342191589,3621.86452179241,335.183390796114,1
1052154,48456328,1,63,01:16:01,-79.500506,43.774364,,,27.5357565945682,78.9971342213989,3700.86165601381,345.511404926408,1
1052154,48456328,1,64,01:16:11,-79.4995724960195,43.7741090037988,15695,4,27.5357565945682,80.2253891570593,3781.08704517087,356,1
1052154,48456328,1,65,01:16:11,-79.4995724960195,43.7741090037988,15695,4,1e-12,0,3781.08704517087,356,1
1052154,48456328,1,66,01:16:19,-79.498639,43.773854,,,36.7980687733812,80.225389157932,3861.3124343288,363.8485477797,1
1052154,48456328,1,67,01:16:24,-79.498027,43.773686,,,36.7980687733812,52.6282774813154,3913.94071181012,368.997236426909,1
1052154,48456328,1,68,01:16:30,-79.497375,43.773485,,,36.7980687733812,56.9853116986229,3970.92602350874,374.572179051709,1
1052154,48456328,1,69,01:16:36,-79.496685,43.773239,,,36.7980687733812,61.8555492434494,4032.78157275219,380.623582962272,1
1052154,48456328,1,70,01:16:38,-79.496402,43.773123,,,36.7980687733812,26.1576747792085,4058.9392475314,383.18262022548,1
1052154,48456328,1,71,01:16:41,-79.496141,43.773004,,,36.7980687733812,24.8119639990151,4083.75121153041,385.610004959894,1
1052154,48456328,1,72,01:16:44,-79.49575,43.772806,,,36.7980687733812,38.3879139435221,4122.13912547394,389.365541454153,1
1052154,48456328,1,73,01:16:48,-79.495381,43.772605,,,36.7980687733812,37.1542406941852,4159.29336616812,393.000386188066,1
1052154,48456328,1,74,01:16:50,-79.495195,43.772486,,,36.7980687733812,19.9755459806295,4179.26891214875,394.954618242284,1
1052154,48456328,1,75,01:16:53,-79.494889,43.772281,,,36.7980687733812,33.5529255609167,4212.82183770967,398.23714191936,1
1052154,48456328,1,76,01:16:58,-79.494509,43.771986,,,36.7980687733812,44.849266171468,4257.67110388113,402.624800391646,1
1052154,48456328,1,77,01:17:00,-79.494345,43.771852,,,36.7980687733812,19.9073096440905,4277.57841352522,404.572356801741,1
1052154,48456328,1,78,01:17:04,-79.494002,43.771546,,,36.7980687733812,43.8239647384138,4321.40237826364,408.859708782898,1
1052154,48456328,1,79,01:17:07,-79.493748,43.771308,,,36.7980687733812,33.4486765576718,4354.85105482131,412.132033652694,1
1052154,48456328,1,80,01:17:10,-79.493555,43.771081,,,36.7980687733812,29.6519943730945,4384.5030491944,415.032924468474,1
1052154,48456328,1,81,01:17:12,-79.493409,43.770902,,,36.7980687733812,23.1255607291014,4407.62860992351,417.295326311828,1
1052154,48456328,1,82,01:17:16,-79.493174,43.770566,,,36.7980687733812,41.9030243614442,4449.53163428495,421.394750350361,1
1052154,48456328,1,83,01:17:21,-79.492949,43.770212,,,36.7980687733812,43.3595657461567,4492.89120003111,425.636669611056,1
1052154,48456328,1,84,01:17:25,-79.492773,43.769819,,,36.7980687733812,45.9793653395344,4538.87056537064,430.134887064849,1
1052154,48456328,1,85,01:17:31,-79.492554,43.769301,,,36.7980687733812,60.2910058224138,4599.16157119305,436.033229782163,1
1052154,48456328,1,86,01:17:37,-79.4924272468388,43.7688037502101,,,36.7980687733812,56.2836013287216,4655.44517252178,441.53952322466,1
1052154,48456328,1,87,01:17:42,-79.4923004957852,43.7683065002801,,,36.7980687733812,56.2836013300359,4711.72877385181,447.045816667285,1
1052154,48456328,1,88,01:17:48,-79.4921737468389,43.7678092502101,,,36.7980687733812,56.2836013322744,4768.01237518409,452.552110110128,1
1052154,48456328,1,89,01:17:53,-79.492047,43.767312,,,36.7980687733812,56.2836013295398,4824.29597651363,458.058403552705,1
1052154,48456328,1,90,01:17:54,-79.492022,43.767207,,,36.7980687733812,11.8600680694444,4836.15604458307,459.218688493552,1
1052154,48456328,1,91,01:17:55,-79.492012,43.767165,,,36.7980687733812,4.74402739216672,4840.90007197524,459.682802485973,1
1052154,48456328,1,92,01:18:04,-79.49181,43.766339,,,36.7980687733812,93.372835521788,4934.27290749703,468.817580997001,1
1052154,48456328,1,93,01:18:07,-79.491736,43.766034,,,36.7980687733812,34.4696779918555,4968.74258548888,472.189791683787,1
1052154,48456328,1,94,01:18:11,-79.491659,43.765715,,,36.7980687733812,36.046407679907,5004.78899316879,475.716255761205,1
1052154,48456328,1,95,01:18:17,-79.4915074957966,43.7651617503002,,,36.7980687733812,62.7802868461242,5067.56928001491,481.858127880579,1
1052154,48456328,1,96,01:18:23,-79.4913559943955,43.7646085004002,15697,5,36.7980687733812,62.7802868466016,5130.34956686151,488,1
1052154,48456328,1,97,01:18:23,-79.4913559943955,43.7646085004002,15697,5,1e-12,0,5130.34956686151,488,1
1052154,48456328,1,98,01:18:28,-79.4912044957967,43.7640552503002,,,44.0859797912151,62.7802868434892,5193.129853705,493.126551200788,1
1052154,48456328,1,99,01:18:33,-79.491053,43.763502,,,44.0859797912151,62.7802868453214,5255.91014055032,498.253102401725,1
1052154,48456328,1,100,01:18:38,-79.4909316184779,43.7630427504496,,,44.0859797912151,52.0464525227087,5307.95659307303,502.503143570575,1
1052154,48456328,1,101,01:18:42,-79.4908102388193,43.7625835007707,,,44.0859797912151,52.0464525269946,5360.00304560003,506.753184739775,1
1052154,48456328,1,102,01:18:46,-79.4906888610243,43.7621242509633,,,44.0859797912151,52.0464525259297,5412.04949812596,511.003225908888,1
1052154,48456328,1,103,01:18:50,-79.4905674850928,43.7616650010275,,,44.0859797912151,52.0464525221046,5464.09595064806,515.253267077689,1
1052154,48456328,1,104,01:18:55,-79.4904461110246,43.7612057509633,,,44.0859797912151,52.0464525249937,5516.14240317306,519.503308246725,1
1052154,48456328,1,105,01:18:59,-79.4903247388198,43.7607465007706,,,44.0859797912151,52.0464525249307,5568.18885569799,523.753349415757,1
1052154,48456328,1,106,01:19:03,-79.4902033684783,43.7602872504495,,,44.0859797912151,52.0464525229949,5620.23530822098,528.00339058463,1
1052154,48456328,1,107,01:19:07,-79.490082,43.759828,,,44.0859797912151,52.0464525237917,5672.28176074477,532.253431753568,1
1052154,48456328,1,108,01:19:12,-79.48998,43.759325,,,44.0859797912151,56.5910640214147,5728.87282476619,536.874579597893,1
1052154,48456328,1,109,01:19:20,-79.489763,43.75847,,,44.0859797912151,96.7640593439618,5825.63688411015,544.776198554486,1
1052154,48456328,1,110,01:19:28,-79.489538,43.757613,,,44.0859797912151,97.1008796190064,5922.73776372916,552.705321787857,1
1052154,48456328,1,111,01:19:34,-79.48939,43.756974,,,44.0859797912151,72.1216234981987,5994.85938722735,558.59467359138,1
1052154,48456328,1,112,01:19:38,-79.489167,43.756491,,,44.0859797912151,56.6781562540117,6051.53754348137,563.222933266696,1
1052154,48456328,1,113,01:19:40,-79.489029,43.756272,,,44.0859797912151,26.7852888131273,6078.32283229449,565.410182822766,1
1052154,48456328,1,114,01:19:43,-79.488838,43.756024,,,44.0859797912151,31.5912532544967,6109.91408554899,567.989880773334,1
1052154,48456328,1,115,01:19:46,-79.488647,43.755753,,,44.0859797912151,33.8516318386642,6143.76571738765,570.754158105863,1
1052154,48456328,1,116,01:19:49,-79.48842,43.755489,,,44.0859797912151,34.5949888819337,6178.36070626959,573.579136944142,1
1052154,48456328,1,117,01:19:50,-79.488343,43.7554,,,44.0859797912151,11.6828449484731,6190.04355121806,574.533141868467,1
1052154,48456328,1,118,01:19:51,-79.488225,43.755298,,,44.0859797912151,14.7968601884622,6204.84041140652,575.741432960799,1
1052154,48456328,1,119,01:19:52,-79.488091,43.755156,,,44.0859797912151,19.130110620602,6223.97052202713,577.303571276888,1
1052154,48456328,1,120,01:19:55,-79.487807,43.754905,,,44.0859797912151,36.0855497240433,6260.05607175117,580.250267247393,1
1052154,48456328,1,121,01:19:59,-79.487446,43.754629,,,44.0859797912151,42.2674006332738,6302.32347238444,583.701764594178,1
1052154,48456328,1,122,01:20:05,-79.486749,43.754199,,,44.0859797912151,73.7034616703793,6376.02693405482,589.720287110178,1
1052154,48456328,1,123,01:20:09,-79.486193,43.753911,,,44.0859797912151,55.0139418307887,6431.04087588561,594.212649342543,1
1052154,48456328,1,124,01:20:13,-79.485661,43.753679,,,44.0859797912151,49.9686818362715,6481.00955772188,598.293022637238,1
1052154,48456328,1,125,01:20:17,-79.485146,43.753497,,,44.0859797912151,46.1008382643364,6527.11039598622,602.057553187259,1
1052154,48456328,1,126,01:20:19,-79.484862,43.753408,,,44.0859797912151,24.8925981377353,6552.00299412395,604.090248246329,1
1052154,48456328,1,127,01:20:21,-79.484602,43.753343,,,44.0859797912151,22.1230107430217,6574.12600486698,605.896782637808,1
1052154,48456328,1,128,01:20:23,-79.484302,43.753274,,,44.0859797912151,25.3159907662552,6599.44199563323,607.964051352037,1
1052154,48456328,1,129,01:20:26,-79.483819,43.753172,,,44.0859797912151,40.463272262387,6639.90526789562,611.268226076846,1
1052154,48456328,1,130,01:20:29,-79.483369,43.753111,,,44.0859797912151,36.8156917424492,6676.72095963807,614.274544432489,1
1052154,48456328,1,131,01:20:35,-79.482428,43.753043,,,44.0859797912151,76.0426253260639,6752.76358496413,620.484079810182,1
1052154,48456328,1,132,01:20:38,-79.482099,43.753034,,,44.0859797912151,26.4735603306833,6779.23714529481,622.645874050478,1
1052154,48456328,1,133,01:20:39,-79.481819,43.753034,,,44.0859797912151,22.5145513644446,6801.75169665926,624.484381106369,1
1052154,48456328,1,134,01:20:41,-79.481523,43.753051,,,44.0859797912151,23.8762091066304,6825.62790576589,626.434079246026,1
1052154,48456328,1,135,01:20:43,-79.481235,43.753075,,,44.0859797912151,23.3114159467615,6848.93932171265,628.337657159135,1
1052154,48456328,1,136,01:20:45,-79.480959,43.753099,,,44.0859797912151,22.3531297307162,6871.29245144337,630.16298274817,1
1052154,48456328,1,137,01:20:47,-79.480667,43.753136,,,44.0859797912151,23.8379576416411,6895.13040908501,632.109557326217,1
1052154,48456328,1,138,01:20:48,-79.480513,43.75316,,,44.0859797912151,12.6679119836251,6907.79832106863,633.144001459183,1
1052154,48456328,1,139,01:20:53,-79.479795,43.753302,,,44.0859797912151,59.8584659273009,6967.65678699593,638.031960814035,1
1052154,48456328,1,140,01:21:01,-79.4786325048855,43.753553505891,15699,6,44.0859797912151,97.5774484800208,7065.23423547596,646,1
1052154,48456328,1,141,01:21:01,-79.4786325048855,43.753553505891,15699,6,1e-12,0,7065.23423547596,646,1
1052154,48456328,1,142,01:21:10,-79.47747,43.753805,,,37.7334828281759,97.5774484830665,7162.81168395902,655.309472336244,1
1052154,48456328,1,143,01:21:15,-79.4768492542633,43.7539420050392,,,37.7334828281759,52.1910147076728,7215.00269866669,660.288807368825,1
1052154,48456328,1,144,01:21:20,-79.4762285056844,43.7540790067189,,,37.7334828281759,52.1910147092954,7267.19371337599,665.26814240156,1
1052154,48456328,1,145,01:21:25,-79.4756077542632,43.7542160050392,,,37.7334828281759,52.1910147083493,7319.38472808434,670.247477434206,1
1052154,48456328,1,146,01:21:30,-79.474987,43.754353,,,37.7334828281759,52.1910147088987,7371.57574279324,675.226812466903,1
1052154,48456328,1,147,01:21:34,-79.474561,43.754458,,,37.7334828281759,36.192874375517,7407.76861716875,678.679829203926,1
1052154,48456328,1,148,01:21:38,-79.473965,43.754588,,,37.7334828281759,50.0600095710762,7457.82862673983,683.455853597871,1
1052154,48456328,1,149,01:21:43,-79.473373,43.754698,,,37.7334828281759,49.150692866702,7506.97931960653,688.145123738289,1
1052154,48456328,1,150,01:21:47,-79.472942,43.754763,,,37.7334828281759,35.4026728883176,7542.38199249485,691.522750526103,1
1052154,48456328,1,151,01:21:50,-79.472488,43.75482,,,37.7334828281759,37.0520208878411,7579.43401338269,695.057734980191,1
1052154,48456328,1,152,01:21:55,-79.471843,43.754868,,,37.7334828281759,52.1368419720723,7631.57085535476,700.031901609711,1
1052154,48456328,1,153,01:21:58,-79.471502,43.754872,,,37.7334828281759,27.4222813916141,7658.99313674638,702.648151306548,1
1052154,48456328,1,154,01:22:01,-79.47106,43.754888,,,37.7334828281759,35.5843343769704,7694.57747112335,706.043109687157,1
1052154,48456328,1,155,01:22:06,-79.470455,43.754856,,,37.7334828281759,48.7762705565891,7743.35374167994,710.696657699232,1
1052154,48456328,1,156,01:22:09,-79.469989,43.75484,,,37.7334828281759,37.5118190531687,7780.86556073311,714.275509649007,1
1052154,48456328,1,157,01:22:18,-79.468861,43.75469,,,37.7334828281759,92.2231148825022,7873.08867561561,723.074146527792,1
1052154,48456328,1,158,01:22:24,-79.4680879985016,43.7545740026048,,,37.7334828281759,63.4818629696954,7936.5705385853,729.130696031361,1
1052154,48456328,1,159,01:22:30,-79.467315,43.754458,,,37.7334828281759,63.4818629703164,8000.05240155562,735.187245534988,1
1052154,48456328,1,160,01:22:33,-79.466971,43.75441,,,37.7334828281759,28.1714691164558,8028.22387067208,737.874972222744,1
1052154,48456328,1,161,01:22:36,-79.466536,43.754341,,,37.7334828281759,35.8106345429963,8064.03450521507,741.291520993018,1
1052154,48456328,1,162,01:22:39,-79.466147,43.754264,,,37.7334828281759,32.4317090068307,8096.4662142219,744.385700052933,1
1052154,48456328,1,163,01:22:41,-79.465944,43.754207,,,37.7334828281759,17.5126513282694,8113.97886555017,746.056511757987,1
1052154,48456328,1,164,01:22:43,-79.465672,43.75413,,,37.7334828281759,23.4905731189153,8137.46943866909,748.29765296441,1
1052154,48456328,1,165,01:22:45,-79.465482,43.754061,,,37.7334828281759,17.0996854709426,8154.56912414003,749.929065256133,1
1052154,48456328,1,166,01:22:47,-79.465218,43.753947,,,37.7334828281759,24.7317694834661,8179.3008936235,752.288624021114,1
1052154,48456328,1,167,01:22:49,-79.464987,43.753842,,,37.7334828281759,21.9459433519993,8201.2468369755,754.382398307123,1
1052154,48456328,1,168,01:22:51,-79.464857,43.753777,,,37.7334828281759,12.713086098112,8213.95992307361,755.595302776122,1
1052154,48456328,1,169,01:22:52,-79.464682,43.753659,,,37.7334828281759,19.2497236460243,8233.20964671963,757.431841572216,1
1052154,48456328,1,170,01:22:55,-79.464463,43.753517,,,37.7334828281759,23.6635793286199,8256.87322604825,759.689488606044,1
1052154,48456328,1,171,01:22:56,-79.464305,43.753395,,,37.7334828281759,18.5970038805781,8275.47022992883,761.463754031659,1
1052154,48456328,1,172,01:22:58,-79.464155,43.75327,,,37.7334828281759,18.4146835799164,8293.88491350875,763.220625009872,1
1052154,48456328,1,173,01:23:01,-79.46396,43.753063,,,37.7334828281759,27.8718561356637,8321.75676964441,765.879766826844,1
1052154,48456328,1,174,01:23:04,-79.463778,43.752832,,,37.7334828281759,29.5874813332431,8351.34425097765,768.702589551285,1
1052154,48456328,1,175,01:23:06,-79.463648,43.752657,,,37.7334828281759,22.1082792935141,8373.45253027117,770.811851657279,1
1052154,48456328,1,176,01:23:12,-79.4633894977,43.7521245002913,,,37.7334828281759,62.8163835270218,8436.26891379819,776.804910440827,1
1052154,48456328,1,177,01:23:18,-79.463131,43.751592,,,37.7334828281759,62.8163835282715,8499.08529732646,782.797969224495,1
1052154,48456328,1,178,01:23:27,-79.4628009954071,43.7507590004747,14436,7,37.7334828281759,96.4512972921857,8595.53659461865,792,1
1052154,48456328,1,179,01:23:27,-79.4628009954071,43.7507590004747,14436,7,1e-12,0,8595.53659461865,792,1
1052154,48456328,1,180,,-79.462471,43.749926,,,,96.4512972888741,8691.98789190752,,1
1052154,48456329,1,1,,-79.528129,43.796772,,,1e-12,0,0,0,2
1052154,48456329,1,2,,-79.5279746143713,43.7961842507273,,,,66.5935472030478,66.5935472030478,,2
1052154,48456329,1,3,,-79.5278202317796,43.7955965012468,,,,66.5935471970017,133.18709440005,,2
1052154,48456329,1,4,,-79.5276658522248,43.7950087515584,,,,66.5935472022735,199.780641602323,,2
1052154,48456329,1,5,,-79.5275114757068,43.7944210016623,,,,66.5935471986212,266.374188800944,,2
1052154,48456329,1,6,01:16:00,-79.5273571022254,43.7938332515584,15703,1,,66.5935472025519,332.967736003496,,2
1052154,48456329,1,7,01:16:00,-79.5273571022254,43.7938332515584,15703,1,1e-12,0,332.967736003496,0,2
1052154,48456329,1,8,01:16:07,-79.5272027317806,43.7932455012467,,,36.3738722526786,66.5935472009129,399.561283204409,6.59090591889436,2
1052154,48456329,1,9,01:16:13,-79.5270483643721,43.7926577507272,,,36.3738722526786,66.5935472004049,466.154830404814,13.1818118377384,2
1052154,48456329,1,10,01:16:20,-79.526894,43.79207,,,36.3738722526786,66.5935472003984,532.748377605212,19.7727177565819,2
1052154,48456329,1,11,01:16:28,-79.526683997449,43.7913440001923,,,36.3738722526786,82.5609477595921,615.309325364804,27.9439514891313,2
1052154,48456329,1,12,01:16:36,-79.526474,43.790618,,,36.3738722526786,82.5609477618992,697.870273126704,36.1151852219091,2
1052154,48456329,1,13,01:16:41,-79.52632,43.790174,,,36.3738722526786,50.9515685267863,748.82184165349,41.1579710276717,2
1052154,48456329,1,14,01:16:46,-79.526171,43.789769,,,36.3738722526786,46.6472797483888,795.469121401879,45.7747521591289,2
1052154,48456329,1,15,01:16:50,-79.526021,43.789374,,,36.3738722526786,45.5934782188768,841.062599620755,50.2872362974068,2
1052154,48456329,1,16,01:16:56,-79.525843,43.788906,,,36.3738722526786,54.0255628420501,895.088162462805,55.6342619008482,2
1052154,48456329,1,17,01:17:02,-79.525616,43.788366,,,36.3738722526786,62.8194751306874,957.907637593493,61.8516398280449,2
1052154,48456329,1,18,01:17:08,-79.5253939981894,43.7878785002148,,,36.3738722526786,57.1255104967222,1015.03314809022,67.5054738867229,2
1052154,48456329,1,19,01:17:13,-79.525172,43.787391,,,36.3738722526786,57.1255104953235,1072.15865858554,73.1593079452626,2
1052154,48456329,1,20,01:17:20,-79.5248739971259,43.7868145003871,,,36.3738722526786,68.4984956139622,1140.6571541995,79.938750686394,2
1052154,48456329,1,21,01:17:27,-79.524576,43.786238,,,36.3738722526786,68.4984956106661,1209.15564981017,86.7181934271993,2
1052154,48456329,1,22,01:17:33,-79.5242872420516,43.7856895010904,,,36.3738722526786,65.3197747809652,1274.47542459113,93.1830313630107,2
1052154,48456329,1,23,01:17:40,-79.5239984894023,43.7851410014539,,,36.3738722526786,65.3197747784201,1339.79519936955,99.6478692985702,2
1052154,48456329,1,24,01:17:46,-79.5237097420518,43.7845925010904,,,36.3738722526786,65.3197747809061,1405.11497415046,106.112707234376,2
1052154,48456329,1,25,01:17:53,-79.523421,43.784044,,,36.3738722526786,65.3197747809725,1470.43474893143,112.577545170188,2
1052154,48456329,1,26,01:18:01,-79.5230499955566,43.7833280006,15701,2,36.3738722526786,85.0992488982056,1555.53399782964,121,2
1052154,48456329,1,27,01:18:01,-79.5230499955566,43.7833280006,15701,2,1e-12,0,1555.53399782964,121,2
1052154,48456329,1,28,01:18:09,-79.522679,43.782612,,,40.0649287141203,85.0992488969227,1640.63324672656,128.646520432244,2
1052154,48456329,1,29,01:18:12,-79.522495,43.78226,,,40.0649287141203,41.8820615308303,1682.51530825739,132.409797351737,2
1052154,48456329,1,30,01:18:16,-79.522341,43.781966,,,40.0649287141203,34.9901010514275,1717.50540930882,135.553803040202,2
1052154,48456329,1,31,01:18:23,-79.52184,43.781286,,,40.0649287141203,85.740316636751,1803.24572594557,143.25792606747,2
1052154,48456329,1,32,01:18:27,-79.521589,43.781016,,,40.0649287141203,36.1985774305285,1839.4443033761,146.510518370323,2
1052154,48456329,1,33,01:18:29,-79.521348,43.780818,,,40.0649287141203,29.3427529435532,1868.78705631965,149.147086410929,2
1052154,48456329,1,34,01:18:32,-79.521134,43.780626,,,40.0649287141203,27.4343861368215,1896.22144245647,151.612179779677,2
1052154,48456329,1,35,01:18:34,-79.52088,43.780451,,,40.0649287141203,28.2180569495662,1924.43949940604,154.147689220947,2
1052154,48456329,1,36,01:18:38,-79.520504,43.780225,,,40.0649287141203,39.3215642325783,1963.76106363862,157.68089483944,2
1052154,48456329,1,37,01:18:42,-79.52005,43.779988,,,40.0649287141203,45.0278908159333,2008.78895445455,161.726837566408,2
1052154,48456329,1,38,01:18:45,-79.519727,43.779834,,,40.0649287141203,31.1100575194094,2039.89901197396,164.522205252421,2
1052154,48456329,1,39,01:18:47,-79.519481,43.779733,,,40.0649287141203,22.7450012527964,2062.64401322675,166.565937941785,2
1052154,48456329,1,40,01:18:48,-79.51925,43.779655,,,40.0649287141203,20.4962908316604,2083.14030405842,168.407614674083,2
1052154,48456329,1,41,01:18:53,-79.518724,43.779487,,,40.0649287141203,46.2282323930871,2129.3685364515,172.561413069747,2
1052154,48456329,1,42,01:18:59,-79.517947,43.779284,,,40.0649287141203,66.4131835321869,2195.78171998369,178.528913035162,2
1052154,48456329,1,43,01:19:05,-79.5171144898395,43.7790407590639,,,40.0649287141203,72.1832882327706,2267.96500821646,185.014880837381,2
1052154,48456329,1,44,01:19:12,-79.5162819864526,43.7787975120851,,,40.0649287141203,72.18328823148,2340.14829644794,191.500848639484,2
1052154,48456329,1,45,01:19:18,-79.5154494898394,43.7785542590638,,,40.0649287141203,72.183288232612,2412.33158468055,197.986816441688,2
1052154,48456329,1,46,01:19:24,-79.514617,43.778311,,,40.0649287141203,72.1832882327489,2484.5148729133,204.472784243905,2
1052154,48456329,1,47,01:19:32,-79.5136184953994,43.7780355043463,,,40.0649287141203,85.9151611419,2570.4300340552,212.192617775066,2
1052154,48456329,1,48,01:19:40,-79.51262,43.77776,,,40.0649287141203,85.9151611408336,2656.34519519603,219.912451306131,2
1052154,48456329,1,49,01:19:48,-79.511583734884,43.7774692640435,,,40.0649287141203,89.3579556777558,2745.70315087379,227.941634204104,2
1052154,48456329,1,50,01:19:56,-79.5105474798452,43.7771785187245,,,40.0649287141203,89.3579556769416,2835.06110655073,235.970817102004,2
1052154,48456329,1,51,01:20:04,-79.5095112348839,43.7768877640433,15692,3,40.0649287141203,89.3579556780157,2924.41906222875,244,2
1052154,48456329,1,52,01:20:04,-79.5095112348839,43.7768877640433,15692,3,1e-12,0,2924.41906222875,244,2
1052154,48456329,1,53,01:20:16,-79.508475,43.776597,,,27.5357565945682,89.3579556768728,3013.77701790562,255.682578589477,2
1052154,48456329,1,54,01:20:24,-79.5077554975574,43.7763940022568,,,27.5357565945682,62.090068262323,3075.86708616794,263.800178154126,2
1052154,48456329,1,55,01:20:32,-79.507036,43.776191,,,27.5357565945682,62.0900682644758,3137.95715443242,271.917777719057,2
1052154,48456329,1,56,01:20:44,-79.5059309942808,43.7758815053229,,,27.5357565945682,95.2664558091682,3233.22361024159,284.372828290671,2
1052154,48456329,1,57,01:20:57,-79.504826,43.775572,,,27.5357565945682,95.2664558107174,3328.4900660523,296.827878862488,2
1052154,48456329,1,58,01:21:04,-79.5042034946129,43.7753995050678,,,27.5357565945682,53.5943303809973,3382.0843964333,303.834753313494,2
1052154,48456329,1,59,01:21:11,-79.5035809928172,43.7752270067571,,,27.5357565945682,53.5943303797325,3435.67872681303,310.841627764334,2
1052154,48456329,1,60,01:21:18,-79.5029584946129,43.7750545050678,,,27.5357565945682,53.5943303798132,3489.27305719285,317.848502215185,2
1052154,48456329,1,61,01:21:25,-79.502336,43.774882,,,27.5357565945682,53.5943303804046,3542.86738757325,324.855376666113,2
1052154,48456329,1,62,01:21:35,-79.5014209960371,43.7746230036497,,,27.5357565945682,78.9971342191589,3621.86452179241,335.183390796114,2
1052154,48456329,1,63,01:21:46,-79.500506,43.774364,,,27.5357565945682,78.9971342213989,3700.86165601381,345.511404926408,2
1052154,48456329,1,64,01:21:56,-79.4995724960195,43.7741090037988,15695,4,27.5357565945682,80.2253891570593,3781.08704517087,356,2
1052154,48456329,1,65,01:21:56,-79.4995724960195,43.7741090037988,15695,4,1e-12,0,3781.08704517087,356,2
1052154,48456329,1,66,01:22:04,-79.498639,43.773854,,,36.7980687733812,80.225389157932,3861.3124343288,363.8485477797,2
1052154,48456329,1,67,01:22:09,-79.498027,43.773686,,,36.7980687733812,52.6282774813154,3913.94071181012,368.997236426909,2
1052154,48456329,1,68,01:22:15,-79.497375,43.773485,,,36.7980687733812,56.9853116986229,3970.92602350874,374.572179051709,2
1052154,48456329,1,69,01:22:21,-79.496685,43.773239,,,36.7980687733812,61.8555492434494,4032.78157275219,380.623582962272,2
1052154,48456329,1,70,01:22:23,-79.496402,43.773123,,,36.7980687733812,26.1576747792085,4058.9392475314,383.18262022548,2
1052154,48456329,1,71,01:22:26,-79.496141,43.773004,,,36.7980687733812,24.8119639990151,4083.75121153041,385.610004959894,2
1052154,48456329,1,72,01:22:29,-79.49575,43.772806,,,36.7980687733812,38.3879139435221,4122.13912547394,389.365541454153,2
1052154,48456329,1,73,01:22:33,-79.495381,43.772605,,,36.7980687733812,37.1542406941852,4159.29336616812,393.000386188066,2
1052154,48456329,1,74,01:22:35,-79.495195,43.772486,,,36.7980687733812,19.9755459806295,4179.26891214875,394.954618242284,2
1052154,48456329,1,75,01:22:38,-79.494889,43.772281,,,36.7980687733812,33.5529255609167,4212.82183770967,398.23714191936,2
1052154,48456329,1,76,01:22:43,-79.494509,43.771986,,,36.7980687733812,44.849266171468,4257.67110388113,402.624800391646,2
1052154,48456329,1,77,01:22:45,-79.494345,43.771852,,,36.7980687733812,19.9073096440905,4277.57841352522,404.572356801741,2
1052154,48456329,1,78,01:22:49,-79.494002,43.771546,,,36.7980687733812,43.8239647384138,4321.40237826364,408.859708782898,2
1052154,48456329,1,79,01:22:52,-79.493748,43.771308,,,36.7980687733812,33.4486765576718,4354.85105482131,412.132033652694,2
1052154,48456329,1,80,01:22:55,-79.493555,43.771081,,,36.7980687733812,29.6519943730945,4384.5030491944,415.032924468474,2
1052154,48456329,1,81,01:22:57,-79.493409,43.770902,,,36.7980687733812,23.1255607291014,4407.62860992351,417.295326311828,2
1052154,48456329,1,82,01:23:01,-79.493174,43.770566,,,36.7980687733812,41.9030243614442,4449.53163428495,421.394750350361,2
1052154,48456329,1,83,01:23:06,-79.492949,43.770212,,,36.7980687733812,43.3595657461567,4492.89120003111,425.636669611056,2
1052154,48456329,1,84,01:23:10,-79.492773,43.769819,,,36.7980687733812,45.9793653395344,4538.87056537064,430.134887064849,2
1052154,48456329,1,85,01:23:16,-79.492554,43.769301,,,36.7980687733812,60.2910058224138,4599.16157119305,436.033229782163,2
1052154,48456329,1,86,01:23:22,-79.4924272468388,43.7688037502101,,,36.7980687733812,56.2836013287216,4655.44517252178,441.53952322466,2
1052154,48456329,1,87,01:23:27,-79.4923004957852,43.7683065002801,,,36.7980687733812,56.2836013300359,4711.72877385181,447.045816667285,2
1052154,48456329,1,88,01:23:33,-79.4921737468389,43.7678092502101,,,36.7980687733812,56.2836013322744,4768.01237518409,452.552110110128,2
1052154,48456329,1,89,01:23:38,-79.492047,43.767312,,,36.7980687733812,56.2836013295398,4824.29597651363,458.058403552705,2
1052154,48456329,1,90,01:23:39,-79.492022,43.767207,,,36.7980687733812,11.8600680694444,4836.15604458307,459.218688493552,2
1052154,48456329,1,91,01:23:40,-79.492012,43.767165,,,36.7980687733812,4.74402739216672,4840.90007197524,459.682802485973,2
1052154,48456329,1,92,01:23:49,-79.49181,43.766339,,,36.7980687733812,93.372835521788,4934.27290749703,468.817580997001,2
1052154,48456329,1,93,01:23:52,-79.491736,43.766034,,,36.7980687733812,34.4696779918555,4968.74258548888,472.189791683787,2
1052154,48456329,1,94,01:23:56,-79.491659,43.765715,,,36.7980687733812,36.046407679907,5004.78899316879,475.716255761205,2
1052154,48456329,1,95,01:24:02,-79.4915074957966,43.7651617503002,,,36.7980687733812,62.7802868461242,5067.56928001491,481.858127880579,2
1052154,48456329,1,96,01:24:08,-79.4913559943955,43.7646085004002,15697,5,36.7980687733812,62.7802868466016,5130.34956686151,488,2
1052154,48456329,1,97,01:24:08,-79.4913559943955,43.7646085004002,15697,5,1e-12,0,5130.34956686151,488,2
1052154,48456329,1,98,01:24:13,-79.4912044957967,43.7640552503002,,,44.0859797912151,62.7802868434892,5193.129853705,493.126551200788,2
1052154,48456329,1,99,01:24:18,-79.491053,43.763502,,,44.0859797912151,62.7802868453214,5255.91014055032,498.253102401725,2
1052154,48456329,1,100,01:24:23,-79.4909316184779,43.7630427504496,,,44.0859797912151,52.0464525227087,5307.95659307303,502.503143570575,2
1052154,48456329,1,101,01:24:27,-79.4908102388193,43.7625835007707,,,44.0859797912151,52.0464525269946,5360.00304560003,506.753184739775,2
1052154,48456329,1,102,01:24:31,-79.4906888610243,43.7621242509633,,,44.0859797912151,52.0464525259297,5412.04949812596,511.003225908888,2
1052154,48456329,1,103,01:24:35,-79.4905674850928,43.7616650010275,,,44.0859797912151,52.0464525221046,5464.09595064806,515.253267077689,2
1052154,48456329,1,104,01:24:40,-79.4904461110246,43.7612057509633,,,44.0859797912151,52.0464525249937,5516.14240317306,519.503308246725,2
1052154,48456329,1,105,01:24:44,-79.4903247388198,43.7607465007706,,,44.0859797912151,52.0464525249307,5568.18885569799,523.753349415757,2
1052154,48456329,1,106,01:24:48,-79.4902033684783,43.7602872504495,,,44.0859797912151,52.0464525229949,5620.23530822098,528.00339058463,2
1052154,48456329,1,107,01:24:52,-79.490082,43.759828,,,44.0859797912151,52.0464525237917,5672.28176074477,532.253431753568,2
1052154,48456329,1,108,01:24:57,-79.48998,43.759325,,,44.0859797912151,56.5910640214147,5728.87282476619,536.874579597893,2
1052154,48456329,1,109,01:25:05,-79.489763,43.75847,,,44.0859797912151,96.7640593439618,5825.63688411015,544.776198554486,2
1052154,48456329,1,110,01:25:13,-79.489538,43.757613,,,44.0859797912151,97.1008796190064,5922.73776372916,552.705321787857,2
1052154,48456329,1,111,01:25:19,-79.48939,43.756974,,,44.0859797912151,72.1216234981987,5994.85938722735,558.59467359138,2
1052154,48456329,1,112,01:25:23,-79.489167,43.756491,,,44.0859797912151,56.6781562540117,6051.53754348137,563.222933266696,2
1052154,48456329,1,113,01:25:25,-79.489029,43.756272,,,44.0859797912151,26.7852888131273,6078.32283229449,565.410182822766,2
1052154,48456329,1,114,01:25:28,-79.488838,43.756024,,,44.0859797912151,31.5912532544967,6109.91408554899,567.989880773334,2
1052154,48456329,1,115,01:25:31,-79.488647,43.755753,,,44.0859797912151,33.8516318386642,6143.76571738765,570.754158105863,2
1052154,48456329,1,116,01:25:34,-79.48842,43.755489,,,44.0859797912151,34.5949888819337,6178.36070626959,573.579136944142,2
1052154,48456329,1,117,01:25:35,-79.488343,43.7554,,,44.0859797912151,11.6828449484731,6190.04355121806,574.533141868467,2
1052154,48456329,1,118,01:25:36,-79.488225,43.755298,,,44.0859797912151,14.7968601884622,6204.84041140652,575.741432960799,2
1052154,48456329,1,119,01:25:37,-79.488091,43.755156,,,44.0859797912151,19.130110620602,6223.97052202713,577.303571276888,2
1052154,48456329,1,120,01:25:40,-79.487807,43.754905,,,44.0859797912151,36.0855497240433,6260.05607175117,580.250267247393,2
1052154,48456329,1,121,01:25:44,-79.487446,43.754629,,,44.0859797912151,42.2674006332738,6302.32347238444,583.701764594178,2
1052154,48456329,1,122,01:25:50,-79.486749,43.754199,,,44.0859797912151,73.7034616703793,6376.02693405482,589.720287110178,2
1052154,48456329,1,123,01:25:54,-79.486193,43.753911,,,44.0859797912151,55.0139418307887,6431.04087588561,594.212649342543,2
1052154,48456329,1,124,01:25:58,-79.485661,43.753679,,,44.0859797912151,49.9686818362715,6481.00955772188,598.293022637238,2
1052154,48456329,1,125,01:26:02,-79.485146,43.753497,,,44.0859797912151,46.1008382643364,6527.11039598622,602.057553187259,2
1052154,48456329,1,126,01:26:04,-79.484862,43.753408,,,44.0859797912151,24.8925981377353,6552.00299412395,604.090248246329,2
1052154,48456329,1,127,01:26:06,-79.484602,43.753343,,,44.0859797912151,22.1230107430217,6574.12600486698,605.896782637808,2
1052154,48456329,1,128,01:26:08,-79.484302,43.753274,,,44.0859797912151,25.3159907662552,6599.44199563323,607.964051352037,2
1052154,48456329,1,129,01:26:11,-79.483819,43.753172,,,44.0859797912151,40.463272262387,6639.90526789562,611.268226076846,2
1052154,48456329,1,130,01:26:14,-79.483369,43.753111,,,44.0859797912151,36.8156917424492,6676.72095963807,614.274544432489,2
1052154,48456329,1,131,01:26:20,-79.482428,43.753043,,,44.0859797912151,76.0426253260639,6752.76358496413,620.484079810182,2
1052154,48456329,1,132,01:26:23,-79.482099,43.753034,,,44.0859797912151,26.4735603306833,6779.23714529481,622.645874050478,2
1052154,48456329,1,133,01:26:24,-79.481819,43.753034,,,44.0859797912151,22.5145513644446,6801.75169665926,624.484381106369,2
1052154,48456329,1,134,01:26:26,-79.481523,43.753051,,,44.0859797912151,23.8762091066304,6825.62790576589,626.434079246026,2
1052154,48456329,1,135,01:26:28,-79.481235,43.753075,,,44.0859797912151,23.3114159467615,6848.93932171265,628.337657159135,2
1052154,48456329,1,136,01:26:30,-79.480959,43.753099,,,44.0859797912151,22.3531297307162,6871.29245144337,630.16298274817,2
1052154,48456329,1,137,01:26:32,-79.480667,43.753136,,,44.0859797912151,23.8379576416411,6895.13040908501,632.109557326217,2
1052154,48456329,1,138,01:26:33,-79.480513,43.75316,,,44.0859797912151,12.6679119836251,6907.79832106863,633.144001459183,2
1052154,48456329,1,139,01:26:38,-79.479795,43.753302,,,44.0859797912151,59.8584659273009,6967.65678699593,638.031960814035,2
1052154,48456329,1,140,01:26:46,-79.4786325048855,43.753553505891,15699,6,44.0859797912151,97.5774484800208,7065.23423547596,646,2
1052154,48456329,1,141,01:26:46,-79.4786325048855,43.753553505891,15699,6,1e-12,0,7065.23423547596,646,2
1052154,48456329,1,142,01:26:55,-79.47747,43.753805,,,37.7334828281759,97.5774484830665,7162.81168395902,655.309472336244,2
1052154,48456329,1,143,01:27:00,-79.4768492542633,43.7539420050392,,,37.7334828281759,52.1910147076728,7215.00269866669,660.288807368825,2
1052154,48456329,1,144,01:27:05,-79.4762285056844,43.7540790067189,,,37.7334828281759,52.1910147092954,7267.19371337599,665.26814240156,2
1052154,48456329,1,145,01:27:10,-79.4756077542632,43.7542160050392,,,37.7334828281759,52.1910147083493,7319.38472808434,670.247477434206,2
1052154,48456329,1,146,01:27:15,-79.474987,43.754353,,,37.7334828281759,52.1910147088987,7371.57574279324,675.226812466903,2
1052154,48456329,1,147,01:27:19,-79.474561,43.754458,,,37.7334828281759,36.192874375517,7407.76861716875,678.679829203926,2
1052154,48456329,1,148,01:27:23,-79.473965,43.754588,,,37.7334828281759,50.0600095710762,7457.82862673983,683.455853597871,2
1052154,48456329,1,149,01:27:28,-79.473373,43.754698,,,37.7334828281759,49.150692866702,7506.97931960653,688.145123738289,2
1052154,48456329,1,150,01:27:32,-79.472942,43.754763,,,37.7334828281759,35.4026728883176,7542.38199249485,691.522750526103,2
1052154,48456329,1,151,01:27:35,-79.472488,43.75482,,,37.7334828281759,37.0520208878411,7579.43401338269,695.057734980191,2
1052154,48456329,1,152,01:27:40,-79.471843,43.754868,,,37.7334828281759,52.1368419720723,7631.57085535476,700.031901609711,2
1052154,48456329,1,153,01:27:43,-79.471502,43.754872,,,37.7334828281759,27.4222813916141,7658.99313674638,702.648151306548,2
1052154,48456329,1,154,01:27:46,-79.47106,43.754888,,,37.7334828281759,35.5843343769704,7694.57747112335,706.043109687157,2
1052154,48456329,1,155,01:27:51,-79.470455,43.754856,,,37.7334828281759,48.7762705565891,7743.35374167994,710.696657699232,2
1052154,48456329,1,156,01:27:54,-79.469989,43.75484,,,37.7334828281759,37.5118190531687,7780.86556073311,714.275509649007,2
1052154,48456329,1,157,01:28:03,-79.468861,43.75469,,,37.7334828281759,92.2231148825022,7873.08867561561,723.074146527792,2
1052154,48456329,1,158,01:28:09,-79.4680879985016,43.7545740026048,,,37.7334828281759,63.4818629696954,7936.5705385853,729.130696031361,2
1052154,48456329,1,159,01:28:15,-79.467315,43.754458,,,37.7334828281759,63.4818629703164,8000.05240155562,735.187245534988,2
1052154,48456329,1,160,01:28:18,-79.466971,43.75441,,,37.7334828281759,28.1714691164558,8028.22387067208,737.874972222744,2
1052154,48456329,1,161,01:28:21,-79.466536,43.754341,,,37.7334828281759,35.8106345429963,8064.03450521507,741.291520993018,2
1052154,48456329,1,162,01:28:24,-79.466147,43.754264,,,37.7334828281759,32.4317090068307,8096.4662142219,744.385700052933,2
1052154,48456329,1,163,01:28:26,-79.465944,43.754207,,,37.7334828281759,17.5126513282694,8113.97886555017,746.056511757987,2
1052154,48456329,1,164,01:28:28,-79.465672,43.75413,,,37.7334828281759,23.4905731189153,8137.46943866909,748.29765296441,2
1052154,48456329,1,165,01:28:30,-79.465482,43.754061,,,37.7334828281759,17.0996854709426,8154.56912414003,749.929065256133,2
1052154,48456329,1,166,01:28:32,-79.465218,43.753947,,,37.7334828281759,24.7317694834661,8179.3008936235,752.288624021114,2
1052154,48456329,1,167,01:28:34,-79.464987,43.753842,,,37.7334828281759,21.9459433519993,8201.2468369755,754.382398307123,2
1052154,48456329,1,168,01:28:36,-79.464857,43.753777,,,37.7334828281759,12.713086098112,8213.95992307361,755.595302776122,2
1052154,48456329,1,169,01:28:37,-79.464682,43.753659,,,37.7334828281759,19.2497236460243,8233.20964671963,757.431841572216,2
1052154,48456329,1,170,01:28:40,-79.464463,43.753517,,,37.7334828281759,23.6635793286199,8256.87322604825,759.689488606044,2
1052154,48456329,1,171,01:28:41,-79.464305,43.753395,,,37.7334828281759,18.5970038805781,8275.47022992883,761.463754031659,2
1052154,48456329,1,172,01:28:43,-79.464155,43.75327,,,37.7334828281759,18.4146835799164,8293.88491350875,763.220625009872,2
1052154,48456329,1,173,01:28:46,-79.46396,43.753063,,,37.7334828281759,27.8718561356637,8321.75676964441,765.879766826844,2
1052154,48456329,1,174,01:28:49,-79.463778,43.752832,,,37.7334828281759,29.5874813332431,8351.34425097765,768.702589551285,2
1052154,48456329,1,175,01:28:51,-79.463648,43.752657,,,37.7334828281759,22.1082792935141,8373.45253027117,770.811851657279,2
1052154,48456329,1,176,01:28:57,-79.4633894977,43.7521245002913,,,37.7334828281759,62.8163835270218,8436.26891379819,776.804910440827,2
1052154,48456329,1,177,01:29:03,-79.463131,43.751592,,,37.7334828281759,62.8163835282715,8499.08529732646,782.797969224495,2
1052154,48456329,1,178,01:29:12,-79.4628009954071,43.7507590004747,14436,7,37.7334828281759,96.4512972921857,8595.53659461865,792,2
1052154,48456329,1,179,01:29:12,-79.4628009954071,43.7507590004747,14436,7,1e-12,0,8595.53659461865,792,2
1052154,48456329,1,180,,-79.462471,43.749926,,,,96.4512972888741,8691.98789190752,,2
1052154,48456330,1,1,,-79.528129,43.796772,,,1e-12,0,0,0,3
1052154,48456330,1,2,,-79.5279746143713,43.7961842507273,,,,66.5935472030478,66.5935472030478,,3
1052154,48456330,1,3,,-79.5278202317796,43.7955965012468,,,,66.5935471970017,133.18709440005,,3
1052154,48456330,1,4,,-79.5276658522248,43.7950087515584,,,,66.5935472022735,199.780641602323,,3
1052154,48456330,1,5,,-79.5275114757068,43.7944210016623,,,,66.5935471986212,266.374188800944,,3
1052154,48456330,1,6,01:23:45,-79.5273571022254,43.7938332515584,15703,1,,66.5935472025519,332.967736003496,,3
1052154,48456330,1,7,01:23:45,-79.5273571022254,43.7938332515584,15703,1,1e-12,0,332.967736003496,0,3
1052154,48456330,1,8,01:23:52,-79.5272027317806,43.7932455012467,,,36.3738722526786,66.5935472009129,399.561283204409,6.59090591889436,3
1052154,48456330,1,9,01:23:58,-79.5270483643721,43.7926577507272,,,36.3738722526786,66.5935472004049,466.154830404814,13.1818118377384,3
1052154,48456330,1,10,01:24:05,-79.526894,43.79207,,,36.3738722526786,66.5935472003984,532.748377605212,19.7727177565819,3
1052154,48456330,1,11,01:24:13,-79.526683997449,43.7913440001923,,,36.3738722526786,82.5609477595921,615.309325364804,27.9439514891313,3
1052154,48456330,1,12,01:24:21,-79.526474,43.790618,,,36.3738722526786,82.5609477618992,697.870273126704,36.1151852219091,3
1052154,48456330,1,13,01:24:26,-79.52632,43.790174,,,36.3738722526786,50.9515685267863,748.82184165349,41.1579710276717,3
1052154,48456330,1,14,01:24:31,-79.526171,43.789769,,,36.3738722526786,46.6472797483888,795.469121401879,45.7747521591289,3
1052154,48456330,1,15,01:24:35,-79.526021,43.789374,,,36.3738722526786,45.5934782188768,841.062599620755,50.2872362974068,3
1052154,48456330,1,16,01:24:41,-79.525843,43.788906,,,36.3738722526786,54.0255628420501,895.088162462805,55.6342619008482,3
1052154,48456330,1,17,01:24:47,-79.525616,43.788366,,,36.3738722526786,62.8194751306874,957.907637593493,61.8516398280449,3
1052154,48456330,1,18,01:24:53,-79.5253939981894,43.7878785002148,,,36.3738722526786,57.1255104967222,1015.03314809022,67.5054738867229,3
1052154,48456330,1,19,01:24:58,-79.525172,43.787391,,,36.3738722526786,57.1255104953235,1072.15865858554,73.1593079452626,3
1052154,48456330,1,20,01:25:05,-79.5248739971259,43.7868145003871,,,36.3738722526786,68.4984956139622,1140.6571541995,79.938750686394,3
1052154,48456330,1,21,01:25:12,-79.524576,43.786238,,,36.3738722526786,68.4984956106661,1209.15564981017,86.7181934271993,3
1052154,48456330,1,22,01:25:18,-79.5242872420516,43.7856895010904,,,36.3738722526786,65.3197747809652,1274.47542459113,93.1830313630107,3
1052154,48456330,1,23,01:25:25,-79.5239984894023,43.7851410014539,,,36.3738722526786,65.3197747784201,1339.79519936955,99.6478692985702,3
1052154,48456330,1,24,01:25:31,-79.5237097420518,43.7845925010904,,,36.3738722526786,65.3197747809061,1405.11497415046,106.112707234376,3
1052154,48456330,1,25,01:25:38,-79.523421,43.784044,,,36.3738722526786,65.3197747809725,1470.43474893143,112.577545170188,3
1052154,48456330,1,26,01:25:46,-79.5230499955566,43.7833280006,15701,2,36.3738722526786,85.0992488982056,1555.53399782964,121,3
1052154,48456330,1,27,01:25:46,-79.5230499955566,43.7833280006,15701,2,1e-12,0,1555.53399782964,121,3
1052154,48456330,1,28,01:25:54,-79.522679,43.782612,,,40.0649287141203,85.0992488969227,1640.63324672656,128.646520432244,3
1052154,48456330,1,29,01:25:57,-79.522495,43.78226,,,40.0649287141203,41.8820615308303,1682.51530825739,132.409797351737,3
1052154,48456330,1,30,01:26:01,-79.522341,43.781966,,,40.0649287141203,34.9901010514275,1717.50540930882,135.553803040202,3
1052154,48456330,1,31,01:26:08,-79.52184,43.781286,,,40.0649287141203,85.740316636751,1803.24572594557,143.25792606747,3
1052154,48456330,1,32,01:26:12,-79.521589,43.781016,,,40.0649287141203,36.1985774305285,1839.4443033761,146.510518370323,3
1052154,48456330,1,33,01:26:14,-79.521348,43.780818,,,40.0649287141203,29.3427529435532,1868.78705631965,149.147086410929,3
1052154,48456330,1,34,01:26:17,-79.521134,43.780626,,,40.0649287141203,27.4343861368215,1896.22144245647,151.612179779677,3
1052154,48456330,1,35,01:26:19,-79.52088,43.780451,,,40.0649287141203,28.2180569495662,1924.43949940604,154.147689220947,3
1052154,48456330,1,36,01:26:23,-79.520504,43.780225,,,40.0649287141203,39.3215642325783,1963.76106363862,157.68089483944,3
1052154,48456330,1,37,01:26:27,-79.52005,43.779988,,,40.0649287141203,45.0278908159333,2008.78895445455,161.726837566408,3
1052154,48456330,1,38,01:26:30,-79.519727,43.779834,,,40.0649287141203,31.1100575194094,2039.89901197396,164.522205252421,3
1052154,48456330,1,39,01:26:32,-79.519481,43.779733,,,40.0649287141203,22.7450012527964,2062.64401322675,166.565937941785,3
1052154,48456330,1,40,01:26:33,-79.51925,43.779655,,,40.0649287141203,20.4962908316604,2083.14030405842,168.407614674083,3
1052154,48456330,1,41,01:26:38,-79.518724,43.779487,,,40.0649287141203,46.2282323930871,2129.3685364515,172.561413069747,3
1052154,48456330,1,42,01:26:44,-79.517947,43.779284,,,40.0649287141203,66.4131835321869,2195.78171998369,178.528913035162,3
1052154,48456330,1,43,01:26:50,-79.5171144898395,43.7790407590639,,,40.0649287141203,72.1832882327706,2267.96500821646,185.014880837381,3
1052154,48456330,1,44,01:26:57,-79.5162819864526,43.7787975120851,,,40.0649287141203,72.18328823148,2340.14829644794,191.500848639484,3
1052154,48456330,1,45,01:27:03,-79.5154494898394,43.7785542590638,,,40.0649287141203,72.183288232612,2412.33158468055,197.986816441688,3
1052154,48456330,1,46,01:27:09,-79.514617,43.778311,,,40.0649287141203,72.1832882327489,2484.5148729133,204.472784243905,3
1052154,48456330,1,47,01:27:17,-79.5136184953994,43.7780355043463,,,40.0649287141203,85.9151611419,2570.4300340552,212.192617775066,3
1052154,48456330,1,48,01:27:25,-79.51262,43.77776,,,40.0649287141203,85.9151611408336,2656.34519519603,219.912451306131,3
1052154,48456330,1,49,01:27:33,-79.511583734884,43.7774692640435,,,40.0649287141203,89.3579556777558,2745.70315087379,227.941634204104,3
1052154,48456330,1,50,01:27:41,-79.5105474798452,43.7771785187245,,,40.0649287141203,89.3579556769416,2835.06110655073,235.970817102004,3
1052154,48456330,1,51,01:27:49,-79.5095112348839,43.7768877640433,15692,3,40.0649287141203,89.3579556780157,2924.41906222875,244,3
1052154,48456330,1,52,01:27:49,-79.5095112348839,43.7768877640433,15692,3,1e-12,0,2924.41906222875,244,3
1052154,48456330,1,53,01:28:01,-79.508475,43.776597,,,27.5357565945682,89.3579556768728,3013.77701790562,255.682578589477,3
1052154,48456330,1,54,01:28:09,-79.5077554975574,43.7763940022568,,,27.5357565945682,62.090068262323,3075.86708616794,263.800178154126,3
1052154,48456330,1,55,01:28:17,-79.507036,43.776191,,,27.5357565945682,62.0900682644758,3137.95715443242,271.917777719057,3
1052154,48456330,1,56,01:28:29,-79.5059309942808,43.7758815053229,,,27.5357565945682,95.2664558091682,3233.22361024159,284.372828290671,3
1052154,48456330,1,57,01:28:42,-79.504826,43.775572,,,27.5357565945682,95.2664558107174,3328.4900660523,296.827878862488,3
1052154,48456330,1,58,01:28:49,-79.5042034946129,43.7753995050678,,,27.5357565945682,53.5943303809973,3382.0843964333,303.834753313494,3
1052154,48456330,1,59,01:28:56,-79.5035809928172,43.7752270067571,,,27.5357565945682,53.5943303797325,3435.67872681303,310.841627764334,3
1052154,48456330,1,60,01:29:03,-79.5029584946129,43.7750545050678,,,27.5357565945682,53.5943303798132,3489.27305719285,317.848502215185,3
1052154,48456330,1,61,01:29:10,-79.502336,43.774882,,,27.5357565945682,53.5943303804046,3542.86738757325,324.855376666113,3
1052154,48456330,1,62,01:29:20,-79.5014209960371,43.7746230036497,,,27.5357565945682,78.9971342191589,3621.86452179241,335.183390796114,3
1052154,48456330,1,63,01:29:31,-79.500506,43.774364,,,27.5357565945682,78.9971342213989,3700.86165601381,345.511404926408,3
1052154,48456330,1,64,01:29:41,-79.4995724960195,43.7741090037988,15695,4,27.5357565945682,80.2253891570593,3781.08704517087,356,3
1052154,48456330,1,65,01:29:41,-79.4995724960195,43.7741090037988,15695,4,1e-12,0,3781.08704517087,356,3
1052154,48456330,1,66,01:29:49,-79.498639,43.773854,,,36.7980687733812,80.225389157932,3861.3124343288,363.8485477797,3
1052154,48456330,1,67,01:29:54,-79.498027,43.773686,,,36.7980687733812,52.6282774813154,3913.94071181012,368.997236426909,3
1052154,48456330,1,68,01:30:00,-79.497375,43.773485,,,36.7980687733812,56.9853116986229,3970.92602350874,374.572179051709,3
1052154,48456330,1,69,01:30:06,-79.496685,43.773239,,,36.7980687733812,61.8555492434494,4032.78157275219,380.623582962272,3
1052154,48456330,1,70,01:30:08,-79.496402,43.773123,,,36.7980687733812,26.1576747792085,4058.9392475314,383.18262022548,3
1052154,48456330,1,71,01:30:11,-79.496141,43.773004,,,36.7980687733812,24.8119639990151,4083.75121153041,385.610004959894,3
1052154,48456330,1,72,01:30:14,-79.49575,43.772806,,,36.7980687733812,38.3879139435221,4122.13912547394,389.365541454153,3
1052154,48456330,1,73,01:30:18,-79.495381,43.772605,,,36.7980687733812,37.1542406941852,4159.29336616812,393.000386188066,3
1052154,48456330,1,74,01:30:20,-79.495195,43.772486,,,36.7980687733812,19.9755459806295,4179.26891214875,394.954618242284,3
1052154,48456330,1,75,01:30:23,-79.494889,43.772281,,,36.7980687733812,33.5529255609167,4212.82183770967,398.23714191936,3
1052154,48456330,1,76,01:30:28,-79.494509,43.771986,,,36.7980687733812,44.849266171468,4257.67110388113,402.624800391646,3
1052154,48456330,1,77,01:30:30,-79.494345,43.771852,,,36.7980687733812,19.9073096440905,4277.57841352522,404.572356801741,3
1052154,48456330,1,78,01:30:34,-79.494002,43.771546,,,36.7980687733812,43.8239647384138,4321.40237826364,408.859708782898,3
1052154,48456330,1,79,01:30:37,-79.493748,43.771308,,,36.7980687733812,33.4486765576718,4354.85105482131,412.132033652694,3
1052154,48456330,1,80,01:30:40,-79.493555,43.771081,,,36.7980687733812,29.6519943730945,4384.5030491944,415.032924468474,3
1052154,48456330,1,81,01:30:42,-79.493409,43.770902,,,36.7980687733812,23.1255607291014,4407.62860992351,417.295326311828,3
1052154,48456330,1,82,01:30:46,-79.493174,43.770566,,,36.7980687733812,41.9030243614442,4449.53163428495,421.394750350361,3
1052154,48456330,1,83,01:30:51,-79.492949,43.770212,,,36.7980687733812,43.3595657461567,4492.89120003111,425.636669611056,3
1052154,48456330,1,84,01:30:55,-79.492773,43.769819,,,36.7980687733812,45.9793653395344,4538.87056537064,430.134887064849,3
1052154,48456330,1,85,01:31:01,-79.492554,43.769301,,,36.7980687733812,60.2910058224138,4599.16157119305,436.033229782163,3
1052154,48456330,1,86,01:31:07,-79.4924272468388,43.7688037502101,,,36.7980687733812,56.2836013287216,4655.44517252178,441.53952322466,3
1052154,48456330,1,87,01:31:12,-79.4923004957852,43.7683065002801,,,36.7980687733812,56.2836013300359,4711.72877385181,447.045816667285,3
1052154,48456330,1,88,01:31:18,-79.4921737468389,43.7678092502101,,,36.7980687733812,56.2836013322744,4768.01237518409,452.552110110128,3
1052154,48456330,1,89,01:31:23,-79.492047,43.767312,,,36.7980687733812,56.2836013295398,4824.29597651363,458.058403552705,3
1052154,48456330,1,90,01:31:24,-79.492022,43.767207,,,36.7980687733812,11.8600680694444,4836.15604458307,459.218688493552,3
1052154,48456330,1,91,01:31:25,-79.492012,43.767165,,,36.7980687733812,4.74402739216672,4840.90007197524,459.682802485973,3
1052154,48456330,1,92,01:31:34,-79.49181,43.766339,,,36.7980687733812,93.372835521788,4934.27290749703,468.817580997001,3
1052154,48456330,1,93,01:31:37,-79.491736,43.766034,,,36.7980687733812,34.4696779918555,4968.74258548888,472.189791683787,3
1052154,48456330,1,94,01:31:41,-79.491659,43.765715,,,36.7980687733812,36.046407679907,5004.78899316879,475.716255761205,3
1052154,48456330,1,95,01:31:47,-79.4915074957966,43.7651617503002,,,36.7980687733812,62.7802868461242,5067.56928001491,481.858127880579,3
1052154,48456330,1,96,01:31:53,-79.4913559943955,43.7646085004002,15697,5,36.7980687733812,62.7802868466016,5130.34956686151,488,3
1052154,48456330,1,97,01:31:53,-79.4913559943955,43.7646085004002,15697,5,1e-12,0,5130.34956686151,488,3
1052154,48456330,1,98,01:31:58,-79.4912044957967,43.7640552503002,,,44.0859797912151,62.7802868434892,5193.129853705,493.126551200788,3
1052154,48456330,1,99,01:32:03,-79.491053,43.763502,,,44.0859797912151,62.7802868453214,5255.91014055032,498.253102401725,3
1052154,48456330,1,100,01:32:08,-79.4909316184779,43.7630427504496,,,44.0859797912151,52.0464525227087,5307.95659307303,502.503143570575,3
1052154,48456330,1,101,01:32:12,-79.4908102388193,43.7625835007707,,,44.0859797912151,52.0464525269946,5360.00304560003,506.753184739775,3
1052154,48456330,1,102,01:32:16,-79.4906888610243,43.7621242509633,,,44.0859797912151,52.0464525259297,5412.04949812596,511.003225908888,3
1052154,48456330,1,103,01:32:20,-79.4905674850928,43.7616650010275,,,44.0859797912151,52.0464525221046,5464.09595064806,515.253267077689,3
1052154,48456330,1,104,01:32:25,-79.4904461110246,43.7612057509633,,,44.0859797912151,52.0464525249937,5516.14240317306,519.503308246725,3
1052154,48456330,1,105,01:32:29,-79.4903247388198,43.7607465007706,,,44.0859797912151,52.0464525249307,5568.18885569799,523.753349415757,3
1052154,48456330,1,106,01:32:33,-79.4902033684783,43.7602872504495,,,44.0859797912151,52.0464525229949,5620.23530822098,528.00339058463,3
1052154,48456330,1,107,01:32:37,-79.490082,43.759828,,,44.0859797912151,52.0464525237917,5672.28176074477,532.253431753568,3
1052154,48456330,1,108,01:32:42,-79.48998,43.759325,,,44.0859797912151,56.5910640214147,5728.87282476619,536.874579597893,3
1052154,48456330,1,109,01:32:50,-79.489763,43.75847,,,44.0859797912151,96.7640593439618,5825.63688411015,544.776198554486,3
1052154,48456330,1,110,01:32:58,-79.489538,43.757613,,,44.0859797912151,97.1008796190064,5922.73776372916,552.705321787857,3
1052154,48456330,1,111,01:33:04,-79.48939,43.756974,,,44.0859797912151,72.1216234981987,5994.85938722735,558.59467359138,3
1052154,48456330,1,112,01:33:08,-79.489167,43.756491,,,44.0859797912151,56.6781562540117,6051.53754348137,563.222933266696,3
1052154,48456330,1,113,01:33:10,-79.489029,43.756272,,,44.0859797912151,26.7852888131273,6078.32283229449,565.410182822766,3
1052154,48456330,1,114,01:33:13,-79.488838,43.756024,,,44.0859797912151,31.5912532544967,6109.91408554899,567.989880773334,3
1052154,48456330,1,115,01:33:16,-79.488647,43.755753,,,44.0859797912151,33.8516318386642,6143.76571738765,570.754158105863,3
1052154,48456330,1,116,01:33:19,-79.48842,43.755489,,,44.0859797912151,34.5949888819337,6178.36070626959,573.579136944142,3
1052154,48456330,1,117,01:33:20,-79.488343,43.7554,,,44.0859797912151,11.6828449484731,6190.04355121806,574.533141868467,3
1052154,48456330,1,118,01:33:21,-79.488225,43.755298,,,44.0859797912151,14.7968601884622,6204.84041140652,575.741432960799,3
1052154,48456330,1,119,01:33:22,-79.488091,43.755156,,,44.0859797912151,19.130110620602,6223.97052202713,577.303571276888,3
1052154,48456330,1,120,01:33:25,-79.487807,43.754905,,,44.0859797912151,36.0855497240433,6260.05607175117,580.250267247393,3
1052154,48456330,1,121,01:33:29,-79.487446,43.754629,,,44.0859797912151,42.2674006332738,6302.32347238444,583.701764594178,3
1052154,48456330,1,122,01:33:35,-79.486749,43.754199,,,44.0859797912151,73.7034616703793,6376.02693405482,589.720287110178,3
1052154,48456330,1,123,01:33:39,-79.486193,43.753911,,,44.0859797912151,55.0139418307887,6431.04087588561,594.212649342543,3
1052154,48456330,1,124,01:33:43,-79.485661,43.753679,,,44.0859797912151,49.9686818362715,6481.00955772188,598.293022637238,3
1052154,48456330,1,125,01:33:47,-79.485146,43.753497,,,44.0859797912151,46.1008382643364,6527.11039598622,602.057553187259,3
1052154,48456330,1,126,01:33:49,-79.484862,43.753408,,,44.0859797912151,24.8925981377353,6552.00299412395,604.090248246329,3
1052154,48456330,1,127,01:33:51,-79.484602,43.753343,,,44.0859797912151,22.1230107430217,6574.12600486698,605.896782637808,3
1052154,48456330,1,128,01:33:53,-79.484302,43.753274,,,44.0859797912151,25.3159907662552,6599.44199563323,607.964051352037,3
1052154,48456330,1,129,01:33:56,-79.483819,43.753172,,,44.0859797912151,40.463272262387,6639.90526789562,611.268226076846,3
1052154,48456330,1,130,01:33:59,-79.483369,43.753111,,,44.0859797912151,36.8156917424492,6676.72095963807,614.274544432489,3
1052154,48456330,1,131,01:34:05,-79.482428,43.753043,,,44.0859797912151,76.0426253260639,6752.76358496413,620.484079810182,3
1052154,48456330,1,132,01:34:08,-79.482099,43.753034,,,44.0859797912151,26.4735603306833,6779.23714529481,622.645874050478,3
1052154,48456330,1,133,01:34:09,-79.481819,43.753034,,,44.0859797912151,22.5145513644446,6801.75169665926,624.484381106369,3
1052154,48456330,1,134,01:34:11,-79.481523,43.753051,,,44.0859797912151,23.8762091066304,6825.62790576589,626.434079246026,3
1052154,48456330,1,135,01:34:13,-79.481235,43.753075,,,44.0859797912151,23.3114159467615,6848.93932171265,628.337657159135,3
1052154,48456330,1,136,01:34:15,-79.480959,43.753099,,,44.0859797912151,22.3531297307162,6871.29245144337,630.16298274817,3
1052154,48456330,1,137,01:34:17,-79.480667,43.753136,,,44.0859797912151,23.8379576416411,6895.13040908501,632.109557326217,3
1052154,48456330,1,138,01:34:18,-79.480513,43.75316,,,44.0859797912151,12.6679119836251,6907.79832106863,633.144001459183,3
1052154,48456330,1,139,01:34:23,-79.479795,43.753302,,,44.0859797912151,59.8584659273009,6967.65678699593,638.031960814035,3
1052154,48456330,1,140,01:34:31,-79.4786325048855,43.753553505891,15699,6,44.0859797912151,97.5774484800208,7065.23423547596,646,3
1052154,48456330,1,141,01:34:31,-79.4786325048855,43.753553505891,15699,6,1e-12,0,7065.23423547596,646,3
1052154,48456330,1,142,01:34:40,-79.47747,43.753805,,,37.7334828281759,97.5774484830665,7162.81168395902,655.309472336244,3
1052154,48456330,1,143,01:34:45,-79.4768492542633,43.7539420050392,,,37.7334828281759,52.1910147076728,7215.00269866669,660.288807368825,3
1052154,48456330,1,144,01:34:50,-79.4762285056844,43.7540790067189,,,37.7334828281759,52.1910147092954,7267.19371337599,665.26814240156,3
1052154,48456330,1,145,01:34:55,-79.4756077542632,43.7542160050392,,,37.7334828281759,52.1910147083493,7319.38472808434,670.247477434206,3
1052154,48456330,1,146,01:35:00,-79.474987,43.754353,,,37.7334828281759,52.1910147088987,7371.57574279324,675.226812466903,3
1052154,48456330,1,147,01:35:04,-79.474561,43.754458,,,37.7334828281759,36.192874375517,7407.76861716875,678.679829203926,3
1052154,48456330,1,148,01:35:08,-79.473965,43.754588,,,37.7334828281759,50.0600095710762,7457.82862673983,683.455853597871,3
1052154,48456330,1,149,01:35:13,-79.473373,43.754698,,,37.7334828281759,49.150692866702,7506.97931960653,688.145123738289,3
1052154,48456330,1,150,01:35:17,-79.472942,43.754763,,,37.7334828281759,35.4026728883176,7542.38199249485,691.522750526103,3
1052154,48456330,1,151,01:35:20,-79.472488,43.75482,,,37.7334828281759,37.0520208878411,7579.43401338269,695.057734980191,3
1052154,48456330,1,152,01:35:25,-79.471843,43.754868,,,37.7334828281759,52.1368419720723,7631.57085535476,700.031901609711,3
1052154,48456330,1,153,01:35:28,-79.471502,43.754872,,,37.7334828281759,27.4222813916141,7658.99313674638,702.648151306548,3
1052154,48456330,1,154,01:35:31,-79.47106,43.754888,,,37.7334828281759,35.5843343769704,7694.57747112335,706.043109687157,3
1052154,48456330,1,155,01:35:36,-79.470455,43.754856,,,37.7334828281759,48.7762705565891,7743.35374167994,710.696657699232,3
1052154,48456330,1,156,01:35:39,-79.469989,43.75484,,,37.7334828281759,37.5118190531687,7780.86556073311,714.275509649007,3
1052154,48456330,1,157,01:35:48,-79.468861,43.75469,,,37.7334828281759,92.2231148825022,7873.08867561561,723.074146527792,3
1052154,48456330,1,158,01:35:54,-79.4680879985016,43.7545740026048,,,37.7334828281759,63.4818629696954,7936.5705385853,729.130696031361,3
1052154,48456330,1,159,01:36:00,-79.467315,43.754458,,,37.7334828281759,63.4818629703164,8000.05240155562,735.187245534988,3
1052154,48456330,1,160,01:36:03,-79.466971,43.75441,,,37.7334828281759,28.1714691164558,8028.22387067208,737.874972222744,3
1052154,48456330,1,161,01:36:06,-79.466536,43.754341,,,37.7334828281759,35.8106345429963,8064.03450521507,741.291520993018,3
1052154,48456330,1,162,01:36:09,-79.466147,43.754264,,,37.7334828281759,32.4317090068307,8096.4662142219,744.385700052933,3
1052154,48456330,1,163,01:36:11,-79.465944,43.754207,,,37.7334828281759,17.5126513282694,8113.97886555017,746.056511757987,3
1052154,48456330,1,164,01:36:13,-79.465672,43.75413,,,37.7334828281759,23.4905731189153,8137.46943866909,748.29765296441,3
1052154,48456330,1,165,01:36:15,-79.465482,43.754061,,,37.7334828281759,17.0996854709426,8154.56912414003,749.929065256133,3
1052154,48456330,1,166,01:36:17,-79.465218,43.753947,,,37.7334828281759,24.7317694834661,8179.3008936235,752.288624021114,3
1052154,48456330,1,167,01:36:19,-79.464987,43.753842,,,37.7334828281759,21.9459433519993,8201.2468369755,754.382398307123,3
1052154,48456330,1,168,01:36:21,-79.464857,43.753777,,,37.7334828281759,12.713086098112,8213.95992307361,755.595302776122,3
1052154,48456330,1,169,01:36:22,-79.464682,43.753659,,,37.7334828281759,19.2497236460243,8233.20964671963,757.431841572216,3
1052154,48456330,1,170,01:36:25,-79.464463,43.753517,,,37.7334828281759,23.6635793286199,8256.87322604825,759.689488606044,3
1052154,48456330,1,171,01:36:26,-79.464305,43.753395,,,37.7334828281759,18.5970038805781,8275.47022992883,761.463754031659,3
1052154,48456330,1,172,01:36:28,-79.464155,43.75327,,,37.7334828281759,18.4146835799164,8293.88491350875,763.220625009872,3
1052154,48456330,1,173,01:36:31,-79.46396,43.753063,,,37.7334828281759,27.8718561356637,8321.75676964441,765.879766826844,3
1052154,48456330,1,174,01:36:34,-79.463778,43.752832,,,37.7334828281759,29.5874813332431,8351.34425097765,768.702589551285,3
1052154,48456330,1,175,01:36:36,-79.463648,43.752657,,,37.7334828281759,22.1082792935141,8373.45253027117,770.811851657279,3
1052154,48456330,1,176,01:36:42,-79.4633894977,43.7521245002913,,,37.7334828281759,62.8163835270218,8436.26891379819,776.804910440827,3
1052154,48456330,1,177,01:36:48,-79.463131,43.751592,,,37.7334828281759,62.8163835282715,8499.08529732646,782.797969224495,3
1052154,48456330,1,178,01:36:57,-79.4628009954071,43.7507590004747,14436,7,37.7334828281759,96.4512972921857,8595.53659461865,792,3
1052154,48456330,1,179,01:36:57,-79.4628009954071,43.7507590004747,14436,7,1e-12,0,8595.53659461865,792,3
1052154,48456330,1,180,,-79.462471,43.749926,,,,96.4512972888741,8691.98789190752,,3
