shape_id,trip_id,route_type,id,timestamp,shape_pt_lon,shape_pt_lat,stop_id,stop_sequence,speed,dist,cumdist,cumtime,trip_number
1052441,48459580,1,1,,-79.385238,43.671065,,,1e-12,0,0,0,1
1052441,48459580,1,2,,-79.3861690005662,43.6710285037779,,,,75.0734221357464,75.0734221357464,,1
1052441,48459580,1,3,05:52:40,-79.3871,43.670992,14512,1,,75.0734221386743,150.146844274421,,1
1052441,48459580,1,4,05:52:40,-79.3871,43.670992,14512,1,1e-12,0,150.146844274421,0,1
1052441,48459580,1,5,05:52:49,-79.387713,43.670919,,,19.7833293816427,50.0228209074776,200.169665181898,9.10272238777065,1
1052441,48459580,1,6,05:53:00,-79.388381,43.670716,,,19.7833293816427,58.3412975951904,258.510962777089,19.7191695636224,1
1052441,48459580,1,7,05:53:13,-79.389168,43.670384,,,19.7833293816427,73.3590152144961,331.869977991585,33.068411729971,1
1052441,48459580,1,8,05:53:26,-79.389995,43.670173,,,19.7833293816427,70.6113524087224,402.481330400307,45.9176578688579,1
1052441,48459580,1,9,05:53:41,-79.391004,43.669969,,,19.7833293816427,84.3592690791773,486.840599479484,61.2686315511159,1
1052441,48459580,1,10,05:53:48,-79.391447,43.669881,14513,2,19.7833293816427,36.9913553370751,523.831954816559,68,1
1052441,48459580,1,11,05:53:48,-79.391447,43.669881,14513,2,1e-12,0,523.831954816559,68,1
1052441,48459580,1,12,05:53:56,-79.3922180057998,43.6697305077728,,,29.7088978764851,64.3026738924156,588.134628708975,75.7919291040386,1
1052441,48459580,1,13,05:54:04,-79.3929890077331,43.6695800103638,,,29.7088978764851,64.3026738899703,652.437302598945,83.583858207781,1
1052441,48459580,1,14,05:54:11,-79.3937600057999,43.6694295077728,,,29.7088978764851,64.302673887998,716.739976486943,91.3757873112843,1
1052441,48459580,1,15,05:54:19,-79.394531,43.669279,,,29.7088978764851,64.3026738897012,781.042650376645,99.167716414994,1
1052441,48459580,1,16,05:54:28,-79.3953980027879,43.6690860032763,,,29.7088978764851,73.0435778368538,854.086228213498,108.018831703953,1
1052441,48459580,1,17,05:54:37,-79.396265,43.668893,,,29.7088978764851,73.0435778365015,927.12980605,116.869946992869,1
1052441,48459580,1,18,05:54:45,-79.3970550020862,43.6687345027202,,,29.7088978764851,66.0142389219013,993.144044971901,124.869276389297,1
1052441,48459580,1,19,05:54:53,-79.397845,43.668576,,,29.7088978764851,66.0142389213956,1059.1582838933,132.868605785664,1
1052441,48459580,1,20,05:55:03,-79.398839,43.668374,,,29.7088978764851,83.1382364765682,1142.29652036987,142.94294959202,1
1052441,48459580,1,21,05:55:10,-79.3995325017157,43.6682255020963,14514,3,29.7088978764851,58.2381082999669,1200.53462866983,150,1
1052441,48459580,1,22,05:55:10,-79.3995325017157,43.6682255020963,14514,3,1e-12,0,1200.53462866983,150,1
1052441,48459580,1,23,05:55:17,-79.400226,43.668077,,,31.253597029771,58.2381083019506,1258.77273697178,156.708257922674,1
1052441,48459580,1,24,05:55:25,-79.4011015026328,43.6678965033409,,,31.253597029771,73.3057883088059,1332.07852528059,165.152112806332,1
1052441,48459580,1,25,05:55:34,-79.401977,43.667716,,,31.253597029771,73.305788308541,1405.38431358913,173.595967689959,1
1052441,48459580,1,26,05:55:44,-79.403097,43.667463,,,31.253597029771,94.4819542294918,1499.86626781862,184.47903612212,1
1052441,48459580,1,27,05:55:56,-79.404261,43.667218,,,31.253597029771,97.6174548479028,1597.48372266652,195.723272653284,1
1052441,48459580,1,28,05:56:02,-79.404909,43.667083,,,31.253597029771,54.3008146708534,1651.78453733738,201.978006552517,1
1052441,48459580,1,29,05:56:10,-79.405744,43.66692,14515,4,31.253597029771,69.6433751619711,1721.42791249935,210,1
1052441,48459580,1,30,05:56:10,-79.405744,43.66692,14515,4,1e-12,0,1721.42791249935,210,1
1052441,48459580,1,31,05:56:21,-79.406665,43.666724,,,26.4065586181279,77.3062803444347,1798.73419284378,220.539147234767,1
1052441,48459580,1,32,05:56:25,-79.407062,43.666636,,,26.4065586181279,33.4356883348749,1832.16988117866,225.097426855608,1
1052441,48459580,1,33,05:56:34,-79.407864,43.666472,,,26.4065586181279,67.1120732507799,1899.28195442944,234.246800206248,1
1052441,48459580,1,34,05:56:41,-79.4084670011803,43.6663545015848,,,26.4065586181279,50.2877393585645,1949.569693788,241.102516027035,1
1052441,48459580,1,35,05:56:48,-79.40907,43.666237,,,26.4065586181279,50.2877393600299,1999.85743314803,247.958231848021,1
1052441,48459580,1,36,05:56:57,-79.409854,43.666064,,,26.4065586181279,66.0042035805963,2065.86163672863,256.956569583974,1
1052441,48459580,1,37,05:57:04,-79.410511,43.665929,,,26.4065586181279,54.9985709247128,2120.86020765334,264.454511977461,1
1052441,48459580,1,38,05:57:16,-79.411486,43.665716,,,26.4065586181279,82.0153140566784,2202.87552171002,275.635640683924,1
1052441,48459580,1,39,05:57:24,-79.4122205017925,43.6655695023514,14516,5,26.4065586181279,61.3538734952904,2264.22939520531,284,1
1052441,48459580,1,40,05:57:24,-79.4122205017925,43.6655695023514,14516,5,1e-12,0,2264.22939520531,284,1
1052441,48459580,1,41,05:57:32,-79.412955,43.665423,,,26.3404447694889,61.3538734964266,2325.58326870174,292.385353646077,1
1052441,48459580,1,42,05:57:39,-79.4135615013488,43.6652895016033,,,26.3404447694889,51.0505400999036,2376.63380880164,299.362530605995,1
1052441,48459580,1,43,05:57:46,-79.414168,43.665156,,,26.3404447694889,51.0505401031449,2427.68434890479,306.339707566355,1
1052441,48459580,1,44,05:57:58,-79.415116,43.664846,,,26.3404447694889,83.777390650611,2511.4617395554,317.789727069881,1
1052441,48459580,1,45,05:58:07,-79.415883,43.664627,,,26.3404447694889,66.4019093431912,2577.86364889859,326.86500562829,1
1052441,48459580,1,46,05:58:14,-79.416533,43.664455,,,26.3404447694889,55.735183338191,2633.59883223678,334.48244192344,1
1052441,48459580,1,47,05:58:27,-79.417637,43.664218,,,26.3404447694889,92.7351767896621,2726.33400902644,347.156739543102,1
1052441,48459580,1,48,05:58:40,-79.418757,43.663981,14517,6,26.3404447694889,93.9714424236347,2820.30545145008,360,1
1052441,48459580,1,49,05:58:40,-79.418757,43.663981,14517,6,1e-12,0,2820.30545145008,360,1
1052441,48459580,1,50,05:58:45,-79.41929,43.663859,,,31.3152436137122,45.0191722814418,2865.32462373152,365.175403462045,1
1052441,48459580,1,51,05:58:56,-79.4203735041602,43.6636285051169,,,31.3152436137122,90.9479743091305,2956.27259804065,375.630781409975,1
1052441,48459580,1,52,05:59:06,-79.421457,43.663398,,,31.3152436137122,90.9479743070781,3047.22057234773,386.08615935767,1
1052441,48459580,1,53,05:59:17,-79.422602,43.663152,,,31.3152436137122,96.1869938011723,3143.4075661489,397.143814918509,1
1052441,48459580,1,54,05:59:23,-79.4232065013443,43.6630185015927,,,31.3152436137122,50.8982443091363,3194.30581045803,402.995076424668,1
1052441,48459580,1,55,05:59:29,-79.423811,43.662885,,,31.3152436137122,50.8982443079873,3245.20405476602,408.846337930694,1
1052441,48459580,1,56,05:59:40,-79.424975,43.662622,,,31.3152436137122,98.2029679600046,3343.40702272603,420.135749854707,1
1052441,48459580,1,57,05:59:42,-79.425188,43.662571,,,31.3152436137122,18.0681248367625,3361.47514756279,422.212861251786,1
1052441,48459580,1,58,05:59:52,-79.426202,43.66236,,,31.3152436137122,84.969145669564,3446.44429323235,431.980913136795,1
1052441,48459580,1,59,05:59:54,-79.426388,43.662321,,,31.3152436137122,15.5952226883892,3462.03951592074,433.773739734945,1
1052441,48459580,1,60,06:00:04,-79.427401,43.662111,,,31.3152436137122,84.8613486699585,3546.9008645907,443.529399278276,1
1052441,48459580,1,61,06:00:10,-79.428073,43.661972,14518,7,31.3152436137122,56.285677202181,3603.18654179288,450,1
1052441,48459580,1,62,06:00:10,-79.428073,43.661972,14518,7,1e-12,0,3603.18654179288,450,1
1052441,48459580,1,63,06:00:14,-79.428768,43.661791,,,48.3274156135784,59.4856863410862,3662.67222813397,454.431200553744,1
1052441,48459580,1,64,06:00:18,-79.42935,43.661602,,,48.3274156135784,51.3751173699217,3714.04734550389,458.258229584441,1
1052441,48459580,1,65,06:00:23,-79.430144,43.661366,,,48.3274156135784,69.129007579974,3783.17635308386,463.407779257815,1
1052441,48459580,1,66,06:00:28,-79.4308295019239,43.6611975020481,,,48.3274156135784,58.3045906868767,3841.48094377074,467.750997776907,1
1052441,48459580,1,67,06:00:32,-79.431515,43.661029,,,48.3274156135784,58.3045906881718,3899.78553445891,472.094216296096,1
1052441,48459580,1,68,06:00:36,-79.432055,43.660897,,,48.3274156135784,45.9031136633416,3945.68864812225,475.513625488372,1
1052441,48459580,1,69,06:00:40,-79.432818,43.660727,,,48.3274156135784,64.294761233591,4009.98340935584,480.303063067482,1
1052441,48459580,1,70,06:00:43,-79.4333,43.66063,,,48.3274156135784,40.2908479652465,4050.27425732109,483.304404042027,1
1052441,48459580,1,71,06:00:48,-79.434128,43.660455,,,48.3274156135784,69.4689551989674,4119.74321252006,488.479277052327,1
1052441,48459580,1,72,06:00:50,-79.434405,43.660414,,,48.3274156135784,22.7698725027654,4142.51308502282,490.175447641406,1
1052441,48459580,1,73,06:00:54,-79.435031501367,43.6602830017108,,,48.3274156135784,52.5194991412955,4195.03258416412,494.087723820634,1
1052441,48459580,1,74,06:00:58,-79.435658,43.660152,14519,8,48.3274156135784,52.5194991431408,4247.55208330726,498,1
1052441,48459580,1,75,06:00:58,-79.435658,43.660152,14519,8,1e-12,0,4247.55208330726,498,1
1052441,48459580,1,76,06:00:58,-79.435735,43.660136,,,46.6745753967058,6.4518250428107,4254.00390835007,498.497627883204,1
1052441,48459580,1,77,06:01:05,-79.436733,43.659919,,,46.6745753967058,83.9245596126041,4337.92846796267,504.970711184712,1
1052441,48459580,1,78,06:01:12,-79.4379,43.659696,,,46.6745753967058,97.2066828875315,4435.13515085021,512.468241808629,1
1052441,48459580,1,79,06:01:18,-79.438801,43.659515,,,46.6745753967058,75.3071283084121,4510.44227915862,518.276664479988,1
1052441,48459580,1,80,06:01:23,-79.439503,43.659409,,,46.6745753967058,57.7536665246773,4568.1959456833,522.731192404917,1
1052441,48459580,1,81,06:01:25,-79.439853,43.65939,,,46.6745753967058,28.2664269163263,4596.46237259962,524.911375856697,1
1052441,48459580,1,82,06:01:27,-79.440129,43.659404,,,46.6745753967058,22.2821778688668,4618.74455046849,526.629995461614,1
1052441,48459580,1,83,06:01:30,-79.440663,43.659387,,,46.6745753967058,43.047210308883,4661.79176077737,529.950217569578,1
1052441,48459580,1,84,06:01:34,-79.441379,43.659344,,,46.6745753967058,57.8612966939223,4719.65305747129,534.4130469864,1
1052441,48459580,1,85,06:01:40,-79.4422755007839,43.659291503503,14520,9,46.6745753967058,72.4357387975333,4792.08879626883,540,1
1052441,48459580,1,86,06:01:40,-79.4422755007839,43.659291503503,14520,9,1e-12,0,4792.08879626883,540,1
1052441,48459580,1,87,06:01:50,-79.443172,43.659239,,,25.8665590679783,72.4357388001638,4864.52453506899,550.081304552155,1
1052441,48459580,1,88,06:01:56,-79.443692,43.659191,,,25.8665590679783,42.2177390861907,4906.74227415518,555.956993711693,1
1052441,48459580,1,89,06:02:01,-79.444172,43.65915,,,25.8665590679783,38.9253598235908,4945.66763397877,561.374463232732,1
1052441,48459580,1,90,06:02:08,-79.444757,43.659049,,,25.8665590679783,48.4360956440116,4994.10372962278,568.115597368904,1
1052441,48459580,1,91,06:02:17,-79.4454985022353,43.6588680023964,,,25.8665590679783,63.0246489334311,5057.12837855622,576.887105614901,1
1052441,48459580,1,92,06:02:26,-79.44624,43.658687,,,25.8665590679783,63.0246489349451,5120.15302749116,585.658613861109,1
1052441,48459580,1,93,06:02:35,-79.4470240023503,43.658507002679,,,25.8665590679783,66.2434193285192,5186.39644681968,594.878097169884,1
1052441,48459580,1,94,06:02:44,-79.447808,43.658327,,,25.8665590679783,66.243419330797,5252.63986615048,604.097580478976,1
1052441,48459580,1,95,06:02:58,-79.44898000568,43.6580360059868,,,25.8665590679783,99.7929965171092,5352.43286266759,617.986354262821,1
1052441,48459580,1,96,06:03:12,-79.450152,43.657745,,,25.8665590679783,99.7929965193217,5452.22585918691,631.875128046973,1
1052441,48459580,1,97,06:03:25,-79.451275,43.657456,,,25.8665590679783,95.9947185354241,5548.22057772233,645.235273314819,1
1052441,48459580,1,98,06:03:36,-79.4521455033199,43.6572270033028,,,25.8665590679783,74.5988929632605,5622.81947068559,655.617636657464,1
1052441,48459580,1,99,06:03:46,-79.453016,43.656998,14521,10,25.8665590679783,74.5988929624778,5697.41836364807,666,1
1052441,48459580,1,100,06:03:46,-79.453016,43.656998,14521,10,1e-12,0,5697.41836364807,666,1
1052441,48459580,1,101,06:03:52,-79.453457,43.656891,,,24.069082279579,37.4613836439743,5734.87974729205,671.603079483954,1
1052441,48459580,1,102,06:04:01,-79.454227,43.656714,,,24.069082279579,65.0693983063793,5799.94914559842,681.335475226425,1
1052441,48459580,1,103,06:04:16,-79.455369,43.656457,,,24.069082279579,96.3218250509796,5896.2709706494,695.742280029188,1
1052441,48459580,1,104,06:04:28,-79.4563415036278,43.6562330041221,,,24.069082279579,82.1977393566451,5978.46871000605,708.036552749963,1
1052441,48459580,1,105,06:04:40,-79.457314,43.656009,,,24.069082279579,82.1977393578497,6060.6664493639,720.330825470919,1
1052441,48459580,1,106,06:04:42,-79.45747,43.655972,,,24.069082279579,13.2220423654322,6073.88849172933,722.308439405786,1
1052441,48459580,1,107,06:04:52,-79.4582720022304,43.6558050028034,,,24.069082279579,67.2148001276104,6141.10329185694,732.361721772297,1
1052441,48459580,1,108,06:05:02,-79.459074,43.655638,,,24.069082279579,67.2148001292507,6208.31809198619,742.415004139053,1
1052441,48459580,1,109,06:05:04,-79.459235,43.655609,,,24.069082279579,13.3627361521198,6221.68082813831,744.413661569729,1
1052441,48459580,1,110,06:05:13,-79.459875,43.655461,,,24.069082279579,54.1145417113765,6275.79536984969,752.507545162717,1
1052441,48459580,1,111,06:05:20,-79.460467,43.655323,14522,11,24.069082279579,50.0934755429436,6325.88884539263,760,1
1052441,48459580,1,112,06:05:20,-79.460467,43.655323,14522,11,1e-12,0,6325.88884539263,760,1
1052441,48459580,1,113,06:05:28,-79.461455,43.655112,,,35.9470090229758,82.96816830161,6408.85701369424,768.309047511989,1
1052441,48459580,1,114,06:05:34,-79.4621075015919,43.6549655018557,,,35.9470090229758,55.0251072755134,6463.88212096975,773.819669718839,1
1052441,48459580,1,115,06:05:39,-79.46276,43.654819,,,35.9470090229758,55.0251072734111,6518.90722824317,779.330291925478,1
1052441,48459580,1,116,06:05:45,-79.4634420017149,43.6546680020273,,,35.9470090229758,57.4434802761037,6576.35070851927,785.083107934782,1
1052441,48459580,1,117,06:05:51,-79.464124,43.654517,,,35.9470090229758,57.4434802787443,6633.79418879801,790.835923944351,1
1052441,48459580,1,118,06:05:58,-79.4649210024022,43.6543360027686,,,35.9470090229758,67.279597862841,6701.07378666086,797.573801695221,1
1052441,48459580,1,119,06:06:04,-79.465718,43.654155,,,35.9470090229758,67.2795978638795,6768.35338452473,804.311679446195,1
1052441,48459580,1,120,06:06:11,-79.466551,43.65398,,,35.9470090229758,69.8625034760457,6838.21588800078,811.308228515215,1
1052441,48459580,1,121,06:06:18,-79.467322,43.653817,,,35.9470090229758,64.6947374455758,6902.91062544636,817.787239179363,1
1052441,48459580,1,122,06:06:25,-79.4682275028724,43.6536265035737,,,35.9470090229758,75.9518403447211,6978.86246579108,825.393619589656,1
1052441,48459580,1,123,06:06:33,-79.469133,43.653436,14523,12,35.9470090229758,75.9518403452296,7054.81430613631,833,1
1052441,48459580,1,124,06:06:33,-79.469133,43.653436,14523,12,1e-12,0,7054.81430613631,833,1
1052441,48459580,1,125,06:06:39,-79.4697915016009,43.6532900018899,,,32.491236139698,55.4719058441618,7110.28621198047,839.146237717161,1
1052441,48459580,1,126,06:06:45,-79.47045,43.653144,,,32.491236139698,55.4719058431305,7165.7581178236,845.292475434207,1
1052441,48459580,1,127,06:06:56,-79.4716,43.652876,,,32.491236139698,97.3109209441542,7263.06903876775,856.0744387271,1
1052441,48459580,1,128,06:07:02,-79.472209,43.652744,,,32.491236139698,51.2047604361942,7314.27379920395,861.747880537,1
1052441,48459580,1,129,06:07:12,-79.47329,43.652496,,,32.491236139698,91.3399658329595,7405.61376503691,871.868267326375,1
1052441,48459580,1,130,06:07:18,-79.4738995013752,43.6523605016191,,,32.491236139698,51.3567715043392,7456.97053654125,877.558551827116,1
1052441,48459580,1,131,06:07:23,-79.474509,43.652225,,,32.491236139698,51.3567715039224,7508.32730804517,883.24883632781,1
1052441,48459580,1,132,06:07:26,-79.474795,43.652156,,,32.491236139698,24.2825642562725,7532.60987230144,885.939322800738,1
1052441,48459580,1,133,06:07:33,-79.475602,43.651979,,,32.491236139698,67.9203117922122,7600.53018409365,893.464832799824,1
1052441,48459580,1,134,06:07:37,-79.47594,43.651902,,,32.491236139698,28.5416639528454,7629.0718480465,896.627223722363,1
1052441,48459580,1,135,06:07:39,-79.476218,43.651846,,,32.491236139698,23.2430625009254,7652.31491054742,899.202534327462,1
1052441,48459580,1,136,06:07:44,-79.476736,43.651742,14524,13,32.491236139698,43.2987750107051,7695.61368555813,904,1
1052441,48459580,1,137,06:07:44,-79.476736,43.651742,14524,13,1e-12,0,7695.61368555813,904,1
1052441,48459580,1,138,06:07:52,-79.477665,43.651519,,,34.1318924343676,78.8368662580109,7774.45055181614,912.315176753665,1
1052441,48459580,1,139,06:07:56,-79.478112,43.651432,,,34.1318924343676,37.2836390565685,7811.73419087271,916.247601563152,1
1052441,48459580,1,140,06:08:01,-79.478593,43.651316,,,34.1318924343676,40.8377574658049,7852.57194833851,920.554890623071,1
1052441,48459580,1,141,06:08:09,-79.479516,43.651108,,,34.1318924343676,77.8660680677968,7930.43801640631,928.767674182702,1
1052441,48459580,1,142,06:08:15,-79.4802090016904,43.6509615020932,,,34.1318924343676,58.152060983204,7988.59007738951,934.901158282422,1
1052441,48459580,1,143,06:08:21,-79.480902,43.650815,,,34.1318924343676,58.1520609832542,8046.74213837277,941.034642382147,1
1052441,48459580,1,144,06:08:27,-79.481556,43.650644,,,34.1318924343676,56.0112567893457,8102.75339516211,946.942329007768,1
1052441,48459580,1,145,06:08:32,-79.482044,43.65045,,,34.1318924343676,44.8487409782972,8147.60213614041,951.672669343638,1
1052441,48459580,1,146,06:08:36,-79.482518,43.650257,,,34.1318924343676,43.8091996849369,8191.41133582535,956.29336593024,1
1052441,48459580,1,147,06:08:41,-79.483042,43.650123,,,34.1318924343676,44.7651426761479,8236.1764785015,961.014888885465,1
1052441,48459580,1,148,06:08:50,-79.484045,43.649885,,,34.1318924343676,85.0223835195246,8321.19886202102,969.982471953379,1
1052441,48459580,1,149,06:08:57,-79.48483,43.649699,14525,14,34.1318924343676,66.5337534562298,8387.73261547725,977,1
1052441,48459580,1,150,06:08:57,-79.48483,43.649699,14525,14,1e-12,0,8387.73261547725,977,1
1052441,48459580,1,151,06:08:59,-79.485071,43.649604,,,36.1857672148918,22.1057772096055,8409.83839268686,979.199229257238,1
1052441,48459580,1,152,06:09:02,-79.485372,43.649441,,,36.1857672148918,30.2830347586143,8440.12142744547,982.211986302945,1
1052441,48459580,1,153,06:09:06,-79.485698,43.649235,,,36.1857672148918,34.8624439299654,8474.98387137543,985.680333330177,1
1052441,48459580,1,154,06:09:09,-79.485977,43.649065,,,36.1857672148918,29.3797128414683,8504.3635842169,988.603221923396,1
1052441,48459580,1,155,06:09:11,-79.486184,43.648919,,,36.1857672148918,23.2842711222576,8527.64785533916,990.919695567366,1
1052441,48459580,1,156,06:09:12,-79.486267,43.648838,,,36.1857672148918,11.2250088388535,8538.87286417801,992.036433857863,1
1052441,48459580,1,157,06:09:13,-79.486397,43.648758,,,36.1857672148918,13.7462235075083,8552.61908768552,993.40399929687,1
1052441,48459580,1,158,06:09:15,-79.48655,43.648694,,,36.1857672148918,14.2351373411861,8566.85422502671,994.820205125088,1
1052441,48459580,1,159,06:09:16,-79.486697,43.648641,,,36.1857672148918,13.2292167327745,8580.08344175948,996.136335302878,1
1052441,48459580,1,160,06:09:19,-79.487069,43.648543,,,36.1857672148918,31.8884753996106,8611.97191715909,999.308812226107,1
1052441,48459580,1,161,06:09:23,-79.487444,43.648444,,,36.1857672148918,32.1536797501054,8644.1255969092,1002.50767343618,1
1052441,48459580,1,162,06:09:25,-79.487763,43.648389,,,36.1857672148918,26.4146653489801,8670.54026225818,1005.13557944938,1
1052441,48459580,1,163,06:09:28,-79.48812,43.648358,,,36.1857672148918,28.9625310483789,8699.50279330656,1008.0169640323,1
1052441,48459580,1,164,06:09:31,-79.488507,43.648342,,,36.1857672148918,31.2235497714963,8730.72634307806,1011.12328974622,1
1052441,48459580,1,165,06:09:37,-79.489268,43.64837,,,36.1857672148918,61.3774592969367,8792.10380237499,1017.22952627167,1
1052441,48459580,1,166,06:09:43,-79.490041,43.64838,,,36.1857672148918,62.2747899790068,8854.378592354,1023.42503520182,1
1052441,48459580,1,167,06:09:51,-79.490968,43.64847,,,36.1857672148918,75.3385497656664,8929.71714211966,1030.92021355595,1
1052441,48459580,1,168,06:09:56,-79.491482,43.648651,,,36.1857672148918,46.0448819879676,8975.76202410763,1035.50106365019,1
1052441,48459580,1,169,06:10:01,-79.4921369919193,43.6488980056097,,,36.1857672148918,59.4942868252668,9035.2563109329,1041.4199496945,1
1052441,48459580,1,170,06:10:07,-79.4927919892257,43.6491450074796,,,36.1857672148918,59.4942868252561,9094.75059775816,1047.33883573881,1
1052441,48459580,1,171,06:10:13,-79.4934469919193,43.6493920056097,,,36.1857672148918,59.4942868257917,9154.24488458395,1053.25772178318,1
1052441,48459580,1,172,06:10:19,-79.494102,43.649639,,,36.1857672148918,59.494286826874,9213.73917141082,1059.17660782765,1
1052441,48459580,1,173,06:10:21,-79.494318,43.649715,,,36.1857672148918,19.3462776857977,9233.08544909662,1061.10130377939,1
1052441,48459580,1,174,06:10:27,-79.494989,43.649934,14526,15,36.1857672148918,59.2913467529275,9292.37679584955,1067,1
1052441,48459580,1,175,06:10:27,-79.494989,43.649934,14526,15,1e-12,0,9292.37679584955,1067,1
1052441,48459580,1,176,06:10:30,-79.49534,43.650053,,,36.3393592895811,31.2217525666132,9323.59854841616,1070.09301846365,1
1052441,48459580,1,177,06:10:35,-79.495876,43.650213,,,36.3393592895811,46.7030149338675,9370.30156335003,1074.71970580896,1
1052441,48459580,1,178,06:10:37,-79.496177,43.650284,,,36.3393592895811,25.5004388808422,9395.80200223087,1077.24593581867,1
1052441,48459580,1,179,06:10:42,-79.496691,43.650399,,,36.3393592895811,43.3351915158405,9439.13719374671,1081.53898590285,1
1052441,48459580,1,180,06:10:45,-79.49711,43.65049,,,36.3393592895811,35.2366488403346,9474.37384258704,1085.02974463677,1
1052441,48459580,1,181,06:10:48,-79.497487,43.650586,,,36.3393592895811,32.1916957900432,9506.56553837709,1088.21885163012,1
1052441,48459580,1,182,06:10:51,-79.497866,43.650645,,,36.3393592895811,31.2256960755333,9537.79123445262,1091.31226076197,1
1052441,48459580,1,183,06:10:56,-79.498402,43.65066,,,36.3393592895811,43.2052268062253,9580.99646125885,1095.59243574422,1
1052441,48459580,1,184,06:10:58,-79.498725,43.650678,,,36.3393592895811,26.0935753947008,9607.09003665355,1098.17742549796,1
1052441,48459580,1,185,06:11:01,-79.499106,43.650697,,,36.3393592895811,30.7610157945441,9637.85105244809,1101.22480054874,1
1052441,48459580,1,186,06:11:05,-79.499518,43.650689,,,36.3393592895811,33.1971011898591,9671.04815363795,1104.51350917266,1
1052441,48459580,1,187,06:11:06,-79.499716,43.650663,,,36.3393592895811,16.2087136718217,9687.25686730977,1106.11924384601,1
1052441,48459580,1,188,06:11:09,-79.500071,43.650602,,,36.3393592895811,29.3892743822747,9716.64614169205,1109.03072577207,1
1052441,48459580,1,189,06:11:19,-79.5012095048811,43.6503445056494,,,36.3393592895811,96.0783855435681,9812.72452723561,1118.54884042017,1
1052441,48459580,1,190,06:11:28,-79.502348,43.650087,,,36.3393592895811,96.0783855434522,9908.80291277906,1128.06695506826,1
1052441,48459580,1,191,06:11:38,-79.503508,43.649831,,,36.3393592895811,97.6843711339997,10006.4872839131,1137.74416850728,1
1052441,48459580,1,192,06:11:47,-79.504612,43.649563,,,36.3393592895811,93.7958691657328,10100.2831530788,1147.03616307179,1
1052441,48459580,1,193,06:11:57,-79.505758,43.649317,,,36.3393592895811,96.2845803465368,10196.5677334253,1156.5747046428,1
1052441,48459580,1,194,06:12:02,-79.506433,43.649152,,,36.3393592895811,57.3889514505252,10253.9566848759,1162.26000645496,1
1052441,48459580,1,195,06:12:10,-79.507392,43.648898,,,36.3393592895811,82.2585196456021,10336.2152045215,1170.40904035411,1
1052441,48459580,1,196,06:12:16,-79.508035,43.648701,,,36.3393592895811,56.2444644447353,10392.4596689662,1175.98096225806,1
1052441,48459580,1,197,06:12:21,-79.508699,43.648571,,,36.3393592895811,55.407928467079,10447.8675974333,1181.47001177299,1
1052441,48459580,1,198,06:12:23,-79.50889,43.648549,,,36.3393592895811,15.5786292204706,10463.4462266537,1183.01332641283,1
1052441,48459580,1,199,06:12:31,-79.5098065022583,43.648401003661,,,36.3393592895811,75.639738339144,10539.0859649929,1190.50666320644,1
1052441,48459580,1,200,06:12:38,-79.510723,43.648253,14527,16,36.3393592895811,75.6397383386298,10614.7257033315,1198,1
1052441,48459580,1,201,06:12:38,-79.510723,43.648253,14527,16,1e-12,0,10614.7257033315,1198,1
1052441,48459580,1,202,06:12:43,-79.511291,43.648113,,,34.970020765401,48.3338224611556,10663.0595257927,1202.97574085035,1
1052441,48459580,1,203,06:12:48,-79.511843,43.647959,,,34.970020765401,47.6539997960622,10710.7135255887,1207.88149713848,1
1052441,48459580,1,204,06:12:56,-79.512756,43.647746,,,34.970020765401,77.2703175926471,10787.9838431814,1215.83611475795,1
1052441,48459580,1,205,06:13:06,-79.513893,43.647499,,,34.970020765401,95.6244121507956,10883.6082553322,1225.68020052651,1
1052441,48459580,1,206,06:13:07,-79.514056,43.647457,,,34.970020765401,13.93738422174,10897.5456395539,1227.1149890139,1
1052441,48459580,1,207,06:13:11,-79.514537,43.647346,,,34.970020765401,40.6676289152559,10938.2132684692,1231.30153111169,1
1052441,48459580,1,208,06:13:14,-79.514874,43.647296,,,34.970020765401,27.7104423546702,10965.9237108238,1234.15419148459,1
1052441,48459580,1,209,06:13:20,-79.5154915014855,43.6471515016619,,,34.970020765401,52.2767165179275,11018.2004273418,1239.53583482781,1
1052441,48459580,1,210,06:13:25,-79.516109,43.647007,,,34.970020765401,52.2767165192155,11070.477143861,1244.91747817117,1
1052441,48459580,1,211,06:13:30,-79.5167185013851,43.6468705016191,,,34.970020765401,51.3938636782507,11121.8710075392,1250.20823594575,1
1052441,48459580,1,212,06:13:35,-79.517328,43.646734,,,34.970020765401,51.3938636794431,11173.2648712187,1255.49899372045,1
1052441,48459580,1,213,06:13:36,-79.517364,43.646731,,,34.970020765401,2.91903141028697,11176.183902629,1255.7994943449,1
1052441,48459580,1,214,06:13:44,-79.5183390027593,43.6465610041433,,,34.970020765401,80.7860339139781,11256.9699365429,1264.1160385083,1
1052441,48459580,1,215,06:13:52,-79.519314,43.646391,,,34.970020765401,80.7860339166581,11337.7559704596,1272.43258267197,1
1052441,48459580,1,216,06:13:58,-79.5199345009762,43.6462965016781,,,34.970020765401,51.07778146385,11388.8337519235,1277.69080126164,1
1052441,48459580,1,217,06:14:03,-79.520555,43.646202,,,34.970020765401,51.0777814616615,11439.9115333851,1282.94901985109,1
1052441,48459580,1,218,06:14:12,-79.521555,43.646012,,,34.970020765401,83.2831319085302,11523.1946652937,1291.52262856817,1
1052441,48459580,1,219,06:14:17,-79.5221900014324,43.6458765017574,,,34.970020765401,53.3287736830459,11576.5234389767,1297.01257627357,1
1052441,48459580,1,220,06:14:23,-79.522825,43.645741,,,34.970020765401,53.328773682207,11629.8522126589,1302.50252397889,1
1052441,48459580,1,221,06:14:32,-79.523966,43.645463,,,34.970020765401,96.9814366752024,11726.8336493341,1312.48630907221,1
1052441,48459580,1,222,06:14:39,-79.52468,43.645305,,,34.970020765401,60.1445070227738,11786.9781563569,1318.67790463158,1
1052441,48459580,1,223,06:14:42,-79.525063,43.64522,14528,17,34.970020765401,32.2704844495655,11819.2486408064,1322,1
1052441,48459580,1,224,06:14:42,-79.525063,43.64522,14528,17,1e-12,0,11819.2486408064,1322,1
1052441,48459580,1,225,06:14:56,-79.526163,43.645004,,,23.6496745184755,91.8138511360474,11911.0624919425,1335.97608511828,1
1052441,48459580,1,226,06:15:04,-79.5267740014036,43.6448660016271,,,23.6496745184755,51.5603747630309,11962.6228667055,1343.8247068404,1
1052441,48459580,1,227,06:15:12,-79.527385,43.644728,,,23.6496745184755,51.5603747651791,12014.1832414707,1351.67332856286,1
1052441,48459580,1,228,06:15:16,-79.527736,43.644646,,,23.6496745184755,29.7116063787157,12043.8948478494,1356.19608776108,1
1052441,48459580,1,229,06:15:24,-79.528322,43.644431,,,23.6496745184755,52.9258073157279,12096.8206551651,1364.25255831368,1
1052441,48459580,1,230,06:15:30,-79.528702,43.644214,,,23.6496745184755,38.9943100972414,12135.8149652624,1370.18834894117,1
1052441,48459580,1,231,06:15:37,-79.529119,43.643969,,,23.6496745184755,43.2692228796953,12179.0841881421,1376.77487520584,1
1052441,48459580,1,232,06:15:44,-79.529518,43.643644,,,23.6496745184755,48.3942056883195,12227.4783938304,1384.1415364401,1
1052441,48459580,1,233,06:15:56,-79.5300570153689,43.6430730037987,,,23.6496745184755,76.9782273679457,12304.4566211983,1395.85931371048,1
1052441,48459580,1,234,06:16:08,-79.5305960204916,43.6425020050648,,,23.6496745184755,76.9782273702423,12381.4348485686,1407.57709098122,1
1052441,48459580,1,235,06:16:19,-79.5311350153685,43.6419310037986,,,23.6496745184755,76.9782273659529,12458.4130759345,1419.2948682513,1
1052441,48459580,1,236,06:16:31,-79.531674,43.64136,,,23.6496745184755,76.9782273690645,12535.3913033036,1431.01264552185,1
1052441,48459580,1,237,06:16:43,-79.5322200151855,43.640803003898,,,23.6496745184755,76.0222708546557,12611.4135741583,1442.58490521037,1
1052441,48459580,1,238,06:16:54,-79.5327660202471,43.6402460051972,,,23.6496745184755,76.0222708561215,12687.4358450144,1454.15716489912,1
1052441,48459580,1,239,06:17:06,-79.5333120151852,43.6396890038979,,,23.6496745184755,76.0222708564369,12763.4581158708,1465.72942458791,1
1052441,48459580,1,240,06:17:17,-79.533858,43.639132,,,23.6496745184755,76.0222708562104,12839.480386727,1477.30168427666,1
1052441,48459580,1,241,06:17:32,-79.5346300085249,43.6384685025975,14529,18,23.6496745184755,96.5584396740876,12936.0388264011,1492,1
1052441,48459580,1,242,06:17:32,-79.5346300085249,43.6384685025975,14529,18,1e-12,0,12936.0388264011,1492,1
1052441,48459580,1,243,,-79.535402,43.637805,,,,96.5584396736368,13032.5972660748,,1
1052441,48459588,1,1,,-79.385238,43.671065,,,1e-12,0,0,0,2
1052441,48459588,1,2,,-79.3861690005662,43.6710285037779,,,,75.0734221357464,75.0734221357464,,2
1052441,48459588,1,3,05:54:40,-79.3871,43.670992,14512,1,,75.0734221386743,150.146844274421,,2
1052441,48459588,1,4,05:54:40,-79.3871,43.670992,14512,1,1e-12,0,150.146844274421,0,2
1052441,48459588,1,5,05:54:49,-79.387713,43.670919,,,19.7833293816427,50.0228209074776,200.169665181898,9.10272238777065,2
1052441,48459588,1,6,05:55:00,-79.388381,43.670716,,,19.7833293816427,58.3412975951904,258.510962777089,19.7191695636224,2
1052441,48459588,1,7,05:55:13,-79.389168,43.670384,,,19.7833293816427,73.3590152144961,331.869977991585,33.068411729971,2
1052441,48459588,1,8,05:55:26,-79.389995,43.670173,,,19.7833293816427,70.6113524087224,402.481330400307,45.9176578688579,2
1052441,48459588,1,9,05:55:41,-79.391004,43.669969,,,19.7833293816427,84.3592690791773,486.840599479484,61.2686315511159,2
1052441,48459588,1,10,05:55:48,-79.391447,43.669881,14513,2,19.7833293816427,36.9913553370751,523.831954816559,68,2
1052441,48459588,1,11,05:55:48,-79.391447,43.669881,14513,2,1e-12,0,523.831954816559,68,2
1052441,48459588,1,12,05:55:56,-79.3922180057998,43.6697305077728,,,29.7088978764851,64.3026738924156,588.134628708975,75.7919291040386,2
1052441,48459588,1,13,05:56:04,-79.3929890077331,43.6695800103638,,,29.7088978764851,64.3026738899703,652.437302598945,83.583858207781,2
1052441,48459588,1,14,05:56:11,-79.3937600057999,43.6694295077728,,,29.7088978764851,64.302673887998,716.739976486943,91.3757873112843,2
1052441,48459588,1,15,05:56:19,-79.394531,43.669279,,,29.7088978764851,64.3026738897012,781.042650376645,99.167716414994,2
1052441,48459588,1,16,05:56:28,-79.3953980027879,43.6690860032763,,,29.7088978764851,73.0435778368538,854.086228213498,108.018831703953,2
1052441,48459588,1,17,05:56:37,-79.396265,43.668893,,,29.7088978764851,73.0435778365015,927.12980605,116.869946992869,2
1052441,48459588,1,18,05:56:45,-79.3970550020862,43.6687345027202,,,29.7088978764851,66.0142389219013,993.144044971901,124.869276389297,2
1052441,48459588,1,19,05:56:53,-79.397845,43.668576,,,29.7088978764851,66.0142389213956,1059.1582838933,132.868605785664,2
1052441,48459588,1,20,05:57:03,-79.398839,43.668374,,,29.7088978764851,83.1382364765682,1142.29652036987,142.94294959202,2
1052441,48459588,1,21,05:57:10,-79.3995325017157,43.6682255020963,14514,3,29.7088978764851,58.2381082999669,1200.53462866983,150,2
1052441,48459588,1,22,05:57:10,-79.3995325017157,43.6682255020963,14514,3,1e-12,0,1200.53462866983,150,2
1052441,48459588,1,23,05:57:17,-79.400226,43.668077,,,31.253597029771,58.2381083019506,1258.77273697178,156.708257922674,2
1052441,48459588,1,24,05:57:25,-79.4011015026328,43.6678965033409,,,31.253597029771,73.3057883088059,1332.07852528059,165.152112806332,2
1052441,48459588,1,25,05:57:34,-79.401977,43.667716,,,31.253597029771,73.305788308541,1405.38431358913,173.595967689959,2
1052441,48459588,1,26,05:57:44,-79.403097,43.667463,,,31.253597029771,94.4819542294918,1499.86626781862,184.47903612212,2
1052441,48459588,1,27,05:57:56,-79.404261,43.667218,,,31.253597029771,97.6174548479028,1597.48372266652,195.723272653284,2
1052441,48459588,1,28,05:58:02,-79.404909,43.667083,,,31.253597029771,54.3008146708534,1651.78453733738,201.978006552517,2
1052441,48459588,1,29,05:58:10,-79.405744,43.66692,14515,4,31.253597029771,69.6433751619711,1721.42791249935,210,2
1052441,48459588,1,30,05:58:10,-79.405744,43.66692,14515,4,1e-12,0,1721.42791249935,210,2
1052441,48459588,1,31,05:58:21,-79.406665,43.666724,,,26.4065586181279,77.3062803444347,1798.73419284378,220.539147234767,2
1052441,48459588,1,32,05:58:25,-79.407062,43.666636,,,26.4065586181279,33.4356883348749,1832.16988117866,225.097426855608,2
1052441,48459588,1,33,05:58:34,-79.407864,43.666472,,,26.4065586181279,67.1120732507799,1899.28195442944,234.246800206248,2
1052441,48459588,1,34,05:58:41,-79.4084670011803,43.6663545015848,,,26.4065586181279,50.2877393585645,1949.569693788,241.102516027035,2
1052441,48459588,1,35,05:58:48,-79.40907,43.666237,,,26.4065586181279,50.2877393600299,1999.85743314803,247.958231848021,2
1052441,48459588,1,36,05:58:57,-79.409854,43.666064,,,26.4065586181279,66.0042035805963,2065.86163672863,256.956569583974,2
1052441,48459588,1,37,05:59:04,-79.410511,43.665929,,,26.4065586181279,54.9985709247128,2120.86020765334,264.454511977461,2
1052441,48459588,1,38,05:59:16,-79.411486,43.665716,,,26.4065586181279,82.0153140566784,2202.87552171002,275.635640683924,2
1052441,48459588,1,39,05:59:24,-79.4122205017925,43.6655695023514,14516,5,26.4065586181279,61.3538734952904,2264.22939520531,284,2
1052441,48459588,1,40,05:59:24,-79.4122205017925,43.6655695023514,14516,5,1e-12,0,2264.22939520531,284,2
1052441,48459588,1,41,05:59:32,-79.412955,43.665423,,,26.3404447694889,61.3538734964266,2325.58326870174,292.385353646077,2
1052441,48459588,1,42,05:59:39,-79.4135615013488,43.6652895016033,,,26.3404447694889,51.0505400999036,2376.63380880164,299.362530605995,2
1052441,48459588,1,43,05:59:46,-79.414168,43.665156,,,26.3404447694889,51.0505401031449,2427.68434890479,306.339707566355,2
1052441,48459588,1,44,05:59:58,-79.415116,43.664846,,,26.3404447694889,83.777390650611,2511.4617395554,317.789727069881,2
1052441,48459588,1,45,06:00:07,-79.415883,43.664627,,,26.3404447694889,66.4019093431912,2577.86364889859,326.86500562829,2
1052441,48459588,1,46,06:00:14,-79.416533,43.664455,,,26.3404447694889,55.735183338191,2633.59883223678,334.48244192344,2
1052441,48459588,1,47,06:00:27,-79.417637,43.664218,,,26.3404447694889,92.7351767896621,2726.33400902644,347.156739543102,2
1052441,48459588,1,48,06:00:40,-79.418757,43.663981,14517,6,26.3404447694889,93.9714424236347,2820.30545145008,360,2
1052441,48459588,1,49,06:00:40,-79.418757,43.663981,14517,6,1e-12,0,2820.30545145008,360,2
1052441,48459588,1,50,06:00:45,-79.41929,43.663859,,,31.3152436137122,45.0191722814418,2865.32462373152,365.175403462045,2
1052441,48459588,1,51,06:00:56,-79.4203735041602,43.6636285051169,,,31.3152436137122,90.9479743091305,2956.27259804065,375.630781409975,2
1052441,48459588,1,52,06:01:06,-79.421457,43.663398,,,31.3152436137122,90.9479743070781,3047.22057234773,386.08615935767,2
1052441,48459588,1,53,06:01:17,-79.422602,43.663152,,,31.3152436137122,96.1869938011723,3143.4075661489,397.143814918509,2
1052441,48459588,1,54,06:01:23,-79.4232065013443,43.6630185015927,,,31.3152436137122,50.8982443091363,3194.30581045803,402.995076424668,2
1052441,48459588,1,55,06:01:29,-79.423811,43.662885,,,31.3152436137122,50.8982443079873,3245.20405476602,408.846337930694,2
1052441,48459588,1,56,06:01:40,-79.424975,43.662622,,,31.3152436137122,98.2029679600046,3343.40702272603,420.135749854707,2
1052441,48459588,1,57,06:01:42,-79.425188,43.662571,,,31.3152436137122,18.0681248367625,3361.47514756279,422.212861251786,2
1052441,48459588,1,58,06:01:52,-79.426202,43.66236,,,31.3152436137122,84.969145669564,3446.44429323235,431.980913136795,2
1052441,48459588,1,59,06:01:54,-79.426388,43.662321,,,31.3152436137122,15.5952226883892,3462.03951592074,433.773739734945,2
1052441,48459588,1,60,06:02:04,-79.427401,43.662111,,,31.3152436137122,84.8613486699585,3546.9008645907,443.529399278276,2
1052441,48459588,1,61,06:02:10,-79.428073,43.661972,14518,7,31.3152436137122,56.285677202181,3603.18654179288,450,2
1052441,48459588,1,62,06:02:10,-79.428073,43.661972,14518,7,1e-12,0,3603.18654179288,450,2
1052441,48459588,1,63,06:02:14,-79.428768,43.661791,,,48.3274156135784,59.4856863410862,3662.67222813397,454.431200553744,2
1052441,48459588,1,64,06:02:18,-79.42935,43.661602,,,48.3274156135784,51.3751173699217,3714.04734550389,458.258229584441,2
1052441,48459588,1,65,06:02:23,-79.430144,43.661366,,,48.3274156135784,69.129007579974,3783.17635308386,463.407779257815,2
1052441,48459588,1,66,06:02:28,-79.4308295019239,43.6611975020481,,,48.3274156135784,58.3045906868767,3841.48094377074,467.750997776907,2
1052441,48459588,1,67,06:02:32,-79.431515,43.661029,,,48.3274156135784,58.3045906881718,3899.78553445891,472.094216296096,2
1052441,48459588,1,68,06:02:36,-79.432055,43.660897,,,48.3274156135784,45.9031136633416,3945.68864812225,475.513625488372,2
1052441,48459588,1,69,06:02:40,-79.432818,43.660727,,,48.3274156135784,64.294761233591,4009.98340935584,480.303063067482,2
1052441,48459588,1,70,06:02:43,-79.4333,43.66063,,,48.3274156135784,40.2908479652465,4050.27425732109,483.304404042027,2
1052441,48459588,1,71,06:02:48,-79.434128,43.660455,,,48.3274156135784,69.4689551989674,4119.74321252006,488.479277052327,2
1052441,48459588,1,72,06:02:50,-79.434405,43.660414,,,48.3274156135784,22.7698725027654,4142.51308502282,490.175447641406,2
1052441,48459588,1,73,06:02:54,-79.435031501367,43.6602830017108,,,48.3274156135784,52.5194991412955,4195.03258416412,494.087723820634,2
1052441,48459588,1,74,06:02:58,-79.435658,43.660152,14519,8,48.3274156135784,52.5194991431408,4247.55208330726,498,2
1052441,48459588,1,75,06:02:58,-79.435658,43.660152,14519,8,1e-12,0,4247.55208330726,498,2
1052441,48459588,1,76,06:02:58,-79.435735,43.660136,,,46.6745753967058,6.4518250428107,4254.00390835007,498.497627883204,2
1052441,48459588,1,77,06:03:05,-79.436733,43.659919,,,46.6745753967058,83.9245596126041,4337.92846796267,504.970711184712,2
1052441,48459588,1,78,06:03:12,-79.4379,43.659696,,,46.6745753967058,97.2066828875315,4435.13515085021,512.468241808629,2
1052441,48459588,1,79,06:03:18,-79.438801,43.659515,,,46.6745753967058,75.3071283084121,4510.44227915862,518.276664479988,2
1052441,48459588,1,80,06:03:23,-79.439503,43.659409,,,46.6745753967058,57.7536665246773,4568.1959456833,522.731192404917,2
1052441,48459588,1,81,06:03:25,-79.439853,43.65939,,,46.6745753967058,28.2664269163263,4596.46237259962,524.911375856697,2
1052441,48459588,1,82,06:03:27,-79.440129,43.659404,,,46.6745753967058,22.2821778688668,4618.74455046849,526.629995461614,2
1052441,48459588,1,83,06:03:30,-79.440663,43.659387,,,46.6745753967058,43.047210308883,4661.79176077737,529.950217569578,2
1052441,48459588,1,84,06:03:34,-79.441379,43.659344,,,46.6745753967058,57.8612966939223,4719.65305747129,534.4130469864,2
1052441,48459588,1,85,06:03:40,-79.4422755007839,43.659291503503,14520,9,46.6745753967058,72.4357387975333,4792.08879626883,540,2
1052441,48459588,1,86,06:03:40,-79.4422755007839,43.659291503503,14520,9,1e-12,0,4792.08879626883,540,2
1052441,48459588,1,87,06:03:50,-79.443172,43.659239,,,25.8665590679783,72.4357388001638,4864.52453506899,550.081304552155,2
1052441,48459588,1,88,06:03:56,-79.443692,43.659191,,,25.8665590679783,42.2177390861907,4906.74227415518,555.956993711693,2
1052441,48459588,1,89,06:04:01,-79.444172,43.65915,,,25.8665590679783,38.9253598235908,4945.66763397877,561.374463232732,2
1052441,48459588,1,90,06:04:08,-79.444757,43.659049,,,25.8665590679783,48.4360956440116,4994.10372962278,568.115597368904,2
1052441,48459588,1,91,06:04:17,-79.4454985022353,43.6588680023964,,,25.8665590679783,63.0246489334311,5057.12837855622,576.887105614901,2
1052441,48459588,1,92,06:04:26,-79.44624,43.658687,,,25.8665590679783,63.0246489349451,5120.15302749116,585.658613861109,2
1052441,48459588,1,93,06:04:35,-79.4470240023503,43.658507002679,,,25.8665590679783,66.2434193285192,5186.39644681968,594.878097169884,2
1052441,48459588,1,94,06:04:44,-79.447808,43.658327,,,25.8665590679783,66.243419330797,5252.63986615048,604.097580478976,2
1052441,48459588,1,95,06:04:58,-79.44898000568,43.6580360059868,,,25.8665590679783,99.7929965171092,5352.43286266759,617.986354262821,2
1052441,48459588,1,96,06:05:12,-79.450152,43.657745,,,25.8665590679783,99.7929965193217,5452.22585918691,631.875128046973,2
1052441,48459588,1,97,06:05:25,-79.451275,43.657456,,,25.8665590679783,95.9947185354241,5548.22057772233,645.235273314819,2
1052441,48459588,1,98,06:05:36,-79.4521455033199,43.6572270033028,,,25.8665590679783,74.5988929632605,5622.81947068559,655.617636657464,2
1052441,48459588,1,99,06:05:46,-79.453016,43.656998,14521,10,25.8665590679783,74.5988929624778,5697.41836364807,666,2
1052441,48459588,1,100,06:05:46,-79.453016,43.656998,14521,10,1e-12,0,5697.41836364807,666,2
1052441,48459588,1,101,06:05:52,-79.453457,43.656891,,,24.069082279579,37.4613836439743,5734.87974729205,671.603079483954,2
1052441,48459588,1,102,06:06:01,-79.454227,43.656714,,,24.069082279579,65.0693983063793,5799.94914559842,681.335475226425,2
1052441,48459588,1,103,06:06:16,-79.455369,43.656457,,,24.069082279579,96.3218250509796,5896.2709706494,695.742280029188,2
1052441,48459588,1,104,06:06:28,-79.4563415036278,43.6562330041221,,,24.069082279579,82.1977393566451,5978.46871000605,708.036552749963,2
1052441,48459588,1,105,06:06:40,-79.457314,43.656009,,,24.069082279579,82.1977393578497,6060.6664493639,720.330825470919,2
1052441,48459588,1,106,06:06:42,-79.45747,43.655972,,,24.069082279579,13.2220423654322,6073.88849172933,722.308439405786,2
1052441,48459588,1,107,06:06:52,-79.4582720022304,43.6558050028034,,,24.069082279579,67.2148001276104,6141.10329185694,732.361721772297,2
1052441,48459588,1,108,06:07:02,-79.459074,43.655638,,,24.069082279579,67.2148001292507,6208.31809198619,742.415004139053,2
1052441,48459588,1,109,06:07:04,-79.459235,43.655609,,,24.069082279579,13.3627361521198,6221.68082813831,744.413661569729,2
1052441,48459588,1,110,06:07:13,-79.459875,43.655461,,,24.069082279579,54.1145417113765,6275.79536984969,752.507545162717,2
1052441,48459588,1,111,06:07:20,-79.460467,43.655323,14522,11,24.069082279579,50.0934755429436,6325.88884539263,760,2
1052441,48459588,1,112,06:07:20,-79.460467,43.655323,14522,11,1e-12,0,6325.88884539263,760,2
1052441,48459588,1,113,06:07:28,-79.461455,43.655112,,,35.9470090229758,82.96816830161,6408.85701369424,768.309047511989,2
1052441,48459588,1,114,06:07:34,-79.4621075015919,43.6549655018557,,,35.9470090229758,55.0251072755134,6463.88212096975,773.819669718839,2
1052441,48459588,1,115,06:07:39,-79.46276,43.654819,,,35.9470090229758,55.0251072734111,6518.90722824317,779.330291925478,2
1052441,48459588,1,116,06:07:45,-79.4634420017149,43.6546680020273,,,35.9470090229758,57.4434802761037,6576.35070851927,785.083107934782,2
1052441,48459588,1,117,06:07:51,-79.464124,43.654517,,,35.9470090229758,57.4434802787443,6633.79418879801,790.835923944351,2
1052441,48459588,1,118,06:07:58,-79.4649210024022,43.6543360027686,,,35.9470090229758,67.279597862841,6701.07378666086,797.573801695221,2
1052441,48459588,1,119,06:08:04,-79.465718,43.654155,,,35.9470090229758,67.2795978638795,6768.35338452473,804.311679446195,2
1052441,48459588,1,120,06:08:11,-79.466551,43.65398,,,35.9470090229758,69.8625034760457,6838.21588800078,811.308228515215,2
1052441,48459588,1,121,06:08:18,-79.467322,43.653817,,,35.9470090229758,64.6947374455758,6902.91062544636,817.787239179363,2
1052441,48459588,1,122,06:08:25,-79.4682275028724,43.6536265035737,,,35.9470090229758,75.9518403447211,6978.86246579108,825.393619589656,2
1052441,48459588,1,123,06:08:33,-79.469133,43.653436,14523,12,35.9470090229758,75.9518403452296,7054.81430613631,833,2
1052441,48459588,1,124,06:08:33,-79.469133,43.653436,14523,12,1e-12,0,7054.81430613631,833,2
1052441,48459588,1,125,06:08:39,-79.4697915016009,43.6532900018899,,,32.491236139698,55.4719058441618,7110.28621198047,839.146237717161,2
1052441,48459588,1,126,06:08:45,-79.47045,43.653144,,,32.491236139698,55.4719058431305,7165.7581178236,845.292475434207,2
1052441,48459588,1,127,06:08:56,-79.4716,43.652876,,,32.491236139698,97.3109209441542,7263.06903876775,856.0744387271,2
1052441,48459588,1,128,06:09:02,-79.472209,43.652744,,,32.491236139698,51.2047604361942,7314.27379920395,861.747880537,2
1052441,48459588,1,129,06:09:12,-79.47329,43.652496,,,32.491236139698,91.3399658329595,7405.61376503691,871.868267326375,2
1052441,48459588,1,130,06:09:18,-79.4738995013752,43.6523605016191,,,32.491236139698,51.3567715043392,7456.97053654125,877.558551827116,2
1052441,48459588,1,131,06:09:23,-79.474509,43.652225,,,32.491236139698,51.3567715039224,7508.32730804517,883.24883632781,2
1052441,48459588,1,132,06:09:26,-79.474795,43.652156,,,32.491236139698,24.2825642562725,7532.60987230144,885.939322800738,2
1052441,48459588,1,133,06:09:33,-79.475602,43.651979,,,32.491236139698,67.9203117922122,7600.53018409365,893.464832799824,2
1052441,48459588,1,134,06:09:37,-79.47594,43.651902,,,32.491236139698,28.5416639528454,7629.0718480465,896.627223722363,2
1052441,48459588,1,135,06:09:39,-79.476218,43.651846,,,32.491236139698,23.2430625009254,7652.31491054742,899.202534327462,2
1052441,48459588,1,136,06:09:44,-79.476736,43.651742,14524,13,32.491236139698,43.2987750107051,7695.61368555813,904,2
1052441,48459588,1,137,06:09:44,-79.476736,43.651742,14524,13,1e-12,0,7695.61368555813,904,2
1052441,48459588,1,138,06:09:52,-79.477665,43.651519,,,34.1318924343676,78.8368662580109,7774.45055181614,912.315176753665,2
1052441,48459588,1,139,06:09:56,-79.478112,43.651432,,,34.1318924343676,37.2836390565685,7811.73419087271,916.247601563152,2
1052441,48459588,1,140,06:10:01,-79.478593,43.651316,,,34.1318924343676,40.8377574658049,7852.57194833851,920.554890623071,2
1052441,48459588,1,141,06:10:09,-79.479516,43.651108,,,34.1318924343676,77.8660680677968,7930.43801640631,928.767674182702,2
1052441,48459588,1,142,06:10:15,-79.4802090016904,43.6509615020932,,,34.1318924343676,58.152060983204,7988.59007738951,934.901158282422,2
1052441,48459588,1,143,06:10:21,-79.480902,43.650815,,,34.1318924343676,58.1520609832542,8046.74213837277,941.034642382147,2
1052441,48459588,1,144,06:10:27,-79.481556,43.650644,,,34.1318924343676,56.0112567893457,8102.75339516211,946.942329007768,2
1052441,48459588,1,145,06:10:32,-79.482044,43.65045,,,34.1318924343676,44.8487409782972,8147.60213614041,951.672669343638,2
1052441,48459588,1,146,06:10:36,-79.482518,43.650257,,,34.1318924343676,43.8091996849369,8191.41133582535,956.29336593024,2
1052441,48459588,1,147,06:10:41,-79.483042,43.650123,,,34.1318924343676,44.7651426761479,8236.1764785015,961.014888885465,2
1052441,48459588,1,148,06:10:50,-79.484045,43.649885,,,34.1318924343676,85.0223835195246,8321.19886202102,969.982471953379,2
1052441,48459588,1,149,06:10:57,-79.48483,43.649699,14525,14,34.1318924343676,66.5337534562298,8387.73261547725,977,2
1052441,48459588,1,150,06:10:57,-79.48483,43.649699,14525,14,1e-12,0,8387.73261547725,977,2
1052441,48459588,1,151,06:10:59,-79.485071,43.649604,,,36.1857672148918,22.1057772096055,8409.83839268686,979.199229257238,2
1052441,48459588,1,152,06:11:02,-79.485372,43.649441,,,36.1857672148918,30.2830347586143,8440.12142744547,982.211986302945,2
1052441,48459588,1,153,06:11:06,-79.485698,43.649235,,,36.1857672148918,34.8624439299654,8474.98387137543,985.680333330177,2
1052441,48459588,1,154,06:11:09,-79.485977,43.649065,,,36.1857672148918,29.3797128414683,8504.3635842169,988.603221923396,2
1052441,48459588,1,155,06:11:11,-79.486184,43.648919,,,36.1857672148918,23.2842711222576,8527.64785533916,990.919695567366,2
1052441,48459588,1,156,06:11:12,-79.486267,43.648838,,,36.1857672148918,11.2250088388535,8538.87286417801,992.036433857863,2
1052441,48459588,1,157,06:11:13,-79.486397,43.648758,,,36.1857672148918,13.7462235075083,8552.61908768552,993.40399929687,2
1052441,48459588,1,158,06:11:15,-79.48655,43.648694,,,36.1857672148918,14.2351373411861,8566.85422502671,994.820205125088,2
1052441,48459588,1,159,06:11:16,-79.486697,43.648641,,,36.1857672148918,13.2292167327745,8580.08344175948,996.136335302878,2
1052441,48459588,1,160,06:11:19,-79.487069,43.648543,,,36.1857672148918,31.8884753996106,8611.97191715909,999.308812226107,2
1052441,48459588,1,161,06:11:23,-79.487444,43.648444,,,36.1857672148918,32.1536797501054,8644.1255969092,1002.50767343618,2
1052441,48459588,1,162,06:11:25,-79.487763,43.648389,,,36.1857672148918,26.4146653489801,8670.54026225818,1005.13557944938,2
1052441,48459588,1,163,06:11:28,-79.48812,43.648358,,,36.1857672148918,28.9625310483789,8699.50279330656,1008.0169640323,2
1052441,48459588,1,164,06:11:31,-79.488507,43.648342,,,36.1857672148918,31.2235497714963,8730.72634307806,1011.12328974622,2
1052441,48459588,1,165,06:11:37,-79.489268,43.64837,,,36.1857672148918,61.3774592969367,8792.10380237499,1017.22952627167,2
1052441,48459588,1,166,06:11:43,-79.490041,43.64838,,,36.1857672148918,62.2747899790068,8854.378592354,1023.42503520182,2
1052441,48459588,1,167,06:11:51,-79.490968,43.64847,,,36.1857672148918,75.3385497656664,8929.71714211966,1030.92021355595,2
1052441,48459588,1,168,06:11:56,-79.491482,43.648651,,,36.1857672148918,46.0448819879676,8975.76202410763,1035.50106365019,2
1052441,48459588,1,169,06:12:01,-79.4921369919193,43.6488980056097,,,36.1857672148918,59.4942868252668,9035.2563109329,1041.4199496945,2
1052441,48459588,1,170,06:12:07,-79.4927919892257,43.6491450074796,,,36.1857672148918,59.4942868252561,9094.75059775816,1047.33883573881,2
1052441,48459588,1,171,06:12:13,-79.4934469919193,43.6493920056097,,,36.1857672148918,59.4942868257917,9154.24488458395,1053.25772178318,2
1052441,48459588,1,172,06:12:19,-79.494102,43.649639,,,36.1857672148918,59.494286826874,9213.73917141082,1059.17660782765,2
1052441,48459588,1,173,06:12:21,-79.494318,43.649715,,,36.1857672148918,19.3462776857977,9233.08544909662,1061.10130377939,2
1052441,48459588,1,174,06:12:27,-79.494989,43.649934,14526,15,36.1857672148918,59.2913467529275,9292.37679584955,1067,2
1052441,48459588,1,175,06:12:27,-79.494989,43.649934,14526,15,1e-12,0,9292.37679584955,1067,2
1052441,48459588,1,176,06:12:30,-79.49534,43.650053,,,36.3393592895811,31.2217525666132,9323.59854841616,1070.09301846365,2
1052441,48459588,1,177,06:12:35,-79.495876,43.650213,,,36.3393592895811,46.7030149338675,9370.30156335003,1074.71970580896,2
1052441,48459588,1,178,06:12:37,-79.496177,43.650284,,,36.3393592895811,25.5004388808422,9395.80200223087,1077.24593581867,2
1052441,48459588,1,179,06:12:42,-79.496691,43.650399,,,36.3393592895811,43.3351915158405,9439.13719374671,1081.53898590285,2
1052441,48459588,1,180,06:12:45,-79.49711,43.65049,,,36.3393592895811,35.2366488403346,9474.37384258704,1085.02974463677,2
1052441,48459588,1,181,06:12:48,-79.497487,43.650586,,,36.3393592895811,32.1916957900432,9506.56553837709,1088.21885163012,2
1052441,48459588,1,182,06:12:51,-79.497866,43.650645,,,36.3393592895811,31.2256960755333,9537.79123445262,1091.31226076197,2
1052441,48459588,1,183,06:12:56,-79.498402,43.65066,,,36.3393592895811,43.2052268062253,9580.99646125885,1095.59243574422,2
1052441,48459588,1,184,06:12:58,-79.498725,43.650678,,,36.3393592895811,26.0935753947008,9607.09003665355,1098.17742549796,2
1052441,48459588,1,185,06:13:01,-79.499106,43.650697,,,36.3393592895811,30.7610157945441,9637.85105244809,1101.22480054874,2
1052441,48459588,1,186,06:13:05,-79.499518,43.650689,,,36.3393592895811,33.1971011898591,9671.04815363795,1104.51350917266,2
1052441,48459588,1,187,06:13:06,-79.499716,43.650663,,,36.3393592895811,16.2087136718217,9687.25686730977,1106.11924384601,2
1052441,48459588,1,188,06:13:09,-79.500071,43.650602,,,36.3393592895811,29.3892743822747,9716.64614169205,1109.03072577207,2
1052441,48459588,1,189,06:13:19,-79.5012095048811,43.6503445056494,,,36.3393592895811,96.0783855435681,9812.72452723561,1118.54884042017,2
1052441,48459588,1,190,06:13:28,-79.502348,43.650087,,,36.3393592895811,96.0783855434522,9908.80291277906,1128.06695506826,2
1052441,48459588,1,191,06:13:38,-79.503508,43.649831,,,36.3393592895811,97.6843711339997,10006.4872839131,1137.74416850728,2
1052441,48459588,1,192,06:13:47,-79.504612,43.649563,,,36.3393592895811,93.7958691657328,10100.2831530788,1147.03616307179,2
1052441,48459588,1,193,06:13:57,-79.505758,43.649317,,,36.3393592895811,96.2845803465368,10196.5677334253,1156.5747046428,2
1052441,48459588,1,194,06:14:02,-79.506433,43.649152,,,36.3393592895811,57.3889514505252,10253.9566848759,1162.26000645496,2
1052441,48459588,1,195,06:14:10,-79.507392,43.648898,,,36.3393592895811,82.2585196456021,10336.2152045215,1170.40904035411,2
1052441,48459588,1,196,06:14:16,-79.508035,43.648701,,,36.3393592895811,56.2444644447353,10392.4596689662,1175.98096225806,2
1052441,48459588,1,197,06:14:21,-79.508699,43.648571,,,36.3393592895811,55.407928467079,10447.8675974333,1181.47001177299,2
1052441,48459588,1,198,06:14:23,-79.50889,43.648549,,,36.3393592895811,15.5786292204706,10463.4462266537,1183.01332641283,2
1052441,48459588,1,199,06:14:31,-79.5098065022583,43.648401003661,,,36.3393592895811,75.639738339144,10539.0859649929,1190.50666320644,2
1052441,48459588,1,200,06:14:38,-79.510723,43.648253,14527,16,36.3393592895811,75.6397383386298,10614.7257033315,1198,2
1052441,48459588,1,201,06:14:38,-79.510723,43.648253,14527,16,1e-12,0,10614.7257033315,1198,2
1052441,48459588,1,202,06:14:43,-79.511291,43.648113,,,34.970020765401,48.3338224611556,10663.0595257927,1202.97574085035,2
1052441,48459588,1,203,06:14:48,-79.511843,43.647959,,,34.970020765401,47.6539997960622,10710.7135255887,1207.88149713848,2
1052441,48459588,1,204,06:14:56,-79.512756,43.647746,,,34.970020765401,77.2703175926471,10787.9838431814,1215.83611475795,2
1052441,48459588,1,205,06:15:06,-79.513893,43.647499,,,34.970020765401,95.6244121507956,10883.6082553322,1225.68020052651,2
1052441,48459588,1,206,06:15:07,-79.514056,43.647457,,,34.970020765401,13.93738422174,10897.5456395539,1227.1149890139,2
1052441,48459588,1,207,06:15:11,-79.514537,43.647346,,,34.970020765401,40.6676289152559,10938.2132684692,1231.30153111169,2
1052441,48459588,1,208,06:15:14,-79.514874,43.647296,,,34.970020765401,27.7104423546702,10965.9237108238,1234.15419148459,2
1052441,48459588,1,209,06:15:20,-79.5154915014855,43.6471515016619,,,34.970020765401,52.2767165179275,11018.2004273418,1239.53583482781,2
1052441,48459588,1,210,06:15:25,-79.516109,43.647007,,,34.970020765401,52.2767165192155,11070.477143861,1244.91747817117,2
1052441,48459588,1,211,06:15:30,-79.5167185013851,43.6468705016191,,,34.970020765401,51.3938636782507,11121.8710075392,1250.20823594575,2
1052441,48459588,1,212,06:15:35,-79.517328,43.646734,,,34.970020765401,51.3938636794431,11173.2648712187,1255.49899372045,2
1052441,48459588,1,213,06:15:36,-79.517364,43.646731,,,34.970020765401,2.91903141028697,11176.183902629,1255.7994943449,2
1052441,48459588,1,214,06:15:44,-79.5183390027593,43.6465610041433,,,34.970020765401,80.7860339139781,11256.9699365429,1264.1160385083,2
1052441,48459588,1,215,06:15:52,-79.519314,43.646391,,,34.970020765401,80.7860339166581,11337.7559704596,1272.43258267197,2
1052441,48459588,1,216,06:15:58,-79.5199345009762,43.6462965016781,,,34.970020765401,51.07778146385,11388.8337519235,1277.69080126164,2
1052441,48459588,1,217,06:16:03,-79.520555,43.646202,,,34.970020765401,51.0777814616615,11439.9115333851,1282.94901985109,2
1052441,48459588,1,218,06:16:12,-79.521555,43.646012,,,34.970020765401,83.2831319085302,11523.1946652937,1291.52262856817,2
1052441,48459588,1,219,06:16:17,-79.5221900014324,43.6458765017574,,,34.970020765401,53.3287736830459,11576.5234389767,1297.01257627357,2
1052441,48459588,1,220,06:16:23,-79.522825,43.645741,,,34.970020765401,53.328773682207,11629.8522126589,1302.50252397889,2
1052441,48459588,1,221,06:16:32,-79.523966,43.645463,,,34.970020765401,96.9814366752024,11726.8336493341,1312.48630907221,2
1052441,48459588,1,222,06:16:39,-79.52468,43.645305,,,34.970020765401,60.1445070227738,11786.9781563569,1318.67790463158,2
1052441,48459588,1,223,06:16:42,-79.525063,43.64522,14528,17,34.970020765401,32.2704844495655,11819.2486408064,1322,2
1052441,48459588,1,224,06:16:42,-79.525063,43.64522,14528,17,1e-12,0,11819.2486408064,1322,2
1052441,48459588,1,225,06:16:56,-79.526163,43.645004,,,23.6496745184755,91.8138511360474,11911.0624919425,1335.97608511828,2
1052441,48459588,1,226,06:17:04,-79.5267740014036,43.6448660016271,,,23.6496745184755,51.5603747630309,11962.6228667055,1343.8247068404,2
1052441,48459588,1,227,06:17:12,-79.527385,43.644728,,,23.6496745184755,51.5603747651791,12014.1832414707,1351.67332856286,2
1052441,48459588,1,228,06:17:16,-79.527736,43.644646,,,23.6496745184755,29.7116063787157,12043.8948478494,1356.19608776108,2
1052441,48459588,1,229,06:17:24,-79.528322,43.644431,,,23.6496745184755,52.9258073157279,12096.8206551651,1364.25255831368,2
1052441,48459588,1,230,06:17:30,-79.528702,43.644214,,,23.6496745184755,38.9943100972414,12135.8149652624,1370.18834894117,2
1052441,48459588,1,231,06:17:37,-79.529119,43.643969,,,23.6496745184755,43.2692228796953,12179.0841881421,1376.77487520584,2
1052441,48459588,1,232,06:17:44,-79.529518,43.643644,,,23.6496745184755,48.3942056883195,12227.4783938304,1384.1415364401,2
1052441,48459588,1,233,06:17:56,-79.5300570153689,43.6430730037987,,,23.6496745184755,76.9782273679457,12304.4566211983,1395.85931371048,2
1052441,48459588,1,234,06:18:08,-79.5305960204916,43.6425020050648,,,23.6496745184755,76.9782273702423,12381.4348485686,1407.57709098122,2
1052441,48459588,1,235,06:18:19,-79.5311350153685,43.6419310037986,,,23.6496745184755,76.9782273659529,12458.4130759345,1419.2948682513,2
1052441,48459588,1,236,06:18:31,-79.531674,43.64136,,,23.6496745184755,76.9782273690645,12535.3913033036,1431.01264552185,2
1052441,48459588,1,237,06:18:43,-79.5322200151855,43.640803003898,,,23.6496745184755,76.0222708546557,12611.4135741583,1442.58490521037,2
1052441,48459588,1,238,06:18:54,-79.5327660202471,43.6402460051972,,,23.6496745184755,76.0222708561215,12687.4358450144,1454.15716489912,2
1052441,48459588,1,239,06:19:06,-79.5333120151852,43.6396890038979,,,23.6496745184755,76.0222708564369,12763.4581158708,1465.72942458791,2
1052441,48459588,1,240,06:19:17,-79.533858,43.639132,,,23.6496745184755,76.0222708562104,12839.480386727,1477.30168427666,2
1052441,48459588,1,241,06:19:32,-79.5346300085249,43.6384685025975,14529,18,23.6496745184755,96.5584396740876,12936.0388264011,1492,2
1052441,48459588,1,242,06:19:32,-79.5346300085249,43.6384685025975,14529,18,1e-12,0,12936.0388264011,1492,2
1052441,48459588,1,243,,-79.535402,43.637805,,,,96.5584396736368,13032.5972660748,,2
