shape_id,trip_id,route_type,id,timestamp,shape_pt_lon,shape_pt_lat,stop_id,stop_sequence,speed,dist,cumdist,cumtime,trip_number
1052576,48459710,1,1,,-79.337797,43.681172,,,1e-12,0,0,0,1
1052576,48459710,1,2,,-79.338299,43.681063,,,,42.1960771800064,42.1960771800064,,1
1052576,48459710,1,3,12:27:06,-79.3391075020348,43.6809120028491,14506,1,,67.2245243774499,109.420601557456,,1
1052576,48459710,1,4,12:27:06,-79.3391075020348,43.6809120028491,14506,1,1e-12,0,109.420601557456,0,1
1052576,48459710,1,5,12:27:18,-79.339916,43.680761,,,20.3251972273924,67.2245243782913,176.645125935748,11.9068112872082,1
1052576,48459710,1,6,12:27:28,-79.340594,43.680636,,,20.3251972273924,56.3289838547885,232.974109790536,21.8838038648716,1
1052576,48459710,1,7,12:27:35,-79.34109,43.68054,,,20.3251972273924,41.3364621905631,274.310571981099,29.2053202182516,1
1052576,48459710,1,8,12:27:52,-79.342259,43.680318,,,20.3251972273924,97.3028153986248,371.613387379724,46.4395999901085,1
1052576,48459710,1,9,12:28:02,-79.3429120014421,43.6801855018586,,,20.3251972273924,54.6010077502421,426.214395129966,56.1105333494149,1
1052576,48459710,1,10,12:28:12,-79.343565,43.680053,,,20.3251972273924,54.6010077506336,480.8154028806,65.7814667087907,1
1052576,48459710,1,11,12:28:29,-79.344753,43.679814,,,20.3251972273924,99.2741554031359,580.089558283736,83.364910325743,1
1052576,48459710,1,12,12:28:43,-79.3456755027983,43.6796320037093,14507,2,20.3251972273924,76.9821907895707,657.071749073306,97,1
1052576,48459710,1,13,12:28:43,-79.3456755027983,43.6796320037093,14507,2,1e-12,0,657.071749073306,97,1
1052576,48459710,1,14,12:28:54,-79.346598,43.67945,,,24.6884639013808,76.9821907899712,734.053939863278,108.225319159221,1
1052576,48459710,1,15,12:28:56,-79.346746,43.679419,,,24.6884639013808,12.4048425636051,746.458782426883,110.034157222511,1
1052576,48459710,1,16,12:29:09,-79.347826,43.67921,,,24.6884639013808,90.0076673261508,836.466449753034,123.158813485796,1
1052576,48459710,1,17,12:29:21,-79.34879,43.679022,,,24.6884639013808,80.3822457619158,916.848695514949,134.879918772006,1
1052576,48459710,1,18,12:29:23,-79.348964,43.678989,,,24.6884639013808,14.4821425709284,931.330838085878,136.991662680562,1
1052576,48459710,1,19,12:29:23,-79.348989,43.678979,,,24.6884639013808,2.30004748810718,933.630885573985,137.327048915618,1
1052576,48459710,1,20,12:29:37,-79.350104,43.678762,,,24.6884639013808,92.9606197060435,1026.59150528003,150.882296106312,1
1052576,48459710,1,21,12:29:38,-79.350212,43.67874,,,24.6884639013808,9.03327192388351,1035.62477720391,152.199501545091,1
1052576,48459710,1,22,12:29:51,-79.35123,43.678544,,,24.6884639013808,84.8126887284123,1120.43746593232,164.566641138786,1
1052576,48459710,1,23,12:29:58,-79.3518640013261,43.678418501752,,,24.6884639013808,52.9202671005931,1173.35773303292,172.283320569436,1
1052576,48459710,1,24,12:30:06,-79.352498,43.678293,14508,3,24.6884639013808,52.9202671000015,1226.27800013292,180,1
1052576,48459710,1,25,12:30:06,-79.352498,43.678293,14508,3,1e-12,0,1226.27800013292,180,1
1052576,48459710,1,26,12:30:12,-79.35327,43.678137,,,38.4841266352786,64.5338372636278,1290.81183739655,186.036821787612,1
1052576,48459710,1,27,12:30:16,-79.353738,43.678054,,,38.4841266352786,38.7948725630641,1329.60670995961,189.665890534595,1
1052576,48459710,1,28,12:30:22,-79.354537,43.677894,,,38.4841266352786,66.7476669734349,1396.35437693305,195.909805158971,1
1052576,48459710,1,29,12:30:30,-79.35554,43.677691,,,38.4841266352786,83.8540103229149,1480.20838725596,203.753933727184,1
1052576,48459710,1,30,12:30:35,-79.3561950013918,43.67756350187,,,38.4841266352786,54.6109759913286,1534.81936324729,208.862520844984,1
1052576,48459710,1,31,12:30:40,-79.35685,43.677436,,,38.4841266352786,54.6109759885362,1589.43033923583,213.971107962523,1
1052576,48459710,1,32,12:30:48,-79.357885,43.677252,,,38.4841266352786,85.809106124853,1675.23944536068,221.998126088128,1
1052576,48459710,1,33,12:30:49,-79.358036,43.677226,,,38.4841266352786,12.4969250797206,1687.7363704404,223.167151715587,1
1052576,48459710,1,34,12:30:50,-79.358185,43.677178,,,38.4841266352786,13.1323393201253,1700.86870976052,224.39561720736,1
1052576,48459710,1,35,12:30:52,-79.358318,43.677104,,,38.4841266352786,13.509968787226,1714.37867854775,225.659408070926,1
1052576,48459710,1,36,12:30:57,-79.358876,43.676775,,,38.4841266352786,57.9621237761275,1772.34080232388,231.081478514972,1
1052576,48459710,1,37,12:31:06,-79.359794,43.676234,14509,4,38.4841266352786,95.3393083970181,1867.6801107209,240,1
1052576,48459710,1,38,12:31:06,-79.359794,43.676234,14509,4,1e-12,0,1867.6801107209,240,1
1052576,48459710,1,39,12:31:07,-79.359985,43.676114,,,53.166132622242,20.3696716331365,1888.04978235403,241.379276886666,1
1052576,48459710,1,40,12:31:09,-79.360183,43.676009,,,53.166132622242,19.767460509342,1907.81724286337,242.717776685763,1
1052576,48459710,1,41,12:31:10,-79.360395,43.675921,,,53.166132622242,19.6800237751309,1927.49726663851,244.050355944327,1
1052576,48459710,1,42,12:31:12,-79.360647,43.675848,,,53.166132622242,21.8560919141338,1949.35335855264,245.530281735619,1
1052576,48459710,1,43,12:31:16,-79.3613947626147,43.6757033920596,,,53.166132622242,62.3194716667866,2011.67283021943,249.750075181843,1
1052576,48459710,1,44,12:31:20,-79.3621425216253,43.6755587792449,,,53.166132622242,62.3194716659004,2073.99230188533,253.969868628008,1
1052576,48459710,1,45,12:31:24,-79.3628902770318,43.675414161556,,,53.166132622242,62.3194716686468,2136.31177355397,258.189662074358,1
1052576,48459710,1,46,12:31:28,-79.3636380288342,43.6752695389929,,,53.166132622242,62.3194716657539,2198.63124521973,262.409455520512,1
1052576,48459710,1,47,12:31:33,-79.3643857770323,43.6751249115557,,,53.166132622242,62.3194716672247,2260.95071688695,266.629248966766,1
1052576,48459710,1,48,12:31:37,-79.365133521626,43.6749802792445,,,53.166132622242,62.3194716681862,2323.27018855514,270.849042413085,1
1052576,48459710,1,49,12:31:41,-79.3658812626153,43.6748356420592,,,53.166132622242,62.3194716678313,2385.58966022297,275.068835859381,1
1052576,48459710,1,50,12:31:45,-79.366629,43.674691,,,53.166132622242,62.3194716665258,2447.90913188949,279.288629305587,1
1052576,48459710,1,51,12:31:47,-79.366935,43.674615,,,53.166132622242,26.0495182764319,2473.95865016593,281.052501552257,1
1052576,48459710,1,52,12:31:51,-79.3676180029535,43.6743555020333,,,53.166132622242,62.1172723156088,2536.07592248154,285.258603619622,1
1052576,48459710,1,53,12:31:55,-79.368301,43.674096,,,53.166132622242,62.1172723152255,2598.19319479676,289.464705686961,1
1052576,48459710,1,54,12:31:57,-79.368589,43.673986,,,53.166132622242,26.2229674759515,2624.41616227271,291.240322574203,1
1052576,48459710,1,55,12:32:02,-79.3693000032048,43.6737155022034,,,53.166132622242,64.6830794118164,2689.09924168453,295.620161287262,1
1052576,48459710,1,56,12:32:06,-79.370011,43.673445,14510,5,53.166132622242,64.6830794070671,2753.7823210916,300,1
1052576,48459710,1,57,12:32:06,-79.370011,43.673445,14510,5,1e-12,0,2753.7823210916,300,1
1052576,48459710,1,58,12:32:15,-79.3708850046312,43.6731270033295,,,30.448045838974,78.7734462566975,2832.55576734829,309.313714516323,1
1052576,48459710,1,59,12:32:25,-79.371759,43.672809,,,30.448045838974,78.7734462540385,2911.32921360233,318.627429032331,1
1052576,48459710,1,60,12:32:36,-79.372865,43.672497,,,30.448045838974,95.5851437822625,3006.91435738459,329.928860967765,1
1052576,48459710,1,61,12:32:47,-79.373995,43.672253,,,30.448045838974,94.9525244027264,3101.86688178732,341.155495664047,1
1052576,48459710,1,62,12:32:57,-79.375029,43.672184,,,30.448045838974,83.6087874685935,3185.47566925591,351.04091282608,1
1052576,48459710,1,63,12:33:06,-79.3759685006183,43.6721445038472,14511,6,30.448045838974,75.7740824852478,3261.24975174116,360,1
1052576,48459710,1,64,12:33:06,-79.3759685006183,43.6721445038472,14511,6,1e-12,0,3261.24975174116,360,1
1052576,48459710,1,65,12:33:26,-79.376908,43.672105,,,13.6479624033365,75.7740824870367,3337.0238342282,379.987357005515,1
1052576,48459710,1,66,12:33:46,-79.377822,43.672028,,,13.6479624033365,74.0907845270196,3411.11461875522,399.530701016491,1
1052576,48459710,1,67,12:34:11,-79.378988,43.671865,,,13.6479624033365,95.6213519159192,3506.73597067114,424.753284192215,1
1052576,48459710,1,68,12:34:29,-79.3797990020405,43.6717140028668,,,13.6479624033365,67.4291073410933,3574.16507801223,442.539440048608,1
1052576,48459710,1,69,12:34:46,-79.38061,43.671563,,,13.6479624033365,67.4291073418298,3641.59418535406,460.325595905195,1
1052576,48459710,1,70,12:35:06,-79.3815,43.67141,,,13.6479624033365,73.6577432359219,3715.25192858998,479.754714173025,1
1052576,48459710,1,71,12:35:28,-79.38252,43.671195,,,13.6479624033365,85.5454890231808,3800.79741761316,502.319530178685,1
1052576,48459710,1,72,12:35:42,-79.383178,43.671115,,,13.6479624033365,53.7247759938822,3854.52219360705,516.490817280904,1
1052576,48459710,1,73,12:35:55,-79.38376,43.671057,,,13.6479624033365,47.3048271781603,3901.82702078521,528.968678283785,1
1052576,48459710,1,74,12:36:03,-79.384116,43.67104,,,13.6479624033365,28.7272308172212,3930.55425160243,536.546221940904,1
1052576,48459710,1,75,12:36:10,-79.384473,43.671051,,,13.6479624033365,28.7714204215338,3959.32567202396,544.135421739124,1
1052576,48459710,1,76,12:36:18,-79.384866,43.671066,,,13.6479624033365,31.6880600516808,3991.01373207564,552.493960018667,1
1052576,48459710,1,77,12:36:26,-79.385238,43.671065,,,13.6479624033365,29.9533356135317,4020.96706768917,560.394920251555,1
1052576,48459710,1,78,12:36:46,-79.3861690005662,43.6710285037779,,,13.6479624033365,75.0734221357464,4096.04048982492,580.197460125392,1
1052576,48459710,1,79,12:37:06,-79.3871,43.670992,14512,7,13.6479624033365,75.0734221386743,4171.11391196359,600,1
1052576,48459710,1,80,12:37:06,-79.3871,43.670992,14512,7,1e-12,0,4171.11391196359,600,1
1052576,48459710,1,81,12:37:15,-79.387713,43.670919,,,19.21809139931,50.0228209074776,4221.13673287107,609.370449516823,1
1052576,48459710,1,82,12:37:26,-79.388381,43.670716,,,19.21809139931,58.3412975951904,4279.47803046626,620.299145139023,1
1052576,48459710,1,83,12:37:40,-79.389168,43.670384,,,19.21809139931,73.3590152144961,4352.83704568076,634.04101207497,1
1052576,48459710,1,84,12:37:53,-79.389995,43.670173,,,19.21809139931,70.6113524087224,4423.44839808948,647.268177217942,1
1052576,48459710,1,85,12:38:09,-79.391004,43.669969,,,19.21809139931,84.3592690791773,4507.80766716866,663.070650126149,1
1052576,48459710,1,86,12:38:16,-79.391447,43.669881,14513,8,19.21809139931,36.9913553370751,4544.79902250573,670,1
1052576,48459710,1,87,12:38:16,-79.391447,43.669881,14513,8,1e-12,0,4544.79902250573,670,1
1052576,48459710,1,88,12:38:26,-79.3922180057998,43.6697305077728,,,22.1466329624707,64.3026738924156,4609.10169639815,680.452587822491,1
1052576,48459710,1,89,12:38:37,-79.3929890077331,43.6695800103638,,,22.1466329624707,64.3026738899703,4673.40437028812,690.905175644584,1
1052576,48459710,1,90,12:38:47,-79.3937600057999,43.6694295077728,,,22.1466329624707,64.302673887998,4737.70704417612,701.357763466357,1
1052576,48459710,1,91,12:38:58,-79.394531,43.669279,,,22.1466329624707,64.3026738897012,4802.00971806582,711.810351288407,1
1052576,48459710,1,92,12:39:10,-79.3953980027879,43.6690860032763,,,22.1466329624707,73.0435778368538,4875.05329590267,723.683798627254,1
1052576,48459710,1,93,12:39:22,-79.396265,43.668893,,,22.1466329624707,73.0435778365015,4948.09687373917,735.557245966044,1
1052576,48459710,1,94,12:39:32,-79.3970550020862,43.6687345027202,,,22.1466329624707,66.0142389219013,5014.11111266107,746.288053692959,1
1052576,48459710,1,95,12:39:43,-79.397845,43.668576,,,22.1466329624707,66.0142389213956,5080.12535158247,757.018861419793,1
1052576,48459710,1,96,12:39:57,-79.398839,43.668374,,,22.1466329624707,83.1382364765682,5163.26358805904,770.533225062466,1
1052576,48459710,1,97,12:40:06,-79.3995325017157,43.6682255020963,14514,9,22.1466329624707,58.2381082999669,5221.501696359,780,1
1052576,48459710,1,98,12:40:06,-79.3995325017157,43.6682255020963,14514,9,1e-12,0,5221.501696359,780,1
1052576,48459710,1,99,12:40:13,-79.400226,43.668077,,,31.253597029771,58.2381083019506,5279.73980466096,786.708257922674,1
1052576,48459710,1,100,12:40:21,-79.4011015026328,43.6678965033409,,,31.253597029771,73.3057883088059,5353.04559296976,795.152112806332,1
1052576,48459710,1,101,12:40:30,-79.401977,43.667716,,,31.253597029771,73.305788308541,5426.3513812783,803.595967689959,1
1052576,48459710,1,102,12:40:40,-79.403097,43.667463,,,31.253597029771,94.4819542294918,5520.83333550779,814.479036122119,1
1052576,48459710,1,103,12:40:52,-79.404261,43.667218,,,31.253597029771,97.6174548479028,5618.4507903557,825.723272653284,1
1052576,48459710,1,104,12:40:58,-79.404909,43.667083,,,31.253597029771,54.3008146708534,5672.75160502655,831.978006552517,1
1052576,48459710,1,105,12:41:06,-79.405744,43.66692,14515,10,31.253597029771,69.6433751619711,5742.39498018852,840,1
1052576,48459710,1,106,12:41:06,-79.405744,43.66692,14515,10,1e-12,0,5742.39498018852,840,1
1052576,48459710,1,107,12:41:19,-79.406665,43.666724,,,21.4734652499062,77.3062803444347,5819.70126053296,852.960302680592,1
1052576,48459710,1,108,12:41:25,-79.407062,43.666636,,,21.4734652499062,33.4356883348749,5853.13694886783,858.565754646761,1
1052576,48459710,1,109,12:41:36,-79.407864,43.666472,,,21.4734652499062,67.1120732507799,5920.24902211861,869.81701106444,1
1052576,48459710,1,110,12:41:44,-79.4084670011803,43.6663545015848,,,21.4734652499062,50.2877393585645,5970.53676147718,878.24768862784,1
1052576,48459710,1,111,12:41:53,-79.40907,43.666237,,,21.4734652499062,50.2877393600299,6020.82450083721,886.678366191486,1
1052576,48459710,1,112,12:42:04,-79.409854,43.666064,,,21.4734652499062,66.0042035805963,6086.8287044178,897.743889623536,1
1052576,48459710,1,113,12:42:13,-79.410511,43.665929,,,21.4734652499062,54.9985709247128,6141.82727534251,906.964332296607,1
1052576,48459710,1,114,12:42:27,-79.411486,43.665716,,,21.4734652499062,82.0153140566784,6223.84258939919,920.714098678879,1
1052576,48459710,1,115,12:42:37,-79.4122205017925,43.6655695023514,14516,11,21.4734652499062,61.3538734952904,6285.19646289448,931,1
1052576,48459710,1,116,12:42:37,-79.4122205017925,43.6655695023514,14516,11,1e-12,0,6285.19646289448,931,1
1052576,48459710,1,117,12:42:47,-79.412955,43.665423,,,21.2965298136293,61.3538734964266,6346.55033639091,941.37135845699,1
1052576,48459710,1,118,12:42:56,-79.4135615013488,43.6652895016033,,,21.2965298136293,51.0505400999036,6397.60087649081,950.001024696888,1
1052576,48459710,1,119,12:43:05,-79.414168,43.665156,,,21.2965298136293,51.0505401031449,6448.65141659396,958.630690937334,1
1052576,48459710,1,120,12:43:19,-79.415116,43.664846,,,21.2965298136293,83.777390650611,6532.42880724457,972.792557165379,1
1052576,48459710,1,121,12:43:30,-79.415883,43.664627,,,21.2965298136293,66.4019093431912,6598.83071658776,984.017243803411,1
1052576,48459710,1,122,12:43:39,-79.416533,43.664455,,,21.2965298136293,55.735183338191,6654.56589992595,993.438809747412,1
1052576,48459710,1,123,12:43:55,-79.417637,43.664218,,,21.2965298136293,92.7351767896621,6747.30107671561,1009.11491469805,1
1052576,48459710,1,124,12:44:11,-79.418757,43.663981,14517,12,21.2965298136293,93.9714424236347,6841.27251913925,1025,1
1052576,48459710,1,125,12:44:11,-79.418757,43.663981,14517,12,1e-12,0,6841.27251913925,1025,1
1052576,48459710,1,126,12:44:16,-79.41929,43.663859,,,31.3152436137123,45.0191722814418,6886.29169142069,1030.17540346205,1
1052576,48459710,1,127,12:44:27,-79.4203735041602,43.6636285051169,,,31.3152436137123,90.9479743091305,6977.23966572982,1040.63078140998,1
1052576,48459710,1,128,12:44:37,-79.421457,43.663398,,,31.3152436137123,90.9479743070781,7068.1876400369,1051.08615935767,1
1052576,48459710,1,129,12:44:48,-79.422602,43.663152,,,31.3152436137123,96.1869938011723,7164.37463383807,1062.14381491851,1
1052576,48459710,1,130,12:44:54,-79.4232065013443,43.6630185015927,,,31.3152436137123,50.8982443091363,7215.27287814721,1067.99507642467,1
1052576,48459710,1,131,12:45:00,-79.423811,43.662885,,,31.3152436137123,50.8982443079873,7266.17112245519,1073.84633793069,1
1052576,48459710,1,132,12:45:11,-79.424975,43.662622,,,31.3152436137123,98.2029679600046,7364.3740904152,1085.13574985471,1
1052576,48459710,1,133,12:45:13,-79.425188,43.662571,,,31.3152436137123,18.0681248367625,7382.44221525196,1087.21286125179,1
1052576,48459710,1,134,12:45:23,-79.426202,43.66236,,,31.3152436137123,84.969145669564,7467.41136092153,1096.98091313679,1
1052576,48459710,1,135,12:45:25,-79.426388,43.662321,,,31.3152436137123,15.5952226883892,7483.00658360992,1098.77373973494,1
1052576,48459710,1,136,12:45:35,-79.427401,43.662111,,,31.3152436137123,84.8613486699585,7567.86793227987,1108.52939927828,1
1052576,48459710,1,137,12:45:41,-79.428073,43.661972,14518,13,31.3152436137123,56.285677202181,7624.15360948205,1115,1
1052576,48459710,1,138,12:45:41,-79.428073,43.661972,14518,13,1e-12,0,7624.15360948205,1115,1
1052576,48459710,1,139,12:45:45,-79.428768,43.661791,,,48.3274156135785,59.4856863410862,7683.63929582314,1119.43120055374,1
1052576,48459710,1,140,12:45:49,-79.42935,43.661602,,,48.3274156135785,51.3751173699217,7735.01441319306,1123.25822958444,1
1052576,48459710,1,141,12:45:54,-79.430144,43.661366,,,48.3274156135785,69.129007579974,7804.14342077304,1128.40777925781,1
1052576,48459710,1,142,12:45:59,-79.4308295019239,43.6611975020481,,,48.3274156135785,58.3045906868767,7862.44801145991,1132.75099777691,1
1052576,48459710,1,143,12:46:03,-79.431515,43.661029,,,48.3274156135785,58.3045906881718,7920.75260214809,1137.0942162961,1
1052576,48459710,1,144,12:46:07,-79.432055,43.660897,,,48.3274156135785,45.9031136633416,7966.65571581143,1140.51362548837,1
1052576,48459710,1,145,12:46:11,-79.432818,43.660727,,,48.3274156135785,64.294761233591,8030.95047704502,1145.30306306748,1
1052576,48459710,1,146,12:46:14,-79.4333,43.66063,,,48.3274156135785,40.2908479652465,8071.24132501027,1148.30440404203,1
1052576,48459710,1,147,12:46:19,-79.434128,43.660455,,,48.3274156135785,69.4689551989674,8140.71028020923,1153.47927705233,1
1052576,48459710,1,148,12:46:21,-79.434405,43.660414,,,48.3274156135785,22.7698725027654,8163.480152712,1155.17544764141,1
1052576,48459710,1,149,12:46:25,-79.435031501367,43.6602830017108,,,48.3274156135785,52.5194991412955,8215.99965185329,1159.08772382063,1
1052576,48459710,1,150,12:46:29,-79.435658,43.660152,14519,14,48.3274156135785,52.5194991431408,8268.51915099643,1163,1
1052576,48459710,1,151,12:46:29,-79.435658,43.660152,14519,14,1e-12,0,8268.51915099643,1163,1
1052576,48459710,1,152,12:46:29,-79.435735,43.660136,,,46.6745753967057,6.4518250428107,8274.97097603924,1163.4976278832,1
1052576,48459710,1,153,12:46:36,-79.436733,43.659919,,,46.6745753967057,83.9245596126041,8358.89553565185,1169.97071118471,1
1052576,48459710,1,154,12:46:43,-79.4379,43.659696,,,46.6745753967057,97.2066828875315,8456.10221853938,1177.46824180863,1
1052576,48459710,1,155,12:46:49,-79.438801,43.659515,,,46.6745753967057,75.3071283084121,8531.40934684779,1183.27666447999,1
1052576,48459710,1,156,12:46:54,-79.439503,43.659409,,,46.6745753967057,57.7536665246773,8589.16301337247,1187.73119240492,1
1052576,48459710,1,157,12:46:56,-79.439853,43.65939,,,46.6745753967057,28.2664269163263,8617.42944028879,1189.9113758567,1
1052576,48459710,1,158,12:46:58,-79.440129,43.659404,,,46.6745753967057,22.2821778688668,8639.71161815766,1191.62999546161,1
1052576,48459710,1,159,12:47:01,-79.440663,43.659387,,,46.6745753967057,43.047210308883,8682.75882846654,1194.95021756958,1
1052576,48459710,1,160,12:47:05,-79.441379,43.659344,,,46.6745753967057,57.8612966939223,8740.62012516047,1199.4130469864,1
1052576,48459710,1,161,12:47:11,-79.4422755007839,43.659291503503,14520,15,46.6745753967057,72.4357387975333,8813.055863958,1205,1
1052576,48459710,1,162,12:47:11,-79.4422755007839,43.659291503503,14520,15,1e-12,0,8813.055863958,1205,1
1052576,48459710,1,163,12:47:23,-79.443172,43.659239,,,21.8737345138609,72.4357388001638,8885.49160275816,1216.92154268469,1
1052576,48459710,1,164,12:47:30,-79.443692,43.659191,,,21.8737345138609,42.2177390861907,8927.70934184436,1223.86977827811,1
1052576,48459710,1,165,12:47:36,-79.444172,43.65915,,,21.8737345138609,38.9253598235908,8966.63470166794,1230.27615096569,1
1052576,48459710,1,166,12:47:44,-79.444757,43.659049,,,21.8737345138609,48.4360956440116,9015.07079731196,1238.24780958704,1
1052576,48459710,1,167,12:47:55,-79.4454985022353,43.6588680023964,,,21.8737345138609,63.0246489334311,9078.09544624539,1248.62046616365,1
1052576,48459710,1,168,12:48:05,-79.44624,43.658687,,,21.8737345138609,63.0246489349451,9141.12009518033,1258.99312274052,1
1052576,48459710,1,169,12:48:16,-79.4470240023503,43.658507002679,,,21.8737345138609,66.2434193285192,9207.36351450885,1269.89552760566,1
1052576,48459710,1,170,12:48:27,-79.447808,43.658327,,,21.8737345138609,66.243419330797,9273.60693383965,1280.79793247117,1
1052576,48459710,1,171,12:48:43,-79.44898000568,43.6580360059868,,,21.8737345138609,99.7929965171092,9373.39993035676,1297.22195861238,1
1052576,48459710,1,172,12:49:00,-79.450152,43.657745,,,21.8737345138609,99.7929965193217,9473.19292687608,1313.64598475396,1
1052576,48459710,1,173,12:49:15,-79.451275,43.657456,,,21.8737345138609,95.9947185354241,9569.18764541151,1329.44488669768,1
1052576,48459710,1,174,12:49:28,-79.4521455033199,43.6572270033028,,,21.8737345138609,74.5988929632605,9643.78653837477,1341.72244334891,1
1052576,48459710,1,175,12:49:40,-79.453016,43.656998,14521,16,21.8737345138609,74.5988929624778,9718.38543133724,1354,1
1052576,48459710,1,176,12:49:40,-79.453016,43.656998,14521,16,1e-12,0,9718.38543133724,1354,1
1052576,48459710,1,177,12:49:47,-79.453457,43.656891,,,20.3828264349587,37.4613836439743,9755.84681498122,1360.61640236935,1
1052576,48459710,1,178,12:49:58,-79.454227,43.656714,,,20.3828264349587,65.0693983063793,9820.9162132876,1372.10891223546,1
1052576,48459710,1,179,12:50:15,-79.455369,43.656457,,,20.3828264349587,96.3218250509796,9917.23803833858,1389.12120301319,1
1052576,48459710,1,180,12:50:30,-79.4563415036278,43.6562330041221,,,20.3828264349587,82.1977393566451,9999.43577769522,1403.63890803453,1
1052576,48459710,1,181,12:50:44,-79.457314,43.656009,,,20.3828264349587,82.1977393578497,10081.6335170531,1418.15661305608,1
1052576,48459710,1,182,12:50:46,-79.45747,43.655972,,,20.3828264349587,13.2220423654322,10094.8555594185,1420.49188057492,1
1052576,48459710,1,183,12:50:58,-79.4582720022304,43.6558050028034,,,20.3828264349587,67.2148001276104,10162.0703595461,1432.36330975239,1
1052576,48459710,1,184,12:51:10,-79.459074,43.655638,,,20.3828264349587,67.2148001292507,10229.2851596754,1444.23473893016,1
1052576,48459710,1,185,12:51:13,-79.459235,43.655609,,,20.3828264349587,13.3627361521198,10242.6478958275,1446.5948556834,1
1052576,48459710,1,186,12:51:22,-79.459875,43.655461,,,20.3828264349587,54.1145417113765,10296.7624375389,1456.1525267347,1
1052576,48459710,1,187,12:51:31,-79.460467,43.655323,14522,17,20.3828264349587,50.0934755429436,10346.8559130818,1465,1
1052576,48459710,1,188,12:51:31,-79.460467,43.655323,14522,17,1e-12,0,10346.8559130818,1465,1
1052576,48459710,1,189,12:51:39,-79.461455,43.655112,,,35.4612386307734,82.96816830161,10429.8240813834,1473.42287008065,1
1052576,48459710,1,190,12:51:45,-79.4621075015919,43.6549655018557,,,35.4612386307734,55.0251072755134,10484.8491886589,1479.00898026293,1
1052576,48459710,1,191,12:51:51,-79.46276,43.654819,,,35.4612386307734,55.0251072734111,10539.8742959323,1484.59509044501,1
1052576,48459710,1,192,12:51:56,-79.4634420017149,43.6546680020273,,,35.4612386307734,57.4434802761037,10597.3177762084,1490.42671215307,1
1052576,48459710,1,193,12:52:02,-79.464124,43.654517,,,35.4612386307734,57.4434802787443,10654.7612564872,1496.2583338614,1
1052576,48459710,1,194,12:52:09,-79.4649210024022,43.6543360027686,,,35.4612386307734,67.279597862841,10722.04085435,1503.08851130748,1
1052576,48459710,1,195,12:52:16,-79.465718,43.654155,,,35.4612386307734,67.2795978638795,10789.3204522139,1509.91868875368,1
1052576,48459710,1,196,12:52:23,-79.466551,43.65398,,,35.4612386307734,69.8625034760457,10859.18295569,1517.01108096063,1
1052576,48459710,1,197,12:52:30,-79.467322,43.653817,,,35.4612386307734,64.6947374455758,10923.8776931355,1523.57884519552,1
1052576,48459710,1,198,12:52:37,-79.4682275028724,43.6536265035737,,,35.4612386307734,75.9518403447211,10999.8295334803,1531.28942259773,1
1052576,48459710,1,199,12:52:45,-79.469133,43.653436,14523,18,35.4612386307734,75.9518403452296,11075.7813738255,1539,1
1052576,48459710,1,200,12:52:45,-79.469133,43.653436,14523,18,1e-12,0,11075.7813738255,1539,1
1052576,48459710,1,201,12:52:51,-79.4697915016009,43.6532900018899,,,32.0399689710911,55.4719058441618,11131.2532796696,1545.23280444557,1
1052576,48459710,1,202,12:52:57,-79.47045,43.653144,,,32.0399689710911,55.4719058431305,11186.7251855128,1551.46560889103,1
1052576,48459710,1,203,12:53:08,-79.4716,43.652876,,,32.0399689710911,97.3109209441542,11284.0361064569,1562.39943082185,1
1052576,48459710,1,204,12:53:14,-79.472209,43.652744,,,32.0399689710911,51.2047604361942,11335.2408668931,1568.15278026287,1
1052576,48459710,1,205,12:53:24,-79.47329,43.652496,,,32.0399689710911,91.3399658329595,11426.5808327261,1578.41570771125,1
1052576,48459710,1,206,12:53:30,-79.4738995013752,43.6523605016191,,,32.0399689710911,51.3567715043392,11477.9376042304,1584.18613706412,1
1052576,48459710,1,207,12:53:36,-79.474509,43.652225,,,32.0399689710911,51.3567715039224,11529.2943757343,1589.95656641693,1
1052576,48459710,1,208,12:53:39,-79.474795,43.652156,,,32.0399689710911,24.2825642562725,11553.5769399906,1592.68494706554,1
1052576,48459710,1,209,12:53:46,-79.475602,43.651979,,,32.0399689710911,67.9203117922122,11621.4972517828,1600.3164501632,1
1052576,48459710,1,210,12:53:50,-79.47594,43.651902,,,32.0399689710911,28.5416639528454,11650.0389157357,1603.52338180296,1
1052576,48459710,1,211,12:53:52,-79.476218,43.651846,,,32.0399689710911,23.2430625009254,11673.2819782366,1606.13496438841,1
1052576,48459710,1,212,12:53:57,-79.476736,43.651742,14524,19,32.0399689710911,43.2987750107051,11716.5807532473,1611,1
1052576,48459710,1,213,12:53:57,-79.476736,43.651742,14524,19,1e-12,0,11716.5807532473,1611,1
1052576,48459710,1,214,12:54:05,-79.477665,43.651519,,,33.670650644714,78.8368662580109,11795.4176195053,1619.42908328454,1
1052576,48459710,1,215,12:54:09,-79.478112,43.651432,,,33.670650644714,37.2836390565685,11832.7012585619,1623.41537692703,1
1052576,48459710,1,216,12:54:14,-79.478593,43.651316,,,33.670650644714,40.8377574658049,11873.5390160277,1627.78166994667,1
1052576,48459710,1,217,12:54:22,-79.479516,43.651108,,,33.670650644714,77.8660680677968,11951.4050840955,1636.10695739068,1
1052576,48459710,1,218,12:54:28,-79.4802090016904,43.6509615020932,,,33.670650644714,58.152060983204,12009.5571450787,1642.32446182054,1
1052576,48459710,1,219,12:54:35,-79.480902,43.650815,,,33.670650644714,58.1520609832542,12067.7092060619,1648.5419662504,1
1052576,48459710,1,220,12:54:41,-79.481556,43.650644,,,33.670650644714,56.0112567893457,12123.7204628513,1654.53058009007,1
1052576,48459710,1,221,12:54:45,-79.482044,43.65045,,,33.670650644714,44.8487409782972,12168.5692038296,1659.32571960862,1
1052576,48459710,1,222,12:54:50,-79.482518,43.650257,,,33.670650644714,43.8091996849369,12212.3784035145,1664.00971340874,1
1052576,48459710,1,223,12:54:55,-79.483042,43.650123,,,33.670650644714,44.7651426761479,12257.1435461907,1668.79591476061,1
1052576,48459710,1,224,12:55:04,-79.484045,43.649885,,,33.670650644714,85.0223835195246,12342.1659297102,1677.88634143219,1
1052576,48459710,1,225,12:55:11,-79.48483,43.649699,14525,20,33.670650644714,66.5337534562298,12408.6996831664,1685,1
1052576,48459710,1,226,12:55:11,-79.48483,43.649699,14525,20,1e-12,0,12408.6996831664,1685,1
1052576,48459710,1,227,12:55:13,-79.485071,43.649604,,,36.1857672148918,22.1057772096055,12430.805460376,1687.19922925724,1
1052576,48459710,1,228,12:55:16,-79.485372,43.649441,,,36.1857672148918,30.2830347586143,12461.0884951346,1690.21198630295,1
1052576,48459710,1,229,12:55:20,-79.485698,43.649235,,,36.1857672148918,34.8624439299654,12495.9509390646,1693.68033333018,1
1052576,48459710,1,230,12:55:23,-79.485977,43.649065,,,36.1857672148918,29.3797128414683,12525.3306519061,1696.6032219234,1
1052576,48459710,1,231,12:55:25,-79.486184,43.648919,,,36.1857672148918,23.2842711222576,12548.6149230283,1698.91969556737,1
1052576,48459710,1,232,12:55:26,-79.486267,43.648838,,,36.1857672148918,11.2250088388535,12559.8399318672,1700.03643385786,1
1052576,48459710,1,233,12:55:27,-79.486397,43.648758,,,36.1857672148918,13.7462235075083,12573.5861553747,1701.40399929687,1
1052576,48459710,1,234,12:55:29,-79.48655,43.648694,,,36.1857672148918,14.2351373411861,12587.8212927159,1702.82020512509,1
1052576,48459710,1,235,12:55:30,-79.486697,43.648641,,,36.1857672148918,13.2292167327745,12601.0505094487,1704.13633530288,1
1052576,48459710,1,236,12:55:33,-79.487069,43.648543,,,36.1857672148918,31.8884753996106,12632.9389848483,1707.30881222611,1
1052576,48459710,1,237,12:55:37,-79.487444,43.648444,,,36.1857672148918,32.1536797501054,12665.0926645984,1710.50767343618,1
1052576,48459710,1,238,12:55:39,-79.487763,43.648389,,,36.1857672148918,26.4146653489801,12691.5073299474,1713.13557944938,1
1052576,48459710,1,239,12:55:42,-79.48812,43.648358,,,36.1857672148918,28.9625310483789,12720.4698609957,1716.0169640323,1
1052576,48459710,1,240,12:55:45,-79.488507,43.648342,,,36.1857672148918,31.2235497714963,12751.6934107672,1719.12328974622,1
1052576,48459710,1,241,12:55:51,-79.489268,43.64837,,,36.1857672148918,61.3774592969367,12813.0708700642,1725.22952627167,1
1052576,48459710,1,242,12:55:57,-79.490041,43.64838,,,36.1857672148918,62.2747899790068,12875.3456600432,1731.42503520182,1
1052576,48459710,1,243,12:56:05,-79.490968,43.64847,,,36.1857672148918,75.3385497656664,12950.6842098088,1738.92021355595,1
1052576,48459710,1,244,12:56:10,-79.491482,43.648651,,,36.1857672148918,46.0448819879676,12996.7290917968,1743.50106365019,1
1052576,48459710,1,245,12:56:15,-79.4921369919193,43.6488980056097,,,36.1857672148918,59.4942868252668,13056.2233786221,1749.4199496945,1
1052576,48459710,1,246,12:56:21,-79.4927919892257,43.6491450074796,,,36.1857672148918,59.4942868252561,13115.7176654473,1755.33883573881,1
1052576,48459710,1,247,12:56:27,-79.4934469919193,43.6493920056097,,,36.1857672148918,59.4942868257917,13175.2119522731,1761.25772178318,1
1052576,48459710,1,248,12:56:33,-79.494102,43.649639,,,36.1857672148918,59.494286826874,13234.7062391,1767.17660782765,1
1052576,48459710,1,249,12:56:35,-79.494318,43.649715,,,36.1857672148918,19.3462776857977,13254.0525167858,1769.10130377938,1
1052576,48459710,1,250,12:56:41,-79.494989,43.649934,14526,21,36.1857672148918,59.2913467529275,13313.3438635387,1775,1
1052576,48459710,1,251,12:56:41,-79.494989,43.649934,14526,21,1e-12,0,13313.3438635387,1775,1
1052576,48459710,1,252,12:56:44,-79.49534,43.650053,,,34.247885373634,31.2217525666132,13344.5656161053,1778.28190508738,1
1052576,48459710,1,253,12:56:49,-79.495876,43.650213,,,34.247885373634,46.7030149338675,13391.2686310392,1783.19113822478,1
1052576,48459710,1,254,12:56:52,-79.496177,43.650284,,,34.247885373634,25.5004388808422,13416.76906992,1785.87164182287,1
1052576,48459710,1,255,12:56:56,-79.496691,43.650399,,,34.247885373634,43.3351915158405,13460.1042614359,1790.42686290455,1
1052576,48459710,1,256,12:57:00,-79.49711,43.65049,,,34.247885373634,35.2366488403346,13495.3409102762,1794.13079774436,1
1052576,48459710,1,257,12:57:04,-79.497487,43.650586,,,34.247885373634,32.1916957900432,13527.5326060663,1797.51465936325,1
1052576,48459710,1,258,12:57:07,-79.497866,43.650645,,,34.247885373634,31.2256960755333,13558.7583021418,1800.79697897644,1
1052576,48459710,1,259,12:57:11,-79.498402,43.65066,,,34.247885373634,43.2052268062253,13601.963528948,1805.33853869043,1
1052576,48459710,1,260,12:57:14,-79.498725,43.650678,,,34.247885373634,26.0935753947008,13628.0571043427,1808.08139041386,1
1052576,48459710,1,261,12:57:17,-79.499106,43.650697,,,34.247885373634,30.7610157945441,13658.8181201373,1811.31486470438,1
1052576,48459710,1,262,12:57:21,-79.499518,43.650689,,,34.247885373634,33.1971011898591,13692.0152213271,1814.80441049618,1
1052576,48459710,1,263,12:57:23,-79.499716,43.650663,,,34.247885373634,16.2087136718217,13708.2239349989,1816.50820530225,1
1052576,48459710,1,264,12:57:26,-79.500071,43.650602,,,34.247885373634,29.3892743822747,13737.6132093812,1819.59748765128,1
1052576,48459710,1,265,12:57:36,-79.5012095048811,43.6503445056494,,,34.247885373634,96.0783855435681,13833.6915949248,1829.69686120919,1
1052576,48459710,1,266,12:57:46,-79.502348,43.650087,,,34.247885373634,96.0783855434522,13929.7699804682,1839.79623476709,1
1052576,48459710,1,267,12:57:56,-79.503508,43.649831,,,34.247885373634,97.6843711339997,14027.4543516022,1850.06442307261,1
1052576,48459710,1,268,12:58:06,-79.504612,43.649563,,,34.247885373634,93.7958691657328,14121.250220768,1859.92386768686,1
1052576,48459710,1,269,12:58:16,-79.505758,43.649317,,,34.247885373634,96.2845803465368,14217.5348011145,1870.04491561335,1
1052576,48459710,1,270,12:58:22,-79.506433,43.649152,,,34.247885373634,57.3889514505252,14274.923752565,1876.07741142931,1
1052576,48459710,1,271,12:58:31,-79.507392,43.648898,,,34.247885373634,82.2585196456021,14357.1822722106,1884.7240962536,1
1052576,48459710,1,272,12:58:37,-79.508035,43.648701,,,34.247885373634,56.2444644447353,14413.4267366554,1890.63628819748,1
1052576,48459710,1,273,12:58:42,-79.508699,43.648571,,,34.247885373634,55.407928467079,14468.8346651225,1896.4605468431,1
1052576,48459710,1,274,12:58:44,-79.50889,43.648549,,,34.247885373634,15.5786292204706,14484.4132943429,1898.09810970521,1
1052576,48459710,1,275,12:58:52,-79.5098065022583,43.648401003661,,,34.247885373634,75.639738339144,14560.0530326821,1906.04905485263,1
1052576,48459710,1,276,12:59:00,-79.510723,43.648253,14527,22,34.247885373634,75.6397383386298,14635.6927710207,1914,1
1052576,48459710,1,277,12:59:00,-79.510723,43.648253,14527,22,1e-12,0,14635.6927710207,1914,1
1052576,48459710,1,278,12:59:05,-79.511291,43.648113,,,33.1013937016009,48.3338224611556,14684.0265934819,1919.25662944675,1
1052576,48459710,1,279,12:59:10,-79.511843,43.647959,,,33.1013937016009,47.6539997960622,14731.6805932779,1924.43932358985,1
1052576,48459710,1,280,12:59:19,-79.512756,43.647746,,,33.1013937016009,77.2703175926471,14808.9509108706,1932.84299220396,1
1052576,48459710,1,281,12:59:29,-79.513893,43.647499,,,33.1013937016009,95.6244121507956,14904.5753230214,1943.24279249171,1
1052576,48459710,1,282,12:59:31,-79.514056,43.647457,,,33.1013937016009,13.93738422174,14918.5127072431,1944.7585771034,1
1052576,48459710,1,283,12:59:35,-79.514537,43.647346,,,33.1013937016009,40.6676289152559,14959.1803361584,1949.1814562551,1
1052576,48459710,1,284,12:59:38,-79.514874,43.647296,,,33.1013937016009,27.7104423546702,14986.890778513,1952.19515390711,1
1052576,48459710,1,285,12:59:44,-79.5154915014855,43.6471515016619,,,33.1013937016009,52.2767165179275,15039.167495031,1957.88059969713,1
1052576,48459710,1,286,12:59:50,-79.516109,43.647007,,,33.1013937016009,52.2767165192155,15091.4442115502,1963.56604548729,1
1052576,48459710,1,287,12:59:55,-79.5167185013851,43.6468705016191,,,33.1013937016009,51.3938636782507,15142.8380752284,1969.15547507172,1
1052576,48459710,1,288,13:00:01,-79.517328,43.646734,,,33.1013937016009,51.3938636794431,15194.2319389079,1974.74490465628,1
1052576,48459710,1,289,13:00:01,-79.517364,43.646731,,,33.1013937016009,2.91903141028697,15197.1509703181,1975.06236902566,1
1052576,48459710,1,290,13:00:10,-79.5183390027593,43.6465610041433,,,33.1013937016009,80.7860339139781,15277.9370042321,1983.84839552086,1
1052576,48459710,1,291,13:00:19,-79.519314,43.646391,,,33.1013937016009,80.7860339166581,15358.7230381488,1992.63442201635,1
1052576,48459710,1,292,13:00:24,-79.5199345009762,43.6462965016781,,,33.1013937016009,51.07778146385,15409.8008196126,1998.18947552641,1
1052576,48459710,1,293,13:00:30,-79.520555,43.646202,,,33.1013937016009,51.0777814616615,15460.8786010743,2003.74452903623,1
1052576,48459710,1,294,13:00:39,-79.521555,43.646012,,,33.1013937016009,83.2831319085302,15544.1617329828,2012.80213179379,1
1052576,48459710,1,295,13:00:45,-79.5221900014324,43.6458765017574,,,33.1013937016009,53.3287736830459,15597.4905066659,2018.60199590192,1
1052576,48459710,1,296,13:00:50,-79.522825,43.645741,,,33.1013937016009,53.328773682207,15650.8192803481,2024.40186000996,1
1052576,48459710,1,297,13:01:01,-79.523966,43.645463,,,33.1013937016009,96.9814366752024,15747.8007170233,2034.94924587467,1
1052576,48459710,1,298,13:01:07,-79.52468,43.645305,,,33.1013937016009,60.1445070227738,15807.9452240461,2041.49036698981,1
1052576,48459710,1,299,13:01:11,-79.525063,43.64522,14528,23,33.1013937016009,32.2704844495655,15840.2157084956,2045,1
1052576,48459710,1,300,13:01:11,-79.525063,43.64522,14528,23,1e-12,0,15840.2157084956,2045,1
1052576,48459710,1,301,13:01:27,-79.526163,43.645004,,,20.7239415883548,91.8138511360474,15932.0295596317,2060.94917948792,1
1052576,48459710,1,302,13:01:36,-79.5267740014036,43.6448660016271,,,20.7239415883548,51.5603747630309,15983.5899343947,2069.90584192375,1
1052576,48459710,1,303,13:01:45,-79.527385,43.644728,,,20.7239415883548,51.5603747651791,16035.1503091599,2078.86250435997,1
1052576,48459710,1,304,13:01:50,-79.527736,43.644646,,,20.7239415883548,29.7116063787157,16064.8619155386,2084.02377073911,1
1052576,48459710,1,305,13:01:59,-79.528322,43.644431,,,20.7239415883548,52.9258073157279,16117.7877228543,2093.21762536972,1
1052576,48459710,1,306,13:02:06,-79.528702,43.644214,,,20.7239415883548,38.9943100972414,16156.7820329516,2099.99140996816,1
1052576,48459710,1,307,13:02:14,-79.529119,43.643969,,,20.7239415883548,43.2692228796953,16200.0512558313,2107.50779876431,1
1052576,48459710,1,308,13:02:22,-79.529518,43.643644,,,20.7239415883548,48.3942056883195,16248.4454615196,2115.91445923164,1
1052576,48459710,1,309,13:02:35,-79.5300570153689,43.6430730037987,,,20.7239415883548,76.9782273679457,16325.4236888875,2129.2865109402,1
1052576,48459710,1,310,13:02:49,-79.5305960204916,43.6425020050648,,,20.7239415883548,76.9782273702423,16402.4019162578,2142.65856264915,1
1052576,48459710,1,311,13:03:02,-79.5311350153685,43.6419310037986,,,20.7239415883548,76.9782273659529,16479.3801436237,2156.03061435736,1
1052576,48459710,1,312,13:03:15,-79.531674,43.64136,,,20.7239415883548,76.9782273690645,16556.3583709928,2169.40266606612,1
1052576,48459710,1,313,13:03:29,-79.5322200151855,43.640803003898,,,20.7239415883548,76.0222708546557,16632.3806418474,2182.60865653419,1
1052576,48459710,1,314,13:03:42,-79.5327660202471,43.6402460051972,,,20.7239415883548,76.0222708561215,16708.4029127036,2195.81464700252,1
1052576,48459710,1,315,13:03:55,-79.5333120151852,43.6396890038979,,,20.7239415883548,76.0222708564369,16784.42518356,2209.0206374709,1
1052576,48459710,1,316,13:04:08,-79.533858,43.639132,,,20.7239415883548,76.0222708562104,16860.4474544162,2222.22662793925,1
1052576,48459710,1,317,13:04:25,-79.5346300085249,43.6384685025975,14529,24,20.7239415883548,96.5584396740876,16957.0058940903,2239,1
1052576,48459710,1,318,13:04:25,-79.5346300085249,43.6384685025975,14529,24,1e-12,0,16957.0058940903,2239,1
1052576,48459710,1,319,,-79.535402,43.637805,,,,96.5584396736368,17053.5643337639,,1
