shape_id,trip_id,route_type,id,timestamp,shape_pt_lon,shape_pt_lat,stop_id,stop_sequence,speed,dist,cumdist,cumtime,trip_number
1052429,48459582,1,1,,-79.459875,43.655461,,,1e-12,0,0,0,1
1052429,48459582,1,2,05:44:53,-79.460467,43.655323,14522,1,,50.0934755429436,50.0934755429436,,1
1052429,48459582,1,3,05:44:53,-79.460467,43.655323,14522,1,1e-12,0,50.0934755429436,0,1
1052429,48459582,1,4,05:45:01,-79.461455,43.655112,,,36.9596008264399,82.96816830161,133.061643844554,8.08140237467405,1
1052429,48459582,1,5,05:45:06,-79.4621075015919,43.6549655018557,,,36.9596008264399,55.0251072755134,188.086751120067,13.4410486306515,1
1052429,48459582,1,6,05:45:12,-79.46276,43.654819,,,36.9596008264399,55.0251072734111,243.111858393478,18.8006948864241,1
1052429,48459582,1,7,05:45:17,-79.4634420017149,43.6546680020273,,,36.9596008264399,57.4434802761037,300.555338669582,24.395899498213,1
1052429,48459582,1,8,05:45:23,-79.464124,43.654517,,,36.9596008264399,57.4434802787443,357.998818948326,29.9911041102591,1
1052429,48459582,1,9,05:45:30,-79.4649210024022,43.6543360027686,,,36.9596008264399,67.279597862841,425.278416811167,36.5443824706942,1
1052429,48459582,1,10,05:45:36,-79.465718,43.654155,,,36.9596008264399,67.2795978638795,492.558014675047,43.0976608312305,1
1052429,48459582,1,11,05:45:43,-79.466551,43.65398,,,36.9596008264399,69.8625034760457,562.420518151092,49.9025236243872,1
1052429,48459582,1,12,05:45:49,-79.467322,43.653817,,,36.9596008264399,64.6947374455758,627.115255596668,56.2040271470514,1
1052429,48459582,1,13,05:45:57,-79.4682275028724,43.6536265035737,,,36.9596008264399,75.9518403447211,703.067095941389,63.6020135735009,1
1052429,48459582,1,14,05:46:04,-79.469133,43.653436,14523,2,36.9596008264399,75.9518403452296,779.018936286619,71,1
1052429,48459582,1,15,05:46:04,-79.469133,43.653436,14523,2,1e-12,0,779.018936286619,71,1
1052429,48459582,1,16,05:46:10,-79.4697915016009,43.6532900018899,,,35.4904271679779,55.4719058441618,834.490842130781,76.6268373466963,1
1052429,48459582,1,17,05:46:15,-79.47045,43.653144,,,35.4904271679779,55.4719058431305,889.962747973911,82.253674693288,1
1052429,48459582,1,18,05:46:25,-79.4716,43.652876,,,35.4904271679779,97.3109209441542,987.273668918065,92.1244861586129,1
1052429,48459582,1,19,05:46:30,-79.472209,43.652744,,,35.4904271679779,51.2047604361942,1038.47842935426,97.3184821817609,1
1052429,48459582,1,20,05:46:40,-79.47329,43.652496,,,35.4904271679779,91.3399658329595,1129.81839518722,106.583625017104,1
1052429,48459582,1,21,05:46:45,-79.4738995013752,43.6523605016191,,,35.4904271679779,51.3567715043392,1181.17516669156,111.793040405106,1
1052429,48459582,1,22,05:46:50,-79.474509,43.652225,,,35.4904271679779,51.3567715039224,1232.53193819548,117.002455793065,1
1052429,48459582,1,23,05:46:52,-79.474795,43.652156,,,35.4904271679779,24.2825642562725,1256.81450245175,119.465577211943,1
1052429,48459582,1,24,05:46:59,-79.475602,43.651979,,,35.4904271679779,67.9203117922122,1324.73481424397,126.355128619557,1
1052429,48459582,1,25,05:47:02,-79.47594,43.651902,,,35.4904271679779,28.5416639528454,1353.27647819681,129.250275238783,1
1052429,48459582,1,26,05:47:05,-79.476218,43.651846,,,35.4904271679779,23.2430625009254,1376.51954069774,131.607953961761,1
1052429,48459582,1,27,05:47:09,-79.476736,43.651742,14524,3,35.4904271679779,43.2987750107051,1419.81831570844,136,1
1052429,48459582,1,28,05:47:09,-79.476736,43.651742,14524,3,1e-12,0,1419.81831570844,136,1
1052429,48459582,1,29,05:47:17,-79.477665,43.651519,,,37.7519416319521,78.8368662580109,1498.65518196645,143.51783103756,1
1052429,48459582,1,30,05:47:20,-79.478112,43.651432,,,37.7519416319521,37.2836390565685,1535.93882102302,147.073174016,1
1052429,48459582,1,31,05:47:24,-79.478593,43.651316,,,37.7519416319521,40.8377574658049,1576.77657848883,150.967435357845,1
1052429,48459582,1,32,05:47:31,-79.479516,43.651108,,,37.7519416319521,77.8660680677968,1654.64264655662,158.392691726827,1
1052429,48459582,1,33,05:47:37,-79.4802090016904,43.6509615020932,,,37.7519416319521,58.152060983204,1712.79470753983,163.938033515614,1
1052429,48459582,1,34,05:47:42,-79.480902,43.650815,,,37.7519416319521,58.1520609832542,1770.94676852308,169.483375304407,1
1052429,48459582,1,35,05:47:48,-79.481556,43.650644,,,37.7519416319521,56.0112567893457,1826.95802531243,174.82457143168,1
1052429,48459582,1,36,05:47:52,-79.482044,43.65045,,,37.7519416319521,44.8487409782972,1871.80676629072,179.101317488768,1
1052429,48459582,1,37,05:47:56,-79.482518,43.650257,,,37.7519416319521,43.8091996849369,1915.61596597566,183.278933580765,1
1052429,48459582,1,38,05:48:01,-79.483042,43.650123,,,37.7519416319521,44.7651426761479,1960.38110865181,187.547707759462,1
1052429,48459582,1,39,05:48:09,-79.484045,43.649885,,,37.7519416319521,85.0223835195246,2045.40349217133,195.655385601685,1
1052429,48459582,1,40,05:48:15,-79.48483,43.649699,14525,4,37.7519416319521,66.5337534562298,2111.93724562756,202,1
1052429,48459582,1,41,05:48:15,-79.48483,43.649699,14525,4,1e-12,0,2111.93724562756,202,1
1052429,48459582,1,42,05:48:17,-79.485071,43.649604,,,43.4229206578702,22.1057772096055,2134.04302283717,203.832691047698,1
1052429,48459582,1,43,05:48:19,-79.485372,43.649441,,,43.4229206578702,30.2830347586143,2164.32605759578,206.343321919121,1
1052429,48459582,1,44,05:48:22,-79.485698,43.649235,,,43.4229206578702,34.8624439299654,2199.18850152575,209.233611108481,1
1052429,48459582,1,45,05:48:25,-79.485977,43.649065,,,43.4229206578702,29.3797128414683,2228.56821436722,211.66935160283,1
1052429,48459582,1,46,05:48:27,-79.486184,43.648919,,,43.4229206578702,23.2842711222576,2251.85248548947,213.599746306139,1
1052429,48459582,1,47,05:48:28,-79.486267,43.648838,,,43.4229206578702,11.2250088388535,2263.07749432833,214.530361548219,1
1052429,48459582,1,48,05:48:29,-79.486397,43.648758,,,43.4229206578702,13.7462235075083,2276.82371783584,215.669999414058,1
1052429,48459582,1,49,05:48:30,-79.48655,43.648694,,,43.4229206578702,14.2351373411861,2291.05885517702,216.850170937573,1
1052429,48459582,1,50,05:48:31,-79.486697,43.648641,,,43.4229206578702,13.2292167327745,2304.2880719098,217.946946085731,1
1052429,48459582,1,51,05:48:34,-79.487069,43.648543,,,43.4229206578702,31.8884753996106,2336.17654730941,220.590676855089,1
1052429,48459582,1,52,05:48:36,-79.487444,43.648444,,,43.4229206578702,32.1536797501054,2368.33022705951,223.256394530148,1
1052429,48459582,1,53,05:48:38,-79.487763,43.648389,,,43.4229206578702,26.4146653489801,2394.74489240849,225.446316207816,1
1052429,48459582,1,54,05:48:41,-79.48812,43.648358,,,43.4229206578702,28.9625310483789,2423.70742345687,227.847470026917,1
1052429,48459582,1,55,05:48:43,-79.488507,43.648342,,,43.4229206578702,31.2235497714963,2454.93097322837,230.436074788514,1
1052429,48459582,1,56,05:48:49,-79.489268,43.64837,,,43.4229206578702,61.3774592969367,2516.3084325253,235.524605226388,1
1052429,48459582,1,57,05:48:54,-79.490041,43.64838,,,43.4229206578702,62.2747899790068,2578.58322250431,240.687529334852,1
1052429,48459582,1,58,05:49:00,-79.490968,43.64847,,,43.4229206578702,75.3385497656664,2653.92177226998,246.933511296621,1
1052429,48459582,1,59,05:49:04,-79.491482,43.648651,,,43.4229206578702,46.0448819879676,2699.96665425794,250.750886375159,1
1052429,48459582,1,60,05:49:09,-79.4921369919193,43.6488980056097,,,43.4229206578702,59.4942868252668,2759.46094108321,255.683291412086,1
1052429,48459582,1,61,05:49:14,-79.4927919892257,43.6491450074796,,,43.4229206578702,59.4942868252561,2818.95522790847,260.615696449012,1
1052429,48459582,1,62,05:49:19,-79.4934469919193,43.6493920056097,,,43.4229206578702,59.4942868257917,2878.44951473426,265.548101485983,1
1052429,48459582,1,63,05:49:23,-79.494102,43.649639,,,43.4229206578702,59.494286826874,2937.94380156113,270.480506523043,1
1052429,48459582,1,64,05:49:25,-79.494318,43.649715,,,43.4229206578702,19.3462776857977,2957.29007924693,272.084419816154,1
1052429,48459582,1,65,05:49:30,-79.494989,43.649934,14526,5,43.4229206578702,59.2913467529275,3016.58142599986,277,1
1052429,48459582,1,66,05:49:30,-79.494989,43.649934,14526,5,1e-12,0,3016.58142599986,277,1
1052429,48459582,1,67,05:49:33,-79.49534,43.650053,,,38.702894853131,31.2217525666132,3047.80317856647,279.904131839914,1
1052429,48459582,1,68,05:49:37,-79.495876,43.650213,,,38.702894853131,46.7030149338675,3094.50619350034,284.248273393147,1
1052429,48459582,1,69,05:49:40,-79.496177,43.650284,,,38.702894853131,25.5004388808422,3120.00663238118,286.62022981448,1
1052429,48459582,1,70,05:49:44,-79.496691,43.650399,,,38.702894853131,43.3351915158405,3163.34182389702,290.651108901148,1
1052429,48459582,1,71,05:49:47,-79.49711,43.65049,,,38.702894853131,35.2366488403346,3198.57847273736,293.928691529181,1
1052429,48459582,1,72,05:49:50,-79.497487,43.650586,,,38.702894853131,32.1916957900432,3230.7701685274,296.92304389698,1
1052429,48459582,1,73,05:49:53,-79.497866,43.650645,,,38.702894853131,31.2256960755333,3261.99586460293,299.827542547495,1
1052429,48459582,1,74,05:49:57,-79.498402,43.65066,,,38.702894853131,43.2052268062253,3305.20109140916,303.846332798008,1
1052429,48459582,1,75,05:49:59,-79.498725,43.650678,,,38.702894853131,26.0935753947008,3331.29466680386,306.273460582051,1
1052429,48459582,1,76,05:50:02,-79.499106,43.650697,,,38.702894853131,30.7610157945441,3362.0556825984,309.134736393088,1
1052429,48459582,1,77,05:50:05,-79.499518,43.650689,,,38.702894853131,33.1971011898591,3395.25278378826,312.222607849138,1
1052429,48459582,1,78,05:50:07,-79.499716,43.650663,,,38.702894853131,16.2087136718217,3411.46149746008,313.730282389763,1
1052429,48459582,1,79,05:50:09,-79.500071,43.650602,,,38.702894853131,29.3892743822747,3440.85077184236,316.463963892857,1
1052429,48459582,1,80,05:50:18,-79.5012095048811,43.6503445056494,,,38.702894853131,96.0783855435681,3536.92915738593,325.400819631152,1
1052429,48459582,1,81,05:50:27,-79.502348,43.650087,,,38.702894853131,96.0783855434522,3633.00754292938,334.337675369437,1
1052429,48459582,1,82,05:50:36,-79.503508,43.649831,,,38.702894853131,97.6843711339997,3730.69191406338,343.423913941949,1
1052429,48459582,1,83,05:50:45,-79.504612,43.649563,,,38.702894853131,93.7958691657328,3824.48778322911,352.14845845672,1
1052429,48459582,1,84,05:50:54,-79.505758,43.649317,,,38.702894853131,96.2845803465368,3920.77236357565,361.104493672248,1
1052429,48459582,1,85,05:50:59,-79.506433,43.649152,,,38.702894853131,57.3889514505252,3978.16131502617,366.442601480615,1
1052429,48459582,1,86,05:51:07,-79.507392,43.648898,,,38.702894853131,82.2585196456021,4060.41983467178,374.093984454625,1
1052429,48459582,1,87,05:51:12,-79.508035,43.648701,,,38.702894853131,56.2444644447353,4116.66429911651,379.325636318637,1
1052429,48459582,1,88,05:51:17,-79.508699,43.648571,,,38.702894853131,55.407928467079,4172.07222758359,384.479476702888,1
1052429,48459582,1,89,05:51:19,-79.50889,43.648549,,,38.702894853131,15.5786292204706,4187.65085680406,385.92854312044,1
1052429,48459582,1,90,05:51:26,-79.5098065022583,43.648401003661,,,38.702894853131,75.639738339144,4263.2905951432,392.964271560244,1
1052429,48459582,1,91,05:51:33,-79.510723,43.648253,14527,6,38.702894853131,75.6397383386298,4338.93033348183,400,1
1052429,48459582,1,92,05:51:33,-79.510723,43.648253,14527,6,1e-12,0,4338.93033348183,400,1
1052429,48459582,1,93,05:51:38,-79.511291,43.648113,,,37.0622442299976,48.3338224611556,4387.26415594299,404.694852253964,1
1052429,48459582,1,94,05:51:42,-79.511843,43.647959,,,37.0622442299976,47.6539997960622,4434.91815573905,409.323670687117,1
1052429,48459582,1,95,05:51:50,-79.512756,43.647746,,,37.0622442299976,77.2703175926471,4512.1884733317,416.829237311935,1
1052429,48459582,1,96,05:51:59,-79.513893,43.647499,,,37.0622442299976,95.6244121507956,4607.81288548249,426.1176085613,1
1052429,48459582,1,97,05:52:00,-79.514056,43.647457,,,37.0622442299976,13.93738422174,4621.75026970424,427.471400924409,1
1052429,48459582,1,98,05:52:04,-79.514537,43.647346,,,37.0622442299976,40.6676289152559,4662.41789861949,431.421605968291,1
1052429,48459582,1,99,05:52:07,-79.514874,43.647296,,,37.0622442299976,27.7104423546702,4690.12834097416,434.113229062072,1
1052429,48459582,1,100,05:52:12,-79.5154915014855,43.6471515016619,,,37.0622442299976,52.2767165179275,4742.40505749209,439.191069958502,1
1052429,48459582,1,101,05:52:17,-79.516109,43.647007,,,37.0622442299976,52.2767165192155,4794.6817740113,444.268910855056,1
1052429,48459582,1,102,05:52:22,-79.5167185013851,43.6468705016191,,,37.0622442299976,51.3938636782507,4846.07563768955,449.260996819779,1
1052429,48459582,1,103,05:52:27,-79.517328,43.646734,,,37.0622442299976,51.3938636794431,4897.469501369,454.253082784618,1
1052429,48459582,1,104,05:52:28,-79.517364,43.646731,,,37.0622442299976,2.91903141028697,4900.38853277928,454.536619664139,1
1052429,48459582,1,105,05:52:35,-79.5183390027593,43.6465610041433,,,37.0622442299976,80.7860339139781,4981.17456669326,462.38368149573,1
1052429,48459582,1,106,05:52:43,-79.519314,43.646391,,,37.0622442299976,80.7860339166581,5061.96060060992,470.230743327582,1
1052429,48459582,1,107,05:52:48,-79.5199345009762,43.6462965016781,,,37.0622442299976,51.07778146385,5113.03838207377,475.19212699687,1
1052429,48459582,1,108,05:52:53,-79.520555,43.646202,,,37.0622442299976,51.0777814616615,5164.11616353543,480.153510665944,1
1052429,48459582,1,109,05:53:01,-79.521555,43.646012,,,37.0622442299976,83.2831319085302,5247.39929544396,488.243125342544,1
1052429,48459582,1,110,05:53:06,-79.5221900014324,43.6458765017574,,,37.0622442299976,53.3287736830459,5300.72806912701,493.423156645224,1
1052429,48459582,1,111,05:53:12,-79.522825,43.645741,,,37.0622442299976,53.328773682207,5354.05684280922,498.603187947823,1
1052429,48459582,1,112,05:53:21,-79.523966,43.645463,,,37.0622442299976,96.9814366752024,5451.03827948442,508.023372269747,1
1052429,48459582,1,113,05:53:27,-79.52468,43.645305,,,37.0622442299976,60.1445070227738,5511.18278650719,513.865442273342,1
1052429,48459582,1,114,05:53:30,-79.525063,43.64522,14528,7,37.0622442299976,32.2704844495655,5543.45327095676,517,1
1052429,48459582,1,115,05:53:30,-79.525063,43.64522,14528,7,1e-12,0,5543.45327095676,517,1
1052429,48459582,1,116,05:53:42,-79.526163,43.645004,,,26.8029644542722,91.8138511360474,5635.2671220928,529.331839810245,1
1052429,48459582,1,117,05:53:49,-79.5267740014036,43.6448660016271,,,26.8029644542722,51.5603747630309,5686.82749685584,536.257094270944,1
1052429,48459582,1,118,05:53:56,-79.527385,43.644728,,,26.8029644542722,51.5603747651791,5738.38787162101,543.182348731932,1
1052429,48459582,1,119,05:54:00,-79.527736,43.644646,,,26.8029644542722,29.7116063787157,5768.09947799973,547.173018612715,1
1052429,48459582,1,120,05:54:07,-79.528322,43.644431,,,26.8029644542722,52.9258073157279,5821.02528531546,554.281669100302,1
1052429,48459582,1,121,05:54:13,-79.528702,43.644214,,,26.8029644542722,38.9943100972414,5860.0195954127,559.519131418679,1
1052429,48459582,1,122,05:54:18,-79.529119,43.643969,,,26.8029644542722,43.2692228796953,5903.2888182924,565.33077224045,1
1052429,48459582,1,123,05:54:25,-79.529518,43.643644,,,26.8029644542722,48.3942056883195,5951.68302398071,571.830767447143,1
1052429,48459582,1,124,05:54:35,-79.5300570153689,43.6430730037987,,,26.8029644542722,76.9782273679457,6028.66125134866,582.169982685719,1
1052429,48459582,1,125,05:54:46,-79.5305960204916,43.6425020050648,,,26.8029644542722,76.9782273702423,6105.6394787189,592.509197924602,1
1052429,48459582,1,126,05:54:56,-79.5311350153685,43.6419310037986,,,26.8029644542722,76.9782273659529,6182.61770608486,602.84841316291,1
1052429,48459582,1,127,05:55:06,-79.531674,43.64136,,,26.8029644542722,76.9782273690645,6259.59593345392,613.187628401636,1
1052429,48459582,1,128,05:55:16,-79.5322200151855,43.640803003898,,,26.8029644542722,76.0222708546557,6335.61820430858,623.398445773859,1
1052429,48459582,1,129,05:55:27,-79.5327660202471,43.6402460051972,,,26.8029644542722,76.0222708561215,6411.6404751647,633.609263146279,1
1052429,48459582,1,130,05:55:37,-79.5333120151852,43.6396890038979,,,26.8029644542722,76.0222708564369,6487.66274602113,643.820080518741,1
1052429,48459582,1,131,05:55:47,-79.533858,43.639132,,,26.8029644542722,76.0222708562104,6563.68501687734,654.030897891173,1
1052429,48459582,1,132,05:56:00,-79.5346300085249,43.6384685025975,14529,8,26.8029644542722,96.5584396740876,6660.24345655143,667,1
1052429,48459582,1,133,05:56:00,-79.5346300085249,43.6384685025975,14529,8,1e-12,0,6660.24345655143,667,1
1052429,48459582,1,134,,-79.535402,43.637805,,,,96.5584396736368,6756.80189622507,,1
1052429,48459583,1,1,,-79.459875,43.655461,,,1e-12,0,0,0,2
1052429,48459583,1,2,05:47:53,-79.460467,43.655323,14522,1,,50.0934755429436,50.0934755429436,,2
1052429,48459583,1,3,05:47:53,-79.460467,43.655323,14522,1,1e-12,0,50.0934755429436,0,2
1052429,48459583,1,4,05:48:01,-79.461455,43.655112,,,36.9596008264399,82.96816830161,133.061643844554,8.08140237467405,2
1052429,48459583,1,5,05:48:06,-79.4621075015919,43.6549655018557,,,36.9596008264399,55.0251072755134,188.086751120067,13.4410486306515,2
1052429,48459583,1,6,05:48:12,-79.46276,43.654819,,,36.9596008264399,55.0251072734111,243.111858393478,18.8006948864241,2
1052429,48459583,1,7,05:48:17,-79.4634420017149,43.6546680020273,,,36.9596008264399,57.4434802761037,300.555338669582,24.395899498213,2
1052429,48459583,1,8,05:48:23,-79.464124,43.654517,,,36.9596008264399,57.4434802787443,357.998818948326,29.9911041102591,2
1052429,48459583,1,9,05:48:30,-79.4649210024022,43.6543360027686,,,36.9596008264399,67.279597862841,425.278416811167,36.5443824706942,2
1052429,48459583,1,10,05:48:36,-79.465718,43.654155,,,36.9596008264399,67.2795978638795,492.558014675047,43.0976608312305,2
1052429,48459583,1,11,05:48:43,-79.466551,43.65398,,,36.9596008264399,69.8625034760457,562.420518151092,49.9025236243872,2
1052429,48459583,1,12,05:48:49,-79.467322,43.653817,,,36.9596008264399,64.6947374455758,627.115255596668,56.2040271470514,2
1052429,48459583,1,13,05:48:57,-79.4682275028724,43.6536265035737,,,36.9596008264399,75.9518403447211,703.067095941389,63.6020135735009,2
1052429,48459583,1,14,05:49:04,-79.469133,43.653436,14523,2,36.9596008264399,75.9518403452296,779.018936286619,71,2
1052429,48459583,1,15,05:49:04,-79.469133,43.653436,14523,2,1e-12,0,779.018936286619,71,2
1052429,48459583,1,16,05:49:10,-79.4697915016009,43.6532900018899,,,35.4904271679779,55.4719058441618,834.490842130781,76.6268373466963,2
1052429,48459583,1,17,05:49:15,-79.47045,43.653144,,,35.4904271679779,55.4719058431305,889.962747973911,82.253674693288,2
1052429,48459583,1,18,05:49:25,-79.4716,43.652876,,,35.4904271679779,97.3109209441542,987.273668918065,92.1244861586129,2
1052429,48459583,1,19,05:49:30,-79.472209,43.652744,,,35.4904271679779,51.2047604361942,1038.47842935426,97.3184821817609,2
1052429,48459583,1,20,05:49:40,-79.47329,43.652496,,,35.4904271679779,91.3399658329595,1129.81839518722,106.583625017104,2
1052429,48459583,1,21,05:49:45,-79.4738995013752,43.6523605016191,,,35.4904271679779,51.3567715043392,1181.17516669156,111.793040405106,2
1052429,48459583,1,22,05:49:50,-79.474509,43.652225,,,35.4904271679779,51.3567715039224,1232.53193819548,117.002455793065,2
1052429,48459583,1,23,05:49:52,-79.474795,43.652156,,,35.4904271679779,24.2825642562725,1256.81450245175,119.465577211943,2
1052429,48459583,1,24,05:49:59,-79.475602,43.651979,,,35.4904271679779,67.9203117922122,1324.73481424397,126.355128619557,2
1052429,48459583,1,25,05:50:02,-79.47594,43.651902,,,35.4904271679779,28.5416639528454,1353.27647819681,129.250275238783,2
1052429,48459583,1,26,05:50:05,-79.476218,43.651846,,,35.4904271679779,23.2430625009254,1376.51954069774,131.607953961761,2
1052429,48459583,1,27,05:50:09,-79.476736,43.651742,14524,3,35.4904271679779,43.2987750107051,1419.81831570844,136,2
1052429,48459583,1,28,05:50:09,-79.476736,43.651742,14524,3,1e-12,0,1419.81831570844,136,2
1052429,48459583,1,29,05:50:17,-79.477665,43.651519,,,37.7519416319521,78.8368662580109,1498.65518196645,143.51783103756,2
1052429,48459583,1,30,05:50:20,-79.478112,43.651432,,,37.7519416319521,37.2836390565685,1535.93882102302,147.073174016,2
1052429,48459583,1,31,05:50:24,-79.478593,43.651316,,,37.7519416319521,40.8377574658049,1576.77657848883,150.967435357845,2
1052429,48459583,1,32,05:50:31,-79.479516,43.651108,,,37.7519416319521,77.8660680677968,1654.64264655662,158.392691726827,2
1052429,48459583,1,33,05:50:37,-79.4802090016904,43.6509615020932,,,37.7519416319521,58.152060983204,1712.79470753983,163.938033515614,2
1052429,48459583,1,34,05:50:42,-79.480902,43.650815,,,37.7519416319521,58.1520609832542,1770.94676852308,169.483375304407,2
1052429,48459583,1,35,05:50:48,-79.481556,43.650644,,,37.7519416319521,56.0112567893457,1826.95802531243,174.82457143168,2
1052429,48459583,1,36,05:50:52,-79.482044,43.65045,,,37.7519416319521,44.8487409782972,1871.80676629072,179.101317488768,2
1052429,48459583,1,37,05:50:56,-79.482518,43.650257,,,37.7519416319521,43.8091996849369,1915.61596597566,183.278933580765,2
1052429,48459583,1,38,05:51:01,-79.483042,43.650123,,,37.7519416319521,44.7651426761479,1960.38110865181,187.547707759462,2
1052429,48459583,1,39,05:51:09,-79.484045,43.649885,,,37.7519416319521,85.0223835195246,2045.40349217133,195.655385601685,2
1052429,48459583,1,40,05:51:15,-79.48483,43.649699,14525,4,37.7519416319521,66.5337534562298,2111.93724562756,202,2
1052429,48459583,1,41,05:51:15,-79.48483,43.649699,14525,4,1e-12,0,2111.93724562756,202,2
1052429,48459583,1,42,05:51:17,-79.485071,43.649604,,,43.4229206578702,22.1057772096055,2134.04302283717,203.832691047698,2
1052429,48459583,1,43,05:51:19,-79.485372,43.649441,,,43.4229206578702,30.2830347586143,2164.32605759578,206.343321919121,2
1052429,48459583,1,44,05:51:22,-79.485698,43.649235,,,43.4229206578702,34.8624439299654,2199.18850152575,209.233611108481,2
1052429,48459583,1,45,05:51:25,-79.485977,43.649065,,,43.4229206578702,29.3797128414683,2228.56821436722,211.66935160283,2
1052429,48459583,1,46,05:51:27,-79.486184,43.648919,,,43.4229206578702,23.2842711222576,2251.85248548947,213.599746306139,2
1052429,48459583,1,47,05:51:28,-79.486267,43.648838,,,43.4229206578702,11.2250088388535,2263.07749432833,214.530361548219,2
1052429,48459583,1,48,05:51:29,-79.486397,43.648758,,,43.4229206578702,13.7462235075083,2276.82371783584,215.669999414058,2
1052429,48459583,1,49,05:51:30,-79.48655,43.648694,,,43.4229206578702,14.2351373411861,2291.05885517702,216.850170937573,2
1052429,48459583,1,50,05:51:31,-79.486697,43.648641,,,43.4229206578702,13.2292167327745,2304.2880719098,217.946946085731,2
1052429,48459583,1,51,05:51:34,-79.487069,43.648543,,,43.4229206578702,31.8884753996106,2336.17654730941,220.590676855089,2
1052429,48459583,1,52,05:51:36,-79.487444,43.648444,,,43.4229206578702,32.1536797501054,2368.33022705951,223.256394530148,2
1052429,48459583,1,53,05:51:38,-79.487763,43.648389,,,43.4229206578702,26.4146653489801,2394.74489240849,225.446316207816,2
1052429,48459583,1,54,05:51:41,-79.48812,43.648358,,,43.4229206578702,28.9625310483789,2423.70742345687,227.847470026917,2
1052429,48459583,1,55,05:51:43,-79.488507,43.648342,,,43.4229206578702,31.2235497714963,2454.93097322837,230.436074788514,2
1052429,48459583,1,56,05:51:49,-79.489268,43.64837,,,43.4229206578702,61.3774592969367,2516.3084325253,235.524605226388,2
1052429,48459583,1,57,05:51:54,-79.490041,43.64838,,,43.4229206578702,62.2747899790068,2578.58322250431,240.687529334852,2
1052429,48459583,1,58,05:52:00,-79.490968,43.64847,,,43.4229206578702,75.3385497656664,2653.92177226998,246.933511296621,2
1052429,48459583,1,59,05:52:04,-79.491482,43.648651,,,43.4229206578702,46.0448819879676,2699.96665425794,250.750886375159,2
1052429,48459583,1,60,05:52:09,-79.4921369919193,43.6488980056097,,,43.4229206578702,59.4942868252668,2759.46094108321,255.683291412086,2
1052429,48459583,1,61,05:52:14,-79.4927919892257,43.6491450074796,,,43.4229206578702,59.4942868252561,2818.95522790847,260.615696449012,2
1052429,48459583,1,62,05:52:19,-79.4934469919193,43.6493920056097,,,43.4229206578702,59.4942868257917,2878.44951473426,265.548101485983,2
1052429,48459583,1,63,05:52:23,-79.494102,43.649639,,,43.4229206578702,59.494286826874,2937.94380156113,270.480506523043,2
1052429,48459583,1,64,05:52:25,-79.494318,43.649715,,,43.4229206578702,19.3462776857977,2957.29007924693,272.084419816154,2
1052429,48459583,1,65,05:52:30,-79.494989,43.649934,14526,5,43.4229206578702,59.2913467529275,3016.58142599986,277,2
1052429,48459583,1,66,05:52:30,-79.494989,43.649934,14526,5,1e-12,0,3016.58142599986,277,2
1052429,48459583,1,67,05:52:33,-79.49534,43.650053,,,38.702894853131,31.2217525666132,3047.80317856647,279.904131839914,2
1052429,48459583,1,68,05:52:37,-79.495876,43.650213,,,38.702894853131,46.7030149338675,3094.50619350034,284.248273393147,2
1052429,48459583,1,69,05:52:40,-79.496177,43.650284,,,38.702894853131,25.5004388808422,3120.00663238118,286.62022981448,2
1052429,48459583,1,70,05:52:44,-79.496691,43.650399,,,38.702894853131,43.3351915158405,3163.34182389702,290.651108901148,2
1052429,48459583,1,71,05:52:47,-79.49711,43.65049,,,38.702894853131,35.2366488403346,3198.57847273736,293.928691529181,2
1052429,48459583,1,72,05:52:50,-79.497487,43.650586,,,38.702894853131,32.1916957900432,3230.7701685274,296.92304389698,2
1052429,48459583,1,73,05:52:53,-79.497866,43.650645,,,38.702894853131,31.2256960755333,3261.99586460293,299.827542547495,2
1052429,48459583,1,74,05:52:57,-79.498402,43.65066,,,38.702894853131,43.2052268062253,3305.20109140916,303.846332798008,2
1052429,48459583,1,75,05:52:59,-79.498725,43.650678,,,38.702894853131,26.0935753947008,3331.29466680386,306.273460582051,2
1052429,48459583,1,76,05:53:02,-79.499106,43.650697,,,38.702894853131,30.7610157945441,3362.0556825984,309.134736393088,2
1052429,48459583,1,77,05:53:05,-79.499518,43.650689,,,38.702894853131,33.1971011898591,3395.25278378826,312.222607849138,2
1052429,48459583,1,78,05:53:07,-79.499716,43.650663,,,38.702894853131,16.2087136718217,3411.46149746008,313.730282389763,2
1052429,48459583,1,79,05:53:09,-79.500071,43.650602,,,38.702894853131,29.3892743822747,3440.85077184236,316.463963892857,2
1052429,48459583,1,80,05:53:18,-79.5012095048811,43.6503445056494,,,38.702894853131,96.0783855435681,3536.92915738593,325.400819631152,2
1052429,48459583,1,81,05:53:27,-79.502348,43.650087,,,38.702894853131,96.0783855434522,3633.00754292938,334.337675369437,2
1052429,48459583,1,82,05:53:36,-79.503508,43.649831,,,38.702894853131,97.6843711339997,3730.69191406338,343.423913941949,2
1052429,48459583,1,83,05:53:45,-79.504612,43.649563,,,38.702894853131,93.7958691657328,3824.48778322911,352.14845845672,2
1052429,48459583,1,84,05:53:54,-79.505758,43.649317,,,38.702894853131,96.2845803465368,3920.77236357565,361.104493672248,2
1052429,48459583,1,85,05:53:59,-79.506433,43.649152,,,38.702894853131,57.3889514505252,3978.16131502617,366.442601480615,2
1052429,48459583,1,86,05:54:07,-79.507392,43.648898,,,38.702894853131,82.2585196456021,4060.41983467178,374.093984454625,2
1052429,48459583,1,87,05:54:12,-79.508035,43.648701,,,38.702894853131,56.2444644447353,4116.66429911651,379.325636318637,2
1052429,48459583,1,88,05:54:17,-79.508699,43.648571,,,38.702894853131,55.407928467079,4172.07222758359,384.479476702888,2
1052429,48459583,1,89,05:54:19,-79.50889,43.648549,,,38.702894853131,15.5786292204706,4187.65085680406,385.92854312044,2
1052429,48459583,1,90,05:54:26,-79.5098065022583,43.648401003661,,,38.702894853131,75.639738339144,4263.2905951432,392.964271560244,2
1052429,48459583,1,91,05:54:33,-79.510723,43.648253,14527,6,38.702894853131,75.6397383386298,4338.93033348183,400,2
1052429,48459583,1,92,05:54:33,-79.510723,43.648253,14527,6,1e-12,0,4338.93033348183,400,2
1052429,48459583,1,93,05:54:38,-79.511291,43.648113,,,37.0622442299976,48.3338224611556,4387.26415594299,404.694852253964,2
1052429,48459583,1,94,05:54:42,-79.511843,43.647959,,,37.0622442299976,47.6539997960622,4434.91815573905,409.323670687117,2
1052429,48459583,1,95,05:54:50,-79.512756,43.647746,,,37.0622442299976,77.2703175926471,4512.1884733317,416.829237311935,2
1052429,48459583,1,96,05:54:59,-79.513893,43.647499,,,37.0622442299976,95.6244121507956,4607.81288548249,426.1176085613,2
1052429,48459583,1,97,05:55:00,-79.514056,43.647457,,,37.0622442299976,13.93738422174,4621.75026970424,427.471400924409,2
1052429,48459583,1,98,05:55:04,-79.514537,43.647346,,,37.0622442299976,40.6676289152559,4662.41789861949,431.421605968291,2
1052429,48459583,1,99,05:55:07,-79.514874,43.647296,,,37.0622442299976,27.7104423546702,4690.12834097416,434.113229062072,2
1052429,48459583,1,100,05:55:12,-79.5154915014855,43.6471515016619,,,37.0622442299976,52.2767165179275,4742.40505749209,439.191069958502,2
1052429,48459583,1,101,05:55:17,-79.516109,43.647007,,,37.0622442299976,52.2767165192155,4794.6817740113,444.268910855056,2
1052429,48459583,1,102,05:55:22,-79.5167185013851,43.6468705016191,,,37.0622442299976,51.3938636782507,4846.07563768955,449.260996819779,2
1052429,48459583,1,103,05:55:27,-79.517328,43.646734,,,37.0622442299976,51.3938636794431,4897.469501369,454.253082784618,2
1052429,48459583,1,104,05:55:28,-79.517364,43.646731,,,37.0622442299976,2.91903141028697,4900.38853277928,454.536619664139,2
1052429,48459583,1,105,05:55:35,-79.5183390027593,43.6465610041433,,,37.0622442299976,80.7860339139781,4981.17456669326,462.38368149573,2
1052429,48459583,1,106,05:55:43,-79.519314,43.646391,,,37.0622442299976,80.7860339166581,5061.96060060992,470.230743327582,2
1052429,48459583,1,107,05:55:48,-79.5199345009762,43.6462965016781,,,37.0622442299976,51.07778146385,5113.03838207377,475.19212699687,2
1052429,48459583,1,108,05:55:53,-79.520555,43.646202,,,37.0622442299976,51.0777814616615,5164.11616353543,480.153510665944,2
1052429,48459583,1,109,05:56:01,-79.521555,43.646012,,,37.0622442299976,83.2831319085302,5247.39929544396,488.243125342544,2
1052429,48459583,1,110,05:56:06,-79.5221900014324,43.6458765017574,,,37.0622442299976,53.3287736830459,5300.72806912701,493.423156645224,2
1052429,48459583,1,111,05:56:12,-79.522825,43.645741,,,37.0622442299976,53.328773682207,5354.05684280922,498.603187947823,2
1052429,48459583,1,112,05:56:21,-79.523966,43.645463,,,37.0622442299976,96.9814366752024,5451.03827948442,508.023372269747,2
1052429,48459583,1,113,05:56:27,-79.52468,43.645305,,,37.0622442299976,60.1445070227738,5511.18278650719,513.865442273342,2
1052429,48459583,1,114,05:56:30,-79.525063,43.64522,14528,7,37.0622442299976,32.2704844495655,5543.45327095676,517,2
1052429,48459583,1,115,05:56:30,-79.525063,43.64522,14528,7,1e-12,0,5543.45327095676,517,2
1052429,48459583,1,116,05:56:42,-79.526163,43.645004,,,26.8029644542722,91.8138511360474,5635.2671220928,529.331839810245,2
1052429,48459583,1,117,05:56:49,-79.5267740014036,43.6448660016271,,,26.8029644542722,51.5603747630309,5686.82749685584,536.257094270944,2
1052429,48459583,1,118,05:56:56,-79.527385,43.644728,,,26.8029644542722,51.5603747651791,5738.38787162101,543.182348731932,2
1052429,48459583,1,119,05:57:00,-79.527736,43.644646,,,26.8029644542722,29.7116063787157,5768.09947799973,547.173018612715,2
1052429,48459583,1,120,05:57:07,-79.528322,43.644431,,,26.8029644542722,52.9258073157279,5821.02528531546,554.281669100302,2
1052429,48459583,1,121,05:57:13,-79.528702,43.644214,,,26.8029644542722,38.9943100972414,5860.0195954127,559.519131418679,2
1052429,48459583,1,122,05:57:18,-79.529119,43.643969,,,26.8029644542722,43.2692228796953,5903.2888182924,565.33077224045,2
1052429,48459583,1,123,05:57:25,-79.529518,43.643644,,,26.8029644542722,48.3942056883195,5951.68302398071,571.830767447143,2
1052429,48459583,1,124,05:57:35,-79.5300570153689,43.6430730037987,,,26.8029644542722,76.9782273679457,6028.66125134866,582.169982685719,2
1052429,48459583,1,125,05:57:46,-79.5305960204916,43.6425020050648,,,26.8029644542722,76.9782273702423,6105.6394787189,592.509197924602,2
1052429,48459583,1,126,05:57:56,-79.5311350153685,43.6419310037986,,,26.8029644542722,76.9782273659529,6182.61770608486,602.84841316291,2
1052429,48459583,1,127,05:58:06,-79.531674,43.64136,,,26.8029644542722,76.9782273690645,6259.59593345392,613.187628401636,2
1052429,48459583,1,128,05:58:16,-79.5322200151855,43.640803003898,,,26.8029644542722,76.0222708546557,6335.61820430858,623.398445773859,2
1052429,48459583,1,129,05:58:27,-79.5327660202471,43.6402460051972,,,26.8029644542722,76.0222708561215,6411.6404751647,633.609263146279,2
1052429,48459583,1,130,05:58:37,-79.5333120151852,43.6396890038979,,,26.8029644542722,76.0222708564369,6487.66274602113,643.820080518741,2
1052429,48459583,1,131,05:58:47,-79.533858,43.639132,,,26.8029644542722,76.0222708562104,6563.68501687734,654.030897891173,2
1052429,48459583,1,132,05:59:00,-79.5346300085249,43.6384685025975,14529,8,26.8029644542722,96.5584396740876,6660.24345655143,667,2
1052429,48459583,1,133,05:59:00,-79.5346300085249,43.6384685025975,14529,8,1e-12,0,6660.24345655143,667,2
1052429,48459583,1,134,,-79.535402,43.637805,,,,96.5584396736368,6756.80189622507,,2
