shape_id,trip_id,route_type,id,timestamp,shape_pt_lon,shape_pt_lat,stop_id,stop_sequence,speed,dist,cumdist,cumtime,trip_number
1052346,48459257,1,1,15:30:25,-79.535402,43.637805,14468,1,1e-12,0,0,0,1
1052346,48459257,1,2,15:30:25,-79.535402,43.637805,14468,1,1e-12,0,0,0,1
1052346,48459257,1,3,15:30:34,-79.5346300085249,43.6384685025975,,,36.8604539583728,96.5584396736368,96.5584396736368,9.43044226253034,1
1052346,48459257,1,4,15:30:44,-79.533858,43.639132,,,36.8604539583728,96.5584396740876,193.116879347724,18.8608845251047,1
1052346,48459257,1,5,15:30:51,-79.5333120151852,43.6396890038979,,,36.8604539583728,76.0222708562104,269.139150203935,26.28564862029,1
1052346,48459257,1,6,15:30:59,-79.5327660202471,43.6402460051972,,,36.8604539583728,76.0222708564369,345.161421060372,33.7104127154975,1
1052346,48459257,1,7,15:31:06,-79.5322200151855,43.640803003898,,,36.8604539583728,76.0222708561215,421.183691916493,41.1351768106741,1
1052346,48459257,1,8,15:31:14,-79.531674,43.64136,,,36.8604539583728,76.0222708546557,497.205962771149,48.5599409057075,1
1052346,48459257,1,9,15:31:21,-79.5311350153685,43.6419310037986,,,36.8604539583728,76.9782273690645,574.184190140213,56.0780691100316,1
1052346,48459257,1,10,15:31:29,-79.5305960204916,43.6425020050648,,,36.8604539583728,76.9782273659529,651.162417506166,63.5961973140518,1
1052346,48459257,1,11,15:31:36,-79.5300570153689,43.6430730037987,,,36.8604539583728,76.9782273702423,728.140644876409,71.114325518491,1
1052346,48459257,1,12,15:31:44,-79.529518,43.643644,,,36.8604539583728,76.9782273679457,805.118872244355,78.6324537227058,1
1052346,48459257,1,13,15:31:48,-79.529119,43.643969,,,36.8604539583728,48.3942056883195,853.513077932674,83.3589050212899,1
1052346,48459257,1,14,15:31:53,-79.528702,43.644214,,,36.8604539583728,43.2692228796953,896.782300812369,87.5848215697626,1
1052346,48459257,1,15,15:31:56,-79.528322,43.644431,,,36.8604539583728,38.9943100972414,935.776610909611,91.393226005275,1
1052346,48459257,1,16,15:32:02,-79.527736,43.644646,,,36.8604539583728,52.9258073157279,988.702418225339,96.5622590983507,1
1052346,48459257,1,17,15:32:04,-79.527385,43.644728,,,36.8604539583728,29.7116063787157,1018.41402460405,99.4640622905786,1
1052346,48459257,1,18,15:32:09,-79.5267740014036,43.6448660016271,,,36.8604539583728,51.5603747651791,1069.97439936923,104.499739533302,1
1052346,48459257,1,19,15:32:15,-79.526163,43.645004,,,36.8604539583728,51.5603747630309,1121.53477413226,109.535416775816,1
1052346,48459257,1,20,15:32:24,-79.525063,43.64522,,,36.8604539583728,91.8138511360474,1213.34862526831,118.502475739958,1
1052346,48459257,1,21,15:32:27,-79.52468,43.645305,,,36.8604539583728,32.2704844495655,1245.61910971788,121.6541934087,1
1052346,48459257,1,22,15:32:33,-79.523966,43.645463,,,36.8604539583728,60.1445070227738,1305.76361674065,127.528245462603,1
1052346,48459257,1,23,15:32:42,-79.522825,43.645741,14469,2,36.8604539583728,96.9814366752024,1402.74505341585,137,1
1052346,48459257,1,24,15:32:42,-79.522825,43.645741,14469,2,1e-12,0,1402.74505341585,137,1
1052346,48459257,1,25,15:32:48,-79.5221900014324,43.6458765017574,,,34.5946716651403,53.328773682207,1456.07382709806,142.549513147986,1
1052346,48459257,1,26,15:32:53,-79.521555,43.646012,,,34.5946716651403,53.3287736830459,1509.40260078111,148.099026296059,1
1052346,48459257,1,27,15:33:02,-79.520555,43.646202,,,34.5946716651403,83.2831319085302,1592.68573268964,156.765657902591,1
1052346,48459257,1,28,15:33:07,-79.5199345009762,43.6462965016781,,,34.5946716651403,51.0777814616615,1643.7635141513,162.080927694478,1
1052346,48459257,1,29,15:33:12,-79.519314,43.646391,,,34.5946716651403,51.07778146385,1694.84129561515,167.396197486593,1
1052346,48459257,1,30,15:33:21,-79.5183390027593,43.6465610041433,,,34.5946716651403,80.7860339166581,1775.62732953181,175.802975412254,1
1052346,48459257,1,31,15:33:29,-79.517364,43.646731,,,34.5946716651403,80.7860339139781,1856.41336344578,184.209753337635,1
1052346,48459257,1,32,15:33:30,-79.517328,43.646734,,,34.5946716651403,2.91903141028697,1859.33239485607,184.513514367043,1
1052346,48459257,1,33,15:33:35,-79.5167185013851,43.6468705016191,,,34.5946716651403,51.3938636794431,1910.72625853551,189.86167639144,1
1052346,48459257,1,34,15:33:40,-79.516109,43.647007,,,34.5946716651403,51.3938636782507,1962.12012221376,195.209838415714,1
1052346,48459257,1,35,15:33:46,-79.5154915014855,43.6471515016619,,,34.5946716651403,52.2767165192155,2014.39683873298,200.649872109076,1
1052346,48459257,1,36,15:33:51,-79.514874,43.647296,,,34.5946716651403,52.2767165179275,2066.67355525091,206.089905802305,1
1052346,48459257,1,37,15:33:54,-79.514537,43.647346,,,34.5946716651403,27.7104423546702,2094.38399760558,208.973517285669,1
1052346,48459257,1,38,15:33:58,-79.514056,43.647457,,,34.5946716651403,40.6676289152559,2135.05162652083,213.205482991603,1
1052346,48459257,1,39,15:34:00,-79.513893,43.647499,,,34.5946716651403,13.93738422174,2148.98901074257,214.655838806045,1
1052346,48459257,1,40,15:34:10,-79.512756,43.647746,,,34.5946716651403,95.6244121507956,2244.61342289337,224.606732026684,1
1052346,48459257,1,41,15:34:18,-79.511843,43.647959,,,34.5946716651403,77.2703175926471,2321.88374048602,232.647656537433,1
1052346,48459257,1,42,15:34:23,-79.511291,43.648113,,,34.5946716651403,47.6539997960622,2369.53774028208,237.606639843486,1
1052346,48459257,1,43,15:34:28,-79.510723,43.648253,,,34.5946716651403,48.3338224611556,2417.87156274323,242.636367038021,1
1052346,48459257,1,44,15:34:36,-79.5098065022583,43.648401003661,,,34.5946716651403,75.6397383386298,2493.51130108186,250.507609773169,1
1052346,48459257,1,45,15:34:43,-79.50889,43.648549,,,34.5946716651403,75.639738339144,2569.15103942101,258.37885250837,1
1052346,48459257,1,46,15:34:45,-79.508699,43.648571,14470,3,34.5946716651403,15.5786292204706,2584.72966864148,260,1
1052346,48459257,1,47,15:34:45,-79.508699,43.648571,14470,3,1e-12,0,2584.72966864148,260,1
1052346,48459257,1,48,15:34:51,-79.508035,43.648701,,,35.8233982019815,55.407928467079,2640.13759710856,265.568107786895,1
1052346,48459257,1,49,15:34:56,-79.507392,43.648898,,,35.8233982019815,56.2444644447353,2696.38206155329,271.22028156615,1
1052346,48459257,1,50,15:35:04,-79.506433,43.649152,,,35.8233982019815,82.2585196456021,2778.6405811989,279.486685246072,1
1052346,48459257,1,51,15:35:10,-79.505758,43.649317,,,35.8233982019815,57.3889514505252,2836.02953264942,285.253871933862,1
1052346,48459257,1,52,15:35:20,-79.504612,43.649563,,,35.8233982019815,96.2845803465368,2932.31411299596,294.929796235995,1
1052346,48459257,1,53,15:35:29,-79.503508,43.649831,,,35.8233982019815,93.7958691657328,3026.10998216169,304.355622537922,1
1052346,48459257,1,54,15:35:39,-79.502348,43.650087,,,35.8233982019815,97.6843711339997,3123.79435329569,314.172215986138,1
1052346,48459257,1,55,15:35:49,-79.5012095048811,43.6503445056494,,,35.8233982019815,96.0783855434522,3219.87273883914,323.827419158273,1
1052346,48459257,1,56,15:35:58,-79.500071,43.650602,,,35.8233982019815,96.0783855435681,3315.95112438271,333.48262233042,1
1052346,48459257,1,57,15:36:01,-79.499716,43.650663,,,35.8233982019815,29.3892743822747,3345.34039876498,336.436038061101,1
1052346,48459257,1,58,15:36:03,-79.499518,43.650689,,,35.8233982019815,16.2087136718217,3361.54911243681,338.064899982283,1
1052346,48459257,1,59,15:36:06,-79.499106,43.650697,,,35.8233982019815,33.1971011898591,3394.74621362667,341.400975572032,1
1052346,48459257,1,60,15:36:09,-79.498725,43.650678,,,35.8233982019815,30.7610157945441,3425.50722942121,344.492241683527,1
1052346,48459257,1,61,15:36:12,-79.498402,43.65066,,,35.8233982019815,26.0935753947008,3451.60080481591,347.114462805356,1
1052346,48459257,1,62,15:36:16,-79.497866,43.650645,,,35.8233982019815,43.2052268062253,3494.80603162214,351.4562847516,1
1052346,48459257,1,63,15:36:20,-79.497487,43.650586,,,35.8233982019815,31.2256960755333,3526.03172769767,354.594247968772,1
1052346,48459257,1,64,15:36:23,-79.49711,43.65049,,,35.8233982019815,32.1916957900432,3558.22342348771,357.829287374881,1
1052346,48459257,1,65,15:36:26,-79.496691,43.650399,,,35.8233982019815,35.2366488403346,3593.46007232805,361.370323183656,1
1052346,48459257,1,66,15:36:31,-79.496177,43.650284,,,35.8233982019815,43.3351915158405,3636.79526384389,365.725205670722,1
1052346,48459257,1,67,15:36:33,-79.495876,43.650213,,,35.8233982019815,25.5004388808422,3662.29570272473,368.287820737373,1
1052346,48459257,1,68,15:36:38,-79.49534,43.650053,,,35.8233982019815,46.7030149338675,3708.9987176586,372.981145832161,1
1052346,48459257,1,69,15:36:41,-79.494989,43.649934,,,35.8233982019815,31.2217525666132,3740.22047022521,376.118712754374,1
1052346,48459257,1,70,15:36:47,-79.494318,43.649715,,,35.8233982019815,59.2913467529275,3799.51181697814,382.077076813167,1
1052346,48459257,1,71,15:36:49,-79.494102,43.649639,,,35.8233982019815,19.3462776857977,3818.85809466394,384.021241888635,1
1052346,48459257,1,72,15:36:55,-79.4934469919193,43.6493920056097,14471,4,35.8233982019815,59.494286826874,3878.35238149081,390,1
1052346,48459257,1,73,15:36:55,-79.4934469919193,43.6493920056097,14471,4,1e-12,0,3878.35238149081,390,1
1052346,48459257,1,74,15:37:01,-79.4927919892257,43.6491450074796,,,34.7899606515455,59.4942868257917,3937.8466683166,396.156357425007,1
1052346,48459257,1,75,15:37:07,-79.4921369919193,43.6488980056097,,,34.7899606515455,59.4942868252561,3997.34095514186,402.312714849959,1
1052346,48459257,1,76,15:37:13,-79.491482,43.648651,,,34.7899606515455,59.4942868252668,4056.83524196712,408.469072274912,1
1052346,48459257,1,77,15:37:18,-79.490968,43.64847,,,34.7899606515455,46.0448819879676,4102.88012395509,413.233710465134,1
1052346,48459257,1,78,15:37:26,-79.490041,43.64838,,,34.7899606515455,75.3385497656664,4178.21867372076,421.029602558055,1
1052346,48459257,1,79,15:37:32,-79.489268,43.64837,,,34.7899606515455,62.2747899790068,4240.49346369976,427.473681244141,1
1052346,48459257,1,80,15:37:39,-79.488507,43.648342,,,34.7899606515455,61.3774592969367,4301.8709229967,433.824905831087,1
1052346,48459257,1,81,15:37:42,-79.48812,43.648358,,,34.7899606515455,31.2235497714963,4333.0944727682,437.055860309686,1
1052346,48459257,1,82,15:37:45,-79.487763,43.648389,,,34.7899606515455,28.9625310483789,4362.05700381658,440.052848803536,1
1052346,48459257,1,83,15:37:48,-79.487444,43.648444,,,34.7899606515455,26.4146653489801,4388.47166916556,442.78618892452,1
1052346,48459257,1,84,15:37:51,-79.487069,43.648543,,,34.7899606515455,32.1536797501054,4420.62534891566,446.113391512064,1
1052346,48459257,1,85,15:37:54,-79.486697,43.648641,,,34.7899606515455,31.8884753996106,4452.51382431527,449.413151249892,1
1052346,48459257,1,86,15:37:56,-79.48655,43.648694,,,34.7899606515455,13.2292167327745,4465.74304104805,450.782085831768,1
1052346,48459257,1,87,15:37:57,-79.486397,43.648758,,,34.7899606515455,14.2351373411861,4479.97817838923,452.255111195077,1
1052346,48459257,1,88,15:37:59,-79.486267,43.648838,,,34.7899606515455,13.7462235075083,4493.72440189674,453.677544670144,1
1052346,48459257,1,89,15:38:00,-79.486184,43.648919,,,34.7899606515455,11.2250088388535,4504.94941073559,454.839087571116,1
1052346,48459257,1,90,15:38:02,-79.485977,43.649065,,,34.7899606515455,23.2842711222576,4528.23368185785,457.248500357744,1
1052346,48459257,1,91,15:38:05,-79.485698,43.649235,,,34.7899606515455,29.3797128414683,4557.61339469932,460.288658042561,1
1052346,48459257,1,92,15:38:09,-79.485372,43.649441,,,34.7899606515455,34.8624439299654,4592.47583862929,463.89615847652,1
1052346,48459257,1,93,15:38:12,-79.485071,43.649604,,,34.7899606515455,30.2830347586143,4622.7588733879,467.029790222269,1
1052346,48459257,1,94,15:38:14,-79.48483,43.649699,,,34.7899606515455,22.1057772096055,4644.86465059751,469.317254665004,1
1052346,48459257,1,95,15:38:21,-79.484045,43.649885,,,34.7899606515455,66.5337534562298,4711.39840405374,476.202042918761,1
1052346,48459257,1,96,15:38:30,-79.483042,43.650123,14472,5,34.7899606515455,85.0223835195246,4796.42078757326,485,1
1052346,48459257,1,97,15:38:30,-79.483042,43.650123,14472,5,1e-12,0,4796.42078757326,485,1
1052346,48459257,1,98,15:38:34,-79.482518,43.650257,,,42.2139963720033,44.7651426761479,4841.18593024941,488.817561176013,1
1052346,48459257,1,99,15:38:38,-79.482044,43.65045,,,42.2139963720033,43.8091996849369,4884.99512993435,492.55359975137,1
1052346,48459257,1,100,15:38:41,-79.481556,43.650644,,,42.2139963720033,44.8487409782972,4929.84387091264,496.378290171559,1
1052346,48459257,1,101,15:38:46,-79.480902,43.650815,,,42.2139963720033,56.0112567893457,4985.85512770199,501.154917398811,1
1052346,48459257,1,102,15:38:51,-79.4802090016904,43.6509615020932,,,42.2139963720033,58.1520609832542,5044.00718868524,506.114111920336,1
1052346,48459257,1,103,15:38:56,-79.479516,43.651108,,,42.2139963720033,58.152060983204,5102.15924966845,511.073306441857,1
1052346,48459257,1,104,15:39:03,-79.478593,43.651316,,,42.2139963720033,77.8660680677968,5180.02531773624,517.713706999383,1
1052346,48459257,1,105,15:39:06,-79.478112,43.651432,,,42.2139963720033,40.8377574658049,5220.86307520205,521.196341658783,1
1052346,48459257,1,106,15:39:09,-79.477665,43.651519,,,42.2139963720033,37.2836390565685,5258.14671425862,524.375881909387,1
1052346,48459257,1,107,15:39:16,-79.476736,43.651742,,,42.2139963720033,78.8368662580109,5336.98358051663,531.099071915559,1
1052346,48459257,1,108,15:39:20,-79.476218,43.651846,,,42.2139963720033,43.2987750107051,5380.28235552733,534.791581590902,1
1052346,48459257,1,109,15:39:22,-79.47594,43.651902,,,42.2139963720033,23.2430625009254,5403.52541802826,536.773744669374,1
1052346,48459257,1,110,15:39:24,-79.475602,43.651979,,,42.2139963720033,28.5416639528454,5432.0670819811,539.207771273366,1
1052346,48459257,1,111,15:39:30,-79.474795,43.652156,14473,6,42.2139963720033,67.9203117922122,5499.98739377332,545,1
1052346,48459257,1,112,15:39:30,-79.474795,43.652156,14473,6,1e-12,0,5499.98739377332,545,1
1052346,48459257,1,113,15:39:34,-79.474509,43.652225,,,23.131809068146,24.2825642562725,5524.26995802959,548.779091858533,1
1052346,48459257,1,114,15:39:42,-79.4738995013752,43.6523605016191,,,23.131809068146,51.3567715039224,5575.62672953351,556.771738558558,1
1052346,48459257,1,115,15:39:50,-79.47329,43.652496,,,23.131809068146,51.3567715043392,5626.98350103785,564.764385258648,1
1052346,48459257,1,116,15:40:04,-79.472209,43.652744,,,23.131809068146,91.3399658329595,5718.32346687081,578.979610536963,1
1052346,48459257,1,117,15:40:12,-79.4716,43.652876,,,23.131809068146,51.2047604361942,5769.528227307,586.948599777158,1
1052346,48459257,1,118,15:40:27,-79.47045,43.653144,,,23.131809068146,97.3109209441542,5866.83914825116,602.093083910107,1
1052346,48459257,1,119,15:40:36,-79.4697915016009,43.6532900018899,,,23.131809068146,55.4719058431305,5922.31105409429,610.72616835443,1
1052346,48459257,1,120,15:40:44,-79.469133,43.653436,,,23.131809068146,55.4719058441618,5977.78295993845,619.359252798914,1
1052346,48459257,1,121,15:40:56,-79.4682275028724,43.6536265035737,,,23.131809068146,75.9518403452296,6053.73480028368,631.179626399497,1
1052346,48459257,1,122,15:41:08,-79.467322,43.653817,14474,7,23.131809068146,75.9518403447211,6129.6866406284,643,1
1052346,48459257,1,123,15:41:08,-79.467322,43.653817,14474,7,1e-12,0,6129.6866406284,643,1
1052346,48459257,1,124,15:41:18,-79.466551,43.65398,,,24.5150305927117,64.6947374455758,6194.38137807398,652.500337106384,1
1052346,48459257,1,125,15:41:28,-79.465718,43.654155,,,24.5150305927117,69.8625034760457,6264.24388155002,662.759553857618,1
1052346,48459257,1,126,15:41:38,-79.4649210024022,43.6543360027686,,,24.5150305927117,67.2795978638795,6331.5234794139,672.639474316782,1
1052346,48459257,1,127,15:41:48,-79.464124,43.654517,,,24.5150305927117,67.279597862841,6398.80307727674,682.519394775794,1
1052346,48459257,1,128,15:41:56,-79.4634420017149,43.6546680020273,,,24.5150305927117,57.4434802787443,6456.24655755549,690.954894304192,1
1052346,48459257,1,129,15:42:04,-79.46276,43.654819,,,24.5150305927117,57.4434802761037,6513.69003783159,699.390393832202,1
1052346,48459257,1,130,15:42:12,-79.4621075015919,43.6549655018557,,,24.5150305927117,55.0251072734111,6568.715145105,707.470758465447,1
1052346,48459257,1,131,15:42:21,-79.461455,43.655112,,,24.5150305927117,55.0251072755134,6623.74025238051,715.551123099001,1
1052346,48459257,1,132,15:42:33,-79.460467,43.655323,,,24.5150305927117,82.96816830161,6706.70842068213,727.734889493101,1
1052346,48459257,1,133,15:42:40,-79.459875,43.655461,,,24.5150305927117,50.0934755429436,6756.80189622507,735.091050492884,1
1052346,48459257,1,134,15:42:48,-79.459235,43.655609,,,24.5150305927117,54.1145417113765,6810.91643793645,743.037699770934,1
1052346,48459257,1,135,15:42:50,-79.459074,43.655638,14475,8,24.5150305927117,13.3627361521198,6824.27917408857,745,1
1052346,48459257,1,136,15:42:50,-79.459074,43.655638,14475,8,1e-12,0,6824.27917408857,745,1
1052346,48459257,1,137,15:42:58,-79.4582720022304,43.6558050028034,,,30.080393055062,67.2148001292507,6891.49397421782,753.044219369819,1
1052346,48459257,1,138,15:43:06,-79.45747,43.655972,,,30.080393055062,67.2148001276104,6958.70877434543,761.088438739442,1
1052346,48459257,1,139,15:43:08,-79.457314,43.656009,,,30.080393055062,13.2220423654322,6971.93081671086,762.670843345274,1
1052346,48459257,1,140,15:43:18,-79.4563415036278,43.6562330041221,,,30.080393055062,82.1977393578497,7054.12855606871,772.508210202369,1
1052346,48459257,1,141,15:43:27,-79.455369,43.656457,,,30.080393055062,82.1977393566451,7136.32629542535,782.34557705932,1
1052346,48459257,1,142,15:43:39,-79.454227,43.656714,,,30.080393055062,96.3218250509796,7232.64812047633,793.873304424743,1
1052346,48459257,1,143,15:43:47,-79.453457,43.656891,,,30.080393055062,65.0693983063793,7297.71751878271,801.660763633609,1
1052346,48459257,1,144,15:43:51,-79.453016,43.656998,,,30.080393055062,37.4613836439743,7335.17890242669,806.144115326237,1
1052346,48459257,1,145,15:44:00,-79.4521455033199,43.6572270033028,,,30.080393055062,74.5988929624778,7409.77779538916,815.072057663071,1
1052346,48459257,1,146,15:44:09,-79.451275,43.657456,14476,9,30.080393055062,74.5988929632605,7484.37668835242,824,1
1052346,48459257,1,147,15:44:09,-79.451275,43.657456,14476,9,1e-12,0,7484.37668835242,824,1
1052346,48459257,1,148,15:44:20,-79.450152,43.657745,,,30.2452712581401,95.9947185354241,7580.37140688785,835.425950978519,1
1052346,48459257,1,149,15:44:32,-79.44898000568,43.6580360059868,,,30.2452712581401,99.7929965193217,7680.16440340717,847.303999100599,1
1052346,48459257,1,150,15:44:44,-79.447808,43.658327,,,30.2452712581401,99.7929965171092,7779.95739992428,859.182047222416,1
1052346,48459257,1,151,15:44:52,-79.4470240023503,43.658507002679,,,30.2452712581401,66.243419330797,7846.20081925508,867.06679414882,1
1052346,48459257,1,152,15:45:00,-79.44624,43.658687,,,30.2452712581401,66.2434193285192,7912.4442385836,874.951541074953,1
1052346,48459257,1,153,15:45:07,-79.4454985022353,43.6588680023964,,,30.2452712581401,63.0246489349451,7975.46888751854,882.453167832714,1
1052346,48459257,1,154,15:45:15,-79.444757,43.659049,,,30.2452712581401,63.0246489334311,8038.49353645197,889.954794590295,1
1052346,48459257,1,155,15:45:21,-79.444172,43.65915,,,30.2452712581401,48.4360956440116,8086.92963209598,895.719991497613,1
1052346,48459257,1,156,15:45:25,-79.443692,43.659191,,,30.2452712581401,38.9253598235908,8125.85499191957,900.353155279446,1
1052346,48459257,1,157,15:45:30,-79.443172,43.659239,,,30.2452712581401,42.2177390861907,8168.07273100577,905.378200663008,1
1052346,48459257,1,158,15:45:39,-79.4422755007839,43.659291503503,14477,10,30.2452712581401,72.4357388001638,8240.50846980593,914,1
1052346,48459257,1,159,15:45:39,-79.4422755007839,43.659291503503,14477,10,1e-12,0,8240.50846980593,914,1
1052346,48459257,1,160,15:45:49,-79.441379,43.659344,,,27.1960011403997,72.4357387975333,8312.94420860346,923.588492746596,1
1052346,48459257,1,161,15:45:56,-79.440663,43.659387,,,27.1960011403997,57.8612966939223,8370.80550529738,931.247731581848,1
1052346,48459257,1,162,15:46:02,-79.440129,43.659404,,,27.1960011403997,43.047210308883,8413.85271560627,936.945994216562,1
1052346,48459257,1,163,15:46:05,-79.439853,43.65939,,,27.1960011403997,22.2821778688668,8436.13489347513,939.895539626338,1
1052346,48459257,1,164,15:46:09,-79.439503,43.659409,,,27.1960011403997,28.2664269163263,8464.40132039146,943.637234457627,1
1052346,48459257,1,165,15:46:16,-79.438801,43.659515,,,27.1960011403997,57.7536665246773,8522.15498691614,951.282226028832,1
1052346,48459257,1,166,15:46:26,-79.4379,43.659696,,,27.1960011403997,75.3071283084121,8597.46211522455,961.250811502509,1
1052346,48459257,1,167,15:46:39,-79.436733,43.659919,,,27.1960011403997,97.2066828875315,8694.66879811208,974.118293621977,1
1052346,48459257,1,168,15:46:50,-79.435735,43.660136,,,27.1960011403997,83.9245596126041,8778.59335772469,985.227589177806,1
1052346,48459257,1,169,15:46:51,-79.435658,43.660152,,,27.1960011403997,6.4518250428107,8785.0451827675,986.081632757015,1
1052346,48459257,1,170,15:46:58,-79.435031501367,43.6602830017108,,,27.1960011403997,52.5194991431408,8837.56468191064,993.033765018638,1
1052346,48459257,1,171,15:47:05,-79.434405,43.660414,,,27.1960011403997,52.5194991412955,8890.08418105193,999.985897280017,1
1052346,48459257,1,172,15:47:08,-79.434128,43.660455,14478,11,27.1960011403997,22.7698725027654,8912.8540535547,1003,1
1052346,48459257,1,173,15:47:08,-79.434128,43.660455,14478,11,1e-12,0,8912.8540535547,1003,1
1052346,48459257,1,174,15:47:16,-79.4333,43.66063,,,29.5594647492164,69.4689551989674,8982.32300875367,1011.46051309921,1
1052346,48459257,1,175,15:47:21,-79.432818,43.660727,,,29.5594647492164,40.2908479652465,9022.61385671891,1016.36747112113,1
1052346,48459257,1,176,15:47:29,-79.432055,43.660897,,,29.5594647492164,64.294761233591,9086.9086179525,1024.19782740142,1
1052346,48459257,1,177,15:47:35,-79.431515,43.661029,,,29.5594647492164,45.9031136633416,9132.81173161584,1029.78829429891,1
1052346,48459257,1,178,15:47:42,-79.4308295019239,43.6611975020481,,,29.5594647492164,58.3045906881718,9191.11632230402,1036.88911727585,1
1052346,48459257,1,179,15:47:49,-79.430144,43.661366,,,29.5594647492164,58.3045906868767,9249.42091299089,1043.98994025264,1
1052346,48459257,1,180,15:47:57,-79.42935,43.661602,,,29.5594647492164,69.129007579974,9318.54992057087,1052.40905167428,1
1052346,48459257,1,181,15:48:04,-79.428768,43.661791,,,29.5594647492164,51.3751173699217,9369.92503794079,1058.66594516342,1
1052346,48459257,1,182,15:48:11,-79.428073,43.661972,,,29.5594647492164,59.4856863410862,9429.41072428187,1065.91061189351,1
1052346,48459257,1,183,15:48:18,-79.427401,43.662111,,,29.5594647492164,56.285677202181,9485.69640148406,1072.76555462157,1
1052346,48459257,1,184,15:48:28,-79.426388,43.662321,,,29.5594647492164,84.8613486699585,9570.55775015401,1083.10068273717,1
1052346,48459257,1,185,15:48:30,-79.426202,43.66236,14479,12,29.5594647492164,15.5952226883892,9586.1529728424,1085,1
1052346,48459257,1,186,15:48:30,-79.426202,43.66236,14479,12,1e-12,0,9586.1529728424,1085,1
1052346,48459257,1,187,15:48:44,-79.425188,43.662571,,,21.9694662978075,84.969145669564,9671.12211851197,1098.9233661967,1
1052346,48459257,1,188,15:48:47,-79.424975,43.662622,,,21.9694662978075,18.0681248367625,9689.19024334873,1101.88407760091,1
1052346,48459257,1,189,15:49:03,-79.423811,43.662885,,,21.9694662978075,98.2029679600046,9787.39321130873,1117.97598806718,1
1052346,48459257,1,190,15:49:11,-79.4232065013443,43.6630185015927,,,21.9694662978075,50.8982443079873,9838.29145561672,1126.31636725641,1
1052346,48459257,1,191,15:49:20,-79.422602,43.663152,,,21.9694662978075,50.8982443091363,9889.18969992586,1134.65674644583,1
1052346,48459257,1,192,15:49:35,-79.421457,43.663398,,,21.9694662978075,96.1869938011723,9985.37669372703,1150.41831174698,1
1052346,48459257,1,193,15:49:50,-79.4203735041602,43.6636285051169,,,21.9694662978075,90.9479743070781,10076.3246680341,1165.32139146076,1
1052346,48459257,1,194,15:50:05,-79.41929,43.663859,,,21.9694662978075,90.9479743091305,10167.2726423432,1180.22447117488,1
1052346,48459257,1,195,15:50:13,-79.418757,43.663981,,,21.9694662978075,45.0191722814418,10212.2918146247,1187.60148334332,1
1052346,48459257,1,196,15:50:28,-79.417637,43.664218,14480,13,21.9694662978075,93.9714424236347,10306.2632570483,1203,1
1052346,48459257,1,197,15:50:28,-79.417637,43.664218,14480,13,1e-12,0,10306.2632570483,1203,1
1052346,48459257,1,198,15:50:42,-79.416533,43.664455,,,24.4910751117208,92.7351767896621,10398.998433838,1216.63135897138,1
1052346,48459257,1,199,15:50:50,-79.415883,43.664627,,,24.4910751117208,55.735183338191,10454.7336171762,1224.82400298975,1
1052346,48459257,1,200,15:51:00,-79.415116,43.664846,,,24.4910751117208,66.4019093431912,10521.1355265194,1234.58457383219,1
1052346,48459257,1,201,15:51:12,-79.414168,43.665156,,,24.4910751117208,83.777390650611,10604.91291717,1246.89920701862,1
1052346,48459257,1,202,15:51:19,-79.4135615013488,43.6652895016033,,,24.4910751117208,51.0505401031449,10655.9634572731,1254.40324444993,1
1052346,48459257,1,203,15:51:27,-79.412955,43.665423,,,24.4910751117208,51.0505400999036,10707.013997373,1261.90728188076,1
1052346,48459257,1,204,15:51:36,-79.4122205017925,43.6655695023514,,,24.4910751117208,61.3538734964266,10768.3678708694,1270.92583021233,1
1052346,48459257,1,205,15:51:45,-79.411486,43.665716,,,24.4910751117208,61.3538734952904,10829.7217443647,1279.94437854373,1
1052346,48459257,1,206,15:51:57,-79.410511,43.665929,14481,14,24.4910751117208,82.0153140566784,10911.7370584214,1292,1
1052346,48459257,1,207,15:51:57,-79.410511,43.665929,14481,14,1e-12,0,10911.7370584214,1292,1
1052346,48459257,1,208,15:52:06,-79.409854,43.666064,,,21.4108562040062,54.9985709247128,10966.7356293461,1301.24740484185,1
1052346,48459257,1,209,15:52:17,-79.40907,43.666237,,,21.4108562040062,66.0042035805963,11032.7398329267,1312.34528577786,1
1052346,48459257,1,210,15:52:26,-79.4084670011803,43.6663545015848,,,21.4108562040062,50.2877393600299,11083.0275722868,1320.80061610053,1
1052346,48459257,1,211,15:52:34,-79.407864,43.666472,,,21.4108562040062,50.2877393585645,11133.3153116453,1329.25594642296,1
1052346,48459257,1,212,15:52:46,-79.407062,43.666636,,,21.4108562040062,67.1120732507799,11200.4273848961,1340.54010345996,1
1052346,48459257,1,213,15:52:51,-79.406665,43.666724,,,21.4108562040062,33.4356883348749,11233.863073231,1346.16194673698,1
1052346,48459257,1,214,15:53:04,-79.405744,43.66692,,,21.4108562040062,77.3062803444347,11311.1693535754,1359.1601475837,1
1052346,48459257,1,215,15:53:16,-79.404909,43.667083,,,21.4108562040062,69.6433751619711,11380.8127287374,1370.86991519851,1
1052346,48459257,1,216,15:53:25,-79.404261,43.667218,14482,15,21.4108562040062,54.3008146708534,11435.1135434082,1380,1
1052346,48459257,1,217,15:53:25,-79.404261,43.667218,14482,15,1e-12,0,11435.1135434082,1380,1
1052346,48459257,1,218,15:53:40,-79.403097,43.667463,,,24.2246447447952,97.6174548479028,11532.7309982561,1394.50683141712,1
1052346,48459257,1,219,15:53:54,-79.401977,43.667716,,,24.2246447447952,94.4819542294918,11627.2129524856,1408.54769925273,1
1052346,48459257,1,220,15:54:04,-79.4011015026328,43.6678965033409,,,24.2246447447952,73.305788308541,11700.5187407942,1419.44159844881,1
1052346,48459257,1,221,15:54:15,-79.400226,43.668077,,,24.2246447447952,73.3057883088059,11773.824529103,1430.33549764494,1
1052346,48459257,1,222,15:54:24,-79.3995325017157,43.6682255020963,,,24.2246447447952,58.2381083019506,11832.0626374049,1438.99020412653,1
1052346,48459257,1,223,15:54:33,-79.398839,43.668374,,,24.2246447447952,58.2381082999669,11890.3007457049,1447.64491060782,1
1052346,48459257,1,224,15:54:45,-79.397845,43.668576,14483,16,24.2246447447952,83.1382364765682,11973.4389821815,1460,1
1052346,48459257,1,225,15:54:45,-79.397845,43.668576,14483,16,1e-12,0,11973.4389821815,1460,1
1052346,48459257,1,226,15:54:58,-79.3970550020862,43.6687345027202,,,17.7747145306373,66.0142389213956,12039.4532211029,1473.37018716714,1
1052346,48459257,1,227,15:55:12,-79.396265,43.668893,,,17.7747145306373,66.0142389219013,12105.4674600248,1486.74037433437,1
1052346,48459257,1,228,15:55:27,-79.3953980027879,43.6690860032763,,,17.7747145306373,73.0435778365015,12178.5110378613,1501.53424794389,1
1052346,48459257,1,229,15:55:41,-79.394531,43.669279,,,17.7747145306373,73.0435778368538,12251.5546156981,1516.32812155347,1
1052346,48459257,1,230,15:55:54,-79.3937600057999,43.6694295077728,,,17.7747145306373,64.3026738897012,12315.8572895878,1529.35165707095,1
1052346,48459257,1,231,15:56:07,-79.3929890077331,43.6695800103638,,,17.7747145306373,64.302673887998,12380.1599634758,1542.3751925881,1
1052346,48459257,1,232,15:56:20,-79.3922180057998,43.6697305077728,,,17.7747145306373,64.3026738899703,12444.4626373658,1555.39872810564,1
1052346,48459257,1,233,15:56:33,-79.391447,43.669881,,,17.7747145306373,64.3026738924156,12508.7653112582,1568.42226362367,1
1052346,48459257,1,234,15:56:41,-79.391004,43.669969,,,17.7747145306373,36.9913553370751,12545.7566665953,1575.91430401531,1
1052346,48459257,1,235,15:56:58,-79.389995,43.670173,14484,17,17.7747145306373,84.3592690791773,12630.1159356744,1593,1
1052346,48459257,1,236,15:56:58,-79.389995,43.670173,14484,17,1e-12,0,12630.1159356744,1593,1
1052346,48459257,1,237,15:57:14,-79.389168,43.670384,,,16.370395413228,70.6113524087224,12700.7272880832,1608.52808360793,1
1052346,48459257,1,238,15:57:30,-79.388381,43.670716,,,16.370395413228,73.3590152144961,12774.0863032977,1624.66040345151,1
1052346,48459257,1,239,15:57:42,-79.387713,43.670919,,,16.370395413228,58.3412975951904,12832.4276008929,1637.49018954043,1
1052346,48459257,1,240,15:57:53,-79.3871,43.670992,,,16.370395413228,50.0228209074776,12882.4504218003,1648.49066635979,1
1052346,48459257,1,241,15:58:10,-79.3861690005662,43.6710285037779,14485,18,16.370395413228,75.0734221386743,12957.523843939,1665,1
1052346,48459257,1,242,15:58:10,-79.3861690005662,43.6710285037779,14485,18,1e-12,0,12957.523843939,1665,1
1052346,48459257,1,243,15:58:18,-79.385238,43.671065,,,31.9707091181013,75.0734221357464,13032.5972660748,1673.45349781546,1
1052346,48459257,1,244,15:58:22,-79.384866,43.671066,,,31.9707091181013,29.9533356135317,13062.5506016883,1676.82633536531,1
1052346,48459257,1,245,15:58:25,-79.384473,43.671051,,,31.9707091181013,31.6880600516808,13094.23866174,1680.39450821267,1
1052346,48459257,1,246,15:58:29,-79.384116,43.67104,,,31.9707091181013,28.7714204215338,13123.0100821615,1683.6342584833,1
1052346,48459257,1,247,15:58:32,-79.38376,43.671057,,,31.9707091181013,28.7272308172212,13151.7373129787,1686.86903286881,1
1052346,48459257,1,248,15:58:37,-79.383178,43.671115,,,31.9707091181013,47.3048271781603,13199.0421401569,1692.19570163966,1
1052346,48459257,1,249,15:58:43,-79.38252,43.671195,,,31.9707091181013,53.7247759938822,13252.7669161508,1698.24527635706,1
1052346,48459257,1,250,15:58:53,-79.3815,43.67141,,,31.9707091181013,85.5454890231808,13338.3124051739,1707.87796105435,1
1052346,48459257,1,251,15:59:01,-79.38061,43.671563,,,31.9707091181013,73.6577432359219,13411.9701484099,1716.17204907941,1
1052346,48459257,1,252,15:59:09,-79.3797990020405,43.6717140028668,,,31.9707091181013,67.4291073418298,13479.3992557517,1723.76477358026,1
1052346,48459257,1,253,15:59:16,-79.378988,43.671865,,,31.9707091181013,67.4291073410933,13546.8283630928,1731.35749808103,1
1052346,48459257,1,254,15:59:27,-79.377822,43.672028,,,31.9707091181013,95.6213519159192,13642.4497150087,1742.12475587396,1
1052346,48459257,1,255,15:59:35,-79.376908,43.672105,,,31.9707091181013,74.0907845270196,13716.5404995357,1750.46760567788,1
1052346,48459257,1,256,15:59:44,-79.3759685006183,43.6721445038472,14486,19,31.9707091181013,75.7740824870367,13792.3145820228,1759,1
1052346,48459257,1,257,15:59:44,-79.3759685006183,43.6721445038472,14486,19,1e-12,0,13792.3145820228,1759,1
1052346,48459257,1,258,15:59:53,-79.375029,43.672184,,,29.4691803086401,75.7740824852478,13868.088664508,1768.25667745387,1
1052346,48459257,1,259,16:00:03,-79.373995,43.672253,,,29.4691803086401,83.6087874685935,13951.6974519766,1778.47045441456,1
1052346,48459257,1,260,16:00:15,-79.372865,43.672497,,,29.4691803086401,94.9525244027264,14046.6499763793,1790.06999957563,1
1052346,48459257,1,261,16:00:27,-79.371759,43.672809,,,29.4691803086401,95.5851437822625,14142.2351201616,1801.7468264847,1
1052346,48459257,1,262,16:00:36,-79.3708850046312,43.6731270033295,,,29.4691803086401,78.7734462540385,14221.0085664156,1811.36991078988,1
1052346,48459257,1,263,16:00:46,-79.370011,43.673445,,,29.4691803086401,78.7734462566975,14299.7820126723,1820.99299509538,1
1052346,48459257,1,264,16:00:54,-79.3693000032048,43.6737155022034,,,29.4691803086401,64.6830794070671,14364.4650920794,1828.89477870207,1
1052346,48459257,1,265,16:01:02,-79.368589,43.673986,,,29.4691803086401,64.6830794118164,14429.1481714912,1836.79656230934,1
1052346,48459257,1,266,16:01:05,-79.368301,43.674096,14487,20,29.4691803086401,26.2229674759515,14455.3711389672,1840,1
1052346,48459257,1,267,16:01:05,-79.368301,43.674096,14487,20,1e-12,0,14455.3711389672,1840,1
1052346,48459257,1,268,16:01:12,-79.3676180029535,43.6743555020333,,,30.7654109155281,62.1172723152255,14517.4884112824,1847.2686232259,1
1052346,48459257,1,269,16:01:20,-79.366935,43.674615,,,30.7654109155281,62.1172723156088,14579.605683598,1854.53724645183,1
1052346,48459257,1,270,16:01:23,-79.366629,43.674691,,,30.7654109155281,26.0495182764319,14605.6552018744,1857.58541850624,1
1052346,48459257,1,271,16:01:30,-79.3658812626153,43.6748356420592,,,30.7654109155281,62.3194716665258,14667.974673541,1864.87770199355,1
1052346,48459257,1,272,16:01:37,-79.365133521626,43.6749802792445,,,30.7654109155281,62.3194716678313,14730.2941452088,1872.16998548101,1
1052346,48459257,1,273,16:01:44,-79.3643857770323,43.6751249115557,,,30.7654109155281,62.3194716681862,14792.613616877,1879.46226896851,1
1052346,48459257,1,274,16:01:52,-79.3636380288342,43.6752695389929,,,30.7654109155281,62.3194716672247,14854.9330885442,1886.7545524559,1
1052346,48459257,1,275,16:01:59,-79.3628902770318,43.675414161556,,,30.7654109155281,62.3194716657539,14917.25256021,1894.04683594311,1
1052346,48459257,1,276,16:02:06,-79.3621425216253,43.6755587792449,,,30.7654109155281,62.3194716686468,14979.5720318786,1901.33911943067,1
1052346,48459257,1,277,16:02:14,-79.3613947626147,43.6757033920596,,,30.7654109155281,62.3194716659004,15041.8915035445,1908.6314029179,1
1052346,48459257,1,278,16:02:21,-79.360647,43.675848,,,30.7654109155281,62.3194716667866,15104.2109752113,1915.92368640524,1
1052346,48459257,1,279,16:02:23,-79.360395,43.675921,,,30.7654109155281,21.8560919141338,15126.0670671254,1918.48116665821,1
1052346,48459257,1,280,16:02:26,-79.360183,43.676009,,,30.7654109155281,19.6800237751309,15145.7470909006,1920.78401532761,1
1052346,48459257,1,281,16:02:28,-79.359985,43.676114,,,30.7654109155281,19.767460509342,15165.5145514099,1923.09709536509,1
1052346,48459257,1,282,16:02:30,-79.359794,43.676234,,,30.7654109155281,20.3696716331365,15185.884223043,1925.48064285225,1
1052346,48459257,1,283,16:02:42,-79.358876,43.676775,,,30.7654109155281,95.3393083970181,15281.2235314401,1936.6367269095,1
1052346,48459257,1,284,16:02:48,-79.358318,43.677104,,,30.7654109155281,57.9621237761275,15339.1856552162,1943.41913739532,1
1052346,48459257,1,285,16:02:50,-79.358185,43.677178,14488,21,30.7654109155281,13.509968787226,15352.6956240034,1945,1
1052346,48459257,1,286,16:02:50,-79.358185,43.677178,14488,21,1e-12,0,15352.6956240034,1945,1
1052346,48459257,1,287,16:02:52,-79.358036,43.677226,,,27.556879913861,13.1323393201253,15365.8279633235,1946.71559413476,1
1052346,48459257,1,288,16:02:53,-79.357885,43.677252,,,27.556879913861,12.4969250797206,15378.3248884033,1948.34817846316,1
1052346,48459257,1,289,16:03:05,-79.35685,43.677436,,,27.556879913861,85.809106124853,15464.1339945281,1959.55818420456,1
1052346,48459257,1,290,16:03:12,-79.3561950013918,43.67756350187,,,27.556879913861,54.6109759885362,15518.7449705166,1966.69250108562,1
1052346,48459257,1,291,16:03:19,-79.35554,43.677691,,,27.556879913861,54.6109759913286,15573.355946508,1973.82681796704,1
1052346,48459257,1,292,16:03:30,-79.354537,43.677894,,,27.556879913861,83.8540103229149,15657.2099568309,1984.78141217749,1
1052346,48459257,1,293,16:03:39,-79.353738,43.678054,,,27.556879913861,66.7476669734349,15723.9576238043,1993.50125280733,1
1052346,48459257,1,294,16:03:44,-79.35327,43.678137,,,27.556879913861,38.7948725630641,15762.7524963674,1998.56937160973,1
1052346,48459257,1,295,16:03:52,-79.352498,43.678293,14489,22,27.556879913861,64.5338372636278,15827.286333631,2007,1
1052346,48459257,1,296,16:03:52,-79.352498,43.678293,14489,22,1e-12,0,15827.286333631,2007,1
1052346,48459257,1,297,16:03:58,-79.3518640013261,43.678418501752,,,29.4908280231687,52.9202671000015,15880.206600731,2013.46007502435,1
1052346,48459257,1,298,16:04:05,-79.35123,43.678544,,,29.4908280231687,52.9202671005931,15933.1268678316,2019.92015004878,1
1052346,48459257,1,299,16:04:15,-79.350212,43.67874,,,29.4908280231687,84.8126887284123,16017.93955656,2030.27339205278,1
1052346,48459257,1,300,16:04:16,-79.350104,43.678762,,,29.4908280231687,9.03327192388351,16026.9728284839,2031.37610028805,1
1052346,48459257,1,301,16:04:28,-79.348989,43.678979,,,29.4908280231687,92.9606197060435,16119.9334481899,2042.72397531817,1
1052346,48459257,1,302,16:04:28,-79.348964,43.678989,,,29.4908280231687,2.30004748810718,16122.2334956781,2043.00474637522,1
1052346,48459257,1,303,16:04:30,-79.34879,43.679022,,,29.4908280231687,14.4821425709284,16136.715638249,2044.77260834282,1
1052346,48459257,1,304,16:04:40,-79.347826,43.67921,,,29.4908280231687,80.3822457619158,16217.0978840109,2054.58501796779,1
1052346,48459257,1,305,16:04:51,-79.346746,43.679419,,,29.4908280231687,90.0076673261508,16307.105551337,2065.57242063141,1
1052346,48459257,1,306,16:04:52,-79.346598,43.67945,,,29.4908280231687,12.4048425636051,16319.5103939007,2067.08670273953,1
1052346,48459257,1,307,16:05:01,-79.3456755027983,43.6796320037093,,,29.4908280231687,76.9821907899712,16396.4925846906,2076.48406135646,1
1052346,48459257,1,308,16:05:11,-79.344753,43.679814,,,29.4908280231687,76.9821907895707,16473.4747754802,2085.88141997334,1
1052346,48459257,1,309,16:05:23,-79.343565,43.680053,14490,23,29.4908280231687,99.2741554031359,16572.7489308833,2098,1
1052346,48459257,1,310,16:05:23,-79.343565,43.680053,14490,23,1e-12,0,16572.7489308833,2098,1
1052346,48459257,1,311,16:05:31,-79.3429120014421,43.6801855018586,,,24.0407701440299,54.6010077506336,16627.349938634,2106.17626168898,1
1052346,48459257,1,312,16:05:39,-79.342259,43.680318,,,24.0407701440299,54.6010077502421,16681.9509463842,2114.35252337791,1
1052346,48459257,1,313,16:05:54,-79.34109,43.68054,,,24.0407701440299,97.3028153986248,16779.2537617828,2128.92319367409,1
1052346,48459257,1,314,16:06:00,-79.340594,43.680636,,,24.0407701440299,41.3364621905631,16820.5902239734,2135.11314778099,1
1052346,48459257,1,315,16:06:09,-79.339916,43.680761,,,24.0407701440299,56.3289838547885,16876.9192078282,2143.54816632084,1
1052346,48459257,1,316,16:06:19,-79.3391075020348,43.6809120028491,,,24.0407701440299,67.2245243782913,16944.1437322065,2153.6147443178,1
1052346,48459257,1,317,16:06:29,-79.338299,43.681063,,,24.0407701440299,67.2245243774499,17011.3682565839,2163.68132231464,1
1052346,48459257,1,318,16:06:35,-79.337797,43.681172,14491,24,24.0407701440299,42.1960771800064,17053.5643337639,2170,1
1052346,48459257,1,319,16:06:35,-79.337797,43.681172,14491,24,1e-12,0,17053.5643337639,2170,1
1052346,48459257,1,320,16:06:45,-79.3368225034272,43.6813830041392,,,30.0732830292463,81.8931620250365,17135.457495789,2179.80323242406,1
1052346,48459257,1,321,16:06:55,-79.335848,43.681594,,,30.0732830292463,81.8931620259219,17217.3506578149,2189.60646484822,1
1052346,48459257,1,322,16:07:00,-79.335342,43.681698,,,30.0732830292463,42.3487217760099,17259.6993795909,2194.67592794094,1
1052346,48459257,1,323,16:07:06,-79.3347222541605,43.6818322550224,,,30.0732830292463,52.0828428098594,17311.7822224008,2200.91063912738,1
1052346,48459257,1,324,16:07:12,-79.3341025055473,43.6819665066965,,,30.0732830292463,52.0828428089551,17363.8650652097,2207.14535031371,1
1052346,48459257,1,325,16:07:18,-79.3334827541604,43.6821007550224,,,30.0732830292463,52.0828428103095,17415.94790802,2213.38006150021,1
1052346,48459257,1,326,16:07:25,-79.332863,43.682235,,,30.0732830292463,52.0828428100619,17468.0307508301,2219.61477268668,1
1052346,48459257,1,327,16:07:35,-79.33183,43.682457,14492,25,30.0732830292463,86.7549667546169,17554.7857175847,2230,1
1052346,48459257,1,328,16:07:35,-79.33183,43.682457,14492,25,1e-12,0,17554.7857175847,2230,1
1052346,48459257,1,329,16:07:39,-79.3311285018417,43.6826145021449,,,51.1455450587416,59.1323596366794,17613.9180772214,2234.16217080975,1
1052346,48459257,1,330,16:07:43,-79.330427,43.682772,,,51.1455450587416,59.1323596364226,17673.0504368578,2238.32434161947,1
1052346,48459257,1,331,16:07:47,-79.329813,43.682896,,,51.1455450587416,51.3202971590901,17724.3707340169,2241.93664195884,1
1052346,48459257,1,332,16:07:53,-79.328751,43.683107,,,51.1455450587416,88.6622145129216,17813.0329485298,2248.17734135661,1
1052346,48459257,1,333,16:08:00,-79.327653,43.683337,,,51.1455450587416,92.0255796687453,17905.0585281986,2254.65477915548,1
1052346,48459257,1,334,16:08:05,-79.326687,43.683563,,,51.1455450587416,81.7337262989274,17986.7922544975,2260.4078005445,1
1052346,48459257,1,335,16:08:09,-79.326098,43.683688,,,51.1455450587416,49.4154767128557,18036.2077312103,2263.88602559738,1
1052346,48459257,1,336,16:08:14,-79.32525,43.683866,,,51.1455450587416,71.0833788929241,18107.2911101033,2268.88939712701,1
1052346,48459257,1,337,16:08:21,-79.32412,43.684115,,,51.1455450587416,95.096392163653,18202.3875022669,2275.58298131691,1
1052346,48459257,1,338,16:08:22,-79.32382,43.684176,,,51.1455450587416,25.0869809660715,18227.474483233,2277.34878773024,1
1052346,48459257,1,339,16:08:29,-79.3227455039226,43.6843950050324,,,51.1455450587416,89.8684926650043,18317.342975898,2283.6743938651,1
1052346,48459257,1,340,16:08:35,-79.321671,43.684614,14493,26,51.1455450587416,89.8684926657302,18407.2114685637,2290,1
1052346,48459257,1,341,16:08:35,-79.321671,43.684614,14493,26,1e-12,0,18407.2114685637,2290,1
1052346,48459257,1,342,16:08:40,-79.321374,43.684696,,,19.864918691523,25.5920607642608,18432.803529328,2294.6378955878,1
1052346,48459257,1,343,16:08:50,-79.320685,43.684834,,,19.864918691523,57.5531433731501,18490.3566727011,2305.06790637016,1
1052346,48459257,1,344,16:09:05,-79.319722,43.685035,,,19.864918691523,80.6865297896482,18571.0432024908,2319.69024194341,1
1052346,48459257,1,345,16:09:20,-79.318703,43.685272,,,19.864918691523,86.1680351717026,18657.2112376625,2335.30595784113,1
1052346,48459257,1,346,16:09:29,-79.318151,43.685378,,,19.864918691523,45.976041802074,18703.1872794646,2343.63791998291,1
1052346,48459257,1,347,16:09:36,-79.317659,43.685487,,,19.864918691523,41.4229464273502,18744.6102258919,2351.14475197423,1
1052346,48459257,1,348,16:09:51,-79.316708,43.685693,,,19.864918691523,79.9159893417987,18824.5262152337,2365.62744712633,1
1052346,48459257,1,349,16:10:05,-79.315754,43.685901,,,19.864918691523,80.2110938623239,18904.737309096,2380.16362229968,1
1052346,48459257,1,350,16:10:17,-79.3150155023268,43.6860900023772,,,19.864918691523,63.0617277866742,18967.7990368827,2391.59192077688,1
1052346,48459257,1,351,16:10:28,-79.314277,43.686279,,,19.864918691523,63.0617277881587,19030.8607646709,2403.02021925435,1
1052346,48459257,1,352,16:10:44,-79.313205,43.686496,,,19.864918691523,89.6117719360747,19120.4725366069,2419.26002289913,1
1052346,48459257,1,353,16:10:56,-79.312442,43.68665,,,19.864918691523,63.7678279952023,19184.2403646021,2430.81628367963,1
1052346,48459257,1,354,16:11:00,-79.312163,43.686698,14494,27,19.864918691523,23.0858845923666,19207.3262491945,2435,1
1052346,48459257,1,355,16:11:00,-79.312163,43.686698,14494,27,1e-12,0,19207.3262491945,2435,1
1052346,48459257,1,356,16:11:06,-79.31142,43.686862,,,38.2425686498013,62.5343161370995,19269.8605653316,2440.88672639004,1
1052346,48459257,1,357,16:11:08,-79.31115,43.686913,,,38.2425686498013,22.4636960005536,19292.3242613322,2443.00136744207,1
1052346,48459257,1,358,16:11:16,-79.3101095036081,43.6871210047189,,,38.2425686498013,86.8993291158761,19379.223590448,2451.18171713777,1
1052346,48459257,1,359,16:11:24,-79.309069,43.687329,,,38.2425686498013,86.8993291181024,19466.1229195661,2459.36206683368,1
1052346,48459257,1,360,16:11:29,-79.3084695013693,43.6874660015665,,,38.2425686498013,50.6105222879454,19516.7334418541,2464.12633572746,1
1052346,48459257,1,361,16:11:34,-79.30787,43.687603,,,38.2425686498013,50.6105222895308,19567.3439641436,2468.89060462139,1
1052346,48459257,1,362,16:11:42,-79.3067995043725,43.687848004995,,,38.2425686498013,90.3846567001412,19657.7286208438,2477.39904889197,1
1052346,48459257,1,363,16:11:51,-79.305729,43.688093,,,38.2425686498013,90.3846566990942,19748.1132775429,2485.90749316244,1
1052346,48459257,1,364,16:12:00,-79.3046180046584,43.6883445053801,,,38.2425686498013,93.7109019970062,19841.8241795399,2494.72905664785,1
1052346,48459257,1,365,16:12:09,-79.303507,43.688596,,,38.2425686498013,93.7109019962093,19935.5350815361,2503.55062013318,1
1052346,48459257,1,366,16:12:16,-79.302617,43.688809,,,38.2425686498013,75.4628772097599,20010.9979587458,2510.65438872265,1
1052346,48459257,1,367,16:12:19,-79.302205,43.688921,,,38.2425686498013,35.4302154917821,20046.4281742376,2513.98964522538,1
1052346,48459257,1,368,16:12:24,-79.3015245020876,43.6891050020184,,,38.2425686498013,58.4811455999335,20104.9093198375,2519.49482261259,1
1052346,48459257,1,369,16:12:30,-79.300844,43.689289,14495,28,38.2425686498013,58.4811456019966,20163.3904654395,2525,1
1052346,48459257,1,370,16:12:30,-79.300844,43.689289,14495,28,1e-12,0,20163.3904654395,2525,1
1052346,48459257,1,371,16:12:35,-79.3001935023101,43.6895020018444,,,39.2654246172496,57.4800274751416,20220.8704929147,2530.26998245728,1
1052346,48459257,1,372,16:12:41,-79.299543,43.689715,,,39.2654246172496,57.4800274774828,20278.3505203922,2535.53996491477,1
1052346,48459257,1,373,16:12:46,-79.2990087694622,43.6900271337085,,,39.2654246172496,55.2858293378608,20333.63634973,2540.60877513538,1
1052346,48459257,1,374,16:12:51,-79.2984745333639,43.6903392649289,,,39.2654246172496,55.2858293394925,20388.9221790695,2545.67758535613,1
1052346,48459257,1,375,16:12:56,-79.297940291705,43.6906513936613,,,39.2654246172496,55.2858293353645,20444.2080084049,2550.74639557651,1
1052346,48459257,1,376,16:13:01,-79.2974060444856,43.6909635199055,,,39.2654246172496,55.2858293384536,20499.4938377433,2555.81520579717,1
1052346,48459257,1,377,16:13:06,-79.2968717917054,43.6912756436615,,,39.2654246172496,55.2858293378214,20554.7796670812,2560.88401601777,1
1052346,48459257,1,378,16:13:11,-79.2963375333645,43.6915877649293,,,39.2654246172496,55.2858293376601,20610.0654964188,2565.95282623835,1
1052346,48459257,1,379,16:13:16,-79.2958032694627,43.6918998837089,,,39.2654246172496,55.285829340266,20665.3513257591,2571.02163645918,1
1052346,48459257,1,380,16:13:21,-79.295269,43.692212,,,39.2654246172496,55.2858293357778,20720.6371550949,2576.09044667959,1
1052346,48459257,1,381,16:13:27,-79.294561510883,43.6925195065454,,,39.2654246172496,66.4429420456347,20787.0800971405,2582.18218244193,1
1052346,48459257,1,382,16:13:33,-79.2938540145106,43.6928270087273,,,39.2654246172496,66.4429420442812,20853.5230391848,2588.27391820414,1
1052346,48459257,1,383,16:13:39,-79.293146510883,43.6931345065455,,,39.2654246172496,66.4429420463134,20919.9659812311,2594.36565396654,1
1052346,48459257,1,384,16:13:45,-79.292439,43.693442,,,39.2654246172496,66.4429420437056,20986.4089232748,2600.45738972871,1
1052346,48459257,1,385,16:13:51,-79.2917990081002,43.6936950053561,,,39.2654246172496,58.7090340421068,21045.1179573169,2605.8400520738,1
1052346,48459257,1,386,16:13:56,-79.2911590108002,43.6939480071414,,,39.2654246172496,58.7090340421656,21103.8269913591,2611.22271441891,1
1052346,48459257,1,387,16:14:02,-79.2905190081002,43.6942010053561,,,39.2654246172496,58.7090340423946,21162.5360254015,2616.60537676403,1
1052346,48459257,1,388,16:14:07,-79.289879,43.694454,,,39.2654246172496,58.7090340408542,21221.2450594423,2621.98803910902,1
1052346,48459257,1,389,16:14:08,-79.289807,43.694479,,,39.2654246172496,6.42871842904289,21227.6737778714,2622.57744789729,1
1052346,48459257,1,390,16:14:08,-79.289736,43.694505,,,39.2654246172496,6.40577804152658,21234.0795559129,2623.16475342561,1
1052346,48459257,1,391,16:14:09,-79.289663,43.69453,,,39.2654246172496,6.50136235630167,21240.5809182692,2623.760822479,1
1052346,48459257,1,392,16:14:16,-79.2888075046008,43.6948525031901,,,39.2654246172496,77.653798828626,21318.2347170978,2630.88041123955,1
1052346,48459257,1,393,16:14:23,-79.287952,43.695175,14496,29,39.2654246172496,77.6537988276165,21395.8885159254,2638,1
1052346,48459257,1,394,16:14:23,-79.287952,43.695175,14496,29,1e-12,0,21395.8885159254,2638,1
1052346,48459257,1,395,16:14:26,-79.287557,43.695327,,,38.2990800042816,36.0146164630997,21431.9031323885,2641.38526719839,1
1052346,48459257,1,396,16:14:31,-79.2869950020337,43.6955440013767,,,38.2990800042816,51.2794357572322,21483.1825681458,2646.20538216474,1
1052346,48459257,1,397,16:14:36,-79.286433,43.695761,,,38.2990800042816,51.2794357569653,21534.4620039027,2651.02549713107,1
1052346,48459257,1,398,16:14:41,-79.2858565021055,43.6959800014486,,,38.2990800042816,52.4146572278849,21586.8766611306,2655.9523195508,1
1052346,48459257,1,399,16:14:46,-79.28528,43.696199,,,38.2990800042816,52.4146572289249,21639.2913183595,2660.87914197064,1
1052346,48459257,1,400,16:14:50,-79.284835,43.696367,,,38.2990800042816,40.4046564950085,21679.6959748545,2664.67705991973,1
1052346,48459257,1,401,16:14:50,-79.284766,43.696392,,,38.2990800042816,6.21177434192519,21685.9077491965,2665.26094829586,1
1052346,48459257,1,402,16:14:51,-79.284693,43.696418,,,38.2990800042816,6.54962080969257,21692.4573700062,2665.87659323857,1
1052346,48459257,1,403,16:14:51,-79.284623,43.696445,,,38.2990800042816,6.38555243283539,21698.842922439,2666.47681624015,1
1052346,48459257,1,404,16:14:52,-79.284554,43.696476,,,38.2990800042816,6.53833150839412,21705.3812539474,2667.091400022,1
1052346,48459257,1,405,16:14:53,-79.284483,43.696501,,,38.2990800042816,6.35608561855647,21711.737339566,2667.68885323038,1
1052346,48459257,1,406,16:14:53,-79.284414,43.696532,,,38.2990800042816,6.53832710089178,21718.2756666668,2668.30343659794,1
1052346,48459257,1,407,16:14:54,-79.284345,43.696563,,,38.2990800042816,6.53832466382695,21724.8139913307,2668.91801973641,1
1052346,48459257,1,408,16:14:54,-79.284293,43.696584,,,38.2990800042816,4.79384213655864,21729.6078334672,2669.36862668806,1
1052346,48459257,1,409,16:14:55,-79.284277,43.696592,,,38.2990800042816,1.56569861372969,21731.173532081,2669.51579771694,1
1052346,48459257,1,410,16:14:55,-79.284209,43.696623,,,38.2990800042816,6.47009789095204,21737.6436299719,2670.123967741,1
1052346,48459257,1,411,16:14:56,-79.284141,43.696654,,,38.2990800042816,6.47009549823178,21744.1137254701,2670.73213754014,1
1052346,48459257,1,412,16:14:56,-79.284074,43.696684,,,38.2990800042816,6.34284541851431,21750.4565708887,2671.32834620897,1
1052346,48459257,1,413,16:14:57,-79.284008,43.696715,,,38.2990800042816,6.3345106443991,21756.7910815331,2671.92377143373,1
1052346,48459257,1,414,16:14:58,-79.283941,43.69675,,,38.2990800042816,6.65274649005956,21763.4438280231,2672.54910988472,1
1052346,48459257,1,415,16:14:58,-79.283888,43.696775,,,38.2990800042816,5.09324185930965,21768.5370698824,2673.02785952287,1
1052346,48459257,1,416,16:14:59,-79.283833,43.696802,,,38.2990800042816,5.35061379258411,21773.887683675,2673.53080135988,1
1052346,48459257,1,417,16:14:59,-79.283779,43.696828,,,38.2990800042816,5.2217043105873,21779.1093879856,2674.02162608769,1
1052346,48459257,1,418,16:15:00,-79.283724,43.696854,,,38.2990800042816,5.2888804217544,21784.3982684074,2674.51876517082,1
1052346,48459257,1,419,16:15:00,-79.283671,43.696881,,,38.2990800042816,5.21821999733559,21789.6164884047,2675.00926238351,1
1052346,48459257,1,420,16:15:01,-79.283618,43.696912,,,38.2990800042816,5.48677984498955,21795.1032682497,2675.52500342584,1
1052346,48459257,1,421,16:15:01,-79.283566,43.696938,,,38.2990800042816,5.08850114579785,21800.1917693955,2676.00330745097,1
1052346,48459257,1,422,16:15:02,-79.283515,43.696968,,,38.2990800042816,5.29163817391619,21805.4834075694,2676.50070575464,1
1052346,48459257,1,423,16:15:02,-79.283465,43.696999,,,38.2990800042816,5.30123380418169,21810.7846413736,2676.99900601911,1
1052346,48459257,1,424,16:15:02,-79.283414,43.697029,,,38.2990800042816,5.29163493385098,21816.0762763074,2677.49640401822,1
1052346,48459257,1,425,16:15:03,-79.283364,43.697061,,,38.2990800042816,5.3743599106655,21821.4506362181,2678.00157791995,1
1052346,48459257,1,426,16:15:03,-79.283314,43.697091,,,38.2990800042816,5.22944701926992,21826.6800832374,2678.49313043941,1
1052346,48459257,1,427,16:15:04,-79.283264,43.697123,,,38.2990800042816,5.37435679704062,21832.0544400344,2678.99830404847,1
1052346,48459257,1,428,16:15:04,-79.283245,43.697136,,,38.2990800042816,2.10539882403297,21834.1598388584,2679.19620529742,1
1052346,48459257,1,429,16:15:04,-79.283217,43.697153,,,38.2990800042816,2.94275621365627,21837.1025950721,2679.47281565903,1
1052346,48459257,1,430,16:15:05,-79.283168,43.697184,,,38.2990800042816,5.24039006058298,21842.3429851327,2679.96539679194,1
1052346,48459257,1,431,16:15:05,-79.28312,43.69722,,,38.2990800042816,5.56638703098362,21847.9093721637,2680.4886206738,1
1052346,48459257,1,432,16:15:06,-79.283073,43.69725,,,38.2990800042816,5.04599096913587,21852.9553631328,2680.96292886833,1
1052346,48459257,1,433,16:15:06,-79.283028,43.697285,,,38.2990800042816,5.31954195984704,21858.2749050926,2681.46295004517,1
1052346,48459257,1,434,16:15:07,-79.28298,43.697321,,,38.2990800042816,5.5663825115442,21863.8412876042,2681.98617350221,1
1052346,48459257,1,435,16:15:07,-79.282934,43.697352,,,38.2990800042816,5.06117257721015,21868.9024601814,2682.4619087229,1
1052346,48459257,1,436,16:15:08,-79.282889,43.697386,,,38.2990800042816,5.23855249605846,21874.1410126775,2682.9543171302,1
1052346,48459257,1,437,16:15:08,-79.282844,43.697423,,,38.2990800042816,5.48469861714616,21879.6257112946,2683.46986254329,1
1052346,48459257,1,438,16:15:09,-79.282799,43.697457,,,38.2990800042816,5.23854952858095,21884.8642608232,2683.96227067165,1
1052346,48459257,1,439,16:15:09,-79.282755,43.697492,,,38.2990800042816,5.26506667142888,21890.1293274946,2684.45717133284,1
1052346,48459257,1,440,16:15:10,-79.282712,43.697528,,,38.2990800042816,5.29501587392508,21895.4243433685,2684.95488713029,1
1052346,48459257,1,441,16:15:10,-79.282668,43.697568,,,38.2990800042816,5.68928002133707,21901.1136233899,2685.48966258899,1
1052346,48459257,1,442,16:15:11,-79.282627,43.697604,,,38.2990800042816,5.1912354013543,21906.3048587912,2685.97762332963,1
1052346,48459257,1,443,16:15:11,-79.282586,43.697638,,,38.2990800042816,5.02135720484758,21911.3262159961,2686.44961602333,1
1052346,48459257,1,444,16:15:12,-79.282544,43.697679,,,38.2990800042816,5.67956598726389,21917.0057819833,2686.98347839161,1
1052346,48459257,1,445,16:15:12,-79.282504,43.697714,,,38.2990800042816,5.05414351190637,21922.0599254952,2687.458552901,1
1052346,48459257,1,446,16:15:13,-79.282463,43.697754,,,38.2990800042816,5.54220606397205,21927.6021315592,2687.97950384363,1
1052346,48459257,1,447,16:15:13,-79.282425,43.697793,,,38.2990800042816,5.3105442675388,21932.9126758268,2688.47867926406,1
1052346,48459257,1,448,16:15:14,-79.282386,43.697829,,,38.2990800042816,5.09042573110089,21938.0031015579,2688.95716419451,1
1052346,48459257,1,449,16:15:14,-79.282348,43.697869,,,38.2990800042816,5.40192809582776,21943.4050296537,2689.46492942393,1
1052346,48459257,1,450,16:15:15,-79.282306,43.697914,,,38.2990800042816,6.0431977441823,21949.4482273979,2690.03297209954,1
1052346,48459257,1,451,16:15:16,-79.282266,43.697953,,,38.2990800042816,5.40484276229684,21954.8530701602,2690.54101129897,1
1052346,48459257,1,452,16:15:16,-79.282226,43.697993,,,38.2990800042816,5.49465940392065,21960.3477295641,2691.05749299649,1
1052346,48459257,1,453,16:15:17,-79.282184,43.698038,,,38.2990800042816,6.04319383402096,21966.3909233981,2691.62553530456,1
1052346,48459257,1,454,16:15:17,-79.282146,43.698078,,,38.2990800042816,5.40192206218365,21971.7928454603,2692.13329996683,1
1052346,48459257,1,455,16:15:18,-79.282107,43.698123,,,38.2990800042816,5.91152502539797,21977.7043704857,2692.68896579716,1
1052346,48459257,1,456,16:15:18,-79.282069,43.698166,,,38.2990800042816,5.68034771757269,21983.3847182033,2693.22290164578,1
1052346,48459257,1,457,16:15:19,-79.28203,43.698211,,,38.2990800042816,5.91152257941374,21989.2962407827,2693.77856724619,1
1052346,48459257,1,458,16:15:19,-79.281994,43.698252,,,38.2990800042816,5.40608889507144,21994.7023296777,2694.28672357841,1
1052346,48459257,1,459,16:15:20,-79.281957,43.698296,,,38.2990800042816,5.73224275790481,22000.4345724356,2694.82553740699,1
1052346,48459257,1,460,16:15:20,-79.281923,43.69834,,,38.2990800042816,5.61060582081827,22006.0451782565,2695.35291772403,1
1052346,48459257,1,461,16:15:21,-79.281888,43.698384,,,38.2990800042816,5.65029467501553,22011.6954729315,2695.88402867573,1
1052346,48459257,1,462,16:15:21,-79.281853,43.69843,,,38.2990800042816,5.84434626090557,22017.5398191924,2696.43337990131,1
1052346,48459257,1,463,16:15:22,-79.281819,43.698473,,,38.2990800042816,5.51368822148184,22023.0535074139,2696.95165025128,1
1052346,48459257,1,464,16:15:23,-79.281787,43.698523,,,38.2990800042816,6.13293886325982,22029.1864462771,2697.52812832609,1
1052346,48459257,1,465,16:15:23,-79.281755,43.698568,,,38.2990800042816,5.63264723044312,22034.8190935076,2698.0575804703,1
1052346,48459257,1,466,16:15:24,-79.281724,43.698611,,,38.2990800042816,5.3979285367887,22040.2170220444,2698.56496975303,1
1052346,48459257,1,467,16:15:24,-79.281693,43.69866,,,38.2990800042816,5.99816829764511,22046.215190342,2699.12877979413,1
1052346,48459257,1,468,16:15:25,-79.281664,43.698705,,,38.2990800042816,5.52642072256643,22051.7416110646,2699.64824696147,1
1052346,48459257,1,469,16:15:26,-79.281605,43.698799,,,38.2990800042816,11.4910242068702,22063.2326352714,2700.72836917694,1
1052346,48459257,1,470,16:15:27,-79.281551,43.698892,,,38.2990800042816,11.227936764171,22074.4605720356,2701.7837619526,1
1052346,48459257,1,471,16:15:28,-79.281499,43.698986,,,38.2990800042816,11.2698990241534,22085.7304710598,2702.84309905632,1
1052346,48459257,1,472,16:15:29,-79.281451,43.699084,,,38.2990800042816,11.5731036969151,22097.3035747567,2703.93093650057,1
1052346,48459257,1,473,16:15:30,-79.281404,43.699184,,,38.2990800042816,11.7570652207831,22109.0606399775,2705.03606578279,1
1052346,48459257,1,474,16:15:31,-79.281356,43.699281,,,38.2990800042816,11.4682250207152,22120.5288649982,2706.11404494234,1
1052346,48459257,1,475,16:15:32,-79.281311,43.699385,,,38.2990800042816,12.1304811657764,22132.659346164,2707.25427421657,1
1052346,48459257,1,476,16:15:33,-79.28127,43.699487,,,38.2990800042816,11.8243331032096,22144.4836792672,2708.36572648035,1
1052346,48459257,1,477,16:15:35,-79.281231,43.699594,,,38.2990800042816,12.3177975435355,22156.8014768107,2709.52356293887,1
1052346,48459257,1,478,16:15:36,-79.281197,43.699697,,,38.2990800042816,11.7879020113135,22168.589378822,2710.631590788,1
1052346,48459257,1,479,16:15:37,-79.281165,43.699801,,,38.2990800042816,11.8602181947137,22180.4495970167,2711.74641614401,1
1052346,48459257,1,480,16:15:38,-79.281136,43.699908,,,38.2990800042816,12.1376931271911,22192.5872901439,2712.88732332124,1
1052346,48459257,1,481,16:15:39,-79.281111,43.700017,,,38.2990800042816,12.2995072865024,22204.8867974304,2714.04344054981,1
1052346,48459257,1,482,16:15:40,-79.281094,43.700097,,,38.2990800042816,9.01004214703919,22213.8968395775,2714.89035780541,1
1052346,48459257,1,483,16:15:41,-79.281071,43.700228,,,38.2990800042816,14.6998628892835,22228.5967024667,2716.27210134587,1
1052346,48459257,1,484,16:15:42,-79.281057,43.700335,,,38.2990800042816,11.9643569307931,22240.5610593975,2717.39671543441,1
1052346,48459257,1,485,16:15:45,-79.281017,43.70056,,,38.2990800042816,25.2529136743377,22265.8139730719,2719.77041446889,1
1052346,48459257,1,486,16:15:47,-79.28099,43.700734,,,38.2990800042816,19.4910944558094,22285.3050675277,2721.60251957515,1
1052346,48459257,1,487,16:15:48,-79.280977,43.70082,,,38.2990800042816,9.63047482910294,22294.9355423568,2722.50775566387,1
1052346,48459257,1,488,16:15:48,-79.280965,43.700909,,,38.2990800042816,9.95439275284216,22304.8899351096,2723.44343907732,1
1052346,48459257,1,489,16:15:49,-79.280955,43.700995,,,38.2990800042816,9.60724385420002,22314.4971789638,2724.34649152326,1
1052346,48459257,1,490,16:15:50,-79.280945,43.70108,,,38.2990800042816,9.49632010930241,22323.9934990731,2725.23911746596,1
1052346,48459257,1,491,16:15:51,-79.280937,43.701171,,,38.2990800042816,10.1505128003477,22334.1440118735,2726.19323558256,1
1052346,48459257,1,492,16:15:55,-79.280869,43.70157,,,38.2990800042816,44.7523416141769,22378.8963534877,2730.3998230461,1
1052346,48459257,1,493,16:16:04,-79.280728,43.702418,,,38.2990800042816,95.0784937838413,22473.9748472715,2739.33691964433,1
1052346,48459257,1,494,16:16:08,-79.280677,43.702719,,,38.2990800042816,33.7576017167116,22507.7324489882,2742.51003414647,1
1052346,48459257,1,495,16:16:13,-79.280593,43.703231,,,38.2990800042816,57.3950679563658,22565.1275169446,2747.9050004125,1
1052346,48459257,1,496,16:16:22,-79.280448,43.704103,,,38.2990800042816,97.7694462992016,22662.8969632438,2757.09503857106,1
1052346,48459257,1,497,16:16:30,-79.280326,43.704848,,,38.2990800042816,83.5121334544681,22746.4090966982,2764.94493158161,1
1052346,48459257,1,498,16:16:39,-79.2801815020092,43.705681500091,,,38.2990800042816,93.5106185816023,22839.9197152798,2773.7346525581,1
1052346,48459257,1,499,16:16:48,-79.280037,43.706515,,,38.2990800042816,93.5106185774856,22933.4303338573,2782.5243735342,1
1052346,48459257,1,500,16:16:54,-79.2799345011201,43.7071700000458,,,38.2990800042816,73.3793147934533,23006.8096486508,2789.42181162479,1
1052346,48459257,1,501,16:17:01,-79.279832,43.707825,,,38.2990800042816,73.3793147919189,23080.1889634427,2796.31924971525,1
1052346,48459257,1,502,16:17:07,-79.279731,43.708374,,,38.2990800042816,61.652451874017,23141.8414153167,2802.11439745043,1
1052346,48459257,1,503,16:17:13,-79.2796180011246,43.7089705000557,,,38.2990800042816,67.0217641285191,23208.8631794452,2808.41424462263,1
1052346,48459257,1,504,16:17:20,-79.279505,43.709567,,,38.2990800042816,67.0217641240969,23275.8849435693,2814.71409179441,1
1052346,48459257,1,505,16:17:25,-79.2794015009221,43.7101010000467,,,38.2990800042816,60.0251796619167,23335.9101232313,2820.35628076497,1
1052346,48459257,1,506,16:17:31,-79.279298,43.710635,,,38.2990800042816,60.025179657604,23395.9353028889,2825.99846973513,1
1052346,48459257,1,507,16:17:39,-79.279162,43.711393,,,38.2990800042816,85.0868373780128,23481.0221402669,2833.99638024699,1
1052346,48459257,1,508,16:17:45,-79.2790600009684,43.7119620000453,14497,30,38.2990800042816,63.8703092321425,23544.892449499,2840,1
1052346,48459257,1,509,16:17:45,-79.2790600009684,43.7119620000453,14497,30,1e-12,0,23544.892449499,2840,1
1052346,48459257,1,510,16:17:51,-79.278958,43.712531,,,41.0383871653155,63.8703092354332,23608.7627587344,2845.60287889291,1
1052346,48459257,1,511,16:17:59,-79.2787800025381,43.7133855001381,,,41.0383871653155,96.1946943914261,23704.9574531259,2854.04134160379,1
1052346,48459257,1,512,16:18:07,-79.278602,43.71424,,,41.0383871653155,96.1946943896318,23801.1521475155,2862.47980431451,1
1052346,48459257,1,513,16:18:08,-79.278587,43.714295,,,41.0383871653155,6.24039567194429,23807.3925431874,2863.02722895692,1
1052346,48459257,1,514,16:18:09,-79.278564,43.71438,,,41.0383871653155,9.6414287581797,23817.0339719456,2863.87300155977,1
1052346,48459257,1,515,16:18:10,-79.278541,43.714465,,,41.0383871653155,9.64142825176462,23826.6754001974,2864.71877411819,1
1052346,48459257,1,516,16:18:11,-79.278517,43.714549,,,41.0383871653155,9.54814913406877,23836.2235493315,2865.55636397629,1
1052346,48459257,1,517,16:18:11,-79.278492,43.714636,,,41.0383871653155,9.89148495860865,23846.1150342901,2866.42407219561,1
1052346,48459257,1,518,16:18:12,-79.278465,43.714721,,,41.0383871653155,9.70834136709062,23855.8233756572,2867.27571455623,1
1052346,48459257,1,519,16:18:13,-79.278438,43.71481,,,41.0383871653155,10.1428166974843,23865.9661923546,2868.16547028576,1
1052346,48459257,1,520,16:18:14,-79.278409,43.714895,,,41.0383871653155,9.74561125327405,23875.7118036079,2869.02038206313,1
1052346,48459257,1,521,16:18:15,-79.278381,43.71498,,,41.0383871653155,9.72665992827083,23885.4384635362,2869.87363137823,1
1052346,48459257,1,522,16:18:16,-79.278351,43.715066,,,41.0383871653155,9.87308974686847,23895.3115532831,2870.73972591907,1
1052346,48459257,1,523,16:18:17,-79.27832,43.71515,,,41.0383871653155,9.67778371926995,23904.9893370023,2871.58868767892,1
1052346,48459257,1,524,16:18:17,-79.278289,43.715236,,,41.0383871653155,9.89306676309261,23914.8824037654,2872.45653465848,1
1052346,48459257,1,525,16:18:18,-79.278257,43.71532,,,41.0383871653155,9.69883038199976,23924.5812341474,2873.30734268937,1
1052346,48459257,1,526,16:18:19,-79.278225,43.715401,,,41.0383871653155,9.37727242625588,23933.9585065737,2874.1299427735,1
1052346,48459257,1,527,16:18:20,-79.278191,43.715486,,,41.0383871653155,9.84967318126892,23943.8081797549,2874.99398314891,1
1052346,48459257,1,528,16:18:21,-79.278157,43.715571,,,41.0383871653155,9.84967210343204,23953.6578518584,2875.85802342977,1
1052346,48459257,1,529,16:18:22,-79.278121,43.715656,,,41.0383871653155,9.89557167429228,23963.5534235327,2876.72609014701,1
1052346,48459257,1,530,16:18:23,-79.278085,43.715741,,,41.0383871653155,9.89557047503607,23973.4489940077,2877.59415675905,1
1052346,48459257,1,531,16:18:24,-79.278055,43.715834,,,41.0383871653155,10.6303793350558,23984.0793733428,2878.52668282183,1
1052346,48459257,1,532,16:18:24,-79.278031,43.715906,,,41.0383871653155,8.2443376858165,23992.3237110286,2879.24989875986,1
1052346,48459257,1,533,16:18:24,-79.278023,43.71593,,,41.0383871653155,2.74811244369835,23995.0718234723,2879.49097072883,1
1052346,48459257,1,534,16:18:25,-79.277991,43.716024,,,41.0383871653155,10.7761295358711,24005.8479530082,2880.43628239941,1
1052346,48459257,1,535,16:18:26,-79.277957,43.716117,,,41.0383871653155,10.7080415786993,24016.5559945868,2881.37562120744,1
1052346,48459257,1,536,16:18:27,-79.277924,43.716211,,,41.0383871653155,10.7956338327279,24027.3516284196,2882.32264384849,1
1052346,48459257,1,537,16:18:28,-79.27789,43.716305,,,41.0383871653155,10.8157023396578,24038.1673307592,2883.27142695407,1
1052346,48459257,1,538,16:18:29,-79.277855,43.716395,,,41.0383871653155,10.4069945604911,24048.5743253197,2884.18435709109,1
1052346,48459257,1,539,16:18:30,-79.277818,43.716489,,,41.0383871653155,10.8792570221395,24059.4535823419,2885.13871538792,1
1052346,48459257,1,540,16:18:31,-79.277781,43.716582,,,41.0383871653155,10.772228011047,24070.2258103529,2886.08368480603,1
1052346,48459257,1,541,16:18:32,-79.277743,43.716677,,,41.0383871653155,11.0084414524386,24081.2342518053,2887.04937551578,1
1052346,48459257,1,542,16:18:33,-79.277705,43.71677,,,41.0383871653155,10.7947371881793,24092.0289889935,2887.99631950071,1
1052346,48459257,1,543,16:18:34,-79.277667,43.716861,,,41.0383871653155,10.5814014010221,24102.6103903946,2888.92454908464,1
1052346,48459257,1,544,16:18:35,-79.277627,43.716954,,,41.0383871653155,10.8414089876453,24113.4517993822,2889.87558724797,1
1052346,48459257,1,545,16:18:36,-79.277586,43.717047,,,41.0383871653155,10.8655631717436,24124.3173625539,2890.82874428264,1
1052346,48459257,1,546,16:18:37,-79.277546,43.717137,,,41.0383871653155,10.5229682665007,24134.8403308204,2891.75184795157,1
1052346,48459257,1,547,16:18:38,-79.277504,43.717231,,,41.0383871653155,10.9961354841449,24145.8364663046,2892.716459148,1
1052346,48459257,1,548,16:18:39,-79.277461,43.71732,,,41.0383871653155,10.4941168789862,24156.3305831836,2893.637031894,1
1052346,48459257,1,549,16:18:40,-79.277416,43.717415,,,41.0383871653155,11.1779496681469,24167.5085328517,2894.61759232985,1
1052346,48459257,1,550,16:18:41,-79.277372,43.717504,,,41.0383871653155,10.5209122055491,24178.0294450573,2895.54051563547,1
1052346,48459257,1,551,16:18:42,-79.277327,43.717598,,,41.0383871653155,11.0726864408037,24189.1021314981,2896.511842092,1
1052346,48459257,1,552,16:18:42,-79.277282,43.717687,,,41.0383871653155,10.5482528604584,24199.6503843585,2897.43716379494,1
1052346,48459257,1,553,16:18:43,-79.277235,43.717777,,,41.0383871653155,10.7086344125106,24210.359018771,2898.37655460798,1
1052346,48459257,1,554,16:18:44,-79.277188,43.717871,,,41.0383871653155,11.1263354435396,24221.4853542146,2899.35258730233,1
1052346,48459257,1,555,16:18:50,-79.2769370023312,43.7184275002746,,,41.0383871653155,65.1577109416811,24286.6430651563,2905.06840060769,1
1052346,48459257,1,556,16:18:56,-79.276686,43.718984,,,41.0383871653155,65.1577109404788,24351.8007760967,2910.78421391294,1
1052346,48459257,1,557,16:19:03,-79.2763547622364,43.7197217514349,,,41.0383871653155,86.3417367570992,24438.1425128538,2918.35834812717,1
1052346,48459257,1,558,16:19:11,-79.2760235163154,43.7204595019132,,,41.0383871653155,86.3417367582272,24524.4842496121,2925.9324823415,1
1052346,48459257,1,559,16:19:19,-79.2756922622368,43.7211972514349,,,41.0383871653155,86.341736761928,24610.825986374,2933.50661655615,1
1052346,48459257,1,560,16:19:26,-79.275361,43.721935,,,41.0383871653155,86.3417367541403,24697.1677231281,2941.08075077012,1
1052346,48459257,1,561,16:19:29,-79.275247,43.722186,,,41.0383871653155,29.4078979537462,24726.5756210819,2943.660492323,1
1052346,48459257,1,562,16:19:32,-79.275047,43.722538,,,41.0383871653155,42.3593209235508,24768.9349420054,2947.37636825912,1
1052346,48459257,1,563,16:19:39,-79.274767,43.723159,,,41.0383871653155,72.7068829530797,24841.6418249585,2953.75441566085,1
1052346,48459257,1,564,16:19:39,-79.274738,43.723213,,,41.0383871653155,6.44811378033583,24848.0899387388,2954.32006190605,1
1052346,48459257,1,565,16:19:40,-79.274706,43.723263,,,41.0383871653155,6.13249259745063,24854.2224313363,2954.8580209945,1
1052346,48459257,1,566,16:19:40,-79.274676,43.723311,,,41.0383871653155,5.8631120018102,24860.0855433381,2955.37234927747,1
1052346,48459257,1,567,16:19:41,-79.274644,43.723364,,,41.0383871653155,6.43712516603322,24866.5226685041,2955.93703157125,1
1052346,48459257,1,568,16:19:41,-79.27461,43.723413,,,41.0383871653155,6.10204304549236,24872.6247115496,2956.4723195414,1
1052346,48459257,1,569,16:19:42,-79.274577,43.723462,,,41.0383871653155,6.06640682138005,24878.691118371,2957.00448140412,1
1052346,48459257,1,570,16:19:43,-79.274543,43.723511,,,41.0383871653155,6.10204104231871,24884.7931594133,2957.53976919854,1
1052346,48459257,1,571,16:19:43,-79.27451,43.72356,,,41.0383871653155,6.06640492145931,24890.8595643348,2958.0719308946,1
1052346,48459257,1,572,16:19:44,-79.274474,43.72361,,,41.0383871653155,6.27437403446375,24897.1339383693,2958.62233621226,1
1052346,48459257,1,573,16:19:44,-79.274438,43.723659,,,41.0383871653155,6.1758355510653,24903.3097739203,2959.1640974636,1
1052346,48459257,1,574,16:19:45,-79.2744,43.723707,,,41.0383871653155,6.15603407411987,24909.4658079944,2959.70412167502,1
1052346,48459257,1,575,16:19:45,-79.274363,43.723753,,,41.0383871653155,5.92297582509499,24915.3887838195,2960.22370137693,1
1052346,48459257,1,576,16:19:46,-79.274324,43.723801,,,41.0383871653155,6.19637524191581,24921.5851590615,2960.76726442635,1
1052346,48459257,1,577,16:19:46,-79.274286,43.72385,,,41.0383871653155,6.25289835686592,24927.8380574183,2961.31578583861,1
1052346,48459257,1,578,16:19:47,-79.274246,43.723895,,,41.0383871653155,5.9539013097605,24933.7919587281,2961.83807840895,1
1052346,48459257,1,579,16:19:47,-79.274205,43.723944,,,41.0383871653155,6.37436684688987,24940.166325575,2962.39725537067,1
1052346,48459257,1,580,16:19:48,-79.274164,43.723988,,,41.0383871653155,5.90510306899896,24946.071428644,2962.91526722534,1
1052346,48459257,1,581,16:19:48,-79.274121,43.724033,,,41.0383871653155,6.08772497065562,24952.1591536146,2963.44929917465,1
1052346,48459257,1,582,16:19:49,-79.27408,43.724082,,,41.0383871653155,6.37436291476569,24958.5335165294,2964.00847579143,1
1052346,48459257,1,583,16:19:50,-79.274034,43.724125,,,41.0383871653155,6.05040098329984,24964.5839175127,2964.53923357809,1
1052346,48459257,1,584,16:19:50,-79.273992,43.724169,,,41.0383871653155,5.95040683510279,24970.5343243478,2965.06121960352,1
1052346,48459257,1,585,16:19:51,-79.273947,43.724215,,,41.0383871653155,6.27112783470285,24976.8054521825,2965.61134015562,1
1052346,48459257,1,586,16:19:51,-79.273901,43.724258,,,41.0383871653155,6.05039595549239,24982.855848138,2966.14209750123,1
1052346,48459257,1,587,16:19:52,-79.273855,43.724303,,,41.0383871653155,6.22802281813561,24989.0838709561,2966.68843676293,1
1052346,48459257,1,588,16:19:52,-79.273808,43.724347,,,41.0383871653155,6.18766816808545,24995.2715391242,2967.23123600393,1
1052346,48459257,1,589,16:19:59,-79.2733047640758,43.7249055033119,,,41.0383871653155,74.1912809762083,25069.4628201004,2973.73949887592,1
1052346,48459257,1,590,16:20:05,-79.2728015187679,43.7254640044159,,,41.0383871653155,74.1912809772371,25143.6541010777,2980.24776174799,1
1052346,48459257,1,591,16:20:12,-79.2722982640761,43.726022503312,,,41.0383871653155,74.1912809764322,25217.8453820541,2986.75602462,1
1052346,48459257,1,592,16:20:18,-79.271795,43.726581,,,41.0383871653155,74.1912809762019,25292.0366630303,2993.26428749199,1
1052346,48459257,1,593,16:20:24,-79.271342,43.727083,,,41.0383871653155,66.7143701046197,25358.7510331349,2999.1166552132,1
1052346,48459257,1,594,16:20:33,-79.2706680084168,43.7278310019802,,,41.0383871653155,99.3631825197889,25458.1142156547,3007.83306640232,1
1052346,48459257,1,595,16:20:42,-79.269994,43.728579,,,41.0383871653155,99.3631825178151,25557.4773981725,3016.54947759127,1
1052346,48459257,1,596,16:20:42,-79.269923,43.72866,,,41.0383871653155,10.6735145247647,25568.1509126973,3017.48578759133,1
1052346,48459257,1,597,16:20:44,-79.269782,43.728801,,,41.0383871653155,19.3652634117498,25587.516176109,3019.18456166842,1
1052346,48459257,1,598,16:20:53,-79.2690935081616,43.7295110020663,,,41.0383871653155,96.5098237951038,25684.0259999041,3027.65066839583,1
1052346,48459257,1,599,16:21:01,-79.268405,43.730221,,,41.0383871653155,96.5098237948029,25780.5358236989,3036.11677512322,1
1052346,48459257,1,600,16:21:09,-79.26782,43.730867,,,41.0383871653155,85.9404074604181,25866.4762311593,3043.65570362962,1
1052346,48459257,1,601,16:21:15,-79.267142,43.731367,,,41.0383871653155,77.9251478484981,25944.4013790078,3050.49151155562,1
1052346,48459257,1,602,16:21:24,-79.266021,43.73175,,,41.0383871653155,99.7425453323521,26044.1439243402,3059.24120149226,1
1052346,48459257,1,603,16:21:30,-79.2652780030271,43.7319940024064,14498,31,41.0383871653155,65.6477229910296,26109.7916473312,3065,1
1052346,48459257,1,604,16:21:30,-79.2652780030271,43.7319940024064,14498,31,1e-12,0,26109.7916473312,3065,1
1052346,48459257,1,605,,-79.264535,43.732238,,,,65.6477229921869,26175.4393703234,,1
